416.0 217.0 437.0 217.0 437.0 260.0 416.0 260.0
415.5989685058594 217.9416961669922 435.97938346862793 217.9416961669922 435.97938346862793 259.2146644592285 415.5989685058594 259.2146644592285
414.8544006347656 218.43344116210938 434.0590419769287 218.43344116210938 434.0590419769287 259.60099029541016 414.8544006347656 259.60099029541016
413.76806640625 218.0068359375 433.3428707122803 218.0068359375 433.3428707122803 261.42864990234375 413.76806640625 261.42864990234375
411.9698791503906 218.7589111328125 432.3625793457031 218.7589111328125 432.3625793457031 263.3251953125 411.9698791503906 263.3251953125
410.537109375 219.0410919189453 431.0773105621338 219.0410919189453 431.0773105621338 261.6870803833008 410.537109375 261.6870803833008
411.19525146484375 218.07742309570312 430.30022621154785 218.07742309570312 430.30022621154785 261.9359321594238 411.19525146484375 261.9359321594238
409.721435546875 217.9143829345703 428.91228675842285 217.9143829345703 428.91228675842285 260.8860321044922 409.721435546875 260.8860321044922
408.4000549316406 217.82376098632812 426.75273513793945 217.82376098632812 426.75273513793945 260.4369583129883 408.4000549316406 260.4369583129883
406.87646484375 217.49478149414062 427.6560707092285 217.49478149414062 427.6560707092285 260.4532241821289 406.87646484375 260.4532241821289
407.34844970703125 217.1561737060547 427.1001377105713 217.1561737060547 427.1001377105713 259.08877182006836 407.34844970703125 259.08877182006836
407.06817626953125 217.5570831298828 426.09456062316895 217.5570831298828 426.09456062316895 257.43325424194336 407.06817626953125 257.43325424194336
406.16461181640625 216.90121459960938 425.57378578186035 216.90121459960938 425.57378578186035 258.95122146606445 406.16461181640625 258.95122146606445
403.55938720703125 217.4354248046875 424.18222999572754 217.4354248046875 424.18222999572754 260.0028839111328 403.55938720703125 260.0028839111328
403.69219970703125 217.9594268798828 423.1423797607422 217.9594268798828 423.1423797607422 261.0503120422363 403.69219970703125 261.0503120422363
402.2969665527344 219.1199951171875 421.77995681762695 219.1199951171875 421.77995681762695 261.36952209472656 402.2969665527344 261.36952209472656
401.5284729003906 219.9783172607422 421.72661781311035 219.9783172607422 421.72661781311035 262.69979095458984 401.5284729003906 262.69979095458984
400.5001525878906 219.72854614257812 421.23976135253906 219.72854614257812 421.23976135253906 261.76403045654297 400.5001525878906 261.76403045654297
399.76947021484375 220.5515899658203 420.2499294281006 220.5515899658203 420.2499294281006 261.7621536254883 399.76947021484375 261.7621536254883
398.64544677734375 221.37161254882812 419.13695335388184 221.37161254882812 419.13695335388184 258.8617935180664 398.64544677734375 258.8617935180664
396.3681335449219 221.3701629638672 417.70674324035645 221.3701629638672 417.70674324035645 260.6299514770508 396.3681335449219 260.6299514770508
394.63079833984375 221.5647735595703 414.9485206604004 221.5647735595703 414.9485206604004 260.17298889160156 394.63079833984375 260.17298889160156
394.8826599121094 220.01101684570312 414.9490661621094 220.01101684570312 414.9490661621094 261.0993881225586 394.8826599121094 261.0993881225586
393.75701904296875 219.71078491210938 414.2154712677002 219.71078491210938 414.2154712677002 261.6019172668457 393.75701904296875 261.6019172668457
392.40301513671875 220.523193359375 412.8490238189697 220.523193359375 412.8490238189697 262.07035064697266 392.40301513671875 262.07035064697266
391.73687744140625 219.99258422851562 412.4571075439453 219.99258422851562 412.4571075439453 261.2930679321289 391.73687744140625 261.2930679321289
390.5529479980469 218.9328155517578 411.257755279541 218.9328155517578 411.257755279541 260.96553802490234 390.5529479980469 260.96553802490234
389.6478271484375 219.91732788085938 410.3451232910156 219.91732788085938 410.3451232910156 262.29752349853516 389.6478271484375 262.29752349853516
388.3949279785156 219.1664276123047 409.48530769348145 219.1664276123047 409.48530769348145 262.3515090942383 388.3949279785156 262.3515090942383
386.96844482421875 220.3141326904297 408.10830307006836 220.3141326904297 408.10830307006836 263.600528717041 386.96844482421875 263.600528717041
385.33831787109375 221.2743377685547 407.16803550720215 221.2743377685547 407.16803550720215 261.13515853881836 385.33831787109375 261.13515853881836
386.89892578125 221.419189453125 408.0890293121338 221.419189453125 408.0890293121338 263.20435333251953 386.89892578125 263.20435333251953
385.3563537597656 220.3895721435547 405.8933219909668 220.3895721435547 405.8933219909668 262.3590202331543 385.3563537597656 262.3590202331543
384.80279541015625 222.35995483398438 405.3423099517822 222.35995483398438 405.3423099517822 264.49312591552734 384.80279541015625 264.49312591552734
384.30340576171875 220.93588256835938 405.2812843322754 220.93588256835938 405.2812843322754 263.8906059265137 384.30340576171875 263.8906059265137
383.41455078125 220.3623504638672 404.8061771392822 220.3623504638672 404.8061771392822 264.06016540527344 383.41455078125 264.06016540527344
382.92596435546875 219.80874633789062 404.4924068450928 219.80874633789062 404.4924068450928 263.96862411499023 382.92596435546875 263.96862411499023
381.7294006347656 219.0670166015625 403.67623138427734 219.0670166015625 403.67623138427734 264.00578689575195 381.7294006347656 264.00578689575195
380.79217529296875 219.0904083251953 402.8995304107666 219.0904083251953 402.8995304107666 264.35787200927734 380.79217529296875 264.35787200927734
379.8370056152344 219.142822265625 402.09970474243164 219.142822265625 402.09970474243164 264.3675765991211 379.8370056152344 264.3675765991211
378.0017395019531 217.830078125 399.75205993652344 217.830078125 399.75205993652344 261.695068359375 378.0017395019531 261.695068359375
377.86395263671875 219.0601806640625 400.25795555114746 219.0601806640625 400.25795555114746 264.2250671386719 377.86395263671875 264.2250671386719
375.981201171875 218.71469116210938 398.21681785583496 218.71469116210938 398.21681785583496 262.89005279541016 375.981201171875 262.89005279541016
375.0887756347656 218.82241821289062 397.03367042541504 218.82241821289062 397.03367042541504 263.2254753112793 375.0887756347656 263.2254753112793
374.592041015625 217.5938262939453 397.0880470275879 217.5938262939453 397.0880470275879 263.717960357666 374.592041015625 263.717960357666
374.39007568359375 218.1909637451172 396.588623046875 218.1909637451172 396.588623046875 264.8120651245117 374.39007568359375 264.8120651245117
373.9210510253906 217.5748748779297 395.94741439819336 217.5748748779297 395.94741439819336 264.51868438720703 373.9210510253906 264.51868438720703
372.9342041015625 218.8669891357422 395.50306129455566 218.8669891357422 395.50306129455566 263.7919464111328 372.9342041015625 263.7919464111328
373.3601989746094 217.4636993408203 395.98426818847656 217.4636993408203 395.98426818847656 265.120174407959 373.3601989746094 265.120174407959
372.2621154785156 217.0716552734375 393.70689964294434 217.0716552734375 393.70689964294434 264.4213333129883 372.2621154785156 264.4213333129883
371.39849853515625 217.03482055664062 393.3562126159668 217.03482055664062 393.3562126159668 266.4866523742676 371.39849853515625 266.4866523742676
370.012451171875 213.98574829101562 392.66274642944336 213.98574829101562 392.66274642944336 264.36914825439453 370.012451171875 264.36914825439453
370.8859558105469 215.52334594726562 392.2359867095947 215.52334594726562 392.2359867095947 263.9264602661133 370.8859558105469 263.9264602661133
369.8358154296875 212.6168975830078 391.002872467041 212.6168975830078 391.002872467041 263.1483459472656 369.8358154296875 263.1483459472656
369.4719543457031 212.64791870117188 391.96733474731445 212.64791870117188 391.96733474731445 261.9185447692871 369.4719543457031 261.9185447692871
369.08514404296875 211.99935913085938 390.84399032592773 211.99935913085938 390.84399032592773 261.6680374145508 369.08514404296875 261.6680374145508
368.05401611328125 211.6952667236328 390.0433883666992 211.6952667236328 390.0433883666992 261.0066108703613 368.05401611328125 261.0066108703613
366.17840576171875 216.244384765625 388.16725158691406 216.244384765625 388.16725158691406 264.0759735107422 366.17840576171875 264.0759735107422
363.83697509765625 215.9004364013672 386.8741054534912 215.9004364013672 386.8741054534912 263.611026763916 363.83697509765625 263.611026763916
362.3900451660156 215.8489990234375 386.5151767730713 215.8489990234375 386.5151767730713 265.0693168640137 362.3900451660156 265.0693168640137
360.79248046875 213.8634796142578 385.31625747680664 213.8634796142578 385.31625747680664 265.33597564697266 360.79248046875 265.33597564697266
359.22906494140625 214.94406127929688 383.7626075744629 214.94406127929688 383.7626075744629 265.5431480407715 359.22906494140625 265.5431480407715
357.9310607910156 213.96102905273438 382.549036026001 213.96102905273438 382.549036026001 265.6026496887207 357.9310607910156 265.6026496887207
356.2489013671875 215.56655883789062 379.76592445373535 215.56655883789062 379.76592445373535 264.3307571411133 356.2489013671875 264.3307571411133
353.93426513671875 217.05606079101562 377.0079689025879 217.05606079101562 377.0079689025879 264.39587783813477 353.93426513671875 264.39587783813477
352.29180908203125 217.35751342773438 375.6525707244873 217.35751342773438 375.6525707244873 265.05452728271484 352.29180908203125 265.05452728271484
351.9856872558594 217.31887817382812 375.13111305236816 217.31887817382812 375.13111305236816 262.9146614074707 351.9856872558594 262.9146614074707
351.972412109375 214.91830444335938 376.24283599853516 214.91830444335938 376.24283599853516 262.2954292297363 351.972412109375 262.2954292297363
352.9549255371094 216.44003295898438 377.0322685241699 216.44003295898438 377.0322685241699 261.95844650268555 352.9549255371094 261.95844650268555
350.71795654296875 214.66067504882812 374.98089027404785 214.66067504882812 374.98089027404785 260.4973678588867 350.71795654296875 260.4973678588867
347.7379455566406 211.5398406982422 372.3857479095459 211.5398406982422 372.3857479095459 262.00917053222656 347.7379455566406 262.00917053222656
349.89068603515625 216.4053497314453 371.9546012878418 216.4053497314453 371.9546012878418 256.5865936279297 349.89068603515625 256.5865936279297
349.26910400390625 214.1160125732422 372.0426769256592 214.1160125732422 372.0426769256592 257.2803192138672 349.26910400390625 257.2803192138672
350.4764404296875 214.7662353515625 373.0701560974121 214.7662353515625 373.0701560974121 257.43833923339844 350.4764404296875 257.43833923339844
350.43035888671875 214.9962921142578 374.0734977722168 214.9962921142578 374.0734977722168 256.60528564453125 350.43035888671875 256.60528564453125
350.4569396972656 213.84707641601562 374.7533378601074 213.84707641601562 374.7533378601074 263.59685134887695 350.4569396972656 263.59685134887695
350.62066650390625 215.6745147705078 374.36707878112793 215.6745147705078 374.36707878112793 259.0148735046387 350.62066650390625 259.0148735046387
352.2567443847656 217.3328094482422 376.75678634643555 217.3328094482422 376.75678634643555 260.82609939575195 352.2567443847656 260.82609939575195
352.10693359375 216.3583526611328 377.2447566986084 216.3583526611328 377.2447566986084 261.4466018676758 352.10693359375 261.4466018676758
354.8136291503906 218.0761260986328 380.3726921081543 218.0761260986328 380.3726921081543 263.49988555908203 354.8136291503906 263.49988555908203
357.2706604003906 215.6227569580078 382.4612236022949 215.6227569580078 382.4612236022949 267.2034378051758 357.2706604003906 267.2034378051758
359.5694274902344 219.86013793945312 384.25487899780273 219.86013793945312 384.25487899780273 267.2652778625488 359.5694274902344 267.2652778625488
359.7730407714844 220.38259887695312 385.0111999511719 220.38259887695312 385.0111999511719 267.1525421142578 359.7730407714844 267.1525421142578
361.0699768066406 220.92056274414062 386.3492774963379 220.92056274414062 386.3492774963379 268.1763114929199 361.0699768066406 268.1763114929199
361.0187683105469 219.7305450439453 387.63555908203125 219.7305450439453 387.63555908203125 274.23159408569336 361.0187683105469 274.23159408569336
363.22467041015625 222.09378051757812 388.1129035949707 222.09378051757812 388.1129035949707 270.4323043823242 363.22467041015625 270.4323043823242
362.5942687988281 218.95028686523438 387.88636779785156 218.95028686523438 387.88636779785156 269.6528739929199 362.5942687988281 269.6528739929199
364.60784912109375 224.4904327392578 390.16053581237793 224.4904327392578 390.16053581237793 273.4139175415039 364.60784912109375 273.4139175415039
365.50787353515625 221.37939453125 391.5941410064697 221.37939453125 391.5941410064697 273.24713134765625 365.50787353515625 273.24713134765625
367.0531921386719 222.5717315673828 392.753625869751 222.5717315673828 392.753625869751 274.874454498291 367.0531921386719 274.874454498291
367.5303955078125 223.0751190185547 392.9372158050537 223.0751190185547 392.9372158050537 275.4905319213867 367.5303955078125 275.4905319213867
368.45751953125 223.40530395507812 393.9851493835449 223.40530395507812 393.9851493835449 277.0014839172363 368.45751953125 277.0014839172363
369.43695068359375 224.5601348876953 395.7632637023926 224.5601348876953 395.7632637023926 276.8810501098633 369.43695068359375 276.8810501098633
370.6593933105469 224.4381561279297 397.2283687591553 224.4381561279297 397.2283687591553 276.98349380493164 370.6593933105469 276.98349380493164
371.7887268066406 226.240234375 398.77551651000977 226.240234375 398.77551651000977 278.5323066711426 371.7887268066406 278.5323066711426
372.6114196777344 227.5334930419922 400.1842956542969 227.5334930419922 400.1842956542969 280.03600692749023 372.6114196777344 280.03600692749023
373.7770080566406 228.06314086914062 400.81512451171875 228.06314086914062 400.81512451171875 280.2907524108887 373.7770080566406 280.2907524108887
374.1693420410156 228.6548309326172 403.3469486236572 228.6548309326172 403.3469486236572 282.53409576416016 374.1693420410156 282.53409576416016
375.8060607910156 228.84848022460938 404.6923408508301 228.84848022460938 404.6923408508301 283.0356025695801 375.8060607910156 283.0356025695801
375.74835205078125 225.744384765625 403.8378086090088 225.744384765625 403.8378086090088 281.9764595031738 375.74835205078125 281.9764595031738
376.46124267578125 226.94845581054688 406.48056983947754 226.94845581054688 406.48056983947754 285.00150299072266 376.46124267578125 285.00150299072266
378.2323913574219 227.92428588867188 406.9599800109863 227.92428588867188 406.9599800109863 284.3937454223633 378.2323913574219 284.3937454223633
378.6329650878906 228.73068237304688 407.9483833312988 228.73068237304688 407.9483833312988 285.43672943115234 378.6329650878906 285.43672943115234
380.53790283203125 228.6190185546875 407.8872184753418 228.6190185546875 407.8872184753418 286.18379974365234 380.53790283203125 286.18379974365234
379.76812744140625 226.31240844726562 407.8367557525635 226.31240844726562 407.8367557525635 284.1104545593262 379.76812744140625 284.1104545593262
379.36370849609375 228.9564666748047 411.9693374633789 228.9564666748047 411.9693374633789 285.1229705810547 379.36370849609375 285.1229705810547
381.81573486328125 235.72793579101562 413.5482540130615 235.72793579101562 413.5482540130615 289.5276565551758 381.81573486328125 289.5276565551758
384.06982421875 240.2035369873047 415.1470375061035 240.2035369873047 415.1470375061035 291.80037689208984 384.06982421875 291.80037689208984
382.9733581542969 240.4324493408203 416.1070861816406 240.4324493408203 416.1070861816406 292.09412384033203 382.9733581542969 292.09412384033203
383.0728454589844 241.4716796875 417.30049896240234 241.4716796875 417.30049896240234 293.5009536743164 383.0728454589844 293.5009536743164
384.04913330078125 240.65780639648438 418.0437355041504 240.65780639648438 418.0437355041504 292.0220642089844 384.04913330078125 292.0220642089844
384.06243896484375 240.8228759765625 417.94898223876953 240.8228759765625 417.94898223876953 292.30847930908203 384.06243896484375 292.30847930908203
385.21002197265625 239.1921844482422 418.6083564758301 239.1921844482422 418.6083564758301 296.50901794433594 385.21002197265625 296.50901794433594
386.76397705078125 235.1612548828125 417.2965488433838 235.1612548828125 417.2965488433838 297.6803283691406 386.76397705078125 297.6803283691406
386.7017822265625 239.90267944335938 420.44249725341797 239.90267944335938 420.44249725341797 297.86035919189453 386.7017822265625 297.86035919189453
388.04583740234375 238.326416015625 421.0710639953613 238.326416015625 421.0710639953613 297.6714897155762 388.04583740234375 297.6714897155762
388.2494812011719 239.9052734375 422.6006660461426 239.9052734375 422.6006660461426 297.3086738586426 388.2494812011719 297.3086738586426
388.6183166503906 238.67236328125 420.58627700805664 238.67236328125 420.58627700805664 300.3742790222168 388.6183166503906 300.3742790222168
391.0377502441406 240.9344940185547 423.0525093078613 240.9344940185547 423.0525093078613 302.17359161376953 391.0377502441406 302.17359161376953
391.1676330566406 242.0072021484375 422.86730003356934 242.0072021484375 422.86730003356934 302.7228698730469 391.1676330566406 302.7228698730469
392.1695861816406 241.84164428710938 424.4762191772461 241.84164428710938 424.4762191772461 303.9443359375 392.1695861816406 303.9443359375
392.8916320800781 246.607177734375 425.07360076904297 246.607177734375 425.07360076904297 309.35600662231445 392.8916320800781 309.35600662231445
393.9668884277344 251.3856658935547 426.54766845703125 251.3856658935547 426.54766845703125 314.0222930908203 393.9668884277344 314.0222930908203
393.0190734863281 246.19607543945312 427.1229667663574 246.19607543945312 427.1229667663574 313.5526809692383 393.0190734863281 313.5526809692383
393.84698486328125 243.77978515625 427.5187759399414 243.77978515625 427.5187759399414 312.72679138183594 393.84698486328125 312.72679138183594
392.5094299316406 245.6476593017578 426.5475616455078 245.6476593017578 426.5475616455078 315.34478759765625 392.5094299316406 315.34478759765625
392.4539489746094 247.06845092773438 426.4503288269043 247.06845092773438 426.4503288269043 316.68009185791016 392.4539489746094 316.68009185791016
392.995849609375 249.25711059570312 427.3085708618164 249.25711059570312 427.3085708618164 318.80821990966797 392.995849609375 318.80821990966797
391.78472900390625 247.27597045898438 426.957763671875 247.27597045898438 426.957763671875 319.2969512939453 391.78472900390625 319.2969512939453
392.8218688964844 248.770751953125 427.65127182006836 248.770751953125 427.65127182006836 320.0881118774414 392.8218688964844 320.0881118774414
393.07562255859375 251.68966674804688 427.7833061218262 251.68966674804688 427.7833061218262 322.67298126220703 393.07562255859375 322.67298126220703
392.998779296875 254.04879760742188 427.13245010375977 254.04879760742188 427.13245010375977 323.94334411621094 392.998779296875 323.94334411621094
392.4541320800781 257.18035888671875 426.48978424072266 257.18035888671875 426.48978424072266 326.95428466796875 392.4541320800781 326.95428466796875
393.49261474609375 260.8208923339844 427.0729866027832 260.8208923339844 427.0729866027832 330.33058166503906 393.49261474609375 330.33058166503906
390.89276123046875 257.18377685546875 426.4214172363281 257.18377685546875 426.4214172363281 329.06104278564453 390.89276123046875 329.06104278564453
390.60296630859375 257.0425720214844 426.35997772216797 257.0425720214844 426.35997772216797 328.9150695800781 390.60296630859375 328.9150695800781
388.6589050292969 260.3045959472656 424.57548904418945 260.3045959472656 424.57548904418945 332.37764739990234 388.6589050292969 332.37764739990234
389.35894775390625 259.7257995605469 424.89249420166016 259.7257995605469 424.89249420166016 332.48497009277344 389.35894775390625 332.48497009277344
389.1130676269531 265.9966125488281 424.3376235961914 265.9966125488281 424.3376235961914 338.1230926513672 389.1130676269531 338.1230926513672
388.25347900390625 267.687255859375 422.9567527770996 267.687255859375 422.9567527770996 338.2422332763672 388.25347900390625 338.2422332763672
386.6355895996094 266.510986328125 421.12157440185547 266.510986328125 421.12157440185547 337.12516021728516 386.6355895996094 337.12516021728516
386.7695007324219 269.466064453125 421.7705879211426 269.466064453125 421.7705879211426 338.8712615966797 386.7695007324219 338.8712615966797
384.6081237792969 269.9560241699219 419.0088996887207 269.9560241699219 419.0088996887207 340.78968811035156 384.6081237792969 340.78968811035156
383.77557373046875 268.71575927734375 419.13853454589844 268.71575927734375 419.13853454589844 341.1256408691406 383.77557373046875 341.1256408691406
382.5799865722656 274.35650634765625 417.512939453125 274.35650634765625 417.512939453125 346.84986877441406 382.5799865722656 346.84986877441406
382.2829895019531 273.7613220214844 417.1363639831543 273.7613220214844 417.1363639831543 345.07764434814453 382.2829895019531 345.07764434814453
380.393310546875 277.44677734375 414.7334213256836 277.44677734375 414.7334213256836 347.7622528076172 380.393310546875 347.7622528076172
378.23187255859375 278.0345458984375 412.4375228881836 278.0345458984375 412.4375228881836 348.07469177246094 378.23187255859375 348.07469177246094
376.427734375 280.7970275878906 410.82238006591797 280.7970275878906 410.82238006591797 351.2241668701172 376.427734375 351.2241668701172
372.73345947265625 281.60333251953125 406.97197341918945 281.60333251953125 406.97197341918945 351.7107696533203 372.73345947265625 351.7107696533203
371.3184509277344 285.2028503417969 405.9264602661133 285.2028503417969 405.9264602661133 356.06687927246094 371.3184509277344 356.06687927246094
368.22418212890625 286.79974365234375 403.4950065612793 286.79974365234375 403.4950065612793 359.02098083496094 368.22418212890625 359.02098083496094
365.4091796875 287.17047119140625 400.9083061218262 287.17047119140625 400.9083061218262 359.8591766357422 365.4091796875 359.8591766357422
362.00640869140625 289.0279235839844 398.38636016845703 289.0279235839844 398.38636016845703 363.52022552490234 362.00640869140625 363.52022552490234
357.5476989746094 290.0303039550781 394.77398681640625 290.0303039550781 394.77398681640625 366.2555847167969 357.5476989746094 366.2555847167969
354.7397155761719 292.6673583984375 392.85802459716797 292.6673583984375 392.85802459716797 370.71915435791016 354.7397155761719 370.71915435791016
351.78704833984375 290.5942077636719 390.4682960510254 290.5942077636719 390.4682960510254 369.79869079589844 351.78704833984375 369.79869079589844
346.9936218261719 294.4795837402344 386.16987228393555 294.4795837402344 386.16987228393555 374.69764709472656 346.9936218261719 374.69764709472656
335.591064453125 306.0312194824219 374.7713050842285 306.0312194824219 374.7713050842285 386.27112579345703 335.591064453125 386.27112579345703
333.804931640625 306.64898681640625 374.02727127075195 306.64898681640625 374.02727127075195 389.00904846191406 333.804931640625 389.00904846191406
326.99127197265625 308.535400390625 368.08820724487305 308.535400390625 368.08820724487305 390.77909088134766 326.99127197265625 390.77909088134766
319.2608642578125 313.5113220214844 361.38314056396484 313.5113220214844 361.38314056396484 393.56786346435547 319.2608642578125 393.56786346435547
312.000244140625 314.7037658691406 352.4837989807129 314.7037658691406 352.4837989807129 397.5987014770508 312.000244140625 397.5987014770508
302.27008056640625 317.9496154785156 343.28414154052734 317.9496154785156 343.28414154052734 401.9308319091797 302.27008056640625 401.9308319091797
296.0169982910156 318.89666748046875 337.2368278503418 318.89666748046875 337.2368278503418 403.2992172241211 296.0169982910156 403.2992172241211
291.0304260253906 322.40325927734375 332.0129699707031 322.40325927734375 332.0129699707031 406.31993865966797 291.0304260253906 406.31993865966797
283.9582824707031 324.59661865234375 324.47425842285156 324.59661865234375 324.47425842285156 407.55794525146484 283.9582824707031 407.55794525146484
279.40716552734375 328.4327087402344 319.7902030944824 328.4327087402344 319.7902030944824 411.121826171875 279.40716552734375 411.121826171875
302.4663391113281 329.4866943359375 342.980411529541 329.4866943359375 342.980411529541 412.4441146850586 302.4663391113281 412.4441146850586
