545.0 312.0 561.0 312.0 561.0 362.0 545.0 362.0
547.6211547851562 313.01751708984375 562.682843208313 313.01751708984375 562.682843208313 363.18088150024414 547.6211547851562 363.18088150024414
548.8360595703125 312.59466552734375 564.454668045044 312.59466552734375 564.454668045044 361.4028091430664 548.8360595703125 361.4028091430664
550.8658447265625 313.75238037109375 566.4487972259521 313.75238037109375 566.4487972259521 362.85367584228516 550.8658447265625 362.85367584228516
552.827392578125 313.78765869140625 568.3674802780151 313.78765869140625 568.3674802780151 362.9873046875 552.827392578125 362.9873046875
555.1486206054688 314.4356994628906 570.8541488647461 314.4356994628906 570.8541488647461 360.1926040649414 555.1486206054688 360.1926040649414
556.743408203125 314.5557556152344 572.4765605926514 314.5557556152344 572.4765605926514 362.35169219970703 556.743408203125 362.35169219970703
542.3089599609375 311.5195007324219 557.683349609375 311.5195007324219 557.683349609375 359.564453125 542.3089599609375 359.564453125
505.1162109375 278.46734619140625 520.4658832550049 278.46734619140625 520.4658832550049 326.43505477905273 505.1162109375 326.43505477905273
475.9439392089844 307.45489501953125 491.19587898254395 307.45489501953125 491.19587898254395 355.11719131469727 475.9439392089844 355.11719131469727
485.1484375 310.10809326171875 500.53973960876465 310.10809326171875 500.53973960876465 358.2058982849121 485.1484375 358.2058982849121
484.0545959472656 309.8357849121094 499.480131149292 309.8357849121094 499.480131149292 358.04057693481445 484.0545959472656 358.04057693481445
486.564208984375 314.6998596191406 501.7660732269287 314.6998596191406 501.7660732269287 359.555419921875 486.564208984375 359.555419921875
487.6693420410156 316.61627197265625 503.4786376953125 316.61627197265625 503.4786376953125 361.9871292114258 487.6693420410156 361.9871292114258
488.68719482421875 313.9690856933594 504.1313533782959 313.9690856933594 504.1313533782959 361.6047477722168 488.68719482421875 361.6047477722168
489.4718322753906 313.167724609375 504.42270946502686 313.167724609375 504.42270946502686 361.7293357849121 489.4718322753906 361.7293357849121
490.4505920410156 313.888671875 505.29443073272705 313.888671875 505.29443073272705 362.63134002685547 490.4505920410156 362.63134002685547
490.90631103515625 317.24493408203125 506.32228565216064 317.24493408203125 506.32228565216064 366.1210823059082 490.90631103515625 366.1210823059082
502.3968811035156 312.7945861816406 518.0050029754639 312.7945861816406 518.0050029754639 361.5699577331543 502.3968811035156 361.5699577331543
498.5714416503906 309.1795959472656 514.3073453903198 309.1795959472656 514.3073453903198 358.3542900085449 498.5714416503906 358.3542900085449
470.14617919921875 322.78192138671875 486.11861991882324 322.78192138671875 486.11861991882324 372.69579315185547 470.14617919921875 372.69579315185547
452.1815490722656 364.9284362792969 468.2468376159668 364.9284362792969 468.2468376159668 415.13245391845703 452.1815490722656 415.13245391845703
441.29937744140625 352.4449157714844 457.61798095703125 352.4449157714844 457.61798095703125 403.44054412841797 441.29937744140625 403.44054412841797
420.20758056640625 337.218505859375 436.21327781677246 337.218505859375 436.21327781677246 387.23630142211914 420.20758056640625 387.23630142211914
402.1714172363281 317.104248046875 418.2338333129883 317.104248046875 418.2338333129883 366.101375579834 402.1714172363281 366.101375579834
402.119384765625 319.73577880859375 418.0815887451172 319.73577880859375 418.0815887451172 369.6176528930664 402.119384765625 369.6176528930664
404.00518798828125 318.76934814453125 419.51797008514404 318.76934814453125 419.51797008514404 370.3948974609375 404.00518798828125 370.3948974609375
404.96337890625 319.5400390625 420.54410552978516 319.5400390625 420.54410552978516 371.44293212890625 404.96337890625 371.44293212890625
405.09783935546875 319.73492431640625 420.6322536468506 319.73492431640625 420.6322536468506 371.4990005493164 405.09783935546875 371.4990005493164
405.93011474609375 318.3950500488281 421.1076488494873 318.3950500488281 421.1076488494873 371.15628814697266 405.93011474609375 371.15628814697266
403.294189453125 322.1857604980469 420.56542015075684 322.1857604980469 420.56542015075684 364.6622200012207 403.294189453125 364.6622200012207
384.4258728027344 299.36358642578125 401.32934951782227 299.36358642578125 401.32934951782227 352.18692779541016 384.4258728027344 352.18692779541016
343.04754638671875 312.09075927734375 359.7837715148926 312.09075927734375 359.7837715148926 364.39144134521484 343.04754638671875 364.39144134521484
312.8303527832031 322.86798095703125 329.98166275024414 322.86798095703125 329.98166275024414 371.972713470459 312.8303527832031 371.972713470459
309.94610595703125 323.1171875 327.1702194213867 323.1171875 327.1702194213867 373.1875114440918 309.94610595703125 373.1875114440918
309.02294921875 322.3944091796875 325.82237815856934 322.3944091796875 325.82237815856934 375.68170166015625 309.02294921875 375.68170166015625
309.4588623046875 324.49517822265625 325.99481201171875 324.49517822265625 325.99481201171875 374.05376052856445 309.4588623046875 374.05376052856445
310.4177551269531 324.2634582519531 325.297345161438 324.2634582519531 325.297345161438 374.6051445007324 310.4177551269531 374.6051445007324
310.0997314453125 323.8426513671875 325.33711528778076 323.8426513671875 325.33711528778076 378.10176849365234 310.0997314453125 378.10176849365234
306.8379821777344 324.89715576171875 323.1646022796631 324.89715576171875 323.1646022796631 376.7261543273926 306.8379821777344 376.7261543273926
306.7120666503906 324.9090881347656 322.5771942138672 324.9090881347656 322.5771942138672 378.3224906921387 306.7120666503906 378.3224906921387
305.69366455078125 324.72808837890625 321.50115394592285 324.72808837890625 321.50115394592285 376.9486198425293 305.69366455078125 376.9486198425293
306.28875732421875 326.80657958984375 321.86833477020264 326.80657958984375 321.86833477020264 378.7478218078613 306.28875732421875 378.7478218078613
305.79229736328125 327.3331298828125 321.57903003692627 327.3331298828125 321.57903003692627 378.8787307739258 305.79229736328125 378.8787307739258
305.36236572265625 327.71209716796875 321.42518615722656 327.71209716796875 321.42518615722656 378.6777000427246 305.36236572265625 378.6777000427246
305.5779724121094 328.0047912597656 321.5912685394287 328.0047912597656 321.5912685394287 379.0481262207031 305.5779724121094 379.0481262207031
305.5211486816406 328.2061462402344 321.50408458709717 328.2061462402344 321.50408458709717 378.1528129577637 305.5211486816406 378.1528129577637
304.62005615234375 329.3656005859375 320.403657913208 329.3656005859375 320.403657913208 378.6893501281738 304.62005615234375 378.6893501281738
304.691162109375 330.38916015625 320.3979768753052 330.38916015625 320.3979768753052 381.1633720397949 304.691162109375 381.1633720397949
305.9183044433594 329.42230224609375 320.8871021270752 329.42230224609375 320.8871021270752 382.9366226196289 305.9183044433594 382.9366226196289
303.3414001464844 328.66412353515625 319.3942451477051 328.66412353515625 319.3942451477051 379.9150619506836 303.3414001464844 379.9150619506836
303.0308532714844 330.57940673828125 319.0920810699463 330.57940673828125 319.0920810699463 381.4101142883301 303.0308532714844 381.4101142883301
303.0062561035156 332.3544006347656 318.9938020706177 332.3544006347656 318.9938020706177 382.3154716491699 303.0062561035156 382.3154716491699
301.70855712890625 330.07440185546875 317.8156089782715 330.07440185546875 317.8156089782715 381.4151725769043 301.70855712890625 381.4151725769043
301.679443359375 329.3198547363281 317.639928817749 329.3198547363281 317.639928817749 382.4941940307617 301.679443359375 382.4941940307617
298.28021240234375 330.7582092285156 314.9694995880127 330.7582092285156 314.9694995880127 382.9122200012207 298.28021240234375 382.9122200012207
299.00677490234375 331.9961853027344 314.9366760253906 331.9961853027344 314.9366760253906 386.3489799499512 299.00677490234375 386.3489799499512
294.9305114746094 334.4987487792969 311.64318084716797 334.4987487792969 311.64318084716797 387.7606430053711 294.9305114746094 387.7606430053711
293.2984313964844 335.10650634765625 309.82107734680176 335.10650634765625 309.82107734680176 389.9566535949707 293.2984313964844 389.9566535949707
291.7466735839844 333.75189208984375 308.5979061126709 333.75189208984375 308.5979061126709 387.5785026550293 291.7466735839844 387.5785026550293
291.71185302734375 334.199462890625 308.3995304107666 334.199462890625 308.3995304107666 388.1537857055664 291.71185302734375 388.1537857055664
289.4188537597656 334.32177734375 306.1118583679199 334.32177734375 306.1118583679199 387.7777214050293 289.4188537597656 387.7777214050293
289.973388671875 334.57537841796875 306.55217933654785 334.57537841796875 306.55217933654785 389.1073799133301 289.973388671875 389.1073799133301
288.43450927734375 335.8921203613281 305.2725353240967 335.8921203613281 305.2725353240967 389.5676155090332 288.43450927734375 389.5676155090332
288.0467224121094 338.4124450683594 303.76123809814453 338.4124450683594 303.76123809814453 393.63104248046875 288.0467224121094 393.63104248046875
286.1225280761719 336.904296875 302.52258682250977 336.904296875 302.52258682250977 391.12370681762695 286.1225280761719 391.12370681762695
284.263916015625 335.87689208984375 301.5117588043213 335.87689208984375 301.5117588043213 390.94152069091797 284.263916015625 390.94152069091797
283.7774353027344 338.25238037109375 301.49195289611816 338.25238037109375 301.49195289611816 393.72294998168945 283.7774353027344 393.72294998168945
283.4413757324219 336.7547607421875 301.1317024230957 336.7547607421875 301.1317024230957 393.11137771606445 283.4413757324219 393.11137771606445
284.42425537109375 336.66015625 300.6179618835449 336.66015625 300.6179618835449 393.06324005126953 284.42425537109375 393.06324005126953
283.58880615234375 337.70062255859375 300.4387664794922 337.70062255859375 300.4387664794922 393.2733459472656 283.58880615234375 393.2733459472656
281.95819091796875 339.10382080078125 298.91521072387695 339.10382080078125 298.91521072387695 395.6663131713867 281.95819091796875 395.6663131713867
280.0007629394531 331.09149169921875 297.78639221191406 331.09149169921875 297.78639221191406 386.6715774536133 280.0007629394531 386.6715774536133
253.4283447265625 295.5539245605469 271.0668201446533 295.5539245605469 271.0668201446533 350.6741523742676 253.4283447265625 350.6741523742676
279.47088623046875 267.9330139160156 296.91580390930176 267.9330139160156 296.91580390930176 323.2357597351074 279.47088623046875 323.2357597351074
277.39508056640625 268.78887939453125 294.4453887939453 268.78887939453125 294.4453887939453 324.9065361022949 277.39508056640625 324.9065361022949
277.225341796875 268.6358337402344 294.68502044677734 268.6358337402344 294.68502044677734 325.96829986572266 277.225341796875 325.96829986572266
277.3065490722656 269.74835205078125 295.26866340637207 269.74835205078125 295.26866340637207 324.3527946472168 277.3065490722656 324.3527946472168
277.40673828125 269.0081787109375 294.68230056762695 269.0081787109375 294.68230056762695 324.79254150390625 277.40673828125 324.79254150390625
276.925048828125 269.71453857421875 294.4216594696045 269.71453857421875 294.4216594696045 326.9930534362793 276.925048828125 326.9930534362793
277.03106689453125 271.38031005859375 293.73481369018555 271.38031005859375 293.73481369018555 328.8840026855469 277.03106689453125 328.8840026855469
276.6600036621094 271.68194580078125 293.32128524780273 271.68194580078125 293.32128524780273 331.1691665649414 276.6600036621094 331.1691665649414
274.7900695800781 273.01690673828125 292.3569583892822 273.01690673828125 292.3569583892822 331.1526870727539 274.7900695800781 331.1526870727539
275.3110656738281 272.6441955566406 292.69518852233887 272.6441955566406 292.69518852233887 329.9972839355469 275.3110656738281 329.9972839355469
275.37255859375 271.61651611328125 293.05177879333496 271.61651611328125 293.05177879333496 329.93228912353516 275.37255859375 329.93228912353516
275.2890930175781 272.25885009765625 292.6110382080078 272.25885009765625 292.6110382080078 330.08453369140625 275.2890930175781 330.08453369140625
275.2999267578125 273.8607177734375 292.4148750305176 273.8607177734375 292.4148750305176 330.71306228637695 275.2999267578125 330.71306228637695
274.22088623046875 274.121337890625 291.57048416137695 274.121337890625 291.57048416137695 332.3778762817383 274.22088623046875 332.3778762817383
276.1024169921875 275.61572265625 292.8128414154053 275.61572265625 292.8128414154053 333.48286056518555 276.1024169921875 333.48286056518555
275.3283386230469 274.72259521484375 292.8984317779541 274.72259521484375 292.8984317779541 332.7816390991211 275.3283386230469 332.7816390991211
274.4793395996094 273.4867858886719 292.86016845703125 273.4867858886719 292.86016845703125 333.3344535827637 274.4793395996094 333.3344535827637
273.89996337890625 276.6199645996094 292.6089744567871 276.6199645996094 292.6089744567871 334.26673126220703 273.89996337890625 334.26673126220703
275.19561767578125 277.308837890625 292.8627128601074 277.308837890625 292.8627128601074 336.73779296875 275.19561767578125 336.73779296875
274.333984375 278.2293395996094 292.0244674682617 278.2293395996094 292.0244674682617 336.4245834350586 274.333984375 336.4245834350586
274.533447265625 277.7890319824219 292.17284965515137 277.7890319824219 292.17284965515137 335.9662284851074 274.533447265625 335.9662284851074
274.88616943359375 279.0428466796875 292.5533561706543 279.0428466796875 292.5533561706543 335.8660354614258 274.88616943359375 335.8660354614258
273.36566162109375 279.6847839355469 290.6596088409424 279.6847839355469 290.6596088409424 338.23785400390625 273.36566162109375 338.23785400390625
274.3664855957031 278.0450744628906 291.4571952819824 278.0450744628906 291.4571952819824 336.12065505981445 274.3664855957031 336.12065505981445
275.81976318359375 277.6596984863281 293.22869300842285 277.6596984863281 293.22869300842285 336.2667007446289 275.81976318359375 336.2667007446289
276.57952880859375 279.7327575683594 293.772912979126 279.7327575683594 293.772912979126 338.9528579711914 276.57952880859375 338.9528579711914
277.70782470703125 281.18450927734375 294.50276947021484 281.18450927734375 294.50276947021484 339.51215744018555 277.70782470703125 339.51215744018555
277.3778381347656 280.953369140625 294.31672286987305 280.953369140625 294.31672286987305 337.9595832824707 277.3778381347656 337.9595832824707
276.88665771484375 280.67169189453125 294.22348403930664 280.67169189453125 294.22348403930664 337.1932182312012 276.88665771484375 337.1932182312012
276.5023498535156 280.9259948730469 294.7552070617676 280.9259948730469 294.7552070617676 338.9932441711426 276.5023498535156 338.9932441711426
276.74041748046875 284.8519592285156 293.48678398132324 284.8519592285156 293.48678398132324 341.65521240234375 276.74041748046875 341.65521240234375
277.08599853515625 286.73333740234375 294.085391998291 286.73333740234375 294.085391998291 343.5321578979492 277.08599853515625 343.5321578979492
276.0264892578125 289.81829833984375 292.6946449279785 289.81829833984375 292.6946449279785 343.23638916015625 276.0264892578125 343.23638916015625
276.86236572265625 288.0109558105469 293.7255802154541 288.0109558105469 293.7255802154541 344.5929260253906 276.86236572265625 344.5929260253906
276.63751220703125 287.1330871582031 294.61936378479004 287.1330871582031 294.61936378479004 344.7669677734375 276.63751220703125 344.7669677734375
276.1105041503906 288.6687927246094 294.38188552856445 288.6687927246094 294.38188552856445 346.53321075439453 276.1105041503906 346.53321075439453
276.20697021484375 289.036376953125 293.83935737609863 289.036376953125 293.83935737609863 346.90656661987305 276.20697021484375 346.90656661987305
277.1151428222656 288.46942138671875 295.1926670074463 288.46942138671875 295.1926670074463 348.8645248413086 277.1151428222656 348.8645248413086
277.44964599609375 289.56427001953125 295.599666595459 289.56427001953125 295.599666595459 348.4986801147461 277.44964599609375 348.4986801147461
278.37359619140625 290.5376281738281 295.554407119751 290.5376281738281 295.554407119751 349.6536979675293 278.37359619140625 349.6536979675293
277.394775390625 291.4541320800781 295.63086318969727 291.4541320800781 295.63086318969727 349.0920829772949 277.394775390625 349.0920829772949
278.5179138183594 292.5711364746094 296.07690048217773 292.5711364746094 296.07690048217773 351.5148391723633 278.5179138183594 351.5148391723633
276.9521484375 293.7033996582031 295.43252182006836 293.7033996582031 295.43252182006836 349.8361625671387 276.9521484375 349.8361625671387
278.18548583984375 295.1417236328125 296.7788944244385 295.1417236328125 296.7788944244385 350.66716384887695 278.18548583984375 350.66716384887695
279.0340881347656 296.40606689453125 297.79917335510254 296.40606689453125 297.79917335510254 354.4644088745117 279.0340881347656 354.4644088745117
279.919189453125 297.66387939453125 297.1482563018799 297.66387939453125 297.1482563018799 353.54032135009766 279.919189453125 353.54032135009766
278.79736328125 298.220947265625 297.1432247161865 298.220947265625 297.1432247161865 355.32215118408203 278.79736328125 355.32215118408203
278.92340087890625 298.44964599609375 297.78366470336914 298.44964599609375 297.78366470336914 354.33515548706055 278.92340087890625 354.33515548706055
281.48028564453125 297.17083740234375 299.96557998657227 297.17083740234375 299.96557998657227 353.99799728393555 281.48028564453125 353.99799728393555
281.28057861328125 297.8860778808594 299.1238765716553 297.8860778808594 299.1238765716553 354.43074798583984 281.28057861328125 354.43074798583984
281.4770202636719 299.91375732421875 298.87018394470215 299.91375732421875 298.87018394470215 355.09134674072266 281.4770202636719 355.09134674072266
282.5715637207031 301.6943359375 298.3486576080322 301.6943359375 298.3486576080322 355.4551010131836 282.5715637207031 355.4551010131836
282.9496765136719 301.7283630371094 298.70858001708984 301.7283630371094 298.70858001708984 352.2487449645996 282.9496765136719 352.2487449645996
282.7568359375 299.9188537597656 299.2126121520996 299.9188537597656 299.2126121520996 353.38993072509766 282.7568359375 353.38993072509766
283.2359313964844 302.37127685546875 301.1531791687012 302.37127685546875 301.1531791687012 352.9011459350586 283.2359313964844 352.9011459350586
283.14239501953125 300.5586242675781 300.7172908782959 300.5586242675781 300.7172908782959 354.5517768859863 283.14239501953125 354.5517768859863
283.0126647949219 304.4496765136719 302.2921848297119 304.4496765136719 302.2921848297119 352.52465438842773 283.0126647949219 352.52465438842773
284.75213623046875 301.6454772949219 301.67978286743164 301.6454772949219 301.67978286743164 355.2773551940918 284.75213623046875 355.2773551940918
285.5480041503906 304.4508056640625 305.83405685424805 304.4508056640625 305.83405685424805 352.99060821533203 285.5480041503906 352.99060821533203
288.2449951171875 304.46820068359375 305.49914741516113 304.46820068359375 305.49914741516113 358.6443862915039 288.2449951171875 358.6443862915039
289.2315979003906 304.360107421875 307.2071132659912 304.360107421875 307.2071132659912 358.2163314819336 289.2315979003906 358.2163314819336
290.02227783203125 305.37506103515625 307.7300033569336 305.37506103515625 307.7300033569336 360.3605041503906 290.02227783203125 360.3605041503906
288.67926025390625 304.6304016113281 307.2293300628662 304.6304016113281 307.2293300628662 360.0502700805664 288.67926025390625 360.0502700805664
288.46502685546875 308.56646728515625 309.50629806518555 308.56646728515625 309.50629806518555 360.2335205078125 288.46502685546875 360.2335205078125
292.2524108886719 307.7318115234375 310.996488571167 307.7318115234375 310.996488571167 363.4029541015625 292.2524108886719 363.4029541015625
294.4622802734375 309.3074035644531 311.16796875 309.3074035644531 311.16796875 364.8998794555664 294.4622802734375 364.8998794555664
293.40985107421875 308.0179138183594 311.6713809967041 308.0179138183594 311.6713809967041 363.4935111999512 293.40985107421875 363.4935111999512
293.1213684082031 310.0299377441406 310.75658798217773 310.0299377441406 310.75658798217773 366.55374908447266 293.1213684082031 366.55374908447266
294.10467529296875 309.86572265625 311.7513732910156 309.86572265625 311.7513732910156 368.09529876708984 294.10467529296875 368.09529876708984
294.052734375 309.834228515625 311.81637954711914 309.834228515625 311.81637954711914 368.93352127075195 294.052734375 368.93352127075195
294.4444274902344 310.9109802246094 311.6713809967041 310.9109802246094 311.6713809967041 369.12891387939453 294.4444274902344 369.12891387939453
292.974853515625 312.1405944824219 310.6239643096924 312.1405944824219 310.6239643096924 368.00276947021484 292.974853515625 368.00276947021484
294.19677734375 313.39031982421875 311.3921089172363 313.39031982421875 311.3921089172363 368.8639030456543 294.19677734375 368.8639030456543
293.4899597167969 313.83697509765625 311.2096576690674 313.83697509765625 311.2096576690674 372.4746322631836 293.4899597167969 372.4746322631836
294.3815612792969 315.3996276855469 312.2326374053955 315.3996276855469 312.2326374053955 372.3079414367676 294.3815612792969 372.3079414367676
293.872314453125 314.34686279296875 311.5961112976074 314.34686279296875 311.5961112976074 373.32157135009766 293.872314453125 373.32157135009766
294.7672424316406 315.5446472167969 312.3874397277832 315.5446472167969 312.3874397277832 374.1432800292969 294.7672424316406 374.1432800292969
294.005859375 315.1969299316406 313.4399242401123 315.1969299316406 313.4399242401123 374.8885307312012 294.005859375 374.8885307312012
294.3023986816406 316.22943115234375 313.2208786010742 316.22943115234375 313.2208786010742 376.8648452758789 294.3023986816406 376.8648452758789
294.83148193359375 315.97998046875 313.44505310058594 315.97998046875 313.44505310058594 376.83927154541016 294.83148193359375 376.83927154541016
295.20660400390625 317.9131164550781 314.2184181213379 317.9131164550781 314.2184181213379 379.48828125 295.20660400390625 379.48828125
295.27606201171875 318.29937744140625 314.42417335510254 318.29937744140625 314.42417335510254 379.93648529052734 295.27606201171875 379.93648529052734
297.8465881347656 315.69000244140625 316.2124328613281 315.69000244140625 316.2124328613281 378.8895378112793 297.8465881347656 378.8895378112793
300.43487548828125 316.66650390625 318.125280380249 316.66650390625 318.125280380249 379.285400390625 300.43487548828125 379.285400390625
300.2708740234375 317.3191833496094 318.6644859313965 317.3191833496094 318.6644859313965 379.8633918762207 300.2708740234375 379.8633918762207
300.47991943359375 319.9024353027344 319.11740493774414 319.9024353027344 319.11740493774414 381.75882720947266 300.47991943359375 381.75882720947266
301.5162048339844 319.1103515625 320.1613235473633 319.1103515625 320.1613235473633 380.62235260009766 301.5162048339844 380.62235260009766
302.7385559082031 320.4471130371094 320.7667179107666 320.4471130371094 320.7667179107666 382.8499984741211 302.7385559082031 382.8499984741211
302.7854919433594 320.87603759765625 323.6997318267822 320.87603759765625 323.6997318267822 380.1523551940918 302.7854919433594 380.1523551940918
303.8564758300781 323.11907958984375 323.63120460510254 323.11907958984375 323.63120460510254 386.24251556396484 303.8564758300781 386.24251556396484
306.24871826171875 322.41851806640625 325.15381050109863 322.41851806640625 325.15381050109863 384.7120552062988 306.24871826171875 384.7120552062988
307.49853515625 321.57586669921875 326.22658348083496 321.57586669921875 326.22658348083496 385.55571365356445 307.49853515625 385.55571365356445
307.8059997558594 322.75079345703125 326.72741317749023 322.75079345703125 326.72741317749023 386.22916412353516 307.8059997558594 386.22916412353516
308.633544921875 324.26153564453125 328.2631416320801 324.26153564453125 328.2631416320801 389.0478286743164 308.633544921875 389.0478286743164
309.35479736328125 327.6832275390625 331.15211486816406 327.6832275390625 331.15211486816406 387.64506912231445 309.35479736328125 387.64506912231445
310.0743408203125 328.10931396484375 329.63149070739746 328.10931396484375 329.63149070739746 392.2234191894531 310.0743408203125 392.2234191894531
310.4038391113281 328.49810791015625 330.23439025878906 328.49810791015625 330.23439025878906 391.9085807800293 310.4038391113281 391.9085807800293
311.01300048828125 329.21630859375 330.8485450744629 329.21630859375 330.8485450744629 391.118408203125 311.01300048828125 391.118408203125
312.0129699707031 327.7174072265625 332.4868469238281 327.7174072265625 332.4868469238281 390.3479995727539 312.0129699707031 390.3479995727539
312.3780517578125 327.0369873046875 332.7988395690918 327.0369873046875 332.7988395690918 392.2826232910156 312.3780517578125 392.2826232910156
312.17572021484375 327.876220703125 332.5336055755615 327.876220703125 332.5336055755615 394.3816146850586 312.17572021484375 394.3816146850586
311.7386779785156 331.36224365234375 331.73423767089844 331.36224365234375 331.73423767089844 395.30233001708984 311.7386779785156 395.30233001708984
311.53363037109375 331.8223571777344 331.38498306274414 331.8223571777344 331.38498306274414 393.84020233154297 311.53363037109375 393.84020233154297
311.53009033203125 331.19024658203125 332.6399211883545 331.19024658203125 332.6399211883545 394.8451042175293 311.53009033203125 394.8451042175293
311.708251953125 331.8535461425781 331.7195625305176 331.8535461425781 331.7195625305176 396.42848205566406 311.708251953125 396.42848205566406
311.71954345703125 332.81793212890625 332.193058013916 332.81793212890625 332.193058013916 399.81629180908203 311.71954345703125 399.81629180908203
311.92376708984375 335.01593017578125 332.26032638549805 335.01593017578125 332.26032638549805 402.0716323852539 311.92376708984375 402.0716323852539
312.314453125 337.4245910644531 331.9799556732178 337.4245910644531 331.9799556732178 401.90892028808594 312.314453125 401.90892028808594
310.24798583984375 336.0626525878906 331.03059005737305 336.0626525878906 331.03059005737305 400.3771057128906 310.24798583984375 400.3771057128906
310.1912841796875 336.04595947265625 329.35541915893555 336.04595947265625 329.35541915893555 401.91212463378906 310.1912841796875 401.91212463378906
311.41650390625 336.8160400390625 330.9378967285156 336.8160400390625 330.9378967285156 401.12306213378906 311.41650390625 401.12306213378906
309.9728088378906 338.06048583984375 330.0176486968994 338.06048583984375 330.0176486968994 404.8752899169922 309.9728088378906 404.8752899169922
310.2948303222656 338.12994384765625 330.3753776550293 338.12994384765625 330.3753776550293 403.56986236572266 310.2948303222656 403.56986236572266
310.8233337402344 340.6976623535156 331.71870040893555 340.6976623535156 331.71870040893555 406.8970489501953 310.8233337402344 406.8970489501953
311.76251220703125 342.2670593261719 331.68299865722656 342.2670593261719 331.68299865722656 405.0141067504883 311.76251220703125 405.0141067504883
311.68572998046875 342.22796630859375 330.3414611816406 342.22796630859375 330.3414611816406 406.0668640136719 311.68572998046875 406.0668640136719
312.28900146484375 341.656494140625 332.4603862762451 341.656494140625 332.4603862762451 405.65087127685547 312.28900146484375 405.65087127685547
312.7237243652344 342.905517578125 332.9836616516113 342.905517578125 332.9836616516113 407.9279098510742 312.7237243652344 407.9279098510742
312.73095703125 345.4002990722656 331.94660568237305 345.4002990722656 331.94660568237305 410.5181350708008 312.73095703125 410.5181350708008
312.13214111328125 346.7019348144531 331.0384006500244 346.7019348144531 331.0384006500244 410.46337890625 312.13214111328125 410.46337890625
311.9772033691406 345.90252685546875 331.02816009521484 345.90252685546875 331.02816009521484 411.20320892333984 311.9772033691406 411.20320892333984
310.60736083984375 345.93389892578125 330.1568794250488 345.93389892578125 330.1568794250488 411.8856201171875 310.60736083984375 411.8856201171875
310.2881774902344 346.8961486816406 330.27917098999023 346.8961486816406 330.27917098999023 413.3867645263672 310.2881774902344 413.3867645263672
310.90380859375 349.87640380859375 330.1854705810547 349.87640380859375 330.1854705810547 413.1333198547363 310.90380859375 413.1333198547363
311.35833740234375 349.7586669921875 331.088565826416 349.7586669921875 331.088565826416 415.664794921875 311.35833740234375 415.664794921875
309.60980224609375 351.0199279785156 329.6276264190674 351.0199279785156 329.6276264190674 418.7798385620117 309.60980224609375 418.7798385620117
309.7369079589844 354.1090393066406 329.62397384643555 354.1090393066406 329.62397384643555 420.2599639892578 309.7369079589844 420.2599639892578
309.52484130859375 353.4132080078125 329.87345695495605 353.4132080078125 329.87345695495605 420.2271270751953 309.52484130859375 420.2271270751953
308.13330078125 355.05181884765625 327.17007064819336 355.05181884765625 327.17007064819336 421.9868698120117 308.13330078125 421.9868698120117
305.3181457519531 352.9220886230469 325.95799446105957 352.9220886230469 325.95799446105957 419.15431213378906 305.3181457519531 419.15431213378906
305.15838623046875 353.81048583984375 325.3930358886719 353.81048583984375 325.3930358886719 421.54737854003906 305.15838623046875 421.54737854003906
305.4979553222656 357.08306884765625 325.9120903015137 357.08306884765625 325.9120903015137 425.5954818725586 305.4979553222656 425.5954818725586
304.36260986328125 356.4096984863281 325.25555992126465 356.4096984863281 325.25555992126465 425.4915008544922 304.36260986328125 425.4915008544922
305.2724304199219 356.1189270019531 325.74224281311035 356.1189270019531 325.74224281311035 424.52794647216797 305.2724304199219 424.52794647216797
306.2490539550781 357.52154541015625 327.2052593231201 357.52154541015625 327.2052593231201 425.5061340332031 306.2490539550781 425.5061340332031
305.5509948730469 357.464111328125 326.0643424987793 357.464111328125 326.0643424987793 426.24440002441406 305.5509948730469 426.24440002441406
305.0628662109375 358.3273010253906 325.0778160095215 358.3273010253906 325.0778160095215 429.31529235839844 305.0628662109375 429.31529235839844
305.3121337890625 357.7748107910156 325.3903121948242 357.7748107910156 325.3903121948242 430.1196975708008 305.3121337890625 430.1196975708008
304.80743408203125 357.60833740234375 325.1686897277832 357.60833740234375 325.1686897277832 431.4072723388672 304.80743408203125 431.4072723388672
302.69500732421875 359.60516357421875 323.8737277984619 359.60516357421875 323.8737277984619 431.6790771484375 302.69500732421875 431.6790771484375
303.7705078125 362.6748352050781 325.2216854095459 362.6748352050781 325.2216854095459 432.87762451171875 303.7705078125 432.87762451171875
301.84539794921875 360.6105651855469 322.6472702026367 360.6105651855469 322.6472702026367 432.33592987060547 301.84539794921875 432.33592987060547
300.8636169433594 361.4761657714844 321.1728458404541 361.4761657714844 321.1728458404541 432.0329284667969 300.8636169433594 432.0329284667969
299.7527160644531 362.06317138671875 321.58195877075195 362.06317138671875 321.58195877075195 434.1363067626953 299.7527160644531 434.1363067626953
299.61383056640625 363.0498962402344 321.8806667327881 363.0498962402344 321.8806667327881 436.1870574951172 299.61383056640625 436.1870574951172
299.29693603515625 364.1729431152344 320.42068672180176 364.1729431152344 320.42068672180176 436.26270294189453 299.29693603515625 436.26270294189453
300.2806701660156 367.42572021484375 322.0050926208496 367.42572021484375 322.0050926208496 438.0204086303711 300.2806701660156 438.0204086303711
300.4991455078125 366.5787048339844 322.0108642578125 366.5787048339844 322.0108642578125 436.8280792236328 300.4991455078125 436.8280792236328
301.31402587890625 366.9602355957031 322.5692710876465 366.9602355957031 322.5692710876465 436.79813385009766 301.31402587890625 436.79813385009766
299.3666076660156 368.70819091796875 321.3890800476074 368.70819091796875 321.3890800476074 440.6501159667969 299.3666076660156 440.6501159667969
299.8953552246094 372.0869140625 320.1588649749756 372.0869140625 320.1588649749756 444.37432861328125 299.8953552246094 444.37432861328125
298.472900390625 370.244140625 319.8005027770996 370.244140625 319.8005027770996 441.17791748046875 298.472900390625 441.17791748046875
299.43524169921875 371.02471923828125 320.26023292541504 371.02471923828125 320.26023292541504 442.2902297973633 299.43524169921875 442.2902297973633
300.8503112792969 371.5479736328125 321.6231498718262 371.5479736328125 321.6231498718262 445.0757064819336 300.8503112792969 445.0757064819336
300.4405212402344 375.10040283203125 322.4105567932129 375.10040283203125 322.4105567932129 447.38414001464844 300.4405212402344 447.38414001464844
