214.0 164.0 228.0 164.0 228.0 184.0 214.0 184.0
215.00082397460938 164.6283416748047 228.93909645080566 164.6283416748047 228.93909645080566 184.50429725646973 215.00082397460938 184.50429725646973
215.86929321289062 164.40890502929688 229.9656925201416 164.40890502929688 229.9656925201416 183.62164878845215 215.86929321289062 183.62164878845215
216.49417114257812 164.3360137939453 230.3198471069336 164.3360137939453 230.3198471069336 184.87170219421387 216.49417114257812 184.87170219421387
217.83724975585938 164.2625732421875 230.8489589691162 164.2625732421875 230.8489589691162 183.29424476623535 217.83724975585938 183.29424476623535
219.34597778320312 164.2301483154297 232.05341148376465 164.2301483154297 232.05341148376465 184.66763877868652 219.34597778320312 184.66763877868652
219.61581420898438 164.20346069335938 232.7701187133789 164.20346069335938 232.7701187133789 184.6737995147705 219.61581420898438 184.6737995147705
220.93649291992188 164.0654754638672 233.3884506225586 164.0654754638672 233.3884506225586 184.3011589050293 220.93649291992188 184.3011589050293
222.66342163085938 163.14259338378906 235.10892009735107 163.14259338378906 235.10892009735107 183.79891777038574 222.66342163085938 183.79891777038574
223.7158203125 164.2541046142578 235.83936023712158 164.2541046142578 235.83936023712158 183.6161708831787 223.7158203125 183.6161708831787
225.6600341796875 163.45425415039062 239.001127243042 163.45425415039062 239.001127243042 183.05968856811523 225.6600341796875 183.05968856811523
225.6374053955078 164.5114288330078 238.2209930419922 164.5114288330078 238.2209930419922 183.52762985229492 225.6374053955078 183.52762985229492
226.4082794189453 165.0800018310547 239.72022819519043 165.0800018310547 239.72022819519043 183.8491039276123 226.4082794189453 183.8491039276123
228.86807250976562 166.70046997070312 242.0019884109497 166.70046997070312 242.0019884109497 185.04110717773438 228.86807250976562 185.04110717773438
236.1416473388672 166.31863403320312 249.23023986816406 166.31863403320312 249.23023986816406 186.01445388793945 236.1416473388672 186.01445388793945
237.6684112548828 166.47705078125 251.03015613555908 166.47705078125 251.03015613555908 186.7389793395996 237.6684112548828 186.7389793395996
239.8050079345703 166.74462890625 251.73232460021973 166.74462890625 251.73232460021973 186.25937461853027 239.8050079345703 186.25937461853027
241.4922332763672 166.18362426757812 253.73837089538574 166.18362426757812 253.73837089538574 186.59494972229004 241.4922332763672 186.59494972229004
242.3470001220703 166.54983520507812 254.64846324920654 166.54983520507812 254.64846324920654 186.8579978942871 242.3470001220703 186.8579978942871
242.13571166992188 166.2444305419922 255.37033367156982 166.2444305419922 255.37033367156982 186.43444442749023 242.13571166992188 186.43444442749023
242.9074249267578 165.69900512695312 256.68793201446533 165.69900512695312 256.68793201446533 187.31743240356445 242.9074249267578 187.31743240356445
243.8515625 166.11721801757812 257.1467008590698 166.11721801757812 257.1467008590698 186.65310287475586 243.8515625 186.65310287475586
244.57095336914062 166.1273651123047 258.4296245574951 166.1273651123047 258.4296245574951 187.42374420166016 244.57095336914062 187.42374420166016
245.4881591796875 167.00103759765625 259.0859680175781 167.00103759765625 259.0859680175781 188.56815719604492 245.4881591796875 188.56815719604492
248.198486328125 168.20199584960938 261.0379457473755 168.20199584960938 261.0379457473755 188.17814826965332 248.198486328125 188.17814826965332
249.51547241210938 168.1322021484375 262.2676811218262 168.1322021484375 262.2676811218262 186.85660362243652 249.51547241210938 186.85660362243652
252.51150512695312 167.39952087402344 265.83760833740234 167.39952087402344 265.83760833740234 187.1254596710205 252.51150512695312 187.1254596710205
256.1443176269531 167.22866821289062 268.9080991744995 167.22866821289062 268.9080991744995 189.09725952148438 256.1443176269531 189.09725952148438
260.5151062011719 168.75445556640625 274.9591951370239 168.75445556640625 274.9591951370239 188.28671073913574 260.5151062011719 188.28671073913574
261.0240783691406 168.61817932128906 274.1845951080322 168.61817932128906 274.1845951080322 188.43267440795898 261.0240783691406 188.43267440795898
262.4111328125 168.52090454101562 277.1869888305664 168.52090454101562 277.1869888305664 190.62219619750977 262.4111328125 190.62219619750977
268.4568786621094 167.67112731933594 284.1634473800659 167.67112731933594 284.1634473800659 190.3917999267578 268.4568786621094 190.3917999267578
274.75390625 165.2895050048828 289.85349464416504 165.2895050048828 289.85349464416504 188.37538719177246 274.75390625 188.37538719177246
277.8849182128906 167.25332641601562 293.97619819641113 167.25332641601562 293.97619819641113 190.37523460388184 277.8849182128906 190.37523460388184
284.20330810546875 167.8561248779297 300.71048164367676 167.8561248779297 300.71048164367676 191.43778800964355 284.20330810546875 191.43778800964355
285.68865966796875 168.3519744873047 302.41408920288086 168.3519744873047 302.41408920288086 192.2454319000244 285.68865966796875 192.2454319000244
286.1357116699219 167.9559326171875 303.06402015686035 167.9559326171875 303.06402015686035 192.13921737670898 286.1357116699219 192.13921737670898
285.293701171875 168.52679443359375 302.5342788696289 168.52679443359375 302.5342788696289 192.5646629333496 285.293701171875 192.5646629333496
285.7300109863281 167.96151733398438 303.027135848999 167.96151733398438 303.027135848999 192.67168045043945 285.7300109863281 192.67168045043945
284.8318176269531 169.078125 302.2596969604492 169.078125 302.2596969604492 192.35064315795898 284.8318176269531 192.35064315795898
284.67791748046875 168.82687377929688 302.07093048095703 168.82687377929688 302.07093048095703 192.57765769958496 284.67791748046875 192.57765769958496
285.99798583984375 168.9075927734375 302.82411193847656 168.9075927734375 302.82411193847656 192.94490432739258 285.99798583984375 192.94490432739258
285.931640625 168.3600616455078 302.78327560424805 168.3600616455078 302.78327560424805 192.4338150024414 285.931640625 192.4338150024414
286.043212890625 168.35264587402344 303.09979820251465 168.35264587402344 303.09979820251465 192.71918296813965 286.043212890625 192.71918296813965
284.65386962890625 169.41067504882812 301.77206802368164 169.41067504882812 301.77206802368164 192.42617988586426 284.65386962890625 192.42617988586426
284.42333984375 169.01727294921875 301.78249168395996 169.01727294921875 301.78249168395996 191.8608055114746 284.42333984375 191.8608055114746
285.8368225097656 168.08547973632812 302.6689796447754 168.08547973632812 302.6689796447754 192.13140487670898 285.8368225097656 192.13140487670898
285.57391357421875 168.57247924804688 302.59332275390625 168.57247924804688 302.59332275390625 192.88590621948242 285.57391357421875 192.88590621948242
284.87689208984375 168.06021118164062 301.74807357788086 168.06021118164062 301.74807357788086 192.16188621520996 284.87689208984375 192.16188621520996
284.9002990722656 168.17474365234375 301.82383155822754 168.17474365234375 301.82383155822754 191.84836769104004 284.9002990722656 191.84836769104004
284.2274475097656 166.63479614257812 300.4048194885254 166.63479614257812 300.4048194885254 190.35857963562012 284.2274475097656 190.35857963562012
285.82513427734375 167.5905303955078 301.91349601745605 167.5905303955078 301.91349601745605 190.5738925933838 285.82513427734375 190.5738925933838
284.6846618652344 167.6533966064453 300.8132514953613 167.6533966064453 300.8132514953613 190.70380210876465 284.6846618652344 190.70380210876465
284.086181640625 166.74851989746094 300.27306747436523 166.74851989746094 300.27306747436523 190.53028297424316 284.086181640625 190.53028297424316
285.20074462890625 167.4055938720703 301.70115661621094 167.4055938720703 301.70115661621094 190.97760391235352 285.20074462890625 190.97760391235352
284.3035888671875 167.2548370361328 300.91453742980957 167.2548370361328 300.91453742980957 190.98475456237793 284.3035888671875 190.98475456237793
283.72113037109375 166.8519744873047 298.6241760253906 166.8519744873047 298.6241760253906 191.36112022399902 283.72113037109375 191.36112022399902
284.8068542480469 167.45864868164062 300.9040870666504 167.45864868164062 300.9040870666504 191.2231101989746 284.8068542480469 191.2231101989746
286.47467041015625 167.91610717773438 302.59067726135254 167.91610717773438 302.59067726135254 190.93896102905273 286.47467041015625 190.93896102905273
285.1510009765625 167.5359344482422 300.22751808166504 167.5359344482422 300.22751808166504 190.87887954711914 285.1510009765625 190.87887954711914
287.55157470703125 168.34445190429688 303.70416259765625 168.34445190429688 303.70416259765625 191.4195671081543 287.55157470703125 191.4195671081543
287.18389892578125 169.018310546875 303.2423095703125 169.018310546875 303.2423095703125 191.8374843597412 287.18389892578125 191.8374843597412
287.80169677734375 169.01455688476562 303.4239683151245 169.01455688476562 303.4239683151245 190.91831970214844 287.80169677734375 190.91831970214844
290.96258544921875 168.6950225830078 306.72004413604736 168.6950225830078 306.72004413604736 191.20566749572754 290.96258544921875 191.20566749572754
289.503662109375 169.8427276611328 305.0357418060303 169.8427276611328 305.0357418060303 192.50406455993652 289.503662109375 192.50406455993652
291.39495849609375 170.38314819335938 306.9866771697998 170.38314819335938 306.9866771697998 191.90884017944336 291.39495849609375 191.90884017944336
292.7545471191406 169.91619873046875 307.8922882080078 169.91619873046875 307.8922882080078 191.69437789916992 292.7545471191406 191.69437789916992
295.4037780761719 169.26602172851562 311.1277799606323 169.26602172851562 311.1277799606323 191.72887229919434 295.4037780761719 191.72887229919434
296.60870361328125 169.11297607421875 312.10050773620605 169.11297607421875 312.10050773620605 191.24411582946777 296.60870361328125 191.24411582946777
296.62005615234375 169.9795684814453 312.57188606262207 169.9795684814453 312.57188606262207 192.1604709625244 296.62005615234375 192.1604709625244
296.394287109375 169.83856201171875 312.76792335510254 169.83856201171875 312.76792335510254 191.47353172302246 296.394287109375 191.47353172302246
297.24432373046875 169.65740966796875 312.992525100708 169.65740966796875 312.992525100708 191.4073143005371 297.24432373046875 191.4073143005371
296.6427307128906 170.7339324951172 312.76678466796875 170.7339324951172 312.76678466796875 190.20625495910645 296.6427307128906 190.20625495910645
296.89111328125 170.4739227294922 312.54015827178955 170.4739227294922 312.54015827178955 191.16916847229004 296.89111328125 191.16916847229004
297.6058654785156 170.59808349609375 314.04780197143555 170.59808349609375 314.04780197143555 191.10411643981934 297.6058654785156 191.10411643981934
301.3717346191406 170.28724670410156 317.37825775146484 170.28724670410156 317.37825775146484 193.15369606018066 301.3717346191406 193.15369606018066
300.9153747558594 171.37158203125 316.88457012176514 171.37158203125 316.88457012176514 193.2992343902588 300.9153747558594 193.2992343902588
301.7642517089844 171.41273498535156 318.42475509643555 171.41273498535156 318.42475509643555 191.60415649414062 301.7642517089844 191.60415649414062
304.769775390625 171.63595581054688 319.86968994140625 171.63595581054688 319.86968994140625 193.20724868774414 304.769775390625 193.20724868774414
328.4530334472656 187.98731994628906 343.635892868042 187.98731994628906 343.635892868042 209.67710494995117 328.4530334472656 209.67710494995117
334.5149841308594 191.56021118164062 349.8178462982178 191.56021118164062 349.8178462982178 213.42142868041992 334.5149841308594 213.42142868041992
342.55377197265625 187.69821166992188 357.9365997314453 187.69821166992188 357.9365997314453 209.67366409301758 342.55377197265625 209.67366409301758
336.4781494140625 184.6060333251953 352.0335235595703 184.6060333251953 352.0335235595703 206.8279800415039 336.4781494140625 206.8279800415039
333.6694030761719 185.41758728027344 350.5210361480713 185.41758728027344 350.5210361480713 203.43912887573242 333.6694030761719 203.43912887573242
330.623046875 184.7569580078125 348.60969161987305 184.7569580078125 348.60969161987305 202.3190803527832 330.623046875 202.3190803527832
331.41961669921875 186.59532165527344 349.5620460510254 186.59532165527344 349.5620460510254 204.93085861206055 331.41961669921875 204.93085861206055
332.0800476074219 185.9684600830078 348.72587966918945 185.9684600830078 348.72587966918945 202.1822452545166 332.0800476074219 202.1822452545166
332.9013671875 186.51376342773438 350.9813709259033 186.51376342773438 350.9813709259033 203.53223037719727 332.9013671875 203.53223037719727
331.77288818359375 185.5151824951172 349.19074630737305 185.5151824951172 349.19074630737305 202.6879367828369 331.77288818359375 202.6879367828369
332.4168395996094 185.82644653320312 349.8137454986572 185.82644653320312 349.8137454986572 202.89332962036133 332.4168395996094 202.89332962036133
333.7814636230469 185.6200714111328 350.44202423095703 185.6200714111328 350.44202423095703 203.9108772277832 333.7814636230469 203.9108772277832
332.0472412109375 186.3601531982422 349.4937629699707 186.3601531982422 349.4937629699707 203.8689022064209 332.0472412109375 203.8689022064209
332.9929504394531 185.32113647460938 351.1416988372803 185.32113647460938 351.1416988372803 203.20705032348633 332.9929504394531 203.20705032348633
333.3184814453125 185.56826782226562 350.7688293457031 185.56826782226562 350.7688293457031 204.1138572692871 333.3184814453125 204.1138572692871
332.5470886230469 185.42581176757812 350.59438705444336 185.42581176757812 350.59438705444336 203.4347743988037 332.5470886230469 203.4347743988037
332.80975341796875 185.4709930419922 350.51526069641113 185.4709930419922 350.51526069641113 203.43596649169922 332.80975341796875 203.43596649169922
331.65570068359375 184.8398895263672 350.03824615478516 184.8398895263672 350.03824615478516 203.1734561920166 331.65570068359375 203.1734561920166
331.897216796875 185.15679931640625 349.8200435638428 185.15679931640625 349.8200435638428 204.57645416259766 331.897216796875 204.57645416259766
331.763671875 185.07566833496094 350.0777835845947 185.07566833496094 350.0777835845947 203.72258949279785 331.763671875 203.72258949279785
331.90545654296875 185.4833526611328 350.09734535217285 185.4833526611328 350.09734535217285 203.71395111083984 331.90545654296875 203.71395111083984
332.39178466796875 185.4927215576172 350.8097743988037 185.4927215576172 350.8097743988037 204.49284172058105 332.39178466796875 204.49284172058105
332.81402587890625 184.83480834960938 350.0080986022949 184.83480834960938 350.0080986022949 202.99784660339355 332.81402587890625 202.99784660339355
331.5875549316406 185.23202514648438 350.38092041015625 185.23202514648438 350.38092041015625 204.24670791625977 331.5875549316406 204.24670791625977
331.6964416503906 184.81271362304688 350.1091499328613 184.81271362304688 350.1091499328613 202.60152626037598 331.6964416503906 202.60152626037598
331.87762451171875 184.812255859375 349.72241020202637 184.812255859375 349.72241020202637 203.5821418762207 331.87762451171875 203.5821418762207
331.75482177734375 184.1514129638672 349.3814353942871 184.1514129638672 349.3814353942871 204.42607498168945 331.75482177734375 204.42607498168945
332.23431396484375 184.88600158691406 349.8347625732422 184.88600158691406 349.8347625732422 202.70315551757812 332.23431396484375 202.70315551757812
331.078857421875 185.4910888671875 349.7663745880127 185.4910888671875 349.7663745880127 203.90612411499023 331.078857421875 203.90612411499023
331.92901611328125 185.241943359375 350.00329208374023 185.241943359375 350.00329208374023 203.5498504638672 331.92901611328125 203.5498504638672
331.89715576171875 184.78074645996094 350.5036201477051 184.78074645996094 350.5036201477051 204.04379844665527 331.89715576171875 204.04379844665527
331.56817626953125 185.30575561523438 350.8045845031738 185.30575561523438 350.8045845031738 204.66604042053223 331.56817626953125 204.66604042053223
332.0914001464844 184.84573364257812 350.8193302154541 184.84573364257812 350.8193302154541 203.98688316345215 332.0914001464844 203.98688316345215
331.28515625 184.6998748779297 349.89262771606445 184.6998748779297 349.89262771606445 203.50586128234863 331.28515625 203.50586128234863
331.1874694824219 184.80026245117188 350.051326751709 184.80026245117188 350.051326751709 204.36533737182617 331.1874694824219 204.36533737182617
331.1546630859375 184.69100952148438 349.5197696685791 184.69100952148438 349.5197696685791 203.5549373626709 331.1546630859375 203.5549373626709
330.8658142089844 184.42208862304688 350.75654792785645 184.42208862304688 350.75654792785645 203.8626823425293 330.8658142089844 203.8626823425293
331.8716735839844 184.68386840820312 350.4053897857666 184.68386840820312 350.4053897857666 204.02517318725586 331.8716735839844 204.02517318725586
331.10723876953125 184.3446502685547 349.9597282409668 184.3446502685547 349.9597282409668 204.5181007385254 331.10723876953125 204.5181007385254
331.88970947265625 183.74082946777344 350.1312313079834 183.74082946777344 350.1312313079834 203.6173610687256 331.88970947265625 203.6173610687256
330.83209228515625 184.31871032714844 350.3001937866211 184.31871032714844 350.3001937866211 203.70229148864746 330.83209228515625 203.70229148864746
331.79327392578125 184.40631103515625 350.4969234466553 184.40631103515625 350.4969234466553 204.34820175170898 331.79327392578125 204.34820175170898
331.5677185058594 184.70230102539062 350.47631072998047 184.70230102539062 350.47631072998047 204.5223274230957 331.5677185058594 204.5223274230957
331.23590087890625 183.84307861328125 350.4340133666992 183.84307861328125 350.4340133666992 203.60464477539062 331.23590087890625 203.60464477539062
330.83050537109375 184.22476196289062 350.4194850921631 184.22476196289062 350.4194850921631 203.29457092285156 330.83050537109375 203.29457092285156
330.6884765625 184.19796752929688 350.0210361480713 184.19796752929688 350.0210361480713 204.09927940368652 330.6884765625 204.09927940368652
330.93841552734375 184.3297576904297 350.5269527435303 184.3297576904297 350.5269527435303 203.6161651611328 330.93841552734375 203.6161651611328
331.07366943359375 183.9738311767578 350.3782253265381 183.9738311767578 350.3782253265381 203.65772819519043 331.07366943359375 203.65772819519043
330.4716491699219 184.2020721435547 349.7028694152832 184.2020721435547 349.7028694152832 203.68528938293457 330.4716491699219 203.68528938293457
331.5888366699219 184.47842407226562 350.8419761657715 184.47842407226562 350.8419761657715 203.84284782409668 331.5888366699219 203.84284782409668
331.5783996582031 184.45436096191406 349.78024673461914 184.45436096191406 349.78024673461914 203.73625373840332 331.5783996582031 203.73625373840332
330.6011962890625 183.4552459716797 349.009220123291 183.4552459716797 349.009220123291 203.80186080932617 330.6011962890625 203.80186080932617
331.3141174316406 184.15171813964844 349.5611400604248 184.15171813964844 349.5611400604248 203.6759796142578 331.3141174316406 203.6759796142578
330.2255859375 183.8302001953125 349.16955757141113 183.8302001953125 349.16955757141113 203.51210594177246 330.2255859375 203.51210594177246
332.0007019042969 183.933837890625 350.5762348175049 183.933837890625 350.5762348175049 203.43220710754395 332.0007019042969 203.43220710754395
330.5591735839844 184.10787963867188 349.04787826538086 184.10787963867188 349.04787826538086 204.08570098876953 330.5591735839844 204.08570098876953
331.2188720703125 184.4199676513672 350.2141590118408 184.4199676513672 350.2141590118408 203.9320411682129 331.2188720703125 203.9320411682129
331.53790283203125 184.6309814453125 349.6114692687988 184.6309814453125 349.6114692687988 203.44354820251465 331.53790283203125 203.44354820251465
330.9288024902344 184.57412719726562 349.9622993469238 184.57412719726562 349.9622993469238 204.1534252166748 330.9288024902344 204.1534252166748
332.21990966796875 184.61245727539062 349.88672256469727 184.61245727539062 349.88672256469727 203.7141056060791 332.21990966796875 203.7141056060791
331.19732666015625 183.71397399902344 349.4116668701172 183.71397399902344 349.4116668701172 203.1853847503662 331.19732666015625 203.1853847503662
331.5082092285156 184.19398498535156 349.94885635375977 184.19398498535156 349.94885635375977 203.79664993286133 331.5082092285156 203.79664993286133
331.16912841796875 184.75076293945312 350.3807773590088 184.75076293945312 350.3807773590088 203.5280361175537 331.16912841796875 203.5280361175537
330.8731994628906 183.91636657714844 349.57851791381836 183.91636657714844 349.57851791381836 203.762113571167 330.8731994628906 203.762113571167
331.3631591796875 184.3565673828125 349.92377281188965 184.3565673828125 349.92377281188965 203.8962001800537 331.3631591796875 203.8962001800537
331.18890380859375 184.78439331054688 349.23299407958984 184.78439331054688 349.23299407958984 203.62294578552246 331.18890380859375 203.62294578552246
331.5723571777344 184.2450714111328 350.4651279449463 184.2450714111328 350.4651279449463 203.72241401672363 331.5723571777344 203.72241401672363
331.4848937988281 184.08775329589844 349.59119415283203 184.08775329589844 349.59119415283203 203.2629737854004 331.4848937988281 203.2629737854004
331.27801513671875 184.37400817871094 349.5693778991699 184.37400817871094 349.5693778991699 204.3996410369873 331.27801513671875 204.3996410369873
332.3790588378906 184.85629272460938 350.07511138916016 184.85629272460938 350.07511138916016 203.17217445373535 332.3790588378906 203.17217445373535
331.48651123046875 184.8275146484375 350.03049087524414 184.8275146484375 350.03049087524414 204.24957275390625 331.48651123046875 204.24957275390625
331.91424560546875 184.43569946289062 350.4005184173584 184.43569946289062 350.4005184173584 203.47907638549805 331.91424560546875 203.47907638549805
331.3785705566406 184.3103790283203 349.7393684387207 184.3103790283203 349.7393684387207 204.07016563415527 331.3785705566406 204.07016563415527
331.8882141113281 184.49453735351562 350.0125789642334 184.49453735351562 350.0125789642334 203.57120895385742 331.8882141113281 203.57120895385742
331.9581604003906 184.5518035888672 350.81861305236816 184.5518035888672 350.81861305236816 203.86630249023438 331.9581604003906 203.86630249023438
330.8919677734375 184.0675811767578 349.5070171356201 184.0675811767578 349.5070171356201 203.62326049804688 330.8919677734375 203.62326049804688
331.84503173828125 184.88018798828125 350.1580753326416 184.88018798828125 350.1580753326416 203.64046478271484 331.84503173828125 203.64046478271484
332.0550842285156 184.13851928710938 350.1404151916504 184.13851928710938 350.1404151916504 203.52698135375977 332.0550842285156 203.52698135375977
330.76434326171875 184.2217559814453 349.5670509338379 184.2217559814453 349.5670509338379 203.6746311187744 330.76434326171875 203.6746311187744
332.48309326171875 184.61412048339844 349.30682373046875 184.61412048339844 349.30682373046875 204.79429626464844 332.48309326171875 204.79429626464844
331.94525146484375 184.49227905273438 349.3212585449219 184.49227905273438 349.3212585449219 202.6696376800537 331.94525146484375 202.6696376800537
331.62774658203125 184.4068145751953 349.141414642334 184.4068145751953 349.141414642334 202.708984375 331.62774658203125 202.708984375
332.37060546875 184.2259063720703 348.4274559020996 184.2259063720703 348.4274559020996 202.98386192321777 332.37060546875 202.98386192321777
332.90484619140625 183.78958129882812 349.733341217041 183.78958129882812 349.733341217041 202.54383277893066 332.90484619140625 202.54383277893066
331.7491455078125 184.27426147460938 349.2721920013428 184.27426147460938 349.2721920013428 203.9814968109131 331.7491455078125 203.9814968109131
332.7913513183594 183.73590087890625 350.2294158935547 183.73590087890625 350.2294158935547 203.2896842956543 332.7913513183594 203.2896842956543
331.48919677734375 183.42404174804688 349.6283149719238 183.42404174804688 349.6283149719238 204.2263126373291 331.48919677734375 204.2263126373291
331.59381103515625 184.2821502685547 350.3054389953613 184.2821502685547 350.3054389953613 203.86833953857422 331.59381103515625 203.86833953857422
330.2451171875 184.35726928710938 349.56651306152344 184.35726928710938 349.56651306152344 204.7933406829834 330.2451171875 204.7933406829834
331.50067138671875 184.58340454101562 350.19788360595703 184.58340454101562 350.19788360595703 204.11185836791992 331.50067138671875 204.11185836791992
331.1133117675781 184.15060424804688 349.5864028930664 184.15060424804688 349.5864028930664 204.10463333129883 331.1133117675781 204.10463333129883
330.64996337890625 184.1948699951172 349.50250816345215 184.1948699951172 349.50250816345215 204.0184783935547 330.64996337890625 204.0184783935547
331.70159912109375 184.72872924804688 350.6563205718994 184.72872924804688 350.6563205718994 204.02370643615723 331.70159912109375 204.02370643615723
331.3860168457031 184.80087280273438 350.2929058074951 184.80087280273438 350.2929058074951 203.26513671875 331.3860168457031 203.26513671875
331.5721740722656 184.3224334716797 350.20144271850586 184.3224334716797 350.20144271850586 204.17729568481445 331.5721740722656 204.17729568481445
331.8882751464844 184.14532470703125 350.18482780456543 184.14532470703125 350.18482780456543 203.31085777282715 331.8882751464844 203.31085777282715
331.81488037109375 184.38607788085938 350.4220561981201 184.38607788085938 350.4220561981201 204.13210105895996 331.81488037109375 204.13210105895996
331.98760986328125 185.0592041015625 350.28381729125977 185.0592041015625 350.28381729125977 204.28276252746582 331.98760986328125 204.28276252746582
331.77801513671875 184.9738006591797 350.3839988708496 184.9738006591797 350.3839988708496 204.01085472106934 331.77801513671875 204.01085472106934
331.03692626953125 184.59446716308594 350.24027252197266 184.59446716308594 350.24027252197266 204.55506324768066 331.03692626953125 204.55506324768066
330.52777099609375 184.516845703125 349.94552993774414 184.516845703125 349.94552993774414 204.11582374572754 330.52777099609375 204.11582374572754
330.9327697753906 184.751708984375 349.9665279388428 184.751708984375 349.9665279388428 204.27677726745605 330.9327697753906 204.27677726745605
330.93035888671875 183.78421020507812 349.7117576599121 183.78421020507812 349.7117576599121 203.31705474853516 330.93035888671875 203.31705474853516
331.0164489746094 183.94081115722656 349.6335639953613 183.94081115722656 349.6335639953613 203.23562049865723 331.0164489746094 203.23562049865723
330.9878845214844 184.36221313476562 349.6199378967285 184.36221313476562 349.6199378967285 203.8376865386963 330.9878845214844 203.8376865386963
330.5498352050781 183.9533233642578 348.9950923919678 183.9533233642578 348.9950923919678 203.3752040863037 330.5498352050781 203.3752040863037
331.64593505859375 184.76089477539062 350.1608066558838 184.76089477539062 350.1608066558838 203.73597717285156 331.64593505859375 203.73597717285156
330.75579833984375 184.86196899414062 350.030611038208 184.86196899414062 350.030611038208 204.6668357849121 330.75579833984375 204.6668357849121
331.84674072265625 184.08743286132812 350.21235847473145 184.08743286132812 350.21235847473145 203.32995986938477 331.84674072265625 203.32995986938477
331.6473388671875 183.84634399414062 350.0959129333496 183.84634399414062 350.0959129333496 203.75774765014648 331.6473388671875 203.75774765014648
332.28033447265625 184.36160278320312 349.9905605316162 184.36160278320312 349.9905605316162 204.04158210754395 332.28033447265625 204.04158210754395
331.46826171875 184.563232421875 349.3167381286621 184.563232421875 349.3167381286621 204.28537368774414 331.46826171875 204.28537368774414
330.4565124511719 184.18899536132812 349.48361015319824 184.18899536132812 349.48361015319824 203.3363437652588 330.4565124511719 203.3363437652588
331.85198974609375 184.13693237304688 349.4474449157715 184.13693237304688 349.4474449157715 202.78739166259766 331.85198974609375 202.78739166259766
332.1533203125 184.3148956298828 350.0751247406006 184.3148956298828 350.0751247406006 202.99948120117188 332.1533203125 202.99948120117188
331.28326416015625 183.65359497070312 350.0901412963867 183.65359497070312 350.0901412963867 203.2940673828125 331.28326416015625 203.2940673828125
332.1514587402344 184.8297119140625 350.138484954834 184.8297119140625 350.138484954834 203.483154296875 332.1514587402344 203.483154296875
332.45416259765625 185.31260681152344 350.38104820251465 185.31260681152344 350.38104820251465 203.8350715637207 332.45416259765625 203.8350715637207
331.77374267578125 184.39736938476562 349.713680267334 184.39736938476562 349.713680267334 203.3867301940918 331.77374267578125 203.3867301940918
331.5797424316406 184.39822387695312 350.4902992248535 184.39822387695312 350.4902992248535 203.78889274597168 331.5797424316406 203.78889274597168
330.94989013671875 184.15151977539062 349.6804542541504 184.15151977539062 349.6804542541504 203.11372184753418 330.94989013671875 203.11372184753418
330.87744140625 184.4080047607422 349.526517868042 184.4080047607422 349.526517868042 203.95476913452148 330.87744140625 203.95476913452148
331.60107421875 184.493896484375 349.7914276123047 184.493896484375 349.7914276123047 203.64874267578125 331.60107421875 203.64874267578125
331.5750732421875 184.7890167236328 350.2857723236084 184.7890167236328 350.2857723236084 203.67760276794434 331.5750732421875 203.67760276794434
331.9132385253906 184.8515625 350.17858695983887 184.8515625 350.17858695983887 203.92127799987793 331.9132385253906 203.92127799987793
331.45635986328125 184.21755981445312 349.30018043518066 184.21755981445312 349.30018043518066 203.35495376586914 331.45635986328125 203.35495376586914
331.76971435546875 184.50112915039062 350.3845863342285 184.50112915039062 350.3845863342285 202.99545669555664 331.76971435546875 202.99545669555664
331.557861328125 184.7633819580078 349.88385581970215 184.7633819580078 349.88385581970215 203.72987365722656 331.557861328125 203.72987365722656
332.14862060546875 184.7046661376953 349.8596496582031 184.7046661376953 349.8596496582031 203.72561264038086 332.14862060546875 203.72561264038086
331.55224609375 184.54405212402344 349.2975273132324 184.54405212402344 349.2975273132324 203.40866470336914 331.55224609375 203.40866470336914
332.4525146484375 185.33163452148438 350.62371253967285 185.33163452148438 350.62371253967285 203.47336769104004 332.4525146484375 203.47336769104004
332.20709228515625 184.40386962890625 350.0035209655762 184.40386962890625 350.0035209655762 204.3470344543457 332.20709228515625 204.3470344543457
331.706787109375 185.1753387451172 349.8383083343506 185.1753387451172 349.8383083343506 203.10776329040527 331.706787109375 203.10776329040527
332.2706298828125 185.44618225097656 350.40320587158203 185.44618225097656 350.40320587158203 203.6060447692871 332.2706298828125 203.6060447692871
332.8475646972656 185.0102081298828 350.61939239501953 185.0102081298828 350.61939239501953 203.3900032043457 332.8475646972656 203.3900032043457
332.0118408203125 185.13619995117188 350.14160346984863 185.13619995117188 350.14160346984863 204.76607131958008 332.0118408203125 204.76607131958008
332.27496337890625 184.76931762695312 350.7804126739502 184.76931762695312 350.7804126739502 203.45847702026367 332.27496337890625 203.45847702026367
331.18060302734375 183.93251037597656 349.11993408203125 183.93251037597656 349.11993408203125 203.4417839050293 331.18060302734375 203.4417839050293
331.924560546875 185.52682495117188 350.2920913696289 185.52682495117188 350.2920913696289 203.49431037902832 331.924560546875 203.49431037902832
332.1277770996094 184.91937255859375 350.6502113342285 184.91937255859375 350.6502113342285 203.6379737854004 332.1277770996094 203.6379737854004
333.16357421875 185.87643432617188 351.195032119751 185.87643432617188 351.195032119751 203.83387184143066 333.16357421875 203.83387184143066
332.11163330078125 185.5806884765625 350.2024974822998 185.5806884765625 350.2024974822998 203.75226974487305 332.11163330078125 203.75226974487305
331.78656005859375 185.44088745117188 350.1731605529785 185.44088745117188 350.1731605529785 204.28800582885742 331.78656005859375 204.28800582885742
333.13751220703125 185.95834350585938 350.3994541168213 185.95834350585938 350.3994541168213 203.4806022644043 333.13751220703125 203.4806022644043
331.5830383300781 185.84426879882812 350.07170486450195 185.84426879882812 350.07170486450195 204.16234970092773 331.5830383300781 204.16234970092773
332.3740539550781 184.79620361328125 350.1175937652588 184.79620361328125 350.1175937652588 203.38661575317383 332.3740539550781 203.38661575317383
331.8314514160156 184.90200805664062 349.54682540893555 184.90200805664062 349.54682540893555 203.9460105895996 331.8314514160156 203.9460105895996
331.92132568359375 184.93701171875 349.6982898712158 184.93701171875 349.6982898712158 203.7346591949463 331.92132568359375 203.7346591949463
332.6253356933594 185.4912109375 349.7834892272949 185.4912109375 349.7834892272949 204.38965034484863 332.6253356933594 204.38965034484863
331.62725830078125 183.89552307128906 349.51348304748535 183.89552307128906 349.51348304748535 203.42455673217773 331.62725830078125 203.42455673217773
331.3083801269531 184.1227569580078 350.09111404418945 184.1227569580078 350.09111404418945 204.4111328125 331.3083801269531 204.4111328125
330.15203857421875 183.4484405517578 349.32582092285156 183.4484405517578 349.32582092285156 204.08801078796387 330.15203857421875 204.08801078796387
331.7177429199219 183.8454132080078 349.8600044250488 183.8454132080078 349.8600044250488 203.99087524414062 331.7177429199219 203.99087524414062
330.91619873046875 183.44488525390625 349.81059646606445 183.44488525390625 349.81059646606445 204.34337615966797 330.91619873046875 204.34337615966797
331.1843566894531 183.37826538085938 349.8813190460205 183.37826538085938 349.8813190460205 203.77016258239746 331.1843566894531 203.77016258239746
331.2862854003906 183.24765014648438 349.9353084564209 183.24765014648438 349.9353084564209 203.69650268554688 331.2862854003906 203.69650268554688
330.62176513671875 184.0380859375 350.1897220611572 184.0380859375 350.1897220611572 203.57683944702148 330.62176513671875 203.57683944702148
331.75518798828125 184.053466796875 350.2804126739502 184.053466796875 350.2804126739502 204.4202365875244 331.75518798828125 204.4202365875244
330.44610595703125 184.04251098632812 349.878719329834 184.04251098632812 349.878719329834 203.97095680236816 330.44610595703125 203.97095680236816
331.0548400878906 184.63803100585938 350.0444278717041 184.63803100585938 350.0444278717041 204.8444538116455 331.0548400878906 204.8444538116455
330.78485107421875 182.76356506347656 350.1855411529541 182.76356506347656 350.1855411529541 203.64824295043945 330.78485107421875 203.64824295043945
330.4801330566406 183.5418701171875 349.5874881744385 183.5418701171875 349.5874881744385 204.0251522064209 330.4801330566406 204.0251522064209
330.150634765625 183.55050659179688 349.9588146209717 183.55050659179688 349.9588146209717 204.3260555267334 330.150634765625 204.3260555267334
331.43463134765625 183.6270751953125 350.0736770629883 183.6270751953125 350.0736770629883 203.9503288269043 331.43463134765625 203.9503288269043
330.294677734375 183.3013458251953 349.6366958618164 183.3013458251953 349.6366958618164 204.16573333740234 330.294677734375 204.16573333740234
330.5345153808594 184.0126953125 349.75676918029785 184.0126953125 349.75676918029785 204.40685081481934 330.5345153808594 204.40685081481934
331.2046813964844 183.52456665039062 349.98535919189453 183.52456665039062 349.98535919189453 203.94734954833984 331.2046813964844 203.94734954833984
331.13006591796875 183.92123413085938 350.5134754180908 183.92123413085938 350.5134754180908 204.31250953674316 331.13006591796875 204.31250953674316
330.68621826171875 183.29786682128906 350.44768142700195 183.29786682128906 350.44768142700195 203.9768772125244 330.68621826171875 203.9768772125244
330.8512268066406 183.95657348632812 349.9336757659912 183.95657348632812 349.9336757659912 204.3660831451416 330.8512268066406 204.3660831451416
