338.0 207.0 363.0 207.0 363.0 268.0 338.0 268.0
337.0376892089844 207.0680694580078 362.09060859680176 207.0680694580078 362.09060859680176 267.82861709594727 337.0376892089844 267.82861709594727
335.7181091308594 207.0216827392578 360.49645614624023 207.0216827392578 360.49645614624023 267.37045669555664 335.7181091308594 267.37045669555664
334.69122314453125 206.8331298828125 359.19288063049316 206.8331298828125 359.19288063049316 267.2074165344238 334.69122314453125 267.2074165344238
333.95635986328125 203.98291015625 358.90239906311035 203.98291015625 358.90239906311035 267.4156494140625 333.95635986328125 267.4156494140625
332.5570068359375 202.17239379882812 357.4421806335449 202.17239379882812 357.4421806335449 268.72997283935547 332.5570068359375 268.72997283935547
331.67755126953125 203.2921905517578 356.62155532836914 203.2921905517578 356.62155532836914 267.9853210449219 331.67755126953125 267.9853210449219
330.37725830078125 202.41781616210938 355.2444667816162 202.41781616210938 355.2444667816162 267.9844436645508 330.37725830078125 267.9844436645508
328.7123107910156 202.7598419189453 354.68923568725586 202.7598419189453 354.68923568725586 268.61827850341797 328.7123107910156 268.61827850341797
327.68145751953125 203.39923095703125 352.61895751953125 203.39923095703125 352.61895751953125 267.26122283935547 327.68145751953125 267.26122283935547
326.8292541503906 205.6455078125 351.8242607116699 205.6455078125 351.8242607116699 266.32593536376953 326.8292541503906 266.32593536376953
325.55718994140625 205.322021484375 351.3725833892822 205.322021484375 351.3725833892822 265.9973945617676 325.55718994140625 265.9973945617676
325.14935302734375 205.95068359375 349.7901496887207 205.95068359375 349.7901496887207 265.75069427490234 325.14935302734375 265.75069427490234
324.4073181152344 204.58209228515625 348.6173686981201 204.58209228515625 348.6173686981201 263.7997360229492 324.4073181152344 263.7997360229492
323.1185607910156 202.0025634765625 347.1436519622803 202.0025634765625 347.1436519622803 263.3217658996582 323.1185607910156 263.3217658996582
321.108642578125 200.0949249267578 346.1047706604004 200.0949249267578 346.1047706604004 263.6480369567871 321.108642578125 263.6480369567871
319.58978271484375 199.22994995117188 344.8938179016113 199.22994995117188 344.8938179016113 262.65449142456055 319.58978271484375 262.65449142456055
319.0712890625 200.74179077148438 344.3889808654785 200.74179077148438 344.3889808654785 262.5169868469238 319.0712890625 262.5169868469238
317.67327880859375 202.1226043701172 342.7889652252197 202.1226043701172 342.7889652252197 262.92127227783203 317.67327880859375 262.92127227783203
316.8406982421875 201.137939453125 341.5240592956543 201.137939453125 341.5240592956543 262.3990478515625 316.8406982421875 262.3990478515625
315.5201110839844 202.11441040039062 341.0099754333496 202.11441040039062 341.0099754333496 262.76573944091797 315.5201110839844 262.76573944091797
314.96356201171875 201.40768432617188 338.9664192199707 201.40768432617188 338.9664192199707 262.3343200683594 314.96356201171875 262.3343200683594
313.89593505859375 199.133056640625 337.78333473205566 199.133056640625 337.78333473205566 264.01988220214844 313.89593505859375 264.01988220214844
313.24530029296875 199.69515991210938 336.487512588501 199.69515991210938 336.487512588501 264.48822021484375 313.24530029296875 264.48822021484375
311.8434143066406 198.3145294189453 335.58570671081543 198.3145294189453 335.58570671081543 262.72672271728516 311.8434143066406 262.72672271728516
310.35394287109375 199.80130004882812 334.0896968841553 199.80130004882812 334.0896968841553 264.08570861816406 310.35394287109375 264.08570861816406
308.36151123046875 199.8387451171875 332.98143005371094 199.8387451171875 332.98143005371094 262.25532150268555 308.36151123046875 262.25532150268555
307.5122985839844 198.57449340820312 332.3761806488037 198.57449340820312 332.3761806488037 261.9720230102539 307.5122985839844 261.9720230102539
306.3243408203125 200.90798950195312 331.063720703125 200.90798950195312 331.063720703125 260.3580741882324 306.3243408203125 260.3580741882324
305.09710693359375 200.35092163085938 329.67660903930664 200.35092163085938 329.67660903930664 260.5895004272461 305.09710693359375 260.5895004272461
304.26922607421875 201.11767578125 329.2782230377197 201.11767578125 329.2782230377197 260.95744705200195 304.26922607421875 260.95744705200195
303.84552001953125 201.2388458251953 328.19798469543457 201.2388458251953 328.19798469543457 258.28269958496094 303.84552001953125 258.28269958496094
304.21923828125 199.84432983398438 326.72970962524414 199.84432983398438 326.72970962524414 259.53050994873047 304.21923828125 259.53050994873047
302.55291748046875 199.08120727539062 326.7588691711426 199.08120727539062 326.7588691711426 259.8641662597656 302.55291748046875 259.8641662597656
301.001708984375 196.7482147216797 324.7439441680908 196.7482147216797 324.7439441680908 259.83377838134766 301.001708984375 259.83377838134766
298.6749572753906 196.3839569091797 323.38660621643066 196.3839569091797 323.38660621643066 257.38172149658203 298.6749572753906 257.38172149658203
297.93670654296875 196.2527313232422 322.3443260192871 196.2527313232422 322.3443260192871 256.8766441345215 297.93670654296875 256.8766441345215
297.0618591308594 197.11549377441406 321.1779613494873 197.11549377441406 321.1779613494873 258.05774307250977 297.0618591308594 258.05774307250977
296.25958251953125 199.12466430664062 319.7971591949463 199.12466430664062 319.7971591949463 256.7234573364258 296.25958251953125 256.7234573364258
295.1429138183594 199.03585815429688 318.34479331970215 199.03585815429688 318.34479331970215 257.14043045043945 295.1429138183594 257.14043045043945
294.0064392089844 200.3813018798828 317.66102027893066 200.3813018798828 317.66102027893066 256.26184463500977 294.0064392089844 256.26184463500977
293.00714111328125 198.9319610595703 317.3852882385254 198.9319610595703 317.3852882385254 257.9004364013672 293.00714111328125 257.9004364013672
291.84368896484375 196.56314086914062 316.20343017578125 196.56314086914062 316.20343017578125 257.82115936279297 291.84368896484375 257.82115936279297
290.02215576171875 196.4873046875 314.74802589416504 196.4873046875 314.74802589416504 259.2696762084961 290.02215576171875 259.2696762084961
289.23980712890625 194.58424377441406 313.28539276123047 194.58424377441406 313.28539276123047 257.4930191040039 289.23980712890625 257.4930191040039
287.2273254394531 195.3171844482422 311.3511199951172 195.3171844482422 311.3511199951172 256.7988739013672 287.2273254394531 256.7988739013672
285.74676513671875 196.1390380859375 310.37797927856445 196.1390380859375 310.37797927856445 256.5460014343262 285.74676513671875 256.5460014343262
285.560791015625 197.37149047851562 308.63632011413574 197.37149047851562 308.63632011413574 254.24353790283203 285.560791015625 254.24353790283203
283.48577880859375 197.20623779296875 308.13694190979004 197.20623779296875 308.13694190979004 254.4454345703125 283.48577880859375 254.4454345703125
282.75616455078125 197.1334686279297 307.2027416229248 197.1334686279297 307.2027416229248 254.31327056884766 282.75616455078125 254.31327056884766
281.14569091796875 195.8926544189453 305.73550033569336 195.8926544189453 305.73550033569336 255.76554107666016 281.14569091796875 255.76554107666016
281.28387451171875 194.226806640625 305.23353385925293 194.226806640625 305.23353385925293 255.31333541870117 281.28387451171875 255.31333541870117
279.898193359375 193.60287475585938 303.916353225708 193.60287475585938 303.916353225708 254.21500396728516 279.898193359375 254.21500396728516
278.53570556640625 192.10787963867188 302.5715560913086 192.10787963867188 302.5715560913086 253.1833610534668 278.53570556640625 253.1833610534668
277.38372802734375 191.86477661132812 300.42235565185547 191.86477661132812 300.42235565185547 252.4024658203125 277.38372802734375 252.4024658203125
275.9536437988281 191.19021606445312 300.5304412841797 191.19021606445312 300.5304412841797 253.12050247192383 275.9536437988281 253.12050247192383
274.91119384765625 192.92633056640625 299.2158737182617 192.92633056640625 299.2158737182617 252.4198112487793 274.91119384765625 252.4198112487793
274.0738525390625 193.83639526367188 297.9030570983887 193.83639526367188 297.9030570983887 252.06709671020508 274.0738525390625 252.06709671020508
273.0917663574219 194.93942260742188 297.7015609741211 194.93942260742188 297.7015609741211 252.1638412475586 273.0917663574219 252.1638412475586
272.2507629394531 194.68606567382812 296.5087299346924 194.68606567382812 296.5087299346924 254.22830200195312 272.2507629394531 254.22830200195312
271.1494140625 193.0590362548828 295.2048854827881 193.0590362548828 295.2048854827881 254.1819305419922 271.1494140625 254.1819305419922
270.0320129394531 190.74588012695312 293.17336654663086 190.74588012695312 293.17336654663086 252.83584594726562 270.0320129394531 252.83584594726562
269.02801513671875 189.99781799316406 292.30233573913574 189.99781799316406 292.30233573913574 253.36975860595703 269.02801513671875 253.36975860595703
267.7950134277344 189.6648406982422 291.2905387878418 189.6648406982422 291.2905387878418 251.97554779052734 267.7950134277344 251.97554779052734
265.40692138671875 190.16607666015625 290.1308250427246 190.16607666015625 290.1308250427246 252.95073699951172 265.40692138671875 252.95073699951172
265.4439392089844 190.58474731445312 290.38539695739746 190.58474731445312 290.38539695739746 250.52003860473633 265.4439392089844 250.52003860473633
264.0872497558594 191.80612182617188 289.45381355285645 191.80612182617188 289.45381355285645 249.5772705078125 264.0872497558594 249.5772705078125
263.45794677734375 191.3289337158203 287.2346839904785 191.3289337158203 287.2346839904785 249.8709259033203 263.45794677734375 249.8709259033203
261.4315490722656 191.33761596679688 286.38272285461426 191.33761596679688 286.38272285461426 249.60877227783203 261.4315490722656 249.60877227783203
260.3900146484375 192.1267852783203 284.7266540527344 192.1267852783203 284.7266540527344 248.8190689086914 260.3900146484375 248.8190689086914
259.12542724609375 190.1074981689453 283.98925018310547 190.1074981689453 283.98925018310547 250.44567489624023 259.12542724609375 250.44567489624023
258.5830078125 189.85487365722656 283.9359016418457 189.85487365722656 283.9359016418457 251.48834991455078 258.5830078125 251.48834991455078
256.6477966308594 186.5970001220703 281.8924083709717 186.5970001220703 281.8924083709717 250.21971130371094 256.6477966308594 250.21971130371094
254.6204833984375 188.18136596679688 280.9044761657715 188.18136596679688 280.9044761657715 249.81792449951172 254.6204833984375 249.81792449951172
254.1873016357422 187.09524536132812 280.0546531677246 187.09524536132812 280.0546531677246 249.10259246826172 254.1873016357422 249.10259246826172
253.6268310546875 188.5507354736328 279.7795600891113 188.5507354736328 279.7795600891113 247.3730697631836 253.6268310546875 247.3730697631836
252.92276000976562 189.0967254638672 278.8201503753662 189.0967254638672 278.8201503753662 247.68381118774414 252.92276000976562 247.68381118774414
252.7623748779297 188.33319091796875 277.6291618347168 188.33319091796875 277.6291618347168 247.32378005981445 252.7623748779297 247.32378005981445
251.8181915283203 187.83950805664062 276.07602310180664 187.83950805664062 276.07602310180664 248.96246337890625 251.8181915283203 248.96246337890625
251.1156768798828 188.083740234375 274.42088890075684 188.083740234375 274.42088890075684 248.91079711914062 251.1156768798828 248.91079711914062
249.6160125732422 187.14559936523438 273.85095024108887 187.14559936523438 273.85095024108887 249.90581512451172 249.6160125732422 249.90581512451172
249.3343048095703 184.76629638671875 272.4750690460205 184.76629638671875 272.4750690460205 250.29429626464844 249.3343048095703 250.29429626464844
247.69088745117188 184.59288024902344 272.0110111236572 184.59288024902344 272.0110111236572 251.01447296142578 247.69088745117188 251.01447296142578
246.1661834716797 183.93612670898438 271.7683753967285 183.93612670898438 271.7683753967285 251.42572021484375 246.1661834716797 251.42572021484375
245.1583709716797 186.07244873046875 270.1630630493164 186.07244873046875 270.1630630493164 248.66318893432617 245.1583709716797 248.66318893432617
244.7683868408203 186.72854614257812 269.36322021484375 186.72854614257812 269.36322021484375 247.05925750732422 244.7683868408203 247.05925750732422
244.04220581054688 187.00515747070312 268.2007007598877 187.00515747070312 268.2007007598877 245.90792083740234 244.04220581054688 245.90792083740234
242.97293090820312 188.23934936523438 268.269718170166 188.23934936523438 268.269718170166 245.81898880004883 242.97293090820312 245.81898880004883
242.8813934326172 187.02662658691406 266.76261138916016 187.02662658691406 266.76261138916016 245.28221893310547 242.8813934326172 245.28221893310547
242.15145874023438 185.8173065185547 267.16977310180664 185.8173065185547 267.16977310180664 246.0802764892578 242.15145874023438 246.0802764892578
242.1857452392578 184.4789581298828 266.7058525085449 184.4789581298828 266.7058525085449 246.43758392333984 242.1857452392578 246.43758392333984
240.77041625976562 184.1556396484375 264.4876461029053 184.1556396484375 264.4876461029053 245.06233978271484 240.77041625976562 245.06233978271484
239.69808959960938 183.666259765625 264.407772064209 183.666259765625 264.407772064209 242.4151611328125 239.69808959960938 242.4151611328125
238.85693359375 183.72705078125 263.0015754699707 183.72705078125 263.0015754699707 242.87109375 238.85693359375 242.87109375
238.0251007080078 184.96572875976562 262.4569435119629 184.96572875976562 262.4569435119629 242.88982391357422 238.0251007080078 242.88982391357422
236.70321655273438 185.5241241455078 261.69139862060547 185.5241241455078 261.69139862060547 243.03952407836914 236.70321655273438 243.03952407836914
236.9098358154297 185.55751037597656 260.2612533569336 185.55751037597656 260.2612533569336 243.4342384338379 236.9098358154297 243.4342384338379
236.1826934814453 185.2423858642578 259.2369079589844 185.2423858642578 259.2369079589844 242.40482330322266 236.1826934814453 242.40482330322266
235.07650756835938 184.05300903320312 258.4874839782715 184.05300903320312 258.4874839782715 245.47538375854492 235.07650756835938 245.47538375854492
235.0252227783203 181.8835906982422 257.62826919555664 181.8835906982422 257.62826919555664 245.8362159729004 235.0252227783203 245.8362159729004
234.4285125732422 181.83360290527344 257.50602531433105 181.83360290527344 257.50602531433105 244.04184341430664 234.4285125732422 244.04184341430664
233.28659057617188 182.10733032226562 256.4518928527832 182.10733032226562 256.4518928527832 243.94130325317383 233.28659057617188 243.94130325317383
232.8271942138672 181.0721435546875 256.7334632873535 181.0721435546875 256.7334632873535 244.69417572021484 232.8271942138672 244.69417572021484
231.90673828125 182.43572998046875 255.870210647583 182.43572998046875 255.870210647583 241.44868087768555 231.90673828125 241.44868087768555
230.56063842773438 183.94569396972656 254.7535514831543 183.94569396972656 254.7535514831543 241.4789581298828 230.56063842773438 241.4789581298828
229.54214477539062 185.3911895751953 253.90224838256836 185.3911895751953 253.90224838256836 242.05905532836914 229.54214477539062 242.05905532836914
229.0559844970703 185.0807342529297 252.54609298706055 185.0807342529297 252.54609298706055 240.54058456420898 229.0559844970703 240.54058456420898
229.0438232421875 184.9160919189453 252.29153060913086 184.9160919189453 252.29153060913086 240.06578063964844 229.0438232421875 240.06578063964844
228.38998413085938 184.6456756591797 251.52088737487793 184.6456756591797 251.52088737487793 240.42917251586914 228.38998413085938 240.42917251586914
227.8881378173828 184.40353393554688 251.9023208618164 184.40353393554688 251.9023208618164 239.90092086791992 227.8881378173828 239.90092086791992
226.9436492919922 182.0724639892578 251.05906677246094 182.0724639892578 251.05906677246094 240.81153106689453 226.9436492919922 240.81153106689453
225.0937957763672 180.75062561035156 249.55776977539062 180.75062561035156 249.55776977539062 240.9201889038086 225.0937957763672 240.9201889038086
224.5860137939453 181.3242645263672 248.49901580810547 181.3242645263672 248.49901580810547 238.9923973083496 224.5860137939453 238.9923973083496
223.8644561767578 183.14126586914062 247.1044464111328 183.14126586914062 247.1044464111328 239.60480880737305 223.8644561767578 239.60480880737305
223.4022674560547 182.8389892578125 246.09057998657227 182.8389892578125 246.09057998657227 239.90986251831055 223.4022674560547 239.90986251831055
222.5072784423828 182.10057067871094 245.45451164245605 182.10057067871094 245.45451164245605 239.81126403808594 222.5072784423828 239.81126403808594
222.6815948486328 182.19107055664062 244.1466464996338 182.19107055664062 244.1466464996338 239.21549606323242 222.6815948486328 239.21549606323242
221.4821319580078 180.9469451904297 243.59410667419434 180.9469451904297 243.59410667419434 239.14600372314453 221.4821319580078 239.14600372314453
220.6240692138672 179.0595703125 242.71772384643555 179.0595703125 242.71772384643555 240.61069869995117 220.6240692138672 240.61069869995117
220.3430938720703 177.89035034179688 242.23803329467773 177.89035034179688 242.23803329467773 239.70708465576172 220.3430938720703 239.70708465576172
219.1534881591797 178.84007263183594 241.73388290405273 178.84007263183594 241.73388290405273 239.25005722045898 219.1534881591797 239.25005722045898
217.6139678955078 178.65682983398438 241.27824783325195 178.65682983398438 241.27824783325195 239.40837860107422 217.6139678955078 239.40837860107422
217.6304931640625 179.4558563232422 241.2233486175537 179.4558563232422 241.2233486175537 238.01117706298828 217.6304931640625 238.01117706298828
216.89047241210938 180.35975646972656 240.44779014587402 180.35975646972656 240.44779014587402 236.8402976989746 216.89047241210938 236.8402976989746
216.1464385986328 181.18138122558594 239.2203369140625 181.18138122558594 239.2203369140625 235.18547821044922 216.1464385986328 235.18547821044922
214.68417358398438 181.1117706298828 238.04850959777832 181.1117706298828 238.04850959777832 235.03086853027344 214.68417358398438 235.03086853027344
215.1840362548828 180.72268676757812 237.97618675231934 180.72268676757812 237.97618675231934 235.52881622314453 215.1840362548828 235.52881622314453
214.36093139648438 179.84951782226562 237.02541732788086 179.84951782226562 237.02541732788086 235.1436882019043 214.36093139648438 235.1436882019043
213.83163452148438 179.76809692382812 236.40671920776367 179.76809692382812 236.40671920776367 234.5738410949707 213.83163452148438 234.5738410949707
212.9810028076172 178.8295440673828 235.32757568359375 178.8295440673828 235.32757568359375 234.3195571899414 212.9810028076172 234.3195571899414
211.73263549804688 178.26165771484375 234.16865158081055 178.26165771484375 234.16865158081055 234.3955192565918 211.73263549804688 234.3955192565918
210.66506958007812 176.95205688476562 233.45241928100586 176.95205688476562 233.45241928100586 234.04032135009766 210.66506958007812 234.04032135009766
210.7319793701172 177.30490112304688 233.16191482543945 177.30490112304688 233.16191482543945 235.14630889892578 210.7319793701172 235.14630889892578
209.43212890625 178.03060913085938 231.82651329040527 178.03060913085938 231.82651329040527 234.8691520690918 209.43212890625 234.8691520690918
208.1711883544922 178.3412322998047 232.14456939697266 178.3412322998047 232.14456939697266 234.1288719177246 208.1711883544922 234.1288719177246
208.05624389648438 177.1570587158203 230.75475120544434 177.1570587158203 230.75475120544434 234.53397369384766 208.05624389648438 234.53397369384766
207.60494995117188 176.6998748779297 229.74110984802246 176.6998748779297 229.74110984802246 234.80060577392578 207.60494995117188 234.80060577392578
206.84487915039062 176.2170867919922 229.54982376098633 176.2170867919922 229.54982376098633 235.8418960571289 206.84487915039062 235.8418960571289
206.2189178466797 175.5489044189453 228.8180103302002 175.5489044189453 228.8180103302002 236.1146697998047 206.2189178466797 236.1146697998047
205.25830078125 175.41360473632812 229.10184288024902 175.41360473632812 229.10184288024902 235.49043655395508 205.25830078125 235.49043655395508
204.27688598632812 174.9866943359375 227.82800674438477 174.9866943359375 227.82800674438477 234.983154296875 204.27688598632812 234.983154296875
203.52151489257812 176.54376220703125 226.40621376037598 176.54376220703125 226.40621376037598 235.09123992919922 203.52151489257812 235.09123992919922
202.15805053710938 176.3031768798828 225.61548805236816 176.3031768798828 225.61548805236816 233.21831512451172 202.15805053710938 233.21831512451172
200.8714599609375 178.67745971679688 224.11931037902832 178.67745971679688 224.11931037902832 233.20128631591797 200.8714599609375 233.20128631591797
201.1139373779297 178.267333984375 223.4358901977539 178.267333984375 223.4358901977539 233.7246322631836 201.1139373779297 233.7246322631836
200.45458984375 177.32408142089844 223.57658004760742 177.32408142089844 223.57658004760742 233.5688133239746 200.45458984375 233.5688133239746
200.63409423828125 176.5399932861328 222.8902187347412 176.5399932861328 222.8902187347412 233.02294158935547 200.63409423828125 233.02294158935547
200.0143280029297 176.15927124023438 222.26987266540527 176.15927124023438 222.26987266540527 232.17951583862305 200.0143280029297 232.17951583862305
198.35888671875 173.9300537109375 221.61800575256348 173.9300537109375 221.61800575256348 231.8114013671875 198.35888671875 231.8114013671875
197.12449645996094 174.13589477539062 220.27249717712402 174.13589477539062 220.27249717712402 231.8628044128418 197.12449645996094 231.8628044128418
196.11459350585938 174.51242065429688 219.5481071472168 174.51242065429688 219.5481071472168 232.21229934692383 196.11459350585938 232.21229934692383
195.06646728515625 175.76324462890625 218.34698677062988 175.76324462890625 218.34698677062988 231.02510833740234 195.06646728515625 231.02510833740234
194.4857177734375 176.3207244873047 217.87941360473633 176.3207244873047 217.87941360473633 230.98156356811523 194.4857177734375 230.98156356811523
194.81253051757812 175.91610717773438 216.8697624206543 175.91610717773438 216.8697624206543 231.13178634643555 194.81253051757812 231.13178634643555
193.465576171875 175.1747283935547 216.3999900817871 175.1747283935547 216.3999900817871 230.9828872680664 193.465576171875 230.9828872680664
191.93862915039062 174.27203369140625 215.49672889709473 174.27203369140625 215.49672889709473 232.71346282958984 191.93862915039062 232.71346282958984
191.5115203857422 173.21786499023438 214.8925666809082 173.21786499023438 214.8925666809082 232.12476348876953 191.5115203857422 232.12476348876953
190.52542114257812 173.67306518554688 213.9239959716797 173.67306518554688 213.9239959716797 232.82831954956055 190.52542114257812 232.82831954956055
190.3961944580078 172.5620574951172 212.8955078125 172.5620574951172 212.8955078125 232.08722305297852 190.3961944580078 232.08722305297852
190.0138702392578 173.9002227783203 213.41057014465332 173.9002227783203 213.41057014465332 232.2081527709961 190.0138702392578 232.2081527709961
188.49234008789062 173.58570861816406 211.5442180633545 173.58570861816406 211.5442180633545 231.9709014892578 188.49234008789062 231.9709014892578
187.9006805419922 174.7879638671875 210.77042198181152 174.7879638671875 210.77042198181152 231.4234733581543 187.9006805419922 231.4234733581543
186.8653106689453 176.11685180664062 209.37786102294922 176.11685180664062 209.37786102294922 231.06719207763672 186.8653106689453 231.06719207763672
186.18408203125 175.7421112060547 209.01614952087402 175.7421112060547 209.01614952087402 229.45396423339844 186.18408203125 229.45396423339844
185.67320251464844 176.457763671875 208.24291801452637 176.457763671875 208.24291801452637 228.72159957885742 185.67320251464844 228.72159957885742
184.93289184570312 173.89718627929688 206.86935806274414 173.89718627929688 206.86935806274414 230.36145782470703 184.93289184570312 230.36145782470703
184.76516723632812 174.6118621826172 207.2335262298584 174.6118621826172 207.2335262298584 229.15683364868164 184.76516723632812 229.15683364868164
183.2664794921875 172.2552490234375 206.8272705078125 172.2552490234375 206.8272705078125 229.81442260742188 183.2664794921875 229.81442260742188
182.26303100585938 171.28341674804688 205.7484474182129 171.28341674804688 205.7484474182129 229.45869827270508 182.26303100585938 229.45869827270508
180.71572875976562 170.5828399658203 204.18613052368164 170.5828399658203 204.18613052368164 229.4330711364746 180.71572875976562 229.4330711364746
180.705810546875 171.05941772460938 203.75293159484863 171.05941772460938 203.75293159484863 229.8253059387207 180.705810546875 229.8253059387207
179.78118896484375 173.4223175048828 203.47835731506348 173.4223175048828 203.47835731506348 229.14638900756836 179.78118896484375 229.14638900756836
179.21722412109375 174.05361938476562 201.64035415649414 174.05361938476562 201.64035415649414 228.29730987548828 179.21722412109375 228.29730987548828
178.1085205078125 172.3932342529297 201.69626426696777 172.3932342529297 201.69626426696777 228.3164520263672 178.1085205078125 228.3164520263672
177.6202392578125 171.14691162109375 200.35444450378418 171.14691162109375 200.35444450378418 227.61652755737305 177.6202392578125 227.61652755737305
177.1446075439453 170.0243377685547 199.344388961792 170.0243377685547 199.344388961792 229.65996551513672 177.1446075439453 229.65996551513672
176.2091064453125 169.0668487548828 199.06443405151367 169.0668487548828 199.06443405151367 229.68939971923828 176.2091064453125 229.68939971923828
175.14065551757812 168.45504760742188 197.9284782409668 168.45504760742188 197.9284782409668 229.80891036987305 175.14065551757812 229.80891036987305
174.09902954101562 169.02557373046875 196.64317512512207 169.02557373046875 196.64317512512207 229.6767349243164 174.09902954101562 229.6767349243164
172.58590698242188 168.71343994140625 196.46002006530762 168.71343994140625 196.46002006530762 229.97173309326172 172.58590698242188 229.97173309326172
172.64364624023438 170.1533203125 195.52469635009766 170.1533203125 195.52469635009766 227.16251754760742 172.64364624023438 227.16251754760742
171.7642364501953 170.4033203125 194.97525024414062 170.4033203125 194.97525024414062 226.4594955444336 171.7642364501953 226.4594955444336
171.70834350585938 172.33602905273438 193.14223098754883 172.33602905273438 193.14223098754883 224.45087432861328 171.70834350585938 224.45087432861328
171.28579711914062 170.8318328857422 193.00339698791504 170.8318328857422 193.00339698791504 225.69757461547852 171.28579711914062 225.69757461547852
171.34744262695312 170.99960327148438 192.25481796264648 170.99960327148438 192.25481796264648 225.1672477722168 171.34744262695312 225.1672477722168
171.61685180664062 169.57876586914062 192.7076530456543 169.57876586914062 192.7076530456543 224.39617156982422 171.61685180664062 224.39617156982422
169.96365356445312 170.0003662109375 191.83892631530762 170.0003662109375 191.83892631530762 225.96439361572266 169.96365356445312 225.96439361572266
169.2325439453125 169.2867431640625 189.62383460998535 169.2867431640625 189.62383460998535 224.53536224365234 169.2325439453125 224.53536224365234
167.9871368408203 166.9899444580078 189.3562831878662 166.9899444580078 189.3562831878662 223.35321426391602 167.9871368408203 223.35321426391602
166.52700805664062 168.67108154296875 187.5817813873291 168.67108154296875 187.5817813873291 222.77043533325195 166.52700805664062 222.77043533325195
166.54928588867188 169.8111114501953 186.96210479736328 169.8111114501953 186.96210479736328 221.8108787536621 166.54928588867188 221.8108787536621
165.70318603515625 169.9209747314453 186.05334854125977 169.9209747314453 186.05334854125977 221.80456161499023 165.70318603515625 221.80456161499023
164.91403198242188 171.38558959960938 184.7176742553711 171.38558959960938 184.7176742553711 222.6270637512207 164.91403198242188 222.6270637512207
164.50941467285156 168.42701721191406 185.1956443786621 168.42701721191406 185.1956443786621 226.56457138061523 164.50941467285156 226.56457138061523
164.42079162597656 167.59759521484375 186.2431697845459 167.59759521484375 186.2431697845459 226.281982421875 164.42079162597656 226.281982421875
163.21636962890625 167.80648803710938 182.92853164672852 167.80648803710938 182.92853164672852 225.67830657958984 163.21636962890625 225.67830657958984
161.66880798339844 165.54534912109375 182.4744644165039 165.54534912109375 182.4744644165039 225.11873245239258 161.66880798339844 225.11873245239258
161.30862426757812 164.2836151123047 182.4998264312744 164.2836151123047 182.4998264312744 224.1887664794922 161.30862426757812 224.1887664794922
160.15879821777344 164.8037567138672 181.3188419342041 164.8037567138672 181.3188419342041 225.31636810302734 160.15879821777344 225.31636810302734
159.41114807128906 166.11648559570312 181.8099765777588 166.11648559570312 181.8099765777588 223.38593673706055 159.41114807128906 223.38593673706055
159.19004821777344 168.40994262695312 180.19362831115723 168.40994262695312 180.19362831115723 224.8490104675293 159.19004821777344 224.8490104675293
158.13931274414062 168.76657104492188 178.47410583496094 168.76657104492188 178.47410583496094 225.58887481689453 158.13931274414062 225.58887481689453
157.6019287109375 169.0465545654297 177.1713352203369 169.0465545654297 177.1713352203369 223.1686019897461 157.6019287109375 223.1686019897461
157.89697265625 168.17269897460938 178.26642990112305 168.17269897460938 178.26642990112305 222.47466278076172 157.89697265625 222.47466278076172
157.86746215820312 168.55795288085938 178.6517333984375 168.55795288085938 178.6517333984375 222.07340621948242 157.86746215820312 222.07340621948242
156.49046325683594 168.44387817382812 177.4084358215332 168.44387817382812 177.4084358215332 220.93342971801758 156.49046325683594 220.93342971801758
155.47500610351562 166.36451721191406 176.47890663146973 166.36451721191406 176.47890663146973 218.91858291625977 155.47500610351562 218.91858291625977
155.0714111328125 167.23837280273438 176.15391540527344 167.23837280273438 176.15391540527344 219.43114471435547 155.0714111328125 219.43114471435547
155.100341796875 166.90737915039062 176.32318687438965 166.90737915039062 176.32318687438965 219.26384735107422 155.100341796875 219.26384735107422
154.072021484375 167.75399780273438 175.02777671813965 167.75399780273438 175.02777671813965 217.7414321899414 154.072021484375 217.7414321899414
153.66860961914062 168.62351989746094 174.45404052734375 168.62351989746094 174.45404052734375 219.5086784362793 153.66860961914062 219.5086784362793
152.4722900390625 166.0817413330078 173.4974365234375 166.0817413330078 173.4974365234375 218.61009216308594 152.4722900390625 218.61009216308594
152.23367309570312 168.0565643310547 173.13093185424805 168.0565643310547 173.13093185424805 220.1516571044922 152.23367309570312 220.1516571044922
151.55108642578125 166.2843017578125 171.8273696899414 166.2843017578125 171.8273696899414 220.29175567626953 151.55108642578125 220.29175567626953
150.73245239257812 165.8509521484375 172.14412117004395 165.8509521484375 172.14412117004395 221.3999252319336 150.73245239257812 221.3999252319336
149.69479370117188 164.66073608398438 171.15240287780762 164.66073608398438 171.15240287780762 221.20670700073242 149.69479370117188 221.20670700073242
149.39842224121094 164.4202880859375 171.56868743896484 164.4202880859375 171.56868743896484 220.68838500976562 149.39842224121094 220.68838500976562
148.30093383789062 165.7935333251953 170.32424545288086 165.7935333251953 170.32424545288086 219.3952407836914 148.30093383789062 219.3952407836914
146.94998168945312 166.8403778076172 169.01334762573242 166.8403778076172 169.01334762573242 219.99831771850586 146.94998168945312 219.99831771850586
147.0577392578125 167.68606567382812 168.69733047485352 167.68606567382812 168.69733047485352 218.67406845092773 147.0577392578125 218.67406845092773
146.41119384765625 169.20947265625 167.0190830230713 169.20947265625 167.0190830230713 218.50055313110352 146.41119384765625 218.50055313110352
146.12892150878906 168.96859741210938 167.09994316101074 168.96859741210938 167.09994316101074 217.75468826293945 146.12892150878906 217.75468826293945
146.3074493408203 167.4897003173828 167.2564182281494 167.4897003173828 167.2564182281494 218.7864227294922 146.3074493408203 218.7864227294922
145.96011352539062 168.38272094726562 166.76275062561035 168.38272094726562 166.76275062561035 216.73749923706055 145.96011352539062 216.73749923706055
145.41500854492188 167.33880615234375 166.07708358764648 167.33880615234375 166.07708358764648 219.59051513671875 145.41500854492188 219.59051513671875
144.7863006591797 166.1648712158203 165.98294067382812 166.1648712158203 165.98294067382812 218.19703674316406 144.7863006591797 218.19703674316406
144.37857055664062 166.34950256347656 164.78191375732422 166.34950256347656 164.78191375732422 217.30567932128906 144.37857055664062 217.30567932128906
143.8649444580078 166.56436157226562 164.30996894836426 166.56436157226562 164.30996894836426 216.33623886108398 143.8649444580078 216.33623886108398
143.4824676513672 166.31866455078125 163.73376083374023 166.31866455078125 163.73376083374023 217.77130889892578 143.4824676513672 217.77130889892578
143.328125 167.40673828125 163.0979347229004 167.40673828125 163.0979347229004 216.15166473388672 143.328125 216.15166473388672
141.90768432617188 168.40194702148438 160.8814582824707 168.40194702148438 160.8814582824707 216.85843658447266 141.90768432617188 216.85843658447266
142.12220764160156 168.75994873046875 160.6972713470459 168.75994873046875 160.6972713470459 215.15045166015625 142.12220764160156 215.15045166015625
140.68649291992188 168.91995239257812 159.59553146362305 168.91995239257812 159.59553146362305 215.06357955932617 140.68649291992188 215.06357955932617
141.2588348388672 169.58697509765625 160.29197311401367 169.58697509765625 160.29197311401367 217.2191047668457 141.2588348388672 217.2191047668457
