22.0 298.0 87.0 298.0 87.0 407.0 22.0 407.0
25.11998176574707 299.4764099121094 87.52459144592285 299.4764099121094 87.52459144592285 405.00450134277344 25.11998176574707 405.00450134277344
26.379812240600586 298.79949951171875 88.46751976013184 298.79949951171875 88.46751976013184 405.8114471435547 26.379812240600586 405.8114471435547
30.617761611938477 298.596435546875 91.78397178649902 298.596435546875 91.78397178649902 403.909912109375 30.617761611938477 403.909912109375
32.29385757446289 299.4110412597656 93.04072189331055 299.4110412597656 93.04072189331055 403.2135314941406 32.29385757446289 403.2135314941406
34.170875549316406 297.91595458984375 94.22030639648438 297.91595458984375 94.22030639648438 400.0923309326172 34.170875549316406 400.0923309326172
37.6548957824707 301.01300048828125 97.02695846557617 301.01300048828125 97.02695846557617 402.24149322509766 37.6548957824707 402.24149322509766
38.98649978637695 298.5813293457031 98.39652633666992 298.5813293457031 98.39652633666992 403.2048034667969 38.98649978637695 403.2048034667969
56.06640625 292.4523010253906 114.2068862915039 292.4523010253906 114.2068862915039 398.83325958251953 56.06640625 398.83325958251953
61.750022888183594 289.2611389160156 122.05707931518555 289.2611389160156 122.05707931518555 399.6767883300781 61.750022888183594 399.6767883300781
65.94705963134766 289.4458923339844 124.88116073608398 289.4458923339844 124.88116073608398 399.8410339355469 65.94705963134766 399.8410339355469
69.93135070800781 290.65142822265625 128.7938461303711 290.65142822265625 128.7938461303711 398.91436767578125 69.93135070800781 398.91436767578125
74.55221557617188 283.6649475097656 134.36094284057617 283.6649475097656 134.36094284057617 394.18785095214844 74.55221557617188 394.18785095214844
79.59864807128906 282.91845703125 137.55862045288086 282.91845703125 137.55862045288086 397.2086944580078 79.59864807128906 397.2086944580078
81.26686096191406 278.22021484375 139.46902084350586 278.22021484375 139.46902084350586 395.9074478149414 81.26686096191406 395.9074478149414
86.36380004882812 276.62652587890625 143.40219116210938 276.62652587890625 143.40219116210938 396.2612075805664 86.36380004882812 396.2612075805664
89.1805419921875 275.341552734375 147.0081558227539 275.341552734375 147.0081558227539 395.0675506591797 89.1805419921875 395.0675506591797
90.56996154785156 277.83514404296875 149.0181427001953 277.83514404296875 149.0181427001953 398.29893493652344 90.56996154785156 398.29893493652344
98.35289001464844 285.61138916015625 155.18181991577148 285.61138916015625 155.18181991577148 395.06982421875 98.35289001464844 395.06982421875
100.10687255859375 290.23529052734375 161.35712432861328 290.23529052734375 161.35712432861328 396.31214904785156 100.10687255859375 396.31214904785156
101.5567855834961 289.63201904296875 162.49631881713867 289.63201904296875 162.49631881713867 397.59976959228516 101.5567855834961 397.59976959228516
104.2728042602539 290.59075927734375 167.61400985717773 290.59075927734375 167.61400985717773 393.92132568359375 104.2728042602539 393.92132568359375
107.04603576660156 290.2015380859375 168.55699920654297 290.2015380859375 168.55699920654297 392.25804138183594 107.04603576660156 392.25804138183594
110.66023254394531 287.78741455078125 172.7660789489746 287.78741455078125 172.7660789489746 392.5129623413086 110.66023254394531 392.5129623413086
116.12615966796875 285.4874572753906 176.46503829956055 285.4874572753906 176.46503829956055 391.5589065551758 116.12615966796875 391.5589065551758
119.60379791259766 285.6313171386719 178.70441436767578 285.6313171386719 178.70441436767578 391.86365509033203 119.60379791259766 391.86365509033203
120.84525299072266 286.19610595703125 184.26236724853516 286.19610595703125 184.26236724853516 395.80908203125 120.84525299072266 395.80908203125
122.7483139038086 288.6834411621094 187.68415069580078 288.6834411621094 187.68415069580078 399.52195739746094 122.7483139038086 399.52195739746094
128.13983154296875 286.63897705078125 194.7447967529297 286.63897705078125 194.7447967529297 398.33038330078125 128.13983154296875 398.33038330078125
136.2551727294922 286.6767883300781 202.42535400390625 286.6767883300781 202.42535400390625 397.6391067504883 136.2551727294922 397.6391067504883
143.56752014160156 292.9587707519531 208.6806869506836 292.9587707519531 208.6806869506836 400.7658233642578 143.56752014160156 400.7658233642578
150.73300170898438 292.6043395996094 212.26599884033203 292.6043395996094 212.26599884033203 399.80674743652344 150.73300170898438 399.80674743652344
154.48805236816406 293.77252197265625 213.7957992553711 293.77252197265625 213.7957992553711 397.50032806396484 154.48805236816406 397.50032806396484
160.5800323486328 287.23101806640625 220.29450225830078 287.23101806640625 220.29450225830078 389.5312805175781 160.5800323486328 389.5312805175781
161.39834594726562 286.9610290527344 225.02151489257812 286.9610290527344 225.02151489257812 392.2340774536133 161.39834594726562 392.2340774536133
169.07644653320312 288.46728515625 232.7484130859375 288.46728515625 232.7484130859375 394.8008041381836 169.07644653320312 394.8008041381836
182.360595703125 277.31829833984375 247.20194244384766 277.31829833984375 247.20194244384766 386.05223083496094 182.360595703125 386.05223083496094
190.44615173339844 278.155517578125 255.6385955810547 278.155517578125 255.6385955810547 387.47821044921875 190.44615173339844 387.47821044921875
195.25161743164062 278.267822265625 259.80650329589844 278.267822265625 259.80650329589844 386.52137756347656 195.25161743164062 386.52137756347656
204.450439453125 280.00250244140625 267.75736236572266 280.00250244140625 267.75736236572266 388.2369613647461 204.450439453125 388.2369613647461
204.71157836914062 282.83294677734375 268.82127380371094 282.83294677734375 268.82127380371094 390.33995056152344 204.71157836914062 390.33995056152344
208.6340789794922 272.83355712890625 272.0329246520996 272.83355712890625 272.0329246520996 382.59629821777344 208.6340789794922 382.59629821777344
214.11123657226562 271.58935546875 273.3011169433594 271.58935546875 273.3011169433594 379.57711029052734 214.11123657226562 379.57711029052734
215.99560546875 268.302734375 279.20148849487305 268.302734375 279.20148849487305 379.02467346191406 215.99560546875 379.02467346191406
223.0370635986328 275.20111083984375 284.6112823486328 275.20111083984375 284.6112823486328 381.840576171875 223.0370635986328 381.840576171875
227.7820281982422 274.6175842285156 289.18106842041016 274.6175842285156 289.18106842041016 383.53773498535156 227.7820281982422 383.53773498535156
235.2098388671875 274.02789306640625 295.0827407836914 274.02789306640625 295.0827407836914 379.65809631347656 235.2098388671875 379.65809631347656
239.096435546875 274.2272033691406 296.40160369873047 274.2272033691406 296.40160369873047 375.50316619873047 239.096435546875 375.50316619873047
246.84201049804688 269.381591796875 300.5323905944824 269.381591796875 300.5323905944824 375.6622314453125 246.84201049804688 375.6622314453125
249.88497924804688 271.31427001953125 304.9819755554199 271.31427001953125 304.9819755554199 380.9943389892578 249.88497924804688 380.9943389892578
251.67745971679688 273.2281188964844 310.07056427001953 273.2281188964844 310.07056427001953 378.4562225341797 251.67745971679688 378.4562225341797
255.78579711914062 273.1238098144531 313.52730560302734 273.1238098144531 313.52730560302734 379.8485412597656 255.78579711914062 379.8485412597656
258.3763122558594 273.53521728515625 315.6368103027344 273.53521728515625 315.6368103027344 381.2430648803711 258.3763122558594 381.2430648803711
262.4100646972656 273.45135498046875 319.4937858581543 273.45135498046875 319.4937858581543 375.15647888183594 262.4100646972656 375.15647888183594
268.80865478515625 271.12530517578125 324.00235748291016 271.12530517578125 324.00235748291016 370.11180114746094 268.80865478515625 370.11180114746094
275.6817321777344 270.4808654785156 328.37646484375 270.4808654785156 328.37646484375 368.0730285644531 275.6817321777344 368.0730285644531
277.64678955078125 269.62359619140625 331.35441970825195 269.62359619140625 331.35441970825195 371.8472442626953 277.64678955078125 371.8472442626953
280.2921447753906 268.7337341308594 334.8583450317383 268.7337341308594 334.8583450317383 373.3786087036133 280.2921447753906 373.3786087036133
284.83831787109375 270.75701904296875 339.04102325439453 270.75701904296875 339.04102325439453 372.1271438598633 284.83831787109375 372.1271438598633
286.2227783203125 270.75628662109375 340.8741874694824 270.75628662109375 340.8741874694824 369.2661895751953 286.2227783203125 369.2661895751953
288.9478454589844 269.86541748046875 341.8424491882324 269.86541748046875 341.8424491882324 367.4716339111328 288.9478454589844 367.4716339111328
290.68988037109375 267.04241943359375 344.36585235595703 267.04241943359375 344.36585235595703 366.8021240234375 290.68988037109375 366.8021240234375
293.338134765625 267.05133056640625 345.7907485961914 267.05133056640625 345.7907485961914 363.3784484863281 293.338134765625 363.3784484863281
294.7178649902344 265.9122619628906 347.3331413269043 265.9122619628906 347.3331413269043 365.30187225341797 294.7178649902344 365.30187225341797
298.8849792480469 265.44610595703125 348.8309555053711 265.44610595703125 348.8309555053711 367.94407653808594 298.8849792480469 367.94407653808594
300.48626708984375 266.3219299316406 352.7095260620117 266.3219299316406 352.7095260620117 368.48331451416016 300.48626708984375 368.48331451416016
303.686767578125 267.10821533203125 356.23430252075195 267.10821533203125 356.23430252075195 369.0621795654297 303.686767578125 369.0621795654297
307.8205261230469 268.27728271484375 360.20380783081055 268.27728271484375 360.20380783081055 364.01464080810547 307.8205261230469 364.01464080810547
316.7061462402344 266.8365173339844 367.8314743041992 266.8365173339844 367.8314743041992 359.7256622314453 316.7061462402344 359.7256622314453
320.64166259765625 265.7265930175781 369.6690139770508 265.7265930175781 369.6690139770508 358.72254180908203 320.64166259765625 358.72254180908203
323.0237121582031 264.2547912597656 372.6104316711426 264.2547912597656 372.6104316711426 358.8817825317383 323.0237121582031 358.8817825317383
327.2848205566406 264.95428466796875 378.6090621948242 264.95428466796875 378.6090621948242 359.7085876464844 327.2848205566406 359.7085876464844
330.1388244628906 265.6557922363281 380.97891998291016 265.6557922363281 380.97891998291016 359.3793640136719 330.1388244628906 359.3793640136719
332.08160400390625 264.01409912109375 383.51054763793945 264.01409912109375 383.51054763793945 355.49586486816406 332.08160400390625 355.49586486816406
332.86883544921875 264.08343505859375 385.3780212402344 264.08343505859375 385.3780212402344 357.34962463378906 332.86883544921875 357.34962463378906
336.7636413574219 258.8292236328125 387.70005798339844 258.8292236328125 387.70005798339844 357.02699279785156 336.7636413574219 357.02699279785156
338.56207275390625 257.463623046875 389.81758880615234 257.463623046875 389.81758880615234 357.2671127319336 338.56207275390625 357.2671127319336
340.99871826171875 257.455078125 392.0341567993164 257.455078125 392.0341567993164 359.47750091552734 340.99871826171875 359.47750091552734
342.2176513671875 258.3392028808594 396.8237724304199 258.3392028808594 396.8237724304199 361.85729217529297 342.2176513671875 361.85729217529297
344.15179443359375 259.08660888671875 397.4699897766113 259.08660888671875 397.4699897766113 361.3063735961914 344.15179443359375 361.3063735961914
348.82806396484375 258.61749267578125 401.0231513977051 258.61749267578125 401.0231513977051 358.29895782470703 348.82806396484375 358.29895782470703
351.995849609375 258.6731262207031 405.14200592041016 258.6731262207031 405.14200592041016 356.78614044189453 351.995849609375 356.78614044189453
355.73431396484375 255.6949920654297 407.99388885498047 255.6949920654297 407.99388885498047 354.2473449707031 355.73431396484375 354.2473449707031
359.58184814453125 258.17742919921875 409.9252243041992 258.17742919921875 409.9252243041992 353.4595184326172 359.58184814453125 353.4595184326172
361.38507080078125 257.39593505859375 412.42949295043945 257.39593505859375 412.42949295043945 352.8401336669922 361.38507080078125 352.8401336669922
362.8282165527344 257.91668701171875 415.3205451965332 257.91668701171875 415.3205451965332 352.46053314208984 362.8282165527344 352.46053314208984
364.2144470214844 257.97308349609375 415.3986587524414 257.97308349609375 415.3986587524414 351.7884979248047 364.2144470214844 351.7884979248047
365.66265869140625 258.8465576171875 418.9213562011719 258.8465576171875 418.9213562011719 350.42630767822266 365.66265869140625 350.42630767822266
367.296875 258.2226257324219 419.1041564941406 258.2226257324219 419.1041564941406 351.45056915283203 367.296875 351.45056915283203
367.75140380859375 256.9411926269531 420.3321647644043 256.9411926269531 420.3321647644043 350.5426330566406 367.75140380859375 350.5426330566406
368.68902587890625 255.4733428955078 422.7061996459961 255.4733428955078 422.7061996459961 350.87245178222656 368.68902587890625 350.87245178222656
370.71356201171875 253.48977661132812 422.02599334716797 253.48977661132812 422.02599334716797 350.47096252441406 370.71356201171875 350.47096252441406
372.27252197265625 253.194091796875 423.7416801452637 253.194091796875 423.7416801452637 352.56495666503906 372.27252197265625 352.56495666503906
373.4271545410156 251.9541778564453 425.3016128540039 251.9541778564453 425.3016128540039 351.3389587402344 373.4271545410156 351.3389587402344
374.1375427246094 252.9975128173828 427.0559768676758 252.9975128173828 427.0559768676758 351.8781051635742 374.1375427246094 351.8781051635742
377.1690979003906 254.0476837158203 429.2043228149414 254.0476837158203 429.2043228149414 351.68270111083984 377.1690979003906 351.68270111083984
379.9371032714844 253.19845581054688 431.12685775756836 253.19845581054688 431.12685775756836 348.8794708251953 379.9371032714844 348.8794708251953
382.0822448730469 251.706298828125 431.8142547607422 251.706298828125 431.8142547607422 346.02124786376953 382.0822448730469 346.02124786376953
383.8426208496094 251.5568389892578 433.5982856750488 251.5568389892578 433.5982856750488 345.9339904785156 383.8426208496094 345.9339904785156
385.5345764160156 251.40841674804688 435.58252716064453 251.40841674804688 435.58252716064453 345.30664825439453 385.5345764160156 345.30664825439453
386.608154296875 251.6951446533203 436.4829292297363 251.6951446533203 436.4829292297363 343.87667083740234 386.608154296875 343.87667083740234
388.2723693847656 252.48550415039062 438.0854263305664 252.48550415039062 438.0854263305664 343.14037322998047 388.2723693847656 343.14037322998047
388.853271484375 251.51931762695312 438.22534942626953 251.51931762695312 438.22534942626953 343.49659729003906 388.853271484375 343.49659729003906
388.7336120605469 252.46316528320312 439.040225982666 252.46316528320312 439.040225982666 342.42249298095703 388.7336120605469 342.42249298095703
389.954345703125 252.4085693359375 439.5910835266113 252.4085693359375 439.5910835266113 342.9643249511719 389.954345703125 342.9643249511719
390.11163330078125 251.13540649414062 439.74896240234375 251.13540649414062 439.74896240234375 342.5280227661133 390.11163330078125 342.5280227661133
389.36395263671875 248.87252807617188 441.6467590332031 248.87252807617188 441.6467590332031 341.3451156616211 389.36395263671875 341.3451156616211
391.4937438964844 246.8392791748047 440.75311279296875 246.8392791748047 440.75311279296875 340.5192565917969 391.4937438964844 340.5192565917969
391.8028869628906 247.4248046875 441.62137603759766 247.4248046875 441.62137603759766 340.1422119140625 391.8028869628906 340.1422119140625
392.5943908691406 247.3101043701172 443.3289566040039 247.3101043701172 443.3289566040039 339.3146667480469 392.5943908691406 339.3146667480469
392.4726867675781 249.445068359375 443.71826171875 249.445068359375 443.71826171875 340.2087631225586 392.4726867675781 340.2087631225586
396.572021484375 249.2965850830078 445.3243064880371 249.2965850830078 445.3243064880371 341.94573974609375 396.572021484375 341.94573974609375
397.34698486328125 249.75399780273438 445.9148254394531 249.75399780273438 445.9148254394531 339.96824645996094 397.34698486328125 339.96824645996094
397.97088623046875 250.185546875 447.99978256225586 250.185546875 447.99978256225586 338.32655334472656 397.97088623046875 338.32655334472656
400.0196533203125 249.8150634765625 449.08536529541016 249.8150634765625 449.08536529541016 336.2396469116211 400.0196533203125 336.2396469116211
401.8680725097656 250.2957763671875 450.22944259643555 250.2957763671875 450.22944259643555 335.5700912475586 401.8680725097656 335.5700912475586
402.58160400390625 248.04037475585938 452.21643829345703 248.04037475585938 452.21643829345703 335.9111862182617 402.58160400390625 335.9111862182617
404.9745788574219 248.2666473388672 452.1609878540039 248.2666473388672 452.1609878540039 335.8131866455078 404.9745788574219 335.8131866455078
405.9200744628906 249.04733276367188 454.98260498046875 249.04733276367188 454.98260498046875 334.1539611816406 405.9200744628906 334.1539611816406
407.99151611328125 248.6142120361328 455.78299713134766 248.6142120361328 455.78299713134766 333.10623931884766 407.99151611328125 333.10623931884766
408.358642578125 248.2207489013672 455.973331451416 248.2207489013672 455.973331451416 332.76763916015625 408.358642578125 332.76763916015625
408.310791015625 247.7786407470703 457.8269729614258 247.7786407470703 457.8269729614258 332.0802307128906 408.310791015625 332.0802307128906
408.47454833984375 247.4041290283203 458.83232498168945 247.4041290283203 458.83232498168945 333.31105041503906 408.47454833984375 333.31105041503906
409.9088439941406 244.87271118164062 459.634033203125 244.87271118164062 459.634033203125 332.0985794067383 409.9088439941406 332.0985794067383
411.5811462402344 245.13088989257812 460.89586639404297 245.13088989257812 460.89586639404297 332.9977340698242 411.5811462402344 332.9977340698242
413.02398681640625 244.07791137695312 461.52072525024414 244.07791137695312 461.52072525024414 333.1924591064453 413.02398681640625 333.1924591064453
412.73095703125 243.53244018554688 461.87762451171875 243.53244018554688 461.87762451171875 333.2333450317383 412.73095703125 333.2333450317383
415.00030517578125 243.9816436767578 465.2006530761719 243.9816436767578 465.2006530761719 333.6047897338867 415.00030517578125 333.6047897338867
414.84576416015625 244.812255859375 464.839111328125 244.812255859375 464.839111328125 334.41651916503906 414.84576416015625 334.41651916503906
418.09942626953125 244.5126495361328 466.40124893188477 244.5126495361328 466.40124893188477 335.35485076904297 418.09942626953125 335.35485076904297
420.01556396484375 244.27420043945312 468.23462677001953 244.27420043945312 468.23462677001953 331.0699005126953 420.01556396484375 331.0699005126953
421.6393127441406 242.3077392578125 470.5618324279785 242.3077392578125 470.5618324279785 331.13157653808594 421.6393127441406 331.13157653808594
425.2056579589844 241.26681518554688 473.23881912231445 241.26681518554688 473.23881912231445 328.9612503051758 425.2056579589844 328.9612503051758
426.1604919433594 242.899169921875 473.97089767456055 242.899169921875 473.97089767456055 329.15367126464844 426.1604919433594 329.15367126464844
427.42364501953125 242.95199584960938 475.84607696533203 242.95199584960938 475.84607696533203 327.56600189208984 427.42364501953125 327.56600189208984
429.04034423828125 243.45703125 475.9248924255371 243.45703125 475.9248924255371 328.13968658447266 429.04034423828125 328.13968658447266
429.15283203125 242.25830078125 478.16808319091797 242.25830078125 478.16808319091797 327.8922653198242 429.15283203125 327.8922653198242
430.4048767089844 242.99417114257812 478.71816635131836 242.99417114257812 478.71816635131836 326.3535690307617 430.4048767089844 326.3535690307617
432.0686950683594 242.0273895263672 479.61840057373047 242.0273895263672 479.61840057373047 328.3232727050781 432.0686950683594 328.3232727050781
432.576416015625 241.2122344970703 480.8829536437988 241.2122344970703 480.8829536437988 328.0923767089844 432.576416015625 328.0923767089844
434.05023193359375 240.9669647216797 482.21292877197266 240.9669647216797 482.21292877197266 325.5274658203125 434.05023193359375 325.5274658203125
434.5116271972656 239.1064453125 482.79297637939453 239.1064453125 482.79297637939453 327.33668518066406 434.5116271972656 327.33668518066406
435.18524169921875 236.76443481445312 484.49756622314453 236.76443481445312 484.49756622314453 328.55149841308594 435.18524169921875 328.55149841308594
437.02569580078125 235.4346160888672 484.940486907959 235.4346160888672 484.940486907959 330.7729721069336 437.02569580078125 330.7729721069336
438.3837890625 237.5096893310547 486.23920822143555 237.5096893310547 486.23920822143555 332.7433166503906 438.3837890625 332.7433166503906
440.3162536621094 238.21566772460938 488.60289764404297 238.21566772460938 488.60289764404297 329.97120666503906 440.3162536621094 329.97120666503906
440.21612548828125 237.17202758789062 487.9680290222168 237.17202758789062 487.9680290222168 332.0876007080078 440.21612548828125 332.0876007080078
441.81951904296875 238.8677215576172 489.6972885131836 238.8677215576172 489.6972885131836 328.9405288696289 441.81951904296875 328.9405288696289
442.8780212402344 239.13790893554688 490.2914352416992 239.13790893554688 490.2914352416992 327.94085693359375 442.8780212402344 327.94085693359375
443.3779296875 238.2909698486328 490.89641189575195 238.2909698486328 490.89641189575195 328.0413360595703 443.3779296875 328.0413360595703
445.4390563964844 237.6558380126953 492.4026870727539 237.6558380126953 492.4026870727539 327.2750473022461 445.4390563964844 327.2750473022461
446.38177490234375 238.4474334716797 493.14748764038086 238.4474334716797 493.14748764038086 327.1474304199219 446.38177490234375 327.1474304199219
447.03216552734375 236.5083770751953 493.90716552734375 236.5083770751953 493.90716552734375 325.5087432861328 447.03216552734375 325.5087432861328
447.87188720703125 236.1260528564453 494.37642669677734 236.1260528564453 494.37642669677734 326.6298370361328 447.87188720703125 326.6298370361328
448.2032165527344 235.4154510498047 494.2135696411133 235.4154510498047 494.2135696411133 325.37290954589844 448.2032165527344 325.37290954589844
448.65533447265625 235.87399291992188 495.9075584411621 235.87399291992188 495.9075584411621 326.7892837524414 448.65533447265625 326.7892837524414
449.3955993652344 234.82156372070312 495.8475875854492 234.82156372070312 495.8475875854492 327.8562698364258 449.3955993652344 327.8562698364258
448.73309326171875 235.3265380859375 496.8840141296387 235.3265380859375 496.8840141296387 326.9326934814453 448.73309326171875 326.9326934814453
449.40838623046875 234.05722045898438 497.31353759765625 234.05722045898438 497.31353759765625 326.1410827636719 449.40838623046875 326.1410827636719
449.01666259765625 234.33944702148438 497.4406204223633 234.33944702148438 497.4406204223633 327.65821838378906 449.01666259765625 327.65821838378906
449.89208984375 232.0551300048828 498.8579216003418 232.0551300048828 498.8579216003418 323.8360900878906 449.89208984375 323.8360900878906
451.9745178222656 231.3989715576172 499.6632766723633 231.3989715576172 499.6632766723633 321.7358856201172 451.9745178222656 321.7358856201172
453.222412109375 231.1564483642578 500.7538375854492 231.1564483642578 500.7538375854492 322.6835174560547 453.222412109375 322.6835174560547
452.9037170410156 228.6883087158203 501.5735282897949 228.6883087158203 501.5735282897949 323.29461669921875 452.9037170410156 323.29461669921875
453.35223388671875 228.8915557861328 501.7190704345703 228.8915557861328 501.7190704345703 322.18350982666016 453.35223388671875 322.18350982666016
452.1893005371094 225.81265258789062 501.86652755737305 225.81265258789062 501.86652755737305 320.76991271972656 452.1893005371094 320.76991271972656
452.07989501953125 226.7008514404297 501.92906951904297 226.7008514404297 501.92906951904297 321.61084747314453 452.07989501953125 321.61084747314453
452.0154724121094 225.50796508789062 501.4418067932129 225.50796508789062 501.4418067932129 321.8258743286133 452.0154724121094 321.8258743286133
451.4269104003906 224.6689453125 502.2237739562988 224.6689453125 502.2237739562988 321.70733642578125 451.4269104003906 321.70733642578125
451.0230407714844 226.52938842773438 501.8699417114258 226.52938842773438 501.8699417114258 322.74524688720703 451.0230407714844 322.74524688720703
451.00579833984375 224.77017211914062 501.2885513305664 224.77017211914062 501.2885513305664 320.7567672729492 451.00579833984375 320.7567672729492
449.74786376953125 223.4364013671875 501.0528144836426 223.4364013671875 501.0528144836426 318.5654525756836 449.74786376953125 318.5654525756836
449.4454650878906 221.9351043701172 501.7242736816406 221.9351043701172 501.7242736816406 319.7797622680664 449.4454650878906 319.7797622680664
449.326904296875 221.8400421142578 500.50141525268555 221.8400421142578 500.50141525268555 319.26019287109375 449.326904296875 319.26019287109375
449.0679626464844 221.5881805419922 500.54704666137695 221.5881805419922 500.54704666137695 319.7528762817383 449.0679626464844 319.7528762817383
448.8458557128906 222.5908203125 500.718017578125 222.5908203125 500.718017578125 320.15745544433594 448.8458557128906 320.15745544433594
447.6581115722656 222.89111328125 500.35981369018555 222.89111328125 500.35981369018555 318.21219635009766 447.6581115722656 318.21219635009766
447.9359436035156 223.96279907226562 499.0951042175293 223.96279907226562 499.0951042175293 318.21863555908203 447.9359436035156 318.21863555908203
447.03851318359375 223.42532348632812 498.9469795227051 223.42532348632812 498.9469795227051 317.7866516113281 447.03851318359375 317.7866516113281
447.1348571777344 224.60861206054688 498.5593566894531 224.60861206054688 498.5593566894531 321.5326461791992 447.1348571777344 321.5326461791992
446.7052307128906 224.6138458251953 499.7828903198242 224.6138458251953 499.7828903198242 320.3659973144531 446.7052307128906 320.3659973144531
445.85028076171875 221.26071166992188 498.7177505493164 221.26071166992188 498.7177505493164 317.12269592285156 445.85028076171875 317.12269592285156
445.844482421875 222.092041015625 497.71832275390625 222.092041015625 497.71832275390625 316.8690414428711 445.844482421875 316.8690414428711
444.0057067871094 223.2805938720703 496.8764419555664 223.2805938720703 496.8764419555664 316.86683654785156 444.0057067871094 316.86683654785156
443.581298828125 223.2703399658203 496.36152267456055 223.2703399658203 496.36152267456055 318.20599365234375 443.581298828125 318.20599365234375
443.8833923339844 223.9693145751953 495.7023735046387 223.9693145751953 495.7023735046387 320.17295837402344 443.8833923339844 320.17295837402344
443.60235595703125 224.25747680664062 495.15967559814453 224.25747680664062 495.15967559814453 317.8599090576172 443.60235595703125 317.8599090576172
442.4658203125 220.842041015625 494.2911491394043 220.842041015625 494.2911491394043 317.24808502197266 442.4658203125 317.24808502197266
441.6929626464844 219.8657989501953 494.5004348754883 219.8657989501953 494.5004348754883 315.859619140625 441.6929626464844 315.859619140625
443.04400634765625 220.7100372314453 493.3086128234863 220.7100372314453 493.3086128234863 313.84386444091797 443.04400634765625 313.84386444091797
442.01031494140625 220.0142059326172 493.4493293762207 220.0142059326172 493.4493293762207 314.38194274902344 442.01031494140625 314.38194274902344
440.78350830078125 219.4544677734375 492.1557731628418 219.4544677734375 492.1557731628418 312.39501953125 440.78350830078125 312.39501953125
440.4219665527344 219.0338897705078 493.6508255004883 219.0338897705078 493.6508255004883 311.83831787109375 440.4219665527344 311.83831787109375
440.5204162597656 217.466064453125 492.2695007324219 217.466064453125 492.2695007324219 313.65318298339844 440.5204162597656 313.65318298339844
440.36328125 218.25546264648438 492.7233352661133 218.25546264648438 492.7233352661133 311.72386169433594 440.36328125 311.72386169433594
440.35888671875 217.4770050048828 491.16820526123047 217.4770050048828 491.16820526123047 308.1479034423828 440.35888671875 308.1479034423828
440.56646728515625 217.1245574951172 491.11072540283203 217.1245574951172 491.11072540283203 307.6757278442383 440.56646728515625 307.6757278442383
439.7943420410156 214.9815216064453 490.6322593688965 214.9815216064453 490.6322593688965 308.2357482910156 439.7943420410156 308.2357482910156
438.9833068847656 216.9479217529297 490.0497245788574 216.9479217529297 490.0497245788574 309.3964538574219 438.9833068847656 309.3964538574219
439.777587890625 215.7969970703125 489.6894645690918 215.7969970703125 489.6894645690918 308.34388732910156 439.777587890625 308.34388732910156
439.2015075683594 216.1134796142578 489.49076080322266 216.1134796142578 489.49076080322266 309.3359146118164 439.2015075683594 309.3359146118164
438.7989807128906 217.0279083251953 489.43867111206055 217.0279083251953 489.43867111206055 310.98577880859375 438.7989807128906 310.98577880859375
438.5025329589844 216.8199462890625 489.91534423828125 216.8199462890625 489.91534423828125 311.211669921875 438.5025329589844 311.211669921875
437.8849182128906 216.0659942626953 489.39969635009766 216.0659942626953 489.39969635009766 309.4376907348633 437.8849182128906 309.4376907348633
438.40673828125 218.04177856445312 488.9489326477051 218.04177856445312 488.9489326477051 311.4692611694336 438.40673828125 311.4692611694336
437.7503967285156 215.6882781982422 489.5566520690918 215.6882781982422 489.5566520690918 308.15191650390625 437.7503967285156 308.15191650390625
438.03924560546875 214.4153289794922 488.592716217041 214.4153289794922 488.592716217041 307.8762969970703 438.03924560546875 307.8762969970703
437.3797912597656 213.7945098876953 488.5577278137207 213.7945098876953 488.5577278137207 309.62183380126953 437.3797912597656 309.62183380126953
437.766845703125 213.9673309326172 489.1474838256836 213.9673309326172 489.1474838256836 308.63873291015625 437.766845703125 308.63873291015625
438.35675048828125 214.5921173095703 488.6726722717285 214.5921173095703 488.6726722717285 308.7677459716797 438.35675048828125 308.7677459716797
438.77996826171875 214.49282836914062 489.54402923583984 214.49282836914062 489.54402923583984 306.8413391113281 438.77996826171875 306.8413391113281
438.528076171875 216.2885284423828 488.88025665283203 216.2885284423828 488.88025665283203 307.6079635620117 438.528076171875 307.6079635620117
439.5267639160156 215.27743530273438 489.22088623046875 215.27743530273438 489.22088623046875 302.9091491699219 439.5267639160156 302.9091491699219
438.967529296875 214.0763702392578 489.83769607543945 214.0763702392578 489.83769607543945 306.7198028564453 438.967529296875 306.7198028564453
438.1958923339844 212.31069946289062 490.1149482727051 212.31069946289062 490.1149482727051 306.80531311035156 438.1958923339844 306.80531311035156
439.008056640625 212.3753204345703 490.38959884643555 212.3753204345703 490.38959884643555 303.90269470214844 439.008056640625 303.90269470214844
438.78399658203125 211.0322723388672 490.3258247375488 211.0322723388672 490.3258247375488 303.5026550292969 438.78399658203125 303.5026550292969
437.9608459472656 210.85791015625 490.7670707702637 210.85791015625 490.7670707702637 305.2263870239258 437.9608459472656 305.2263870239258
438.7911071777344 211.8286590576172 489.75011825561523 211.8286590576172 489.75011825561523 306.5826416015625 438.7911071777344 306.5826416015625
437.7515563964844 211.191650390625 489.9247741699219 211.191650390625 489.9247741699219 305.02793884277344 437.7515563964844 305.02793884277344
438.2001953125 213.6507568359375 490.41132736206055 213.6507568359375 490.41132736206055 304.700927734375 438.2001953125 304.700927734375
437.96600341796875 213.46463012695312 489.7001838684082 213.46463012695312 489.7001838684082 310.5867156982422 437.96600341796875 310.5867156982422
436.0001525878906 210.4932403564453 488.87530517578125 210.4932403564453 488.87530517578125 304.5215148925781 436.0001525878906 304.5215148925781
437.4932556152344 209.42453002929688 489.39415740966797 209.42453002929688 489.39415740966797 307.9174575805664 437.4932556152344 307.9174575805664
437.27178955078125 209.3068084716797 488.78131103515625 209.3068084716797 488.78131103515625 304.85472869873047 437.27178955078125 304.85472869873047
437.0989685058594 207.54379272460938 489.0840072631836 207.54379272460938 489.0840072631836 302.7161407470703 437.0989685058594 302.7161407470703
438.1505432128906 207.8831787109375 490.0210990905762 207.8831787109375 490.0210990905762 302.1790542602539 438.1505432128906 302.1790542602539
437.8246154785156 208.42642211914062 489.7968864440918 208.42642211914062 489.7968864440918 303.7685089111328 437.8246154785156 303.7685089111328
437.91595458984375 208.73681640625 489.69776153564453 208.73681640625 489.69776153564453 303.7437515258789 437.91595458984375 303.7437515258789
438.0245666503906 210.4522705078125 489.8478012084961 210.4522705078125 489.8478012084961 304.3760452270508 438.0245666503906 304.3760452270508
437.90234375 209.9803009033203 490.2890434265137 209.9803009033203 490.2890434265137 305.3095016479492 437.90234375 305.3095016479492
437.71783447265625 210.04635620117188 490.7667121887207 210.04635620117188 490.7667121887207 301.69606018066406 437.71783447265625 301.69606018066406
437.886474609375 207.7653350830078 490.6680717468262 207.7653350830078 490.6680717468262 302.44644927978516 437.886474609375 302.44644927978516
438.0433654785156 204.84274291992188 491.9151420593262 204.84274291992188 491.9151420593262 300.5460662841797 438.0433654785156 300.5460662841797
439.421875 207.4569549560547 491.4999465942383 207.4569549560547 491.4999465942383 300.8166198730469 439.421875 300.8166198730469
437.2242736816406 205.1586151123047 492.49597930908203 205.1586151123047 492.49597930908203 300.67733001708984 437.2242736816406 300.67733001708984
438.00823974609375 208.8816680908203 491.81241607666016 208.8816680908203 491.81241607666016 302.2453079223633 438.00823974609375 302.2453079223633
438.75860595703125 209.4678192138672 492.2170181274414 209.4678192138672 492.2170181274414 302.85089111328125 438.75860595703125 302.85089111328125
437.57098388671875 209.0133514404297 491.9294967651367 209.0133514404297 491.9294967651367 302.78114318847656 437.57098388671875 302.78114318847656
438.19317626953125 208.8424835205078 491.8022155761719 208.8424835205078 491.8022155761719 302.6963653564453 438.19317626953125 302.6963653564453
437.7328186035156 206.73800659179688 490.5730171203613 206.73800659179688 490.5730171203613 300.9259796142578 437.7328186035156 300.9259796142578
436.8741760253906 205.0373992919922 490.3798637390137 205.0373992919922 490.3798637390137 300.8291015625 436.8741760253906 300.8291015625
436.74359130859375 204.7579803466797 489.45630645751953 204.7579803466797 489.45630645751953 301.02706146240234 436.74359130859375 301.02706146240234
436.69378662109375 204.93130493164062 489.9521598815918 204.93130493164062 489.9521598815918 300.0718688964844 436.69378662109375 300.0718688964844
436.9671936035156 207.13613891601562 489.9517402648926 207.13613891601562 489.9517402648926 302.41087341308594 436.9671936035156 302.41087341308594
435.20452880859375 206.9307403564453 489.8874931335449 206.9307403564453 489.8874931335449 301.1334457397461 435.20452880859375 301.1334457397461
436.99444580078125 207.5931854248047 490.5956916809082 207.5931854248047 490.5956916809082 300.63086700439453 436.99444580078125 300.63086700439453
436.349853515625 206.38290405273438 490.2612419128418 206.38290405273438 490.2612419128418 301.8155517578125 436.349853515625 301.8155517578125
435.71826171875 205.80569458007812 490.26507568359375 205.80569458007812 490.26507568359375 301.97020721435547 435.71826171875 301.97020721435547
434.9751892089844 205.4375457763672 490.1198959350586 205.4375457763672 490.1198959350586 302.1054382324219 434.9751892089844 302.1054382324219
435.88482666015625 204.5545196533203 489.7921829223633 204.5545196533203 489.7921829223633 299.8825225830078 435.88482666015625 299.8825225830078
435.174072265625 202.71246337890625 489.96532440185547 202.71246337890625 489.96532440185547 298.5345458984375 435.174072265625 298.5345458984375
434.3186950683594 200.78054809570312 488.98645782470703 200.78054809570312 488.98645782470703 298.76830291748047 434.3186950683594 298.76830291748047
434.55316162109375 203.07681274414062 487.3351745605469 203.07681274414062 487.3351745605469 296.6884307861328 434.55316162109375 296.6884307861328
433.58587646484375 201.9347686767578 487.02942657470703 201.9347686767578 487.02942657470703 298.3411636352539 433.58587646484375 298.3411636352539
434.2145080566406 201.40252685546875 487.1702346801758 201.40252685546875 487.1702346801758 295.8741226196289 434.2145080566406 295.8741226196289
433.22406005859375 201.48843383789062 487.1550407409668 201.48843383789062 487.1550407409668 295.76268768310547 433.22406005859375 295.76268768310547
432.064453125 201.0757293701172 486.07308197021484 201.0757293701172 486.07308197021484 296.9994201660156 432.064453125 296.9994201660156
431.88409423828125 197.21681213378906 486.80057525634766 197.21681213378906 486.80057525634766 295.90773010253906 431.88409423828125 295.90773010253906
432.4759826660156 200.0102996826172 486.1398735046387 200.0102996826172 486.1398735046387 296.9751663208008 432.4759826660156 296.9751663208008
431.79852294921875 198.8365020751953 485.4877243041992 198.8365020751953 485.4877243041992 296.9199523925781 431.79852294921875 296.9199523925781
432.369140625 199.21401977539062 485.30156326293945 199.21401977539062 485.30156326293945 295.1365280151367 432.369140625 295.1365280151367
431.69091796875 197.9197235107422 484.8837089538574 197.9197235107422 484.8837089538574 295.5233154296875 431.69091796875 295.5233154296875
431.96978759765625 199.74758911132812 485.5454406738281 199.74758911132812 485.5454406738281 298.6334686279297 431.96978759765625 298.6334686279297
432.3868713378906 200.22891235351562 484.6442070007324 200.22891235351562 484.6442070007324 293.24132537841797 432.3868713378906 293.24132537841797
433.2076721191406 200.08828735351562 485.0097351074219 200.08828735351562 485.0097351074219 294.89219665527344 433.2076721191406 294.89219665527344
432.0751037597656 201.45228576660156 484.86939239501953 201.45228576660156 484.86939239501953 295.8863525390625 432.0751037597656 295.8863525390625
432.6377868652344 199.95423889160156 485.4484443664551 199.95423889160156 485.4484443664551 295.8928756713867 432.6377868652344 295.8928756713867
432.99017333984375 200.1671600341797 485.0774154663086 200.1671600341797 485.0774154663086 293.50672149658203 432.99017333984375 293.50672149658203
432.5047302246094 199.81149291992188 485.12956619262695 199.81149291992188 485.12956619262695 295.3467254638672 432.5047302246094 295.3467254638672
432.35888671875 199.92855834960938 485.39509201049805 199.92855834960938 485.39509201049805 295.01770782470703 432.35888671875 295.01770782470703
433.0038146972656 201.61080932617188 485.5211296081543 201.61080932617188 485.5211296081543 298.4078674316406 433.0038146972656 298.4078674316406
433.98321533203125 203.10733032226562 485.43059158325195 203.10733032226562 485.43059158325195 294.8310852050781 433.98321533203125 294.8310852050781
431.63519287109375 198.9929656982422 485.42084884643555 198.9929656982422 485.42084884643555 294.3200149536133 431.63519287109375 294.3200149536133
432.3460998535156 199.9033203125 485.5975341796875 199.9033203125 485.5975341796875 294.86438751220703 432.3460998535156 294.86438751220703
433.4549255371094 198.0400390625 484.73009490966797 198.0400390625 484.73009490966797 292.2882080078125 433.4549255371094 292.2882080078125
433.25518798828125 197.73245239257812 484.6100845336914 197.73245239257812 484.6100845336914 290.79248046875 433.25518798828125 290.79248046875
432.8187561035156 197.3975830078125 484.74414825439453 197.3975830078125 484.74414825439453 288.63321685791016 432.8187561035156 288.63321685791016
432.4901428222656 194.69668579101562 484.2839546203613 194.69668579101562 484.2839546203613 289.60643005371094 432.4901428222656 289.60643005371094
433.07183837890625 197.01332092285156 484.7763557434082 197.01332092285156 484.7763557434082 290.5136947631836 433.07183837890625 290.5136947631836
434.30029296875 198.8462677001953 485.58240509033203 198.8462677001953 485.58240509033203 289.595703125 434.30029296875 289.595703125
433.945068359375 199.87596130371094 485.58065032958984 199.87596130371094 485.58065032958984 291.31085205078125 433.945068359375 291.31085205078125
434.9515075683594 201.42422485351562 485.23107147216797 201.42422485351562 485.23107147216797 290.46642303466797 434.9515075683594 290.46642303466797
436.1529235839844 201.68238830566406 485.39504623413086 201.68238830566406 485.39504623413086 288.4284973144531 436.1529235839844 288.4284973144531
436.20172119140625 202.4339599609375 485.8678970336914 202.4339599609375 485.8678970336914 287.69239807128906 436.20172119140625 287.69239807128906
435.5494079589844 198.42715454101562 485.72924041748047 198.42715454101562 485.72924041748047 286.4001770019531 435.5494079589844 286.4001770019531
435.9928283691406 199.05975341796875 485.9992904663086 199.05975341796875 485.9992904663086 287.99422454833984 435.9928283691406 287.99422454833984
436.3020935058594 200.14199829101562 486.35660552978516 200.14199829101562 486.35660552978516 289.03062438964844 436.3020935058594 289.03062438964844
436.5773010253906 201.5564727783203 486.88094329833984 201.5564727783203 486.88094329833984 290.23570251464844 436.5773010253906 290.23570251464844
435.77630615234375 200.33175659179688 487.7435302734375 200.33175659179688 487.7435302734375 290.42552947998047 435.77630615234375 290.42552947998047
437.06512451171875 201.54672241210938 487.75472259521484 201.54672241210938 487.75472259521484 289.01881408691406 437.06512451171875 289.01881408691406
436.87237548828125 202.0868682861328 487.18681716918945 202.0868682861328 487.18681716918945 290.9062042236328 436.87237548828125 290.9062042236328
435.308837890625 200.52584838867188 487.5691833496094 200.52584838867188 487.5691833496094 288.9141159057617 435.308837890625 288.9141159057617
434.93133544921875 195.41612243652344 486.85765838623047 195.41612243652344 486.85765838623047 283.6247787475586 434.93133544921875 283.6247787475586
437.0853576660156 198.470458984375 488.91345977783203 198.470458984375 488.91345977783203 287.8680191040039 437.0853576660156 287.8680191040039
434.3973693847656 195.27635192871094 488.4783744812012 195.27635192871094 488.4783744812012 287.6177291870117 434.3973693847656 287.6177291870117
435.626220703125 197.89602661132812 490.5694046020508 197.89602661132812 490.5694046020508 290.3520812988281 435.626220703125 290.3520812988281
437.3798828125 199.90402221679688 491.99615478515625 199.90402221679688 491.99615478515625 289.1939239501953 437.3798828125 289.1939239501953
435.30718994140625 198.62057495117188 490.21060943603516 198.62057495117188 490.21060943603516 288.81847381591797 435.30718994140625 288.81847381591797
437.41168212890625 199.07803344726562 492.954833984375 199.07803344726562 492.954833984375 290.07374572753906 437.41168212890625 290.07374572753906
436.1681213378906 199.886962890625 491.9147834777832 199.886962890625 491.9147834777832 290.6769790649414 436.1681213378906 290.6769790649414
430.2251892089844 197.87588500976562 487.3477973937988 197.87588500976562 487.3477973937988 292.20911407470703 430.2251892089844 292.20911407470703
434.9964904785156 199.94577026367188 491.97046661376953 199.94577026367188 491.97046661376953 292.0121383666992 434.9964904785156 292.0121383666992
441.5616760253906 199.33526611328125 498.1501884460449 199.33526611328125 498.1501884460449 292.78540802001953 441.5616760253906 292.78540802001953
437.664794921875 203.3193359375 494.55414962768555 203.3193359375 494.55414962768555 298.71842193603516 437.664794921875 298.71842193603516
435.94879150390625 203.7073211669922 493.8621292114258 203.7073211669922 493.8621292114258 300.82354736328125 435.94879150390625 300.82354736328125
435.9407653808594 204.6339874267578 493.2518005371094 204.6339874267578 493.2518005371094 300.74019622802734 435.9407653808594 300.74019622802734
436.6617736816406 202.0487518310547 494.37220001220703 202.0487518310547 494.37220001220703 299.97088623046875 436.6617736816406 299.97088623046875
443.55328369140625 202.7594757080078 499.9746322631836 202.7594757080078 499.9746322631836 302.020751953125 443.55328369140625 302.020751953125
443.3445739746094 208.73544311523438 500.2755432128906 208.73544311523438 500.2755432128906 309.8193817138672 443.3445739746094 309.8193817138672
444.6392517089844 201.23306274414062 501.82503509521484 201.23306274414062 501.82503509521484 302.3523635864258 444.6392517089844 302.3523635864258
436.94927978515625 201.81565856933594 497.3089408874512 201.81565856933594 497.3089408874512 304.7706756591797 436.94927978515625 304.7706756591797
431.6068420410156 204.12765502929688 492.4122123718262 204.12765502929688 492.4122123718262 306.3994827270508 431.6068420410156 306.3994827270508
429.981689453125 200.3931427001953 489.6737289428711 200.3931427001953 489.6737289428711 300.4920883178711 429.981689453125 300.4920883178711
435.1385803222656 207.3442840576172 494.6135025024414 207.3442840576172 494.6135025024414 309.37294006347656 435.1385803222656 309.37294006347656
441.82489013671875 205.5792999267578 499.2960205078125 205.5792999267578 499.2960205078125 306.987548828125 441.82489013671875 306.987548828125
438.0272521972656 205.6469268798828 496.3035087585449 205.6469268798828 496.3035087585449 307.92205810546875 438.0272521972656 307.92205810546875
443.05157470703125 205.35000610351562 498.9718818664551 205.35000610351562 498.9718818664551 307.27857208251953 443.05157470703125 307.27857208251953
440.60552978515625 205.2455291748047 497.98734283447266 205.2455291748047 497.98734283447266 311.1033401489258 440.60552978515625 311.1033401489258
439.1851501464844 205.66580200195312 497.1492805480957 205.66580200195312 497.1492805480957 311.2947235107422 439.1851501464844 311.2947235107422
439.9878845214844 204.38973999023438 499.0904235839844 204.38973999023438 499.0904235839844 311.54576873779297 439.9878845214844 311.54576873779297
438.7264709472656 204.1141357421875 496.38220977783203 204.1141357421875 496.38220977783203 309.5439453125 438.7264709472656 309.5439453125
439.25341796875 203.38510131835938 497.0306282043457 203.38510131835938 497.0306282043457 309.7183151245117 439.25341796875 309.7183151245117
435.7672424316406 202.5496826171875 495.9611015319824 202.5496826171875 495.9611015319824 311.70296478271484 435.7672424316406 311.70296478271484
438.36175537109375 203.61740112304688 497.08521270751953 203.61740112304688 497.08521270751953 310.0924758911133 438.36175537109375 310.0924758911133
437.1763610839844 204.72427368164062 495.9563102722168 204.72427368164062 495.9563102722168 308.6502990722656 437.1763610839844 308.6502990722656
436.72772216796875 205.17642211914062 495.1115188598633 205.17642211914062 495.1115188598633 308.39283752441406 436.72772216796875 308.39283752441406
437.7451171875 207.8230438232422 494.7496566772461 207.8230438232422 494.7496566772461 309.5770950317383 437.7451171875 309.5770950317383
434.32861328125 202.4424591064453 494.5205078125 202.4424591064453 494.5205078125 304.6473083496094 434.32861328125 304.6473083496094
432.62030029296875 203.40838623046875 492.7332649230957 203.40838623046875 492.7332649230957 303.34952545166016 432.62030029296875 303.34952545166016
437.16595458984375 203.00057983398438 494.7405815124512 203.00057983398438 494.7405815124512 301.40758514404297 437.16595458984375 301.40758514404297
439.4242248535156 207.66299438476562 494.09325408935547 207.66299438476562 494.09325408935547 304.56565856933594 439.4242248535156 304.56565856933594
432.24127197265625 204.23532104492188 490.8556900024414 204.23532104492188 490.8556900024414 305.29151153564453 432.24127197265625 305.29151153564453
433.89794921875 203.2942352294922 492.40320587158203 203.2942352294922 492.40320587158203 303.6431121826172 433.89794921875 303.6431121826172
436.7247009277344 205.11282348632812 492.5919380187988 205.11282348632812 492.5919380187988 304.2621307373047 436.7247009277344 304.2621307373047
434.5287170410156 204.80252075195312 491.81531524658203 204.80252075195312 491.81531524658203 304.80274200439453 434.5287170410156 304.80274200439453
434.31573486328125 204.3035125732422 491.45024490356445 204.3035125732422 491.45024490356445 302.67718505859375 434.31573486328125 302.67718505859375
431.509765625 202.2088623046875 488.7814636230469 202.2088623046875 488.7814636230469 301.29481506347656 431.509765625 301.29481506347656
434.7801818847656 204.41383361816406 490.3233337402344 204.41383361816406 490.3233337402344 301.76539611816406 434.7801818847656 301.76539611816406
434.87615966796875 205.3306427001953 490.1200065612793 205.3306427001953 490.1200065612793 301.7010803222656 434.87615966796875 301.7010803222656
434.81201171875 205.3616180419922 490.174560546875 205.3616180419922 490.174560546875 301.9122619628906 434.81201171875 301.9122619628906
435.6231994628906 205.70565795898438 490.8205337524414 205.70565795898438 490.8205337524414 301.28533935546875 435.6231994628906 301.28533935546875
435.59356689453125 207.94100952148438 490.21375274658203 207.94100952148438 490.21375274658203 303.5943145751953 435.59356689453125 303.5943145751953
435.1954650878906 204.21408081054688 490.90686798095703 204.21408081054688 490.90686798095703 299.1960678100586 435.1954650878906 299.1960678100586
436.74688720703125 206.302734375 492.21187591552734 206.302734375 492.21187591552734 301.78688049316406 436.74688720703125 301.78688049316406
435.685791015625 205.65859985351562 492.0777282714844 205.65859985351562 492.0777282714844 302.72605895996094 435.685791015625 302.72605895996094
434.61749267578125 204.989990234375 491.32537841796875 204.989990234375 491.32537841796875 298.0482482910156 434.61749267578125 298.0482482910156
435.28936767578125 205.4339599609375 490.6864128112793 205.4339599609375 490.6864128112793 299.9405288696289 435.28936767578125 299.9405288696289
435.03985595703125 203.73866271972656 491.4661636352539 203.73866271972656 491.4661636352539 298.9839782714844 435.03985595703125 298.9839782714844
435.1932067871094 204.20895385742188 490.03980255126953 204.20895385742188 490.03980255126953 299.4703369140625 435.1932067871094 299.4703369140625
431.0586853027344 202.289794921875 488.6228141784668 202.289794921875 488.6228141784668 296.91712951660156 431.0586853027344 296.91712951660156
433.0289001464844 201.9602508544922 489.66051483154297 201.9602508544922 489.66051483154297 297.3187713623047 433.0289001464844 297.3187713623047
430.8153381347656 200.710205078125 488.0418815612793 200.710205078125 488.0418815612793 297.60306549072266 430.8153381347656 297.60306549072266
431.91021728515625 202.03973388671875 487.7768859863281 202.03973388671875 487.7768859863281 295.7636413574219 431.91021728515625 295.7636413574219
433.35406494140625 202.49679565429688 488.5433654785156 202.49679565429688 488.5433654785156 297.6136932373047 433.35406494140625 297.6136932373047
432.6895446777344 202.07754516601562 488.1697807312012 202.07754516601562 488.1697807312012 298.2732391357422 432.6895446777344 298.2732391357422
433.25732421875 201.145263671875 487.9001579284668 201.145263671875 487.9001579284668 296.60289764404297 433.25732421875 296.60289764404297
433.5096740722656 200.91586303710938 487.41014862060547 200.91586303710938 487.41014862060547 295.4792022705078 433.5096740722656 295.4792022705078
432.1287536621094 199.46168518066406 486.7076835632324 199.46168518066406 486.7076835632324 293.6744689941406 432.1287536621094 293.6744689941406
433.31585693359375 200.84066772460938 488.6754035949707 200.84066772460938 488.6754035949707 295.72154998779297 433.31585693359375 295.72154998779297
433.1200256347656 199.72607421875 488.9115219116211 199.72607421875 488.9115219116211 296.2841339111328 433.1200256347656 296.2841339111328
434.0274353027344 199.40769958496094 489.40064239501953 199.40769958496094 489.40064239501953 298.124267578125 434.0274353027344 298.124267578125
430.806640625 196.20181274414062 487.9187316894531 196.20181274414062 487.9187316894531 294.4623336791992 430.806640625 294.4623336791992
433.39068603515625 198.85214233398438 488.7390670776367 198.85214233398438 488.7390670776367 297.4449920654297 433.39068603515625 297.4449920654297
434.3233337402344 197.94863891601562 488.2796821594238 197.94863891601562 488.2796821594238 296.9029235839844 434.3233337402344 296.9029235839844
430.59381103515625 197.72691345214844 488.0668411254883 197.72691345214844 488.0668411254883 300.15899658203125 430.59381103515625 300.15899658203125
434.1825256347656 196.482177734375 488.7889633178711 196.482177734375 488.7889633178711 297.2487258911133 434.1825256347656 297.2487258911133
432.2259826660156 196.2036590576172 488.3274841308594 196.2036590576172 488.3274841308594 297.1943359375 432.2259826660156 297.1943359375
434.6546936035156 195.4999237060547 488.5104179382324 195.4999237060547 488.5104179382324 296.9374771118164 434.6546936035156 296.9374771118164
435.007080078125 193.85000610351562 490.4441146850586 193.85000610351562 490.4441146850586 297.25584411621094 435.007080078125 297.25584411621094
433.5531311035156 195.013916015625 489.9917106628418 195.013916015625 489.9917106628418 300.3054656982422 433.5531311035156 300.3054656982422
434.5848693847656 193.38250732421875 490.3286437988281 193.38250732421875 490.3286437988281 296.9227523803711 434.5848693847656 296.9227523803711
432.3160705566406 191.7802276611328 491.29395294189453 191.7802276611328 491.29395294189453 300.41954803466797 432.3160705566406 300.41954803466797
433.1488342285156 192.1732635498047 490.62955474853516 192.1732635498047 490.62955474853516 298.5989227294922 433.1488342285156 298.5989227294922
434.23858642578125 191.46377563476562 491.6680374145508 191.46377563476562 491.6680374145508 297.4539031982422 434.23858642578125 297.4539031982422
434.7405700683594 190.68557739257812 491.9686470031738 190.68557739257812 491.9686470031738 296.6004943847656 434.7405700683594 296.6004943847656
435.5938415527344 191.8404083251953 491.5126152038574 191.8404083251953 491.5126152038574 297.2807159423828 435.5938415527344 297.2807159423828
435.2212829589844 193.10269165039062 491.1890449523926 193.10269165039062 491.1890449523926 297.0111999511719 435.2212829589844 297.0111999511719
435.2288513183594 193.47811889648438 491.8013610839844 193.47811889648438 491.8013610839844 296.05677795410156 435.2288513183594 296.05677795410156
436.00518798828125 193.38687133789062 491.56071853637695 193.38687133789062 491.56071853637695 294.8988800048828 436.00518798828125 294.8988800048828
433.7870178222656 193.09156799316406 491.46490478515625 193.09156799316406 491.46490478515625 295.792236328125 433.7870178222656 295.792236328125
432.62432861328125 192.95851135253906 491.04178619384766 192.95851135253906 491.04178619384766 296.41571044921875 432.62432861328125 296.41571044921875
431.2560119628906 191.45590209960938 489.52124786376953 191.45590209960938 489.52124786376953 293.4302520751953 431.2560119628906 293.4302520751953
432.15203857421875 192.10873413085938 490.5389404296875 192.10873413085938 490.5389404296875 294.24217987060547 432.15203857421875 294.24217987060547
432.66900634765625 190.10595703125 490.20805740356445 190.10595703125 490.20805740356445 294.61387634277344 432.66900634765625 294.61387634277344
432.87554931640625 188.2383270263672 490.4817085266113 188.2383270263672 490.4817085266113 292.7413635253906 432.87554931640625 292.7413635253906
435.62200927734375 190.85768127441406 491.82740020751953 190.85768127441406 491.82740020751953 294.27081298828125 435.62200927734375 294.27081298828125
435.4497985839844 190.74484252929688 491.1280097961426 190.74484252929688 491.1280097961426 291.5269775390625 435.4497985839844 291.5269775390625
433.72320556640625 190.92323303222656 490.7769470214844 190.92323303222656 490.7769470214844 293.22127532958984 433.72320556640625 293.22127532958984
434.01861572265625 190.61363220214844 490.5258369445801 190.61363220214844 490.5258369445801 290.67513275146484 434.01861572265625 290.67513275146484
435.53192138671875 191.809814453125 490.83074951171875 191.809814453125 490.83074951171875 293.13665771484375 435.53192138671875 293.13665771484375
432.89569091796875 190.96121215820312 490.4193229675293 190.96121215820312 490.4193229675293 292.55677795410156 432.89569091796875 292.55677795410156
434.3963317871094 190.47694396972656 489.83150482177734 190.47694396972656 489.83150482177734 289.40753173828125 434.3963317871094 289.40753173828125
435.1771545410156 191.03614807128906 491.5258102416992 191.03614807128906 491.5258102416992 293.3226852416992 435.1771545410156 293.3226852416992
434.53271484375 189.77511596679688 491.4239807128906 189.77511596679688 491.4239807128906 290.0139617919922 434.53271484375 290.0139617919922
433.60992431640625 187.4993896484375 491.5205078125 187.4993896484375 491.5205078125 290.2843246459961 433.60992431640625 290.2843246459961
433.2544860839844 187.49659729003906 491.1023368835449 187.49659729003906 491.1023368835449 289.2585754394531 433.2544860839844 289.2585754394531
436.34228515625 189.3964080810547 491.86921310424805 189.3964080810547 491.86921310424805 290.67901611328125 436.34228515625 290.67901611328125
433.609130859375 191.0651092529297 491.33574295043945 191.0651092529297 491.33574295043945 291.1602249145508 433.609130859375 291.1602249145508
433.2171325683594 189.42869567871094 491.28229904174805 189.42869567871094 491.28229904174805 289.66687774658203 433.2171325683594 289.66687774658203
434.25115966796875 187.83114624023438 492.1791763305664 187.83114624023438 492.1791763305664 288.33250427246094 434.25115966796875 288.33250427246094
434.3154296875 188.60647583007812 492.75186920166016 188.60647583007812 492.75186920166016 290.8384246826172 434.3154296875 290.8384246826172
433.89459228515625 188.34878540039062 493.16251373291016 188.34878540039062 493.16251373291016 291.43750762939453 433.89459228515625 291.43750762939453
434.7499084472656 187.45065307617188 493.55648040771484 187.45065307617188 493.55648040771484 288.0288391113281 434.7499084472656 288.0288391113281
436.05389404296875 186.7615203857422 493.9183120727539 186.7615203857422 493.9183120727539 289.11781311035156 436.05389404296875 289.11781311035156
435.70135498046875 186.7304229736328 494.3056526184082 186.7304229736328 494.3056526184082 289.77953338623047 435.70135498046875 289.77953338623047
434.82818603515625 185.5316925048828 494.15045166015625 185.5316925048828 494.15045166015625 288.3111114501953 434.82818603515625 288.3111114501953
435.25848388671875 189.4781951904297 493.7123489379883 189.4781951904297 493.7123489379883 294.3929443359375 435.25848388671875 294.3929443359375
434.89544677734375 187.69680786132812 494.35334396362305 187.69680786132812 494.35334396362305 290.29247283935547 434.89544677734375 290.29247283935547
435.2162170410156 183.65835571289062 495.70305252075195 183.65835571289062 495.70305252075195 292.1888885498047 435.2162170410156 292.1888885498047
436.8250427246094 184.0531768798828 495.9106254577637 184.0531768798828 495.9106254577637 287.718994140625 436.8250427246094 287.718994140625
437.61126708984375 187.0419158935547 494.72786712646484 187.0419158935547 494.72786712646484 289.6427001953125 437.61126708984375 289.6427001953125
437.7752380371094 188.23739624023438 494.15418243408203 188.23739624023438 494.15418243408203 289.8169174194336 437.7752380371094 289.8169174194336
437.5862731933594 187.27017211914062 493.7433395385742 187.27017211914062 493.7433395385742 288.7301940917969 437.5862731933594 288.7301940917969
437.63641357421875 189.11541748046875 493.11445236206055 189.11541748046875 493.11445236206055 290.7577667236328 437.63641357421875 290.7577667236328
435.7090759277344 187.33944702148438 493.06075286865234 187.33944702148438 493.06075286865234 291.3480911254883 435.7090759277344 291.3480911254883
436.3634338378906 184.83181762695312 492.8876266479492 184.83181762695312 492.8876266479492 288.8319854736328 436.3634338378906 288.8319854736328
434.7737731933594 182.75070190429688 493.1530952453613 182.75070190429688 493.1530952453613 290.0996398925781 434.7737731933594 290.0996398925781
435.74664306640625 183.03543090820312 491.7879867553711 183.03543090820312 491.7879867553711 286.74046325683594 435.74664306640625 286.74046325683594
433.954345703125 183.10385131835938 492.1463851928711 183.10385131835938 492.1463851928711 290.1921081542969 433.954345703125 290.1921081542969
433.2757873535156 182.69357299804688 491.897216796875 182.69357299804688 491.897216796875 287.62181854248047 433.2757873535156 287.62181854248047
432.6842346191406 183.66351318359375 491.1044502258301 183.66351318359375 491.1044502258301 290.60091400146484 432.6842346191406 290.60091400146484
432.99407958984375 181.792236328125 491.9450912475586 181.792236328125 491.9450912475586 287.9679718017578 432.99407958984375 287.9679718017578
435.10784912109375 182.672607421875 490.5817642211914 182.672607421875 490.5817642211914 282.825927734375 435.10784912109375 282.825927734375
437.04864501953125 185.06387329101562 491.1416435241699 185.06387329101562 491.1416435241699 283.5978012084961 437.04864501953125 283.5978012084961
434.25860595703125 183.69400024414062 491.98197174072266 183.69400024414062 491.98197174072266 286.3607940673828 434.25860595703125 286.3607940673828
434.0069885253906 183.641357421875 490.58777618408203 183.641357421875 490.58777618408203 284.3916473388672 434.0069885253906 284.3916473388672
433.9092712402344 183.85195922851562 490.2208366394043 183.85195922851562 490.2208366394043 283.31920623779297 433.9092712402344 283.31920623779297
435.4060974121094 184.16030883789062 491.7135200500488 184.16030883789062 491.7135200500488 283.1709899902344 435.4060974121094 283.1709899902344
434.4544982910156 182.61793518066406 491.4916877746582 182.61793518066406 491.4916877746582 283.8225402832031 434.4544982910156 283.8225402832031
432.09808349609375 184.00314331054688 490.62889862060547 184.00314331054688 490.62889862060547 287.5556945800781 432.09808349609375 287.5556945800781
428.3687438964844 182.10292053222656 488.4859085083008 182.10292053222656 488.4859085083008 287.18348693847656 428.3687438964844 287.18348693847656
435.74310302734375 181.79086303710938 491.526611328125 181.79086303710938 491.526611328125 280.431884765625 435.74310302734375 280.431884765625
434.38037109375 182.51815795898438 491.9328422546387 182.51815795898438 491.9328422546387 285.07044982910156 434.38037109375 285.07044982910156
430.7816467285156 181.30062866210938 490.33309173583984 181.30062866210938 490.33309173583984 284.3266067504883 430.7816467285156 284.3266067504883
431.45526123046875 179.94334411621094 490.49199295043945 179.94334411621094 490.49199295043945 283.5683898925781 431.45526123046875 283.5683898925781
433.82550048828125 180.7099151611328 492.4803657531738 180.7099151611328 492.4803657531738 285.4912109375 433.82550048828125 285.4912109375
427.6439514160156 179.6638641357422 488.8628234863281 179.6638641357422 488.8628234863281 286.72923278808594 427.6439514160156 286.72923278808594
432.00372314453125 179.1998748779297 492.64176177978516 179.1998748779297 492.64176177978516 285.2910842895508 432.00372314453125 285.2910842895508
433.43011474609375 177.7074432373047 493.61530685424805 177.7074432373047 493.61530685424805 283.9920959472656 433.43011474609375 283.9920959472656
429.1309509277344 175.7845001220703 492.3477249145508 175.7845001220703 492.3477249145508 284.1364440917969 429.1309509277344 284.1364440917969
430.5393981933594 177.97869873046875 492.9737663269043 177.97869873046875 492.9737663269043 286.0769805908203 430.5393981933594 286.0769805908203
424.6348571777344 175.19149780273438 489.2559051513672 175.19149780273438 489.2559051513672 284.52355194091797 424.6348571777344 284.52355194091797
428.4479064941406 175.9186248779297 491.4457321166992 175.9186248779297 491.4457321166992 287.1109085083008 428.4479064941406 287.1109085083008
435.5928649902344 177.1157684326172 495.5831832885742 177.1157684326172 495.5831832885742 285.29134368896484 435.5928649902344 285.29134368896484
429.91778564453125 177.25564575195312 491.9286117553711 177.25564575195312 491.9286117553711 287.5267639160156 429.91778564453125 287.5267639160156
428.186279296875 180.2624969482422 490.93157958984375 180.2624969482422 490.93157958984375 291.62876892089844 428.186279296875 291.62876892089844
434.75018310546875 180.14212036132812 495.61006927490234 180.14212036132812 495.61006927490234 286.6228561401367 434.75018310546875 286.6228561401367
424.39349365234375 176.6617889404297 489.9329071044922 176.6617889404297 489.9329071044922 288.6598129272461 424.39349365234375 288.6598129272461
428.40283203125 174.36886596679688 493.08817291259766 174.36886596679688 493.08817291259766 287.1469268798828 428.40283203125 287.1469268798828
426.5267028808594 175.6066436767578 491.6204528808594 175.6066436767578 491.6204528808594 288.0375671386719 426.5267028808594 288.0375671386719
432.1966857910156 173.88623046875 496.1590347290039 173.88623046875 496.1590347290039 291.6063003540039 432.1966857910156 291.6063003540039
435.2190856933594 172.5899658203125 497.5841255187988 172.5899658203125 497.5841255187988 289.3280029296875 435.2190856933594 289.3280029296875
428.43231201171875 173.48019409179688 494.75303649902344 173.48019409179688 494.75303649902344 289.84107208251953 428.43231201171875 289.84107208251953
429.3003845214844 173.49008178710938 496.1186828613281 173.49008178710938 496.1186828613281 292.8378143310547 429.3003845214844 292.8378143310547
426.09326171875 175.29690551757812 494.21512603759766 175.29690551757812 494.21512603759766 293.3389434814453 426.09326171875 293.3389434814453
426.732177734375 174.37899780273438 495.38124084472656 174.37899780273438 495.38124084472656 294.1455383300781 426.732177734375 294.1455383300781
425.298095703125 171.25808715820312 493.72591400146484 171.25808715820312 493.72591400146484 287.7204895019531 425.298095703125 287.7204895019531
431.1695861816406 170.22817993164062 496.04894256591797 170.22817993164062 496.04894256591797 283.9662780761719 431.1695861816406 283.9662780761719
433.8885803222656 171.0066375732422 499.55345153808594 171.0066375732422 499.55345153808594 284.31272888183594 433.8885803222656 284.31272888183594
434.16156005859375 169.4560546875 499.8927764892578 169.4560546875 499.8927764892578 283.8128890991211 434.16156005859375 283.8128890991211
428.7222595214844 167.67420959472656 497.4432067871094 167.67420959472656 497.4432067871094 286.8154296875 428.7222595214844 286.8154296875
436.28387451171875 170.19210815429688 501.4582061767578 170.19210815429688 501.4582061767578 282.7190856933594 436.28387451171875 282.7190856933594
432.8609924316406 169.03854370117188 499.15464782714844 169.03854370117188 499.15464782714844 283.71727752685547 432.8609924316406 283.71727752685547
424.9742736816406 169.0974578857422 493.4834899902344 169.0974578857422 493.4834899902344 285.05770111083984 424.9742736816406 285.05770111083984
425.5863342285156 169.0620574951172 493.5633544921875 169.0620574951172 493.5633544921875 284.0079345703125 425.5863342285156 284.0079345703125
428.54498291015625 167.89364624023438 496.0401382446289 167.89364624023438 496.0401382446289 283.74168395996094 428.54498291015625 283.74168395996094
431.14288330078125 167.1608428955078 496.4703826904297 167.1608428955078 496.4703826904297 279.8798370361328 431.14288330078125 279.8798370361328
425.79443359375 168.18368530273438 493.17606353759766 168.18368530273438 493.17606353759766 282.3706741333008 425.79443359375 282.3706741333008
431.920654296875 171.9068145751953 496.36666107177734 171.9068145751953 496.36666107177734 285.298095703125 431.920654296875 285.298095703125
423.8251037597656 167.5275421142578 491.14806365966797 167.5275421142578 491.14806365966797 282.49112701416016 423.8251037597656 282.49112701416016
433.03753662109375 172.31253051757812 497.29054260253906 172.31253051757812 497.29054260253906 283.31077575683594 433.03753662109375 283.31077575683594
431.36700439453125 169.7053680419922 496.0362014770508 169.7053680419922 496.0362014770508 281.63826751708984 431.36700439453125 281.63826751708984
436.83770751953125 171.0545196533203 499.923828125 171.0545196533203 499.923828125 275.5950927734375 436.83770751953125 275.5950927734375
434.86492919921875 170.82376098632812 497.8924560546875 170.82376098632812 497.8924560546875 276.9158020019531 434.86492919921875 276.9158020019531
440.7505798339844 173.3558349609375 500.2398452758789 173.3558349609375 500.2398452758789 272.91593170166016 440.7505798339844 272.91593170166016
436.41668701171875 173.5339813232422 497.8211555480957 173.5339813232422 497.8211555480957 275.31553649902344 436.41668701171875 275.31553649902344
438.69256591796875 173.09072875976562 500.58148193359375 173.09072875976562 500.58148193359375 273.41004943847656 438.69256591796875 273.41004943847656
442.80487060546875 174.51516723632812 501.47833251953125 174.51516723632812 501.47833251953125 271.55785369873047 442.80487060546875 271.55785369873047
438.55859375 173.4220733642578 499.61595916748047 173.4220733642578 499.61595916748047 274.6413269042969 438.55859375 274.6413269042969
442.74163818359375 173.1691131591797 502.2295227050781 173.1691131591797 502.2295227050781 272.2257537841797 442.74163818359375 272.2257537841797
442.31524658203125 171.98263549804688 501.2596969604492 171.98263549804688 501.2596969604492 271.42364501953125 442.31524658203125 271.42364501953125
436.47637939453125 172.88693237304688 497.70548248291016 172.88693237304688 497.70548248291016 274.92652130126953 436.47637939453125 274.92652130126953
434.890625 170.72543334960938 496.91109466552734 170.72543334960938 496.91109466552734 275.89623260498047 434.890625 275.89623260498047
440.78240966796875 172.0471649169922 499.6144104003906 172.0471649169922 499.6144104003906 269.84056091308594 440.78240966796875 269.84056091308594
437.65081787109375 171.64984130859375 497.7527847290039 171.64984130859375 497.7527847290039 274.0394744873047 437.65081787109375 274.0394744873047
438.197021484375 172.12730407714844 497.50578689575195 172.12730407714844 497.50578689575195 275.327880859375 438.197021484375 275.327880859375
434.10015869140625 173.8000946044922 494.87824630737305 173.8000946044922 494.87824630737305 276.71673583984375 434.10015869140625 276.71673583984375
441.3727111816406 172.1109161376953 499.7426338195801 172.1109161376953 499.7426338195801 271.6677932739258 441.3727111816406 271.6677932739258
439.2635192871094 169.44168090820312 499.4063034057617 169.44168090820312 499.4063034057617 271.1229553222656 439.2635192871094 271.1229553222656
440.37701416015625 170.467529296875 500.3441390991211 170.467529296875 500.3441390991211 271.19126892089844 440.37701416015625 271.19126892089844
444.14031982421875 170.53756713867188 503.045166015625 170.53756713867188 503.045166015625 272.5745391845703 444.14031982421875 272.5745391845703
438.5284118652344 168.70068359375 501.6758804321289 168.70068359375 501.6758804321289 277.7891387939453 438.5284118652344 277.7891387939453
434.5977478027344 166.63796997070312 498.5243110656738 166.63796997070312 498.5243110656738 275.7536926269531 434.5977478027344 275.7536926269531
439.3980407714844 166.72557067871094 502.2166061401367 166.72557067871094 502.2166061401367 271.7504119873047 439.3980407714844 271.7504119873047
439.0503845214844 169.56253051757812 500.973876953125 169.56253051757812 500.973876953125 275.1973342895508 439.0503845214844 275.1973342895508
432.18280029296875 165.6365966796875 496.57981872558594 165.6365966796875 496.57981872558594 274.5820083618164 432.18280029296875 274.5820083618164
433.94989013671875 165.8996124267578 497.50812911987305 165.8996124267578 497.50812911987305 274.3700485229492 433.94989013671875 274.3700485229492
444.2041931152344 165.01980590820312 503.6365165710449 165.01980590820312 503.6365165710449 271.4057083129883 444.2041931152344 271.4057083129883
434.7710876464844 166.3137969970703 498.7765426635742 166.3137969970703 498.7765426635742 276.2517852783203 434.7710876464844 276.2517852783203
444.7875061035156 163.64498901367188 505.1153335571289 163.64498901367188 505.1153335571289 270.0159606933594 444.7875061035156 270.0159606933594
446.2823181152344 165.69363403320312 505.1142463684082 165.69363403320312 505.1142463684082 271.21472930908203 446.2823181152344 271.21472930908203
446.3689880371094 165.99191284179688 505.68994903564453 165.99191284179688 505.68994903564453 270.0730438232422 446.3689880371094 270.0730438232422
438.1141662597656 168.92857360839844 501.3015365600586 168.92857360839844 501.3015365600586 276.13257598876953 438.1141662597656 276.13257598876953
