394.0 60.0 414.0 60.0 414.0 107.0 394.0 107.0
393.387451171875 59.74226760864258 412.9620552062988 59.74226760864258 412.9620552062988 106.00150680541992 393.387451171875 106.00150680541992
392.98614501953125 59.549354553222656 412.7039604187012 59.549354553222656 412.7039604187012 105.30768203735352 392.98614501953125 105.30768203735352
393.07244873046875 60.21009063720703 412.32208251953125 60.21009063720703 412.32208251953125 105.12093734741211 393.07244873046875 105.12093734741211
391.2112121582031 60.00419998168945 410.5432777404785 60.00419998168945 410.5432777404785 105.75262069702148 391.2112121582031 105.75262069702148
391.23553466796875 61.229835510253906 410.39138412475586 61.229835510253906 410.39138412475586 105.26208877563477 391.23553466796875 105.26208877563477
390.2572021484375 58.82561111450195 409.3193244934082 58.82561111450195 409.3193244934082 103.6215934753418 390.2572021484375 103.6215934753418
390.2425842285156 59.239280700683594 408.97968673706055 59.239280700683594 408.97968673706055 103.49715805053711 390.2425842285156 103.49715805053711
389.25628662109375 59.3421630859375 407.7831573486328 59.3421630859375 407.7831573486328 103.29162979125977 389.25628662109375 103.29162979125977
388.8221435546875 60.0092658996582 407.5492362976074 60.0092658996582 407.5492362976074 104.67559432983398 388.8221435546875 104.67559432983398
388.82855224609375 59.416900634765625 407.1804943084717 59.416900634765625 407.1804943084717 104.28580856323242 388.82855224609375 104.28580856323242
388.42840576171875 59.159950256347656 406.7893753051758 59.159950256347656 406.7893753051758 102.88949584960938 388.42840576171875 102.88949584960938
388.48321533203125 59.556602478027344 407.1302833557129 59.556602478027344 407.1302833557129 103.46170043945312 388.48321533203125 103.46170043945312
387.747314453125 58.2796516418457 406.7025508880615 58.2796516418457 406.7025508880615 102.79228210449219 387.747314453125 102.79228210449219
387.3287048339844 59.56843948364258 405.66010093688965 59.56843948364258 405.66010093688965 102.6472053527832 387.3287048339844 102.6472053527832
386.84796142578125 60.218467712402344 405.14445877075195 60.218467712402344 405.14445877075195 103.21521759033203 386.84796142578125 103.21521759033203
385.3677673339844 59.62937545776367 403.83321380615234 59.62937545776367 403.83321380615234 103.02315902709961 385.3677673339844 103.02315902709961
384.3934631347656 59.69769287109375 402.822021484375 59.69769287109375 402.822021484375 103.00478744506836 384.3934631347656 103.00478744506836
382.96575927734375 58.523597717285156 401.43666076660156 58.523597717285156 401.43666076660156 101.93020629882812 382.96575927734375 101.93020629882812
382.3843994140625 60.003196716308594 400.52416801452637 60.003196716308594 400.52416801452637 102.63164520263672 382.3843994140625 102.63164520263672
381.6290283203125 60.34856414794922 399.3548107147217 60.34856414794922 399.3548107147217 102.00414657592773 381.6290283203125 102.00414657592773
382.43878173828125 59.414634704589844 399.8892059326172 59.414634704589844 399.8892059326172 100.42312622070312 382.43878173828125 100.42312622070312
381.0701599121094 60.15003204345703 398.41413497924805 60.15003204345703 398.41413497924805 100.90837097167969 381.0701599121094 100.90837097167969
380.8451232910156 59.93767166137695 398.1345100402832 59.93767166137695 398.1345100402832 100.5677261352539 380.8451232910156 100.5677261352539
380.6161804199219 60.7579460144043 397.7037601470947 60.7579460144043 397.7037601470947 100.91375350952148 380.6161804199219 100.91375350952148
380.118896484375 59.809181213378906 397.1261100769043 59.809181213378906 397.1261100769043 99.776123046875 380.118896484375 99.776123046875
379.4211730957031 59.2868537902832 396.4109077453613 59.2868537902832 396.4109077453613 99.21271896362305 379.4211730957031 99.21271896362305
378.85906982421875 59.62992477416992 396.0024757385254 59.62992477416992 396.0024757385254 99.91691970825195 378.85906982421875 99.91691970825195
378.7593994140625 60.16375732421875 395.65505599975586 60.16375732421875 395.65505599975586 99.86853790283203 378.7593994140625 99.86853790283203
378.150390625 59.85551071166992 394.8296489715576 59.85551071166992 394.8296489715576 99.05175399780273 378.150390625 99.05175399780273
377.8148498535156 60.22601318359375 394.45369148254395 60.22601318359375 394.45369148254395 99.32727432250977 377.8148498535156 99.32727432250977
371.0321044921875 59.6465950012207 387.8628578186035 59.6465950012207 387.8628578186035 99.19884872436523 371.0321044921875 99.19884872436523
370.9716796875 60.05805587768555 387.58263778686523 60.05805587768555 387.58263778686523 99.09379196166992 370.9716796875 99.09379196166992
369.9317932128906 59.20601272583008 386.4463138580322 59.20601272583008 386.4463138580322 98.01511764526367 369.9317932128906 98.01511764526367
369.00750732421875 60.3614387512207 385.39221572875977 60.3614387512207 385.39221572875977 98.865478515625 369.00750732421875 98.865478515625
368.3036804199219 59.84613037109375 384.31503677368164 59.84613037109375 384.31503677368164 97.47279739379883 368.3036804199219 97.47279739379883
367.35577392578125 59.86835861206055 383.1645050048828 59.86835861206055 383.1645050048828 97.01885604858398 367.35577392578125 97.01885604858398
366.557373046875 59.97050857543945 382.44315338134766 59.97050857543945 382.44315338134766 97.30207061767578 366.557373046875 97.30207061767578
366.4091796875 60.712059020996094 382.37184715270996 60.712059020996094 382.37184715270996 98.22430801391602 366.4091796875 98.22430801391602
365.718994140625 60.62512969970703 381.4253969192505 60.62512969970703 381.4253969192505 97.53515625 365.718994140625 97.53515625
364.28546142578125 60.1102180480957 379.6857862472534 60.1102180480957 379.6857862472534 97.84408187866211 364.28546142578125 97.84408187866211
361.96875 60.0604133605957 377.835412979126 60.0604133605957 377.835412979126 97.3470458984375 361.96875 97.3470458984375
361.626708984375 59.74462127685547 377.4704236984253 59.74462127685547 377.4704236984253 96.97732543945312 361.626708984375 96.97732543945312
360.5740661621094 59.528282165527344 376.36299324035645 59.528282165527344 376.36299324035645 96.63223648071289 360.5740661621094 96.63223648071289
359.12896728515625 60.471595764160156 374.87183570861816 60.471595764160156 374.87183570861816 97.46731185913086 359.12896728515625 97.46731185913086
357.7745361328125 58.85795211791992 374.0170783996582 58.85795211791992 374.0170783996582 97.02790451049805 357.7745361328125 97.02790451049805
356.5997619628906 59.264854431152344 372.8693542480469 59.264854431152344 372.8693542480469 97.49836730957031 356.5997619628906 97.49836730957031
356.60247802734375 59.24671173095703 373.1741142272949 59.24671173095703 373.1741142272949 98.19002914428711 356.60247802734375 98.19002914428711
355.5285949707031 59.83222579956055 372.02563858032227 59.83222579956055 372.02563858032227 98.60025405883789 355.5285949707031 98.60025405883789
355.0287780761719 59.20420455932617 371.2739677429199 59.20420455932617 371.2739677429199 97.38037490844727 355.0287780761719 97.38037490844727
354.22979736328125 59.37561798095703 370.6588077545166 59.37561798095703 370.6588077545166 97.9837646484375 354.22979736328125 97.9837646484375
352.21051025390625 59.6286735534668 368.7224998474121 59.6286735534668 368.7224998474121 98.43182373046875 352.21051025390625 98.43182373046875
352.0578918457031 58.89738082885742 368.55217361450195 58.89738082885742 368.55217361450195 97.65892028808594 352.0578918457031 97.65892028808594
350.0811462402344 59.78326416015625 366.6986656188965 59.78326416015625 366.6986656188965 98.83441543579102 350.0811462402344 98.83441543579102
348.3224182128906 59.123687744140625 364.868221282959 59.123687744140625 364.868221282959 98.00630187988281 348.3224182128906 98.00630187988281
347.6988525390625 59.113731384277344 363.9558296203613 59.113731384277344 363.9558296203613 97.31760025024414 347.6988525390625 97.31760025024414
347.4471130371094 59.39702606201172 363.5034637451172 59.39702606201172 363.5034637451172 97.12942504882812 347.4471130371094 97.12942504882812
346.5263671875 59.26935958862305 362.88544845581055 59.26935958862305 362.88544845581055 97.71317672729492 346.5263671875 97.71317672729492
345.6314697265625 58.3076171875 362.0931930541992 58.3076171875 362.0931930541992 96.99264526367188 345.6314697265625 96.99264526367188
345.251708984375 59.1302375793457 361.4197692871094 59.1302375793457 361.4197692871094 97.12516021728516 345.251708984375 97.12516021728516
344.693603515625 58.6188850402832 360.9123229980469 58.6188850402832 360.9123229980469 96.73285675048828 344.693603515625 96.73285675048828
343.69207763671875 59.301239013671875 359.8754348754883 59.301239013671875 359.8754348754883 97.33211135864258 343.69207763671875 97.33211135864258
344.510986328125 58.70233917236328 360.446515083313 58.70233917236328 360.446515083313 96.15081787109375 344.510986328125 96.15081787109375
344.4873046875 59.85807418823242 360.28192138671875 59.85807418823242 360.28192138671875 96.97540664672852 344.4873046875 96.97540664672852
343.9266052246094 59.318084716796875 359.75392627716064 59.318084716796875 359.75392627716064 96.51227569580078 343.9266052246094 96.51227569580078
342.9234924316406 58.56835174560547 358.8995609283447 58.56835174560547 358.8995609283447 96.11209487915039 342.9234924316406 96.11209487915039
340.8409118652344 59.6494255065918 356.9448070526123 59.6494255065918 356.9448070526123 97.49356079101562 340.8409118652344 97.49356079101562
342.258544921875 58.993896484375 358.29597663879395 58.993896484375 358.29597663879395 96.68183898925781 342.258544921875 96.68183898925781
340.173095703125 59.1568603515625 356.4505043029785 59.1568603515625 356.4505043029785 97.40874862670898 340.173095703125 97.40874862670898
339.57318115234375 58.68192672729492 356.05873107910156 58.68192672729492 356.05873107910156 97.4229507446289 339.57318115234375 97.4229507446289
338.559814453125 58.50202560424805 354.9992332458496 58.50202560424805 354.9992332458496 97.13464736938477 338.559814453125 97.13464736938477
338.10540771484375 57.8393440246582 354.58709144592285 57.8393440246582 354.58709144592285 96.57128524780273 338.10540771484375 96.57128524780273
337.466064453125 58.55863571166992 354.0185661315918 58.55863571166992 354.0185661315918 97.45699691772461 337.466064453125 97.45699691772461
336.6793212890625 58.3824577331543 353.0270309448242 58.3824577331543 353.0270309448242 96.79955673217773 336.6793212890625 96.79955673217773
335.463623046875 58.313209533691406 351.96568870544434 58.313209533691406 351.96568870544434 97.09304809570312 335.463623046875 97.09304809570312
336.88031005859375 58.967384338378906 353.05298805236816 58.967384338378906 353.05298805236816 96.97315979003906 336.88031005859375 96.97315979003906
336.11334228515625 57.87034225463867 352.2494487762451 57.87034225463867 352.2494487762451 95.79018020629883 336.11334228515625 95.79018020629883
335.53338623046875 58.81787872314453 351.71747970581055 58.81787872314453 351.71747970581055 96.85047912597656 335.53338623046875 96.85047912597656
335.60455322265625 58.74298095703125 351.7266025543213 58.74298095703125 351.7266025543213 96.62977981567383 335.60455322265625 96.62977981567383
334.8514404296875 58.88933181762695 350.7161808013916 58.88933181762695 350.7161808013916 96.17145156860352 334.8514404296875 96.17145156860352
334.9758605957031 58.735260009765625 350.8187837600708 58.735260009765625 350.8187837600708 95.96610641479492 334.9758605957031 95.96610641479492
335.52490234375 58.23930740356445 351.38161182403564 58.23930740356445 351.38161182403564 95.50254821777344 335.52490234375 95.50254821777344
335.11956787109375 56.9744758605957 351.03903675079346 56.9744758605957 351.03903675079346 94.38520050048828 335.11956787109375 94.38520050048828
334.2747497558594 57.48923873901367 350.0029020309448 57.48923873901367 350.0029020309448 94.45037078857422 334.2747497558594 94.45037078857422
334.12725830078125 57.8654670715332 349.78096771240234 57.8654670715332 349.78096771240234 94.65166091918945 334.12725830078125 94.65166091918945
334.3296203613281 58.23842239379883 349.8653163909912 58.23842239379883 349.8653163909912 94.74728393554688 334.3296203613281 94.74728393554688
333.083984375 58.505210876464844 348.5515880584717 58.505210876464844 348.5515880584717 94.85405731201172 333.083984375 94.85405731201172
332.56561279296875 58.3742790222168 348.29059886932373 58.3742790222168 348.29059886932373 95.32797241210938 332.56561279296875 95.32797241210938
332.08453369140625 58.57427978515625 347.69726848602295 58.57427978515625 347.69726848602295 95.2641830444336 332.08453369140625 95.2641830444336
330.95257568359375 58.62941360473633 346.5410051345825 58.62941360473633 346.5410051345825 95.2621955871582 330.95257568359375 95.2621955871582
328.37548828125 58.011878967285156 344.2843647003174 58.011878967285156 344.2843647003174 95.39771270751953 328.37548828125 95.39771270751953
327.33807373046875 57.84428787231445 343.2514820098877 57.84428787231445 343.2514820098877 95.24077224731445 327.33807373046875 95.24077224731445
325.2228088378906 58.145263671875 341.1476764678955 58.145263671875 341.1476764678955 95.56867218017578 325.2228088378906 95.56867218017578
324.2724609375 57.67003631591797 340.2812747955322 57.67003631591797 340.2812747955322 95.29071426391602 324.2724609375 95.29071426391602
322.2841491699219 57.39689254760742 338.2600154876709 57.39689254760742 338.2600154876709 94.94014358520508 322.2841491699219 94.94014358520508
321.5438537597656 57.55257034301758 337.20772075653076 57.55257034301758 337.20772075653076 94.36262130737305 321.5438537597656 94.36262130737305
320.088134765625 57.143463134765625 335.92222023010254 57.143463134765625 335.92222023010254 94.3535270690918 320.088134765625 94.3535270690918
319.9286804199219 57.29358673095703 335.60369873046875 57.29358673095703 335.60369873046875 94.12984466552734 319.9286804199219 94.12984466552734
319.9033203125 58.177085876464844 335.43962383270264 58.177085876464844 335.43962383270264 94.68736267089844 319.9033203125 94.68736267089844
319.2049865722656 57.639305114746094 334.0531597137451 57.639305114746094 334.0531597137451 94.8947868347168 319.2049865722656 94.8947868347168
318.27301025390625 58.097259521484375 333.5621643066406 58.097259521484375 333.5621643066406 96.00225067138672 318.27301025390625 96.00225067138672
315.99664306640625 58.06452560424805 331.7933712005615 58.06452560424805 331.7933712005615 95.18680191040039 315.99664306640625 95.18680191040039
315.44964599609375 58.707603454589844 331.0358200073242 58.707603454589844 331.0358200073242 95.33507919311523 315.44964599609375 95.33507919311523
314.592529296875 57.379188537597656 330.3035612106323 57.379188537597656 330.3035612106323 94.30007934570312 314.592529296875 94.30007934570312
314.7146911621094 57.22906494140625 330.4025058746338 57.22906494140625 330.4025058746338 94.09539413452148 314.7146911621094 94.09539413452148
314.16424560546875 57.44489669799805 329.75012969970703 57.44489669799805 329.75012969970703 94.07168960571289 314.16424560546875 94.07168960571289
314.278076171875 55.63751220703125 327.69553661346436 55.63751220703125 327.69553661346436 96.33951568603516 314.278076171875 96.33951568603516
314.88330078125 55.65581130981445 327.5971727371216 55.65581130981445 327.5971727371216 95.03108596801758 314.88330078125 95.03108596801758
314.2933654785156 54.348388671875 327.43766498565674 54.348388671875 327.43766498565674 93.99229431152344 314.2933654785156 93.99229431152344
314.17352294921875 55.7188720703125 329.7674894332886 55.7188720703125 329.7674894332886 92.36466217041016 314.17352294921875 92.36466217041016
314.0853576660156 56.9065055847168 329.1290817260742 56.9065055847168 329.1290817260742 93.82712173461914 314.0853576660156 93.82712173461914
314.93475341796875 57.81512451171875 330.0646333694458 57.81512451171875 330.0646333694458 93.37030792236328 314.93475341796875 93.37030792236328
315.16546630859375 57.29722213745117 330.1548433303833 57.29722213745117 330.1548433303833 92.52222442626953 315.16546630859375 92.52222442626953
313.24371337890625 59.16701126098633 328.2600688934326 59.16701126098633 328.2600688934326 94.45541381835938 313.24371337890625 94.45541381835938
313.83245849609375 58.9592170715332 328.68203926086426 58.9592170715332 328.68203926086426 93.85569763183594 313.83245849609375 93.85569763183594
315.68658447265625 60.4571533203125 330.38462352752686 60.4571533203125 330.38462352752686 94.99750900268555 315.68658447265625 94.99750900268555
315.3763732910156 60.13090896606445 330.18437004089355 60.13090896606445 330.18437004089355 94.9296646118164 315.3763732910156 94.9296646118164
316.5812072753906 58.8416862487793 331.26194190979004 58.8416862487793 331.26194190979004 93.34137344360352 316.5812072753906 93.34137344360352
317.4523010253906 59.56758499145508 332.0624132156372 59.56758499145508 332.0624132156372 93.90130996704102 317.4523010253906 93.90130996704102
317.123779296875 60.343544006347656 331.7665042877197 60.343544006347656 331.7665042877197 94.75390625 317.123779296875 94.75390625
317.43994140625 61.6628303527832 331.9457092285156 61.6628303527832 331.9457092285156 95.75133895874023 317.43994140625 95.75133895874023
318.14971923828125 60.7501106262207 332.8153839111328 60.7501106262207 332.8153839111328 95.21437454223633 318.14971923828125 95.21437454223633
318.0994567871094 59.9825553894043 332.799596786499 59.9825553894043 332.799596786499 94.52783584594727 318.0994567871094 94.52783584594727
318.77020263671875 60.38151931762695 333.32732677459717 60.38151931762695 333.32732677459717 94.59071731567383 318.77020263671875 94.59071731567383
319.6748352050781 61.1395378112793 334.3031187057495 61.1395378112793 334.3031187057495 95.51596450805664 319.6748352050781 95.51596450805664
320.4472351074219 60.550987243652344 335.1368045806885 60.550987243652344 335.1368045806885 95.0714340209961 320.4472351074219 95.0714340209961
320.7945861816406 60.737457275390625 335.47765350341797 60.737457275390625 335.47765350341797 95.24262619018555 320.7945861816406 95.24262619018555
321.210205078125 61.26678466796875 335.81378173828125 61.26678466796875 335.81378173828125 95.58515548706055 321.210205078125 95.58515548706055
321.57928466796875 60.84577178955078 336.3355655670166 60.84577178955078 336.3355655670166 95.52299499511719 321.57928466796875 95.52299499511719
321.3316955566406 61.2553596496582 336.11840534210205 61.2553596496582 336.11840534210205 96.00408935546875 321.3316955566406 96.00408935546875
321.43304443359375 61.802581787109375 336.03918743133545 61.802581787109375 336.03918743133545 96.12697982788086 321.43304443359375 96.12697982788086
322.6865234375 62.372337341308594 337.3388032913208 62.372337341308594 337.3388032913208 96.80516052246094 322.6865234375 96.80516052246094
323.3104553222656 62.64678192138672 337.9134216308594 62.64678192138672 337.9134216308594 96.96371841430664 323.3104553222656 96.96371841430664
323.5791931152344 60.2736930847168 338.1533250808716 60.2736930847168 338.1533250808716 94.52287292480469 323.5791931152344 94.52287292480469
324.3998107910156 60.90020751953125 339.0542345046997 60.90020751953125 339.0542345046997 95.33807373046875 324.3998107910156 95.33807373046875
324.5357971191406 60.522193908691406 339.2808837890625 60.522193908691406 339.2808837890625 95.17311477661133 324.5357971191406 95.17311477661133
324.84112548828125 61.39046096801758 339.6528654098511 61.39046096801758 339.6528654098511 96.19801712036133 324.84112548828125 96.19801712036133
324.4362487792969 61.07523727416992 339.537127494812 61.07523727416992 339.537127494812 96.5622673034668 324.4362487792969 96.5622673034668
325.0364685058594 61.813316345214844 340.1480178833008 61.813316345214844 340.1480178833008 97.32542419433594 325.0364685058594 97.32542419433594
324.7588806152344 61.44413375854492 339.8405590057373 61.44413375854492 339.8405590057373 96.88604736328125 324.7588806152344 96.88604736328125
324.5851745605469 60.94160842895508 339.7776641845703 60.94160842895508 339.7776641845703 96.64392852783203 324.5851745605469 96.64392852783203
325.01995849609375 59.692176818847656 340.63888359069824 59.692176818847656 340.63888359069824 96.39662170410156 325.01995849609375 96.39662170410156
324.7272644042969 60.040077209472656 340.2010250091553 60.040077209472656 340.2010250091553 96.40338516235352 324.7272644042969 96.40338516235352
324.0871887207031 60.06312942504883 339.6031312942505 60.06312942504883 339.6031312942505 96.52556228637695 324.0871887207031 96.52556228637695
324.91998291015625 62.31830596923828 340.4343566894531 62.31830596923828 340.4343566894531 98.77705383300781 324.91998291015625 98.77705383300781
325.3433532714844 61.62199020385742 340.9426908493042 61.62199020385742 340.9426908493042 98.28039932250977 325.3433532714844 98.28039932250977
325.8196716308594 62.05169677734375 341.2139005661011 62.05169677734375 341.2139005661011 98.22809600830078 325.8196716308594 98.22809600830078
325.6045837402344 60.82024383544922 340.9208402633667 60.82024383544922 340.9208402633667 96.81341171264648 325.6045837402344 96.81341171264648
326.9422302246094 60.83289337158203 342.3857831954956 60.83289337158203 342.3857831954956 97.12520980834961 326.9422302246094 97.12520980834961
326.4842224121094 60.76665115356445 341.9711513519287 60.76665115356445 341.9711513519287 97.1609001159668 326.4842224121094 97.1609001159668
327.0848083496094 61.17912673950195 342.75042247772217 61.17912673950195 342.75042247772217 97.99328231811523 327.0848083496094 97.99328231811523
326.7489318847656 61.218727111816406 342.63193702697754 61.218727111816406 342.63193702697754 98.54375076293945 326.7489318847656 98.54375076293945
326.5313415527344 61.80542755126953 342.31804370880127 61.80542755126953 342.31804370880127 98.90414047241211 326.5313415527344 98.90414047241211
327.670166015625 62.645729064941406 343.37274646759033 62.645729064941406 343.37274646759033 99.54675674438477 327.670166015625 99.54675674438477
327.6557922363281 62.16020965576172 343.3812732696533 62.16020965576172 343.3812732696533 99.11505126953125 327.6557922363281 99.11505126953125
327.848388671875 61.54270553588867 343.530987739563 61.54270553588867 343.530987739563 98.39677810668945 327.848388671875 98.39677810668945
328.470458984375 62.05586624145508 344.30555725097656 62.05586624145508 344.30555725097656 99.26830673217773 328.470458984375 99.26830673217773
327.93878173828125 61.42999267578125 343.7124843597412 61.42999267578125 343.7124843597412 98.4981575012207 327.93878173828125 98.4981575012207
327.6286926269531 60.97822189331055 343.57326221466064 60.97822189331055 343.57326221466064 98.44792556762695 327.6286926269531 98.44792556762695
328.3531188964844 62.843544006347656 344.252911567688 62.843544006347656 344.252911567688 100.20802307128906 328.3531188964844 100.20802307128906
327.8470153808594 62.2429313659668 343.83581352233887 62.2429313659668 343.83581352233887 99.81657409667969 327.8470153808594 99.81657409667969
328.8645935058594 62.2488899230957 345.0733184814453 62.2488899230957 345.0733184814453 100.33935546875 328.8645935058594 100.33935546875
329.1081848144531 61.259796142578125 345.1750831604004 61.259796142578125 345.1750831604004 99.0169677734375 329.1081848144531 99.0169677734375
329.8980407714844 61.22917556762695 345.7516145706177 61.22917556762695 345.7516145706177 98.48503494262695 329.8980407714844 98.48503494262695
330.0845031738281 60.66278076171875 346.22095108032227 60.66278076171875 346.22095108032227 98.58339309692383 330.0845031738281 98.58339309692383
330.8916015625 60.83640670776367 347.09142684936523 60.83640670776367 347.09142684936523 100.00444030761719 330.8916015625 100.00444030761719
331.1221923828125 61.48122024536133 347.3273448944092 61.48122024536133 347.3273448944092 99.56328582763672 331.1221923828125 99.56328582763672
331.0692443847656 62.00327682495117 347.2743091583252 62.00327682495117 347.2743091583252 100.08513641357422 331.0692443847656 100.08513641357422
330.65667724609375 62.10211944580078 346.92573165893555 62.10211944580078 346.92573165893555 100.3343505859375 330.65667724609375 100.3343505859375
331.0741271972656 62.4344482421875 347.11125564575195 62.4344482421875 347.11125564575195 100.12165069580078 331.0741271972656 100.12165069580078
331.1370544433594 62.557029724121094 346.9522762298584 62.557029724121094 346.9522762298584 99.72275161743164 331.1370544433594 99.72275161743164
331.68951416015625 63.23842239379883 347.44983196258545 63.23842239379883 347.44983196258545 100.27511596679688 331.68951416015625 100.27511596679688
331.20758056640625 62.673736572265625 346.8386182785034 62.673736572265625 346.8386182785034 99.40662384033203 331.20758056640625 99.40662384033203
331.7628479003906 62.036376953125 347.3856077194214 62.036376953125 347.3856077194214 98.74981307983398 331.7628479003906 98.74981307983398
331.5721130371094 62.57463455200195 347.63720512390137 62.57463455200195 347.63720512390137 100.32754898071289 331.5721130371094 100.32754898071289
332.4456481933594 63.534767150878906 348.3340816497803 63.534767150878906 348.3340816497803 100.8725357055664 332.4456481933594 100.8725357055664
332.28839111328125 63.5438117980957 348.4108238220215 63.5438117980957 348.4108238220215 101.43147659301758 332.28839111328125 101.43147659301758
332.48138427734375 63.579933166503906 348.7348003387451 63.579933166503906 348.7348003387451 101.77540969848633 332.48138427734375 101.77540969848633
333.40899658203125 62.66212844848633 349.7287654876709 62.66212844848633 349.7287654876709 101.0135383605957 333.40899658203125 101.0135383605957
333.49530029296875 61.6460075378418 349.9744453430176 61.6460075378418 349.9744453430176 100.3719482421875 333.49530029296875 100.3719482421875
334.660400390625 62.26447677612305 351.1604118347168 62.26447677612305 351.1604118347168 101.03945922851562 334.660400390625 101.03945922851562
334.89501953125 62.51019287109375 351.5513343811035 62.51019287109375 351.5513343811035 101.65249252319336 334.89501953125 101.65249252319336
335.8013916015625 61.9494743347168 352.8506965637207 61.9494743347168 352.8506965637207 102.01529693603516 335.8013916015625 102.01529693603516
336.2882995605469 62.24382400512695 353.2931327819824 62.24382400512695 353.2931327819824 102.20514297485352 336.2882995605469 102.20514297485352
335.8138732910156 62.7299690246582 352.99920082092285 62.7299690246582 352.99920082092285 103.11544799804688 335.8138732910156 103.11544799804688
336.4173278808594 62.4452018737793 353.69506072998047 62.4452018737793 353.69506072998047 103.0478286743164 336.4173278808594 103.0478286743164
336.6029357910156 62.84666061401367 353.8605098724365 62.84666061401367 353.8605098724365 103.40192031860352 336.6029357910156 103.40192031860352
336.31683349609375 62.39098358154297 353.3337287902832 62.39098358154297 353.3337287902832 102.38064956665039 336.31683349609375 102.38064956665039
336.77215576171875 62.40125274658203 353.751163482666 62.40125274658203 353.751163482666 102.3018798828125 336.77215576171875 102.3018798828125
336.7109375 61.79682159423828 353.9542179107666 61.79682159423828 353.9542179107666 102.31848907470703 336.7109375 102.31848907470703
336.30517578125 61.8637580871582 353.4229164123535 61.8637580871582 353.4229164123535 102.09040832519531 336.30517578125 102.09040832519531
337.29132080078125 62.51372146606445 354.710147857666 62.51372146606445 354.710147857666 103.44792556762695 337.29132080078125 103.44792556762695
337.948974609375 62.81208419799805 355.34803581237793 62.81208419799805 355.34803581237793 103.6998405456543 337.948974609375 103.6998405456543
337.683837890625 63.330711364746094 355.2998466491699 63.330711364746094 355.2998466491699 104.7282943725586 337.683837890625 104.7282943725586
337.5715637207031 62.14801788330078 355.2921257019043 62.14801788330078 355.2921257019043 103.79130172729492 337.5715637207031 103.79130172729492
338.6587829589844 62.19762420654297 356.49874114990234 62.19762420654297 356.49874114990234 104.12149047851562 338.6587829589844 104.12149047851562
338.292724609375 62.425254821777344 355.8294219970703 62.425254821777344 355.8294219970703 103.63645935058594 338.292724609375 103.63645935058594
339.2635803222656 63.22935104370117 356.9997978210449 63.22935104370117 356.9997978210449 104.909423828125 339.2635803222656 104.909423828125
340.29852294921875 61.74867630004883 358.1068801879883 61.74867630004883 358.1068801879883 103.5982780456543 340.29852294921875 103.5982780456543
341.142578125 63.363006591796875 358.8104419708252 63.363006591796875 358.8104419708252 104.88245010375977 341.142578125 104.88245010375977
340.7789001464844 62.7744140625 358.24549865722656 62.7744140625 358.24549865722656 103.82088470458984 340.7789001464844 103.82088470458984
341.45697021484375 64.27230834960938 358.8544044494629 64.27230834960938 358.8544044494629 104.89163970947266 341.45697021484375 104.89163970947266
341.85992431640625 64.77200317382812 358.93146896362305 64.77200317382812 358.93146896362305 104.89010620117188 341.85992431640625 104.89010620117188
342.74749755859375 64.99671936035156 359.6484546661377 64.99671936035156 359.6484546661377 104.71393966674805 342.74749755859375 104.71393966674805
343.0337829589844 64.58839416503906 359.88305473327637 64.58839416503906 359.88305473327637 104.18415069580078 343.0337829589844 104.18415069580078
343.47833251953125 64.11937713623047 360.2658805847168 64.11937713623047 360.2658805847168 103.57008361816406 343.47833251953125 103.57008361816406
342.05462646484375 64.33372497558594 358.864013671875 64.33372497558594 358.864013671875 103.83575820922852 342.05462646484375 103.83575820922852
342.91290283203125 64.03070068359375 359.8092288970947 64.03070068359375 359.8092288970947 103.73704147338867 342.91290283203125 103.73704147338867
343.32208251953125 64.4074935913086 360.34189224243164 64.4074935913086 360.34189224243164 104.40402221679688 343.32208251953125 104.40402221679688
342.82940673828125 64.1467514038086 360.0641899108887 64.1467514038086 360.0641899108887 104.64846801757812 342.82940673828125 104.64846801757812
343.1523132324219 64.46300506591797 360.4667854309082 64.46300506591797 360.4667854309082 105.1519889831543 343.1523132324219 105.1519889831543
344.7529296875 64.2619857788086 362.2612533569336 64.2619857788086 362.2612533569336 105.40652084350586 344.7529296875 105.40652084350586
344.14215087890625 64.06675720214844 361.69891929626465 64.06675720214844 361.69891929626465 105.32514190673828 344.14215087890625 105.32514190673828
344.9386901855469 65.09837341308594 362.24871253967285 65.09837341308594 362.24871253967285 105.77690505981445 344.9386901855469 105.77690505981445
346.1363525390625 65.2054672241211 363.31228256225586 65.2054672241211 363.31228256225586 105.56888580322266 346.1363525390625 105.56888580322266
346.9788513183594 64.4529037475586 364.24931716918945 64.4529037475586 364.24931716918945 105.0384750366211 346.9788513183594 105.0384750366211
346.2598571777344 64.20577239990234 363.74695014953613 64.20577239990234 363.74695014953613 105.3004150390625 346.2598571777344 105.3004150390625
346.1470642089844 63.918983459472656 364.084680557251 63.918983459472656 364.084680557251 106.07235336303711 346.1470642089844 106.07235336303711
345.78826904296875 63.79645919799805 364.00366973876953 63.79645919799805 364.00366973876953 106.60262298583984 345.78826904296875 106.60262298583984
346.179931640625 65.31875610351562 364.5411777496338 65.31875610351562 364.5411777496338 108.46765899658203 346.179931640625 108.46765899658203
346.0561218261719 65.70380401611328 364.0320644378662 65.70380401611328 364.0320644378662 107.94724655151367 346.0561218261719 107.94724655151367
346.10150146484375 64.74812316894531 364.0286445617676 64.74812316894531 364.0286445617676 106.87688827514648 346.10150146484375 106.87688827514648
346.16229248046875 64.80640411376953 363.7527503967285 64.80640411376953 363.7527503967285 106.14396667480469 346.16229248046875 106.14396667480469
347.3069152832031 63.776519775390625 365.09408378601074 63.776519775390625 365.09408378601074 105.57635879516602 347.3069152832031 105.57635879516602
345.7887268066406 64.28792572021484 363.53710556030273 64.28792572021484 363.53710556030273 105.99660873413086 345.7887268066406 105.99660873413086
345.99420166015625 63.943756103515625 363.88376808166504 63.943756103515625 363.88376808166504 105.9842300415039 345.99420166015625 105.9842300415039
346.58221435546875 65.10279846191406 364.69638442993164 65.10279846191406 364.69638442993164 107.67108917236328 346.58221435546875 107.67108917236328
346.91949462890625 65.28462219238281 365.117618560791 65.28462219238281 365.117618560791 108.05020523071289 346.91949462890625 108.05020523071289
347.1109924316406 65.67903137207031 365.2432403564453 65.67903137207031 365.2432403564453 108.28980255126953 347.1109924316406 108.28980255126953
348.76947021484375 65.13600158691406 366.90947341918945 65.13600158691406 366.90947341918945 107.76499938964844 348.76947021484375 107.76499938964844
347.1214904785156 65.36112213134766 365.03930473327637 65.36112213134766 365.03930473327637 107.46797561645508 347.1214904785156 107.46797561645508
349.35125732421875 65.23347473144531 367.14830207824707 65.23347473144531 367.14830207824707 107.0565185546875 349.35125732421875 107.0565185546875
348.8063049316406 65.59883117675781 366.6388969421387 65.59883117675781 366.6388969421387 107.50540924072266 348.8063049316406 107.50540924072266
350.3252868652344 64.63375091552734 368.3780860900879 64.63375091552734 368.3780860900879 107.05781555175781 350.3252868652344 107.05781555175781
349.49945068359375 65.10808563232422 367.32432556152344 65.10808563232422 367.32432556152344 106.99652481079102 349.49945068359375 106.99652481079102
349.7375183105469 67.07914733886719 367.27815437316895 67.07914733886719 367.27815437316895 108.29962539672852 349.7375183105469 108.29962539672852
350.22100830078125 66.4007797241211 367.8598880767822 66.4007797241211 367.8598880767822 107.85212707519531 350.22100830078125 107.85212707519531
351.0158996582031 66.51445007324219 368.582368850708 66.51445007324219 368.582368850708 107.7956314086914 351.0158996582031 107.7956314086914
350.48583984375 67.19751739501953 367.82825088500977 67.19751739501953 367.82825088500977 107.95215606689453 350.48583984375 107.95215606689453
350.68292236328125 67.48334503173828 367.84400367736816 67.48334503173828 367.84400367736816 107.81185531616211 350.68292236328125 107.81185531616211
350.52569580078125 66.4314193725586 367.6765079498291 66.4314193725586 367.6765079498291 106.73579788208008 350.52569580078125 106.73579788208008
350.5768737792969 66.71537780761719 367.9787483215332 66.71537780761719 367.9787483215332 107.60975646972656 350.5768737792969 107.60975646972656
351.72662353515625 68.8807144165039 369.2043933868408 68.8807144165039 369.2043933868408 109.95344543457031 351.72662353515625 109.95344543457031
352.82440185546875 69.13877868652344 370.4871463775635 69.13877868652344 370.4871463775635 110.64620208740234 352.82440185546875 110.64620208740234
352.3013610839844 70.56568908691406 369.70994567871094 70.56568908691406 369.70994567871094 111.47583770751953 352.3013610839844 111.47583770751953
352.83056640625 70.48006439208984 370.35756492614746 70.48006439208984 370.35756492614746 111.66848754882812 352.83056640625 111.66848754882812
353.47406005859375 71.23004150390625 370.71654319763184 71.23004150390625 370.71654319763184 111.74984741210938 353.47406005859375 111.74984741210938
353.52850341796875 72.54026794433594 370.855770111084 72.54026794433594 370.855770111084 113.25931549072266 353.52850341796875 113.25931549072266
354.1083984375 74.04740905761719 371.2996025085449 74.04740905761719 371.2996025085449 114.44670867919922 354.1083984375 114.44670867919922
354.5306396484375 75.85751342773438 371.3761100769043 75.85751342773438 371.3761100769043 115.44434356689453 354.5306396484375 115.44434356689453
354.42755126953125 75.16972351074219 371.54680824279785 75.16972351074219 371.54680824279785 115.39994812011719 354.42755126953125 115.39994812011719
354.6864929199219 75.13166809082031 372.0673522949219 75.13166809082031 372.0673522949219 115.97665405273438 354.6864929199219 115.97665405273438
355.2353515625 75.88157653808594 372.61785888671875 75.88157653808594 372.61785888671875 116.73043441772461 355.2353515625 116.73043441772461
356.2515563964844 76.58560943603516 373.3603801727295 76.58560943603516 373.3603801727295 116.38516235351562 356.2515563964844 116.38516235351562
356.7900085449219 79.78255462646484 374.074613571167 79.78255462646484 374.074613571167 120.25822067260742 356.7900085449219 120.25822067260742
356.0619201660156 80.79310607910156 373.0921745300293 80.79310607910156 373.0921745300293 120.81416320800781 356.0619201660156 120.81416320800781
355.56256103515625 81.20695495605469 372.7437324523926 81.20695495605469 372.7437324523926 121.5826644897461 355.56256103515625 121.5826644897461
355.17071533203125 81.15634155273438 372.70054626464844 81.15634155273438 372.70054626464844 122.35139846801758 355.17071533203125 122.35139846801758
355.8226318359375 82.34693145751953 372.780725479126 82.34693145751953 372.780725479126 123.15855407714844 355.8226318359375 123.15855407714844
355.86962890625 82.11650085449219 372.73483657836914 82.11650085449219 372.73483657836914 122.29499816894531 355.86962890625 122.29499816894531
357.70941162109375 82.76705169677734 373.6936798095703 82.76705169677734 373.6936798095703 123.22445678710938 357.70941162109375 123.22445678710938
357.10638427734375 83.26493835449219 373.1220512390137 83.26493835449219 373.1220512390137 124.51455688476562 357.10638427734375 124.51455688476562
358.09234619140625 84.13063049316406 373.7065963745117 84.13063049316406 373.7065963745117 125.38402557373047 358.09234619140625 125.38402557373047
357.0166320800781 88.07365417480469 373.78588104248047 88.07365417480469 373.78588104248047 129.6748504638672 357.0166320800781 129.6748504638672
356.868896484375 89.10154724121094 374.4022026062012 89.10154724121094 374.4022026062012 130.30478286743164 356.868896484375 130.30478286743164
357.3214416503906 90.24137878417969 374.69285583496094 90.24137878417969 374.69285583496094 131.0641746520996 357.3214416503906 131.0641746520996
358.73687744140625 90.43108367919922 376.1455192565918 90.43108367919922 376.1455192565918 131.34136199951172 358.73687744140625 131.34136199951172
359.3828125 90.0925521850586 377.09559059143066 90.0925521850586 377.09559059143066 131.7175521850586 359.3828125 131.7175521850586
358.9107666015625 90.53486633300781 376.1380367279053 90.53486633300781 376.1380367279053 132.40841674804688 358.9107666015625 132.40841674804688
360.87158203125 90.98014831542969 376.852575302124 90.98014831542969 376.852575302124 133.300537109375 360.87158203125 133.300537109375
362.7547302246094 94.5303955078125 378.4699811935425 94.5303955078125 378.4699811935425 136.9172592163086 362.7547302246094 136.9172592163086
362.84967041015625 95.225341796875 378.19573974609375 95.225341796875 378.19573974609375 138.1590232849121 362.84967041015625 138.1590232849121
363.0727844238281 96.66545104980469 378.707989692688 96.66545104980469 378.707989692688 138.53717422485352 363.0727844238281 138.53717422485352
362.8108825683594 96.95680236816406 379.2981147766113 96.95680236816406 379.2981147766113 138.22587203979492 362.8108825683594 138.22587203979492
363.65972900390625 97.62937927246094 379.81377029418945 97.62937927246094 379.81377029418945 138.31219100952148 363.65972900390625 138.31219100952148
364.0697326660156 98.27246856689453 379.8678913116455 98.27246856689453 379.8678913116455 139.0638771057129 364.0697326660156 139.0638771057129
363.6158142089844 97.87889099121094 379.6153211593628 97.87889099121094 379.6153211593628 139.45629119873047 363.6158142089844 139.45629119873047
363.78021240234375 102.8786849975586 379.827917098999 102.8786849975586 379.827917098999 142.2028579711914 363.78021240234375 142.2028579711914
363.60205078125 102.8069839477539 379.9367980957031 102.8069839477539 379.9367980957031 143.67640686035156 363.60205078125 143.67640686035156
363.7543029785156 104.69978332519531 379.99727058410645 104.69978332519531 379.99727058410645 144.78689575195312 363.7543029785156 144.78689575195312
362.88482666015625 105.75321960449219 378.7190914154053 105.75321960449219 378.7190914154053 146.12601852416992 362.88482666015625 146.12601852416992
361.25189208984375 105.23127746582031 376.7765226364136 105.23127746582031 376.7765226364136 146.35610580444336 361.25189208984375 146.35610580444336
359.4056091308594 104.76679992675781 375.4759635925293 104.76679992675781 375.4759635925293 145.69183731079102 359.4056091308594 145.69183731079102
358.2201232910156 105.2016830444336 374.9653205871582 105.2016830444336 374.9653205871582 145.07849502563477 358.2201232910156 145.07849502563477
357.4742736816406 107.33028411865234 373.87682342529297 107.33028411865234 373.87682342529297 146.3234634399414 357.4742736816406 146.3234634399414
357.5426025390625 110.42816162109375 373.76331520080566 110.42816162109375 373.76331520080566 149.2599868774414 357.5426025390625 149.2599868774414
355.26605224609375 110.95849609375 372.67333030700684 110.95849609375 372.67333030700684 151.6731834411621 355.26605224609375 151.6731834411621
351.714599609375 111.5128173828125 370.31152534484863 111.5128173828125 370.31152534484863 154.1482048034668 351.714599609375 154.1482048034668
350.17437744140625 112.95890808105469 369.1243495941162 112.95890808105469 369.1243495941162 154.4259490966797 350.17437744140625 154.4259490966797
346.96478271484375 115.27115631103516 365.26357078552246 115.27115631103516 365.26357078552246 153.39505004882812 346.96478271484375 153.39505004882812
346.16943359375 115.235107421875 363.7154769897461 115.235107421875 363.7154769897461 157.13138961791992 346.16943359375 157.13138961791992
344.66168212890625 115.90096282958984 362.10668182373047 115.90096282958984 362.10668182373047 158.4093246459961 344.66168212890625 158.4093246459961
341.06201171875 116.55387878417969 358.08443450927734 116.55387878417969 358.08443450927734 158.65724182128906 341.06201171875 158.65724182128906
338.119384765625 115.91119384765625 355.73412895202637 115.91119384765625 355.73412895202637 155.15446853637695 338.119384765625 155.15446853637695
333.28216552734375 117.1535415649414 351.6519374847412 117.1535415649414 351.6519374847412 155.90652084350586 333.28216552734375 155.90652084350586
325.8556213378906 117.29023742675781 343.1553134918213 117.29023742675781 343.1553134918213 155.55779266357422 325.8556213378906 155.55779266357422
322.93975830078125 117.79071044921875 340.6775016784668 117.79071044921875 340.6775016784668 156.56342315673828 322.93975830078125 156.56342315673828
317.7935485839844 116.40199279785156 335.95207023620605 116.40199279785156 335.95207023620605 155.61874771118164 317.7935485839844 155.61874771118164
311.419921875 114.64937591552734 330.56893157958984 114.64937591552734 330.56893157958984 152.32134246826172 311.419921875 152.32134246826172
305.0233154296875 115.8205337524414 323.9271125793457 115.8205337524414 323.9271125793457 154.27599334716797 305.0233154296875 154.27599334716797
301.8124084472656 115.01729583740234 320.7118263244629 115.01729583740234 320.7118263244629 156.47718811035156 301.8124084472656 156.47718811035156
295.6954345703125 116.23786926269531 314.98485946655273 116.23786926269531 314.98485946655273 157.99068069458008 295.6954345703125 157.99068069458008
294.1017150878906 116.97065734863281 312.29614639282227 116.97065734863281 312.29614639282227 157.8351593017578 294.1017150878906 157.8351593017578
287.12371826171875 115.3494873046875 304.95080947875977 115.3494873046875 304.95080947875977 154.86439895629883 287.12371826171875 154.86439895629883
282.9447326660156 116.5625991821289 301.62531661987305 116.5625991821289 301.62531661987305 155.2634735107422 282.9447326660156 155.2634735107422
276.26971435546875 114.79679870605469 296.09282302856445 114.79679870605469 296.09282302856445 161.38106155395508 276.26971435546875 161.38106155395508
272.6934509277344 114.4283218383789 291.4912452697754 114.4283218383789 291.4912452697754 154.49387741088867 272.6934509277344 154.49387741088867
263.1953125 117.12471771240234 281.69334602355957 117.12471771240234 281.69334602355957 155.99484634399414 263.1953125 155.99484634399414
255.9126739501953 118.7657699584961 275.0114555358887 118.7657699584961 275.0114555358887 157.80146026611328 255.9126739501953 157.80146026611328
252.8086395263672 118.6672134399414 270.2161159515381 118.6672134399414 270.2161159515381 159.63246154785156 252.8086395263672 159.63246154785156
251.6143798828125 114.5740966796875 268.0441436767578 114.5740966796875 268.0441436767578 155.64402389526367 251.6143798828125 155.64402389526367
240.60067749023438 108.55499267578125 260.15715408325195 108.55499267578125 260.15715408325195 154.5126724243164 240.60067749023438 154.5126724243164
231.6424102783203 115.73493957519531 249.4944725036621 115.73493957519531 249.4944725036621 155.53347778320312 231.6424102783203 155.53347778320312
