513.0 159.0 538.0 159.0 538.0 245.0 513.0 245.0
513.4571533203125 160.31863403320312 537.4977836608887 160.31863403320312 537.4977836608887 244.04928588867188 513.4571533203125 244.04928588867188
512.6861572265625 160.89828491210938 536.9832496643066 160.89828491210938 536.9832496643066 244.26206970214844 512.6861572265625 244.26206970214844
511.9380798339844 162.5791473388672 536.3528709411621 162.5791473388672 536.3528709411621 244.41901397705078 511.9380798339844 244.41901397705078
510.87237548828125 160.7835235595703 535.2784156799316 160.7835235595703 535.2784156799316 244.25997924804688 510.87237548828125 244.25997924804688
508.9736328125 160.33944702148438 532.4125385284424 160.33944702148438 532.4125385284424 242.9622039794922 508.9736328125 242.9622039794922
507.45098876953125 159.48727416992188 530.2158355712891 159.48727416992188 530.2158355712891 242.22108459472656 507.45098876953125 242.22108459472656
505.77557373046875 158.56674194335938 528.5074291229248 158.56674194335938 528.5074291229248 241.3517608642578 505.77557373046875 241.3517608642578
502.51873779296875 158.8112335205078 525.2833499908447 158.8112335205078 525.2833499908447 240.49342346191406 502.51873779296875 240.49342346191406
498.4661560058594 158.71182250976562 522.0269527435303 158.71182250976562 522.0269527435303 239.3743438720703 498.4661560058594 239.3743438720703
494.71142578125 158.95352172851562 519.8290519714355 158.95352172851562 519.8290519714355 241.02312469482422 494.71142578125 241.02312469482422
492.08294677734375 158.12413024902344 517.539083480835 158.12413024902344 517.539083480835 240.53307342529297 492.08294677734375 240.53307342529297
487.70867919921875 161.4176483154297 513.4113960266113 161.4176483154297 513.4113960266113 242.4502182006836 487.70867919921875 242.4502182006836
486.3720703125 162.34434509277344 512.1101779937744 162.34434509277344 512.1101779937744 244.33773040771484 486.3720703125 244.33773040771484
484.20068359375 161.68341064453125 510.5089626312256 161.68341064453125 510.5089626312256 243.85845947265625 484.20068359375 243.85845947265625
484.313720703125 160.86842346191406 509.5197296142578 160.86842346191406 509.5197296142578 243.55514526367188 484.313720703125 243.55514526367188
484.55615234375 163.08761596679688 509.4271640777588 163.08761596679688 509.4271640777588 248.64389038085938 484.55615234375 248.64389038085938
493.84820556640625 163.2517547607422 518.4124488830566 163.2517547607422 518.4124488830566 247.75274658203125 493.84820556640625 247.75274658203125
497.82098388671875 159.75257873535156 522.5910968780518 159.75257873535156 522.5910968780518 244.96176147460938 497.82098388671875 244.96176147460938
497.0541076660156 159.44454956054688 521.7813854217529 159.44454956054688 521.7813854217529 244.50637817382812 497.0541076660156 244.50637817382812
509.9078063964844 164.46273803710938 534.3148975372314 164.46273803710938 534.3148975372314 248.42311096191406 509.9078063964844 248.42311096191406
508.24688720703125 163.45803833007812 533.2810440063477 163.45803833007812 533.2810440063477 249.5755157470703 508.24688720703125 249.5755157470703
508.6736755371094 158.273193359375 533.4730434417725 158.273193359375 533.4730434417725 243.58299255371094 508.6736755371094 243.58299255371094
509.5894470214844 166.9347381591797 534.2941741943359 166.9347381591797 534.2941741943359 251.91897583007812 509.5894470214844 251.91897583007812
512.382568359375 166.59255981445312 536.5223999023438 166.59255981445312 536.5223999023438 249.63355255126953 512.382568359375 249.63355255126953
504.4258728027344 164.60946655273438 528.7662906646729 164.60946655273438 528.7662906646729 248.3404769897461 504.4258728027344 248.3404769897461
509.79345703125 160.40835571289062 533.996639251709 160.40835571289062 533.996639251709 243.6672821044922 509.79345703125 243.6672821044922
502.2632751464844 161.1851348876953 525.9297256469727 161.1851348876953 525.9297256469727 242.5977020263672 502.2632751464844 242.5977020263672
482.13861083984375 164.51010131835938 505.2116508483887 164.51010131835938 505.2116508483887 243.88134765625 482.13861083984375 243.88134765625
446.892578125 158.6754913330078 470.16026878356934 158.6754913330078 470.16026878356934 238.7163314819336 446.892578125 238.7163314819336
437.7021484375 154.93270874023438 460.66010665893555 154.93270874023438 460.66010665893555 233.90806579589844 437.7021484375 233.90806579589844
418.76348876953125 157.4826202392578 441.55254554748535 157.4826202392578 441.55254554748535 235.876953125 418.76348876953125 235.876953125
417.39874267578125 159.22874450683594 440.03125 159.22874450683594 440.03125 237.0845489501953 417.39874267578125 237.0845489501953
412.88690185546875 155.8430938720703 435.67633628845215 155.8430938720703 435.67633628845215 234.23873901367188 412.88690185546875 234.23873901367188
403.00628662109375 157.5437774658203 425.9185485839844 157.5437774658203 425.9185485839844 236.36195373535156 403.00628662109375 236.36195373535156
398.9676208496094 156.4703826904297 421.8459415435791 156.4703826904297 421.8459415435791 235.17179107666016 398.9676208496094 235.17179107666016
392.680908203125 153.58804321289062 415.3088035583496 153.58804321289062 415.3088035583496 231.42799377441406 392.680908203125 231.42799377441406
385.42364501953125 157.18783569335938 408.1330909729004 157.18783569335938 408.1330909729004 235.30831909179688 385.42364501953125 235.30831909179688
380.06170654296875 150.75267028808594 402.47757720947266 150.75267028808594 402.47757720947266 227.86325073242188 380.06170654296875 227.86325073242188
375.78668212890625 148.65682983398438 397.7831573486328 148.65682983398438 397.7831573486328 224.32469177246094 375.78668212890625 224.32469177246094
371.34661865234375 159.45236206054688 393.2292366027832 159.45236206054688 393.2292366027832 234.7285614013672 371.34661865234375 234.7285614013672
365.76104736328125 157.45419311523438 387.4846000671387 157.45419311523438 387.4846000671387 232.18319702148438 365.76104736328125 232.18319702148438
359.853759765625 147.1987762451172 381.72698402404785 147.1987762451172 381.72698402404785 222.44265747070312 359.853759765625 222.44265747070312
356.5960693359375 155.65408325195312 378.57123947143555 155.65408325195312 378.57123947143555 231.24864959716797 356.5960693359375 231.24864959716797
353.68902587890625 151.48666381835938 375.3519630432129 151.48666381835938 375.3519630432129 226.00714874267578 353.68902587890625 226.00714874267578
350.148681640625 158.59732055664062 371.9215202331543 158.59732055664062 371.9215202331543 233.49588012695312 350.148681640625 233.49588012695312
345.0238342285156 155.59005737304688 367.2321529388428 155.59005737304688 367.2321529388428 231.9866714477539 345.0238342285156 231.9866714477539
340.95379638671875 157.18270874023438 362.9459285736084 157.18270874023438 362.9459285736084 232.83563995361328 340.95379638671875 232.83563995361328
336.1121826171875 146.6985321044922 358.3077049255371 146.6985321044922 358.3077049255371 223.05113220214844 336.1121826171875 223.05113220214844
329.76611328125 155.1707305908203 352.0522575378418 155.1707305908203 352.0522575378418 231.83507537841797 329.76611328125 231.83507537841797
324.6980285644531 155.42294311523438 346.9810447692871 155.42294311523438 346.9810447692871 232.07653045654297 324.6980285644531 232.07653045654297
318.89923095703125 149.30528259277344 341.34710693359375 149.30528259277344 341.34710693359375 226.52598571777344 318.89923095703125 226.52598571777344
310.24713134765625 132.2478485107422 333.1956901550293 132.2478485107422 333.1956901550293 211.19088745117188 310.24713134765625 211.19088745117188
306.61346435546875 111.47769927978516 329.58368492126465 111.47769927978516 329.58368492126465 190.49525451660156 306.61346435546875 190.49525451660156
303.33721923828125 119.0416488647461 326.2699680328369 119.0416488647461 326.2699680328369 197.9302978515625 303.33721923828125 197.9302978515625
302.0352783203125 156.51376342773438 324.8209342956543 156.51376342773438 324.8209342956543 234.89641571044922 302.0352783203125 234.89641571044922
297.26300048828125 155.77767944335938 319.9743309020996 155.77767944335938 319.9743309020996 233.90465545654297 297.26300048828125 233.90465545654297
293.72613525390625 155.82150268554688 316.18690299987793 155.82150268554688 316.18690299987793 233.08654022216797 293.72613525390625 233.08654022216797
290.3359680175781 159.30592346191406 312.90582847595215 159.30592346191406 312.90582847595215 236.94625091552734 290.3359680175781 236.94625091552734
286.4104309082031 162.2335662841797 308.52194023132324 162.2335662841797 308.52194023132324 238.2971649169922 286.4104309082031 238.2971649169922
281.00885009765625 159.65892028808594 303.44487953186035 159.65892028808594 303.44487953186035 236.8388671875 281.00885009765625 236.8388671875
279.1299743652344 157.52816772460938 301.36902236938477 157.52816772460938 301.36902236938477 234.03050231933594 279.1299743652344 234.03050231933594
276.6910705566406 160.05503845214844 299.3320713043213 160.05503845214844 299.3320713043213 237.9400863647461 276.6910705566406 237.9400863647461
271.61492919921875 160.0104217529297 294.3462448120117 160.0104217529297 294.3462448120117 238.20614624023438 271.61492919921875 238.20614624023438
268.620361328125 162.74082946777344 291.6304302215576 162.74082946777344 291.6304302215576 241.89546966552734 268.620361328125 241.89546966552734
261.1243591308594 161.20643615722656 284.63806343078613 161.20643615722656 284.63806343078613 242.0935821533203 261.1243591308594 242.0935821533203
259.03106689453125 163.10498046875 282.7577819824219 163.10498046875 282.7577819824219 243.5665054321289 259.03106689453125 243.5665054321289
257.39300537109375 162.7026824951172 280.6512641906738 162.7026824951172 280.6512641906738 242.5440902709961 257.39300537109375 242.5440902709961
253.8096923828125 161.28573608398438 277.3458652496338 161.28573608398438 277.3458652496338 242.2501678466797 253.8096923828125 242.2501678466797
252.3336639404297 159.9295654296875 275.7752323150635 159.9295654296875 275.7752323150635 240.56855010986328 252.3336639404297 240.56855010986328
247.12283325195312 163.20571899414062 270.2495918273926 163.20571899414062 270.2495918273926 242.76175689697266 247.12283325195312 242.76175689697266
246.0240020751953 160.93515014648438 269.15541076660156 160.93515014648438 269.15541076660156 240.50718688964844 246.0240020751953 240.50718688964844
241.7518310546875 159.763916015625 264.99208068847656 159.763916015625 264.99208068847656 239.71036529541016 241.7518310546875 239.71036529541016
237.343017578125 158.3891143798828 261.0688133239746 158.3891143798828 261.0688133239746 240.00584411621094 237.343017578125 240.00584411621094
233.56246948242188 159.5317840576172 257.3667793273926 159.5317840576172 257.3667793273926 241.4186019897461 233.56246948242188 241.4186019897461
229.89306640625 159.2887420654297 253.73744773864746 159.2887420654297 253.73744773864746 240.18865966796875 229.89306640625 240.18865966796875
226.2510528564453 160.96035766601562 249.90785789489746 160.96035766601562 249.90785789489746 240.90293884277344 226.2510528564453 240.90293884277344
221.7257537841797 162.89683532714844 245.34226989746094 162.89683532714844 245.34226989746094 242.78179931640625 221.7257537841797 242.78179931640625
219.61135864257812 162.08456420898438 242.6427879333496 162.08456420898438 242.6427879333496 241.31267547607422 219.61135864257812 241.31267547607422
219.1523895263672 160.63690185546875 242.71608924865723 160.63690185546875 242.71608924865723 241.6960220336914 219.1523895263672 241.6960220336914
217.34262084960938 161.42892456054688 241.2989845275879 161.42892456054688 241.2989845275879 243.83880615234375 217.34262084960938 243.83880615234375
216.9049835205078 161.946533203125 240.57968711853027 161.946533203125 240.57968711853027 243.38751220703125 216.9049835205078 243.38751220703125
214.33615112304688 162.95838928222656 238.3192195892334 162.95838928222656 238.3192195892334 245.46015167236328 214.33615112304688 245.46015167236328
212.27133178710938 163.36068725585938 236.78461837768555 163.36068725585938 236.78461837768555 247.68640899658203 212.27133178710938 247.68640899658203
209.73965454101562 164.1472930908203 234.115140914917 164.1472930908203 234.115140914917 247.99899291992188 209.73965454101562 247.99899291992188
210.3069305419922 164.7822265625 234.46417236328125 164.7822265625 234.46417236328125 247.88316345214844 210.3069305419922 247.88316345214844
206.68215942382812 163.0399627685547 231.28903579711914 163.0399627685547 231.28903579711914 247.6876449584961 206.68215942382812 247.6876449584961
205.84768676757812 161.2842254638672 230.81237411499023 161.2842254638672 230.81237411499023 247.16278076171875 205.84768676757812 247.16278076171875
205.52816772460938 160.404541015625 230.62107467651367 160.404541015625 230.62107467651367 246.7241668701172 205.52816772460938 246.7241668701172
201.6667022705078 164.1263427734375 226.57570838928223 164.1263427734375 226.57570838928223 249.8133544921875 201.6667022705078 249.8133544921875
201.26873779296875 162.63037109375 226.2438507080078 162.63037109375 226.2438507080078 248.54478454589844 201.26873779296875 248.54478454589844
201.60263061523438 161.3883819580078 226.70995140075684 161.3883819580078 226.70995140075684 247.75758361816406 201.60263061523438 247.75758361816406
201.78211975097656 161.83265686035156 226.79640579223633 161.83265686035156 226.79640579223633 247.8818130493164 201.78211975097656 247.8818130493164
197.65667724609375 162.29898071289062 222.4317970275879 162.29898071289062 222.4317970275879 247.52539825439453 197.65667724609375 247.52539825439453
196.85720825195312 162.10806274414062 221.94517135620117 162.10806274414062 221.94517135620117 248.41065979003906 196.85720825195312 248.41065979003906
199.6876678466797 158.84877014160156 224.8341293334961 158.84877014160156 224.8341293334961 245.35260009765625 199.6876678466797 245.35260009765625
194.75045776367188 161.4965362548828 219.54286766052246 161.4965362548828 219.54286766052246 246.7824249267578 194.75045776367188 246.7824249267578
193.25656127929688 161.0347900390625 218.75527000427246 161.0347900390625 218.75527000427246 248.75035095214844 193.25656127929688 248.75035095214844
187.18240356445312 159.04885864257812 212.57167625427246 159.04885864257812 212.57167625427246 246.38795471191406 187.18240356445312 246.38795471191406
180.98118591308594 160.84432983398438 205.80615615844727 160.84432983398438 205.80615615844727 247.48619079589844 180.98118591308594 247.48619079589844
177.62728881835938 159.93930053710938 202.21645545959473 159.93930053710938 202.21645545959473 245.99810028076172 177.62728881835938 245.99810028076172
178.350830078125 161.74525451660156 202.88580703735352 161.74525451660156 202.88580703735352 246.14556884765625 178.350830078125 246.14556884765625
176.8707733154297 161.72991943359375 200.98096466064453 161.72991943359375 200.98096466064453 244.66897583007812 176.8707733154297 244.66897583007812
174.717041015625 162.33192443847656 198.7006320953369 162.33192443847656 198.7006320953369 244.83547973632812 174.717041015625 244.83547973632812
173.4943389892578 162.6485595703125 197.4133472442627 162.6485595703125 197.4133472442627 244.9299545288086 173.4943389892578 244.9299545288086
186.5850067138672 165.39199829101562 210.28695487976074 165.39199829101562 210.28695487976074 246.9267120361328 186.5850067138672 246.9267120361328
182.23629760742188 165.3753662109375 205.88836860656738 165.3753662109375 205.88836860656738 246.7385025024414 182.23629760742188 246.7385025024414
180.40591430664062 164.71092224121094 204.42888259887695 164.71092224121094 204.42888259887695 247.34994506835938 180.40591430664062 247.34994506835938
184.37747192382812 164.31431579589844 208.50790786743164 164.31431579589844 208.50790786743164 247.3230209350586 184.37747192382812 247.3230209350586
181.8233642578125 160.95761108398438 205.78931617736816 160.95761108398438 205.78931617736816 243.40048217773438 181.8233642578125 243.40048217773438
181.3918914794922 161.79466247558594 205.63902473449707 161.79466247558594 205.63902473449707 245.20479583740234 181.3918914794922 245.20479583740234
178.85324096679688 161.23538208007812 203.2586154937744 161.23538208007812 203.2586154937744 245.1898651123047 178.85324096679688 245.1898651123047
178.16763305664062 159.97032165527344 202.6912899017334 159.97032165527344 202.6912899017334 244.33169555664062 178.16763305664062 244.33169555664062
176.98150634765625 160.64889526367188 201.77981567382812 160.64889526367188 201.77981567382812 245.95506286621094 176.98150634765625 245.95506286621094
176.92620849609375 160.00418090820312 201.6100959777832 160.00418090820312 201.6100959777832 244.91673278808594 176.92620849609375 244.91673278808594
174.908203125 161.28829956054688 199.5961093902588 161.28829956054688 199.5961093902588 246.21466827392578 174.908203125 246.21466827392578
174.23069763183594 160.50814819335938 199.04433631896973 160.50814819335938 199.04433631896973 245.86703491210938 174.23069763183594 245.86703491210938
170.9234619140625 159.64291381835938 195.8850803375244 159.64291381835938 195.8850803375244 245.51085662841797 170.9234619140625 245.51085662841797
157.49737548828125 162.43899536132812 182.58221817016602 162.43899536132812 182.58221817016602 248.73081970214844 157.49737548828125 248.73081970214844
157.47247314453125 161.87094116210938 182.0710506439209 161.87094116210938 182.0710506439209 246.49000549316406 157.47247314453125 246.49000549316406
157.0673370361328 162.91665649414062 180.13312911987305 162.91665649414062 180.13312911987305 250.76806640625 157.0673370361328 250.76806640625
157.2852783203125 163.5742645263672 181.9538917541504 163.5742645263672 181.9538917541504 248.4342498779297 157.2852783203125 248.4342498779297
157.44235229492188 160.94760131835938 182.0491542816162 160.94760131835938 182.0491542816162 245.59495544433594 157.44235229492188 245.59495544433594
157.73843383789062 162.25405883789062 179.8815155029297 162.25405883789062 179.8815155029297 253.1979522705078 157.73843383789062 253.1979522705078
157.9742431640625 164.49029541015625 182.17347526550293 164.49029541015625 182.17347526550293 250.07840728759766 157.9742431640625 250.07840728759766
157.98731994628906 160.5785369873047 182.05227279663086 160.5785369873047 182.05227279663086 244.37552642822266 157.98731994628906 244.37552642822266
156.8323974609375 163.47369384765625 179.4273796081543 163.47369384765625 179.4273796081543 248.6961669921875 156.8323974609375 248.6961669921875
157.738037109375 164.64523315429688 180.78531074523926 164.64523315429688 180.78531074523926 250.73725128173828 157.738037109375 250.73725128173828
157.2782440185547 162.7327880859375 181.49623680114746 162.7327880859375 181.49623680114746 246.0426254272461 157.2782440185547 246.0426254272461
158.38931274414062 165.05581665039062 181.4420986175537 165.05581665039062 181.4420986175537 247.82644653320312 158.38931274414062 247.82644653320312
158.9145050048828 163.85107421875 180.55560684204102 163.85107421875 180.55560684204102 247.7470703125 158.9145050048828 247.7470703125
156.17918395996094 163.69322204589844 177.96027374267578 163.69322204589844 177.96027374267578 245.02658081054688 156.17918395996094 245.02658081054688
157.90969848632812 163.11865234375 179.5406265258789 163.11865234375 179.5406265258789 247.21923828125 157.90969848632812 247.21923828125
157.4904327392578 163.1621551513672 178.8378963470459 163.1621551513672 178.8378963470459 251.25507354736328 157.4904327392578 251.25507354736328
158.63148498535156 163.22891235351562 180.5859832763672 163.22891235351562 180.5859832763672 251.3261260986328 158.63148498535156 251.3261260986328
156.43301391601562 163.86965942382812 179.14437866210938 163.86965942382812 179.14437866210938 250.22737884521484 156.43301391601562 250.22737884521484
159.33505249023438 163.3453826904297 181.5639305114746 163.3453826904297 181.5639305114746 250.0336685180664 159.33505249023438 250.0336685180664
157.72315979003906 164.4650115966797 179.59144973754883 164.4650115966797 179.59144973754883 247.90255737304688 157.72315979003906 247.90255737304688
157.8757781982422 164.99147033691406 180.46209716796875 164.99147033691406 180.46209716796875 249.84272003173828 157.8757781982422 249.84272003173828
156.2474365234375 164.91372680664062 178.81969833374023 164.91372680664062 178.81969833374023 249.69761657714844 156.2474365234375 249.69761657714844
153.93197631835938 165.70132446289062 176.87336349487305 165.70132446289062 176.87336349487305 249.84590911865234 153.93197631835938 249.84590911865234
154.24850463867188 163.82464599609375 177.98220443725586 163.82464599609375 177.98220443725586 247.31053924560547 154.24850463867188 247.31053924560547
152.49993896484375 164.15890502929688 175.56488609313965 164.15890502929688 175.56488609313965 248.36576080322266 152.49993896484375 248.36576080322266
155.68759155273438 164.71310424804688 176.90426635742188 164.71310424804688 176.90426635742188 250.9023666381836 155.68759155273438 250.9023666381836
155.6228790283203 164.32791137695312 177.2993507385254 164.32791137695312 177.2993507385254 249.4778289794922 155.6228790283203 249.4778289794922
153.96969604492188 162.99415588378906 177.4244270324707 162.99415588378906 177.4244270324707 246.82937622070312 153.96969604492188 246.82937622070312
155.3160858154297 162.51412963867188 179.46759223937988 162.51412963867188 179.46759223937988 245.59527587890625 155.3160858154297 245.59527587890625
157.1941375732422 162.5607147216797 181.27379417419434 162.5607147216797 181.27379417419434 245.3946990966797 157.1941375732422 245.3946990966797
148.825927734375 164.23788452148438 172.82246208190918 164.23788452148438 172.82246208190918 248.7102813720703 148.825927734375 248.7102813720703
150.2473602294922 163.32571411132812 174.28956031799316 163.32571411132812 174.28956031799316 248.6845245361328 150.2473602294922 248.6845245361328
150.31370544433594 162.4040069580078 175.10308265686035 162.4040069580078 175.10308265686035 247.6794204711914 150.31370544433594 247.6794204711914
146.99746704101562 163.37777709960938 171.6437931060791 163.37777709960938 171.6437931060791 248.1610870361328 146.99746704101562 248.1610870361328
148.3212127685547 161.0983123779297 173.3600616455078 161.0983123779297 173.3600616455078 247.23189544677734 148.3212127685547 247.23189544677734
149.6270751953125 162.9347686767578 174.36420059204102 162.9347686767578 174.36420059204102 248.03042602539062 149.6270751953125 248.03042602539062
150.46646118164062 162.17779541015625 174.50405883789062 162.17779541015625 174.50405883789062 247.9702911376953 150.46646118164062 247.9702911376953
147.71640014648438 161.6565704345703 172.2353172302246 161.6565704345703 172.2353172302246 246.0015869140625 147.71640014648438 246.0015869140625
151.72181701660156 162.78550720214844 175.50107383728027 162.78550720214844 175.50107383728027 250.46851348876953 151.72181701660156 250.46851348876953
147.99136352539062 162.1786651611328 172.75771713256836 162.1786651611328 172.75771713256836 247.37486267089844 147.99136352539062 247.37486267089844
147.73863220214844 164.55477905273438 172.47997856140137 164.55477905273438 172.47997856140137 249.66494750976562 147.73863220214844 249.66494750976562
152.79312133789062 161.3127899169922 177.20953369140625 161.3127899169922 177.20953369140625 248.52728271484375 152.79312133789062 248.52728271484375
151.69302368164062 162.7447052001953 176.8760223388672 162.7447052001953 176.8760223388672 249.37416076660156 151.69302368164062 249.37416076660156
149.2851104736328 160.20596313476562 174.85407257080078 160.20596313476562 174.85407257080078 248.1631317138672 149.2851104736328 248.1631317138672
147.9995574951172 159.54542541503906 173.47801399230957 159.54542541503906 173.47801399230957 249.22561645507812 147.9995574951172 249.22561645507812
148.43896484375 161.9814910888672 173.30392265319824 161.9814910888672 173.30392265319824 250.65833282470703 148.43896484375 250.65833282470703
154.60098266601562 158.0235137939453 178.17320823669434 158.0235137939453 178.17320823669434 251.21501922607422 154.60098266601562 251.21501922607422
153.73226928710938 160.91494750976562 178.7217617034912 160.91494750976562 178.7217617034912 246.87874603271484 153.73226928710938 246.87874603271484
156.100830078125 161.99778747558594 179.71992874145508 161.99778747558594 179.71992874145508 250.24510192871094 156.100830078125 250.24510192871094
157.12646484375 160.4896240234375 179.14204025268555 160.4896240234375 179.14204025268555 251.12672424316406 157.12646484375 251.12672424316406
155.42626953125 161.69949340820312 177.45119094848633 161.69949340820312 177.45119094848633 252.84092712402344 155.42626953125 252.84092712402344
154.33131408691406 161.01937866210938 177.22345542907715 161.01937866210938 177.22345542907715 253.30116271972656 154.33131408691406 253.30116271972656
156.3705596923828 161.4297332763672 179.4422721862793 161.4297332763672 179.4422721862793 254.23814392089844 156.3705596923828 254.23814392089844
157.03521728515625 160.868896484375 179.78604698181152 160.868896484375 179.78604698181152 253.8088836669922 157.03521728515625 253.8088836669922
158.13186645507812 162.69137573242188 181.95013046264648 162.69137573242188 181.95013046264648 253.15577697753906 158.13186645507812 253.15577697753906
155.50146484375 162.58151245117188 178.54213905334473 162.58151245117188 178.54213905334473 254.05003356933594 155.50146484375 254.05003356933594
158.0620574951172 161.5314178466797 181.25705528259277 161.5314178466797 181.25705528259277 249.52588653564453 158.0620574951172 249.52588653564453
157.9149627685547 162.81875610351562 181.9916934967041 162.81875610351562 181.9916934967041 248.86143493652344 157.9149627685547 248.86143493652344
158.38134765625 161.25570678710938 182.0627384185791 161.25570678710938 182.0627384185791 248.70532989501953 158.38134765625 248.70532989501953
157.5082244873047 160.28890991210938 181.5758819580078 160.28890991210938 181.5758819580078 246.74510955810547 157.5082244873047 246.74510955810547
158.24102783203125 160.3522491455078 182.6109504699707 160.3522491455078 182.6109504699707 244.1847686767578 158.24102783203125 244.1847686767578
157.490478515625 160.56082153320312 180.31426620483398 160.56082153320312 180.31426620483398 245.2381362915039 157.490478515625 245.2381362915039
159.05078125 162.71072387695312 183.06614303588867 162.71072387695312 183.06614303588867 245.3235626220703 159.05078125 245.3235626220703
156.70811462402344 160.2244415283203 180.0129051208496 160.2244415283203 180.0129051208496 242.87789154052734 156.70811462402344 242.87789154052734
158.21299743652344 161.66061401367188 181.8715305328369 161.66061401367188 181.8715305328369 243.04596710205078 158.21299743652344 243.04596710205078
158.61856079101562 162.67678833007812 181.9995403289795 162.67678833007812 181.9995403289795 243.10735321044922 158.61856079101562 243.10735321044922
158.5635528564453 161.72402954101562 182.1460666656494 161.72402954101562 182.1460666656494 242.84786987304688 158.5635528564453 242.84786987304688
158.0904998779297 162.22073364257812 181.91732788085938 162.22073364257812 181.91732788085938 244.1850128173828 158.0904998779297 244.1850128173828
158.12374877929688 161.36514282226562 181.78277206420898 161.36514282226562 181.78277206420898 242.75216674804688 158.12374877929688 242.75216674804688
158.6576690673828 160.7727508544922 182.52989196777344 160.7727508544922 182.52989196777344 242.89318084716797 158.6576690673828 242.89318084716797
157.43508911132812 161.30538940429688 181.62573051452637 161.30538940429688 181.62573051452637 244.52118682861328 157.43508911132812 244.52118682861328
157.82827758789062 160.97561645507812 180.64550971984863 160.97561645507812 180.64550971984863 248.4541473388672 157.82827758789062 248.4541473388672
156.43429565429688 161.26156616210938 179.05441665649414 161.26156616210938 179.05441665649414 249.28205108642578 156.43429565429688 249.28205108642578
155.73776245117188 159.6102294921875 179.768892288208 159.6102294921875 179.768892288208 242.27730560302734 155.73776245117188 242.27730560302734
155.74473571777344 161.76953125 178.50436401367188 161.76953125 178.50436401367188 247.89611053466797 155.74473571777344 247.89611053466797
155.6704559326172 159.63723754882812 177.2613925933838 159.63723754882812 177.2613925933838 251.30320739746094 155.6704559326172 251.30320739746094
155.76002502441406 161.69979858398438 178.67082595825195 161.69979858398438 178.67082595825195 248.64815521240234 155.76002502441406 248.64815521240234
172.96560668945312 160.1070556640625 197.08717155456543 160.1070556640625 197.08717155456543 243.08522033691406 172.96560668945312 243.08522033691406
159.1488037109375 162.90530395507812 182.09121704101562 162.90530395507812 182.09121704101562 245.70045471191406 159.1488037109375 245.70045471191406
160.06967163085938 161.422119140625 182.0899314880371 161.422119140625 182.0899314880371 244.5304412841797 160.06967163085938 244.5304412841797
165.2176971435547 160.51632690429688 187.5810890197754 160.51632690429688 187.5810890197754 242.22891235351562 165.2176971435547 242.22891235351562
160.06625366210938 161.83026123046875 181.72583961486816 161.83026123046875 181.72583961486816 244.3083038330078 160.06625366210938 244.3083038330078
165.33755493164062 160.87879943847656 188.31493759155273 160.87879943847656 188.31493759155273 241.82642364501953 165.33755493164062 241.82642364501953
156.95916748046875 160.246337890625 179.51078414916992 160.246337890625 179.51078414916992 241.95680236816406 156.95916748046875 241.95680236816406
155.40074157714844 161.5476837158203 177.80052757263184 161.5476837158203 177.80052757263184 244.26100158691406 155.40074157714844 244.26100158691406
153.4588623046875 161.97523498535156 175.35615348815918 161.97523498535156 175.35615348815918 248.664794921875 153.4588623046875 248.664794921875
155.92454528808594 161.6874542236328 178.36655044555664 161.6874542236328 178.36655044555664 245.34112548828125 155.92454528808594 245.34112548828125
159.1909942626953 161.48086547851562 182.3984317779541 161.48086547851562 182.3984317779541 241.3144073486328 159.1909942626953 241.3144073486328
159.9071502685547 162.87496948242188 183.62297439575195 162.87496948242188 183.62297439575195 244.4573516845703 159.9071502685547 244.4573516845703
159.4959716796875 160.5548553466797 183.38381004333496 160.5548553466797 183.38381004333496 242.72897338867188 159.4959716796875 242.72897338867188
160.23475646972656 165.20083618164062 183.6635570526123 165.20083618164062 183.6635570526123 245.79586791992188 160.23475646972656 245.79586791992188
158.7850341796875 163.12002563476562 181.91579818725586 163.12002563476562 181.91579818725586 242.68981170654297 158.7850341796875 242.68981170654297
159.4833984375 165.21385192871094 182.1678409576416 165.21385192871094 182.1678409576416 243.248291015625 159.4833984375 243.248291015625
159.734619140625 162.17556762695312 180.15178298950195 162.17556762695312 180.15178298950195 244.15618133544922 159.734619140625 244.15618133544922
158.62252807617188 164.2082977294922 180.4800090789795 164.2082977294922 180.4800090789795 241.27425384521484 158.62252807617188 241.27425384521484
158.86141967773438 164.18441772460938 180.23543739318848 164.18441772460938 180.23543739318848 242.34339904785156 158.86141967773438 242.34339904785156
157.98287963867188 164.73768615722656 178.3613739013672 164.73768615722656 178.3613739013672 244.98098754882812 157.98287963867188 244.98098754882812
158.63345336914062 162.5601348876953 178.61975479125977 162.5601348876953 178.61975479125977 244.72042846679688 158.63345336914062 244.72042846679688
161.4741668701172 162.5789031982422 180.88067436218262 162.5789031982422 180.88067436218262 247.1702423095703 161.4741668701172 247.1702423095703
161.17794799804688 161.32704162597656 181.97130584716797 161.32704162597656 181.97130584716797 246.447509765625 161.17794799804688 246.447509765625
162.22732543945312 160.52218627929688 182.1102180480957 160.52218627929688 182.1102180480957 249.75949096679688 162.22732543945312 249.75949096679688
161.6490020751953 160.91366577148438 182.20620155334473 160.91366577148438 182.20620155334473 245.04598999023438 161.6490020751953 245.04598999023438
162.29263305664062 162.6260223388672 184.71185111999512 162.6260223388672 184.71185111999512 243.1275863647461 162.29263305664062 243.1275863647461
163.19805908203125 161.92807006835938 184.26637840270996 161.92807006835938 184.26637840270996 244.08522033691406 163.19805908203125 244.08522033691406
162.79635620117188 163.5787811279297 185.45718002319336 163.5787811279297 185.45718002319336 241.5319595336914 162.79635620117188 241.5319595336914
162.5825958251953 164.71054077148438 185.01921463012695 164.71054077148438 185.01921463012695 241.8924560546875 162.5825958251953 241.8924560546875
164.42019653320312 160.68582153320312 187.08642578125 160.68582153320312 187.08642578125 238.65760040283203 164.42019653320312 238.65760040283203
162.07168579101562 160.3267059326172 182.39879989624023 160.3267059326172 182.39879989624023 242.4983367919922 162.07168579101562 242.4983367919922
166.63650512695312 162.40011596679688 186.82773780822754 162.40011596679688 186.82773780822754 243.6042251586914 166.63650512695312 243.6042251586914
168.01254272460938 164.38462829589844 189.5533504486084 164.38462829589844 189.5533504486084 240.98316192626953 168.01254272460938 240.98316192626953
170.1825714111328 164.9332275390625 192.02351188659668 164.9332275390625 192.02351188659668 240.0660171508789 170.1825714111328 240.0660171508789
171.684326171875 168.07748413085938 193.80283737182617 168.07748413085938 193.80283737182617 244.1651153564453 171.684326171875 244.1651153564453
173.36843872070312 164.4386444091797 195.04105377197266 164.4386444091797 195.04105377197266 238.99240112304688 173.36843872070312 238.99240112304688
173.44485473632812 165.46218872070312 195.06243515014648 165.46218872070312 195.06243515014648 239.82662200927734 173.44485473632812 239.82662200927734
173.48593139648438 164.45462036132812 195.39121627807617 164.45462036132812 195.39121627807617 239.8087615966797 173.48593139648438 239.8087615966797
174.87106323242188 165.79054260253906 196.2615032196045 165.79054260253906 196.2615032196045 239.37361907958984 174.87106323242188 239.37361907958984
175.77896118164062 165.01828002929688 197.19724464416504 165.01828002929688 197.19724464416504 238.6971435546875 175.77896118164062 238.6971435546875
174.5814208984375 165.5194549560547 195.68941116333008 165.5194549560547 195.68941116333008 238.1309051513672 174.5814208984375 238.1309051513672
174.99295043945312 165.31240844726562 195.9746856689453 165.31240844726562 195.9746856689453 237.48954010009766 174.99295043945312 237.48954010009766
174.32565307617188 166.60484313964844 195.37704277038574 166.60484313964844 195.37704277038574 239.02159881591797 174.32565307617188 239.02159881591797
179.05572509765625 164.48834228515625 200.53375053405762 164.48834228515625 200.53375053405762 238.3727264404297 179.05572509765625 238.3727264404297
175.20263671875 164.8483123779297 196.70595359802246 164.8483123779297 196.70595359802246 238.8197021484375 175.20263671875 238.8197021484375
185.69979858398438 165.64608764648438 207.1934700012207 165.64608764648438 207.1934700012207 239.58428955078125 185.69979858398438 239.58428955078125
179.24472045898438 164.94686889648438 201.07410621643066 164.94686889648438 201.07410621643066 240.03993225097656 179.24472045898438 240.03993225097656
183.2976531982422 165.5848846435547 205.08004760742188 165.5848846435547 205.08004760742188 240.51629638671875 183.2976531982422 240.51629638671875
186.0120391845703 165.52627563476562 207.4900016784668 165.52627563476562 207.4900016784668 239.4104461669922 186.0120391845703 239.4104461669922
187.7275848388672 164.8409423828125 209.25361251831055 164.8409423828125 209.25361251831055 238.8904571533203 187.7275848388672 238.8904571533203
188.33340454101562 166.63818359375 209.98180961608887 166.63818359375 209.98180961608887 241.10868072509766 188.33340454101562 241.10868072509766
186.04434204101562 164.5863494873047 207.99973106384277 164.5863494873047 207.99973106384277 240.11287689208984 186.04434204101562 240.11287689208984
182.2843017578125 165.46841430664062 203.96072006225586 165.46841430664062 203.96072006225586 241.04930114746094 182.2843017578125 241.04930114746094
169.56686401367188 168.43807983398438 191.0453643798828 168.43807983398438 191.0453643798828 243.42672729492188 169.56686401367188 243.42672729492188
181.86544799804688 164.7091064453125 203.58734512329102 164.7091064453125 203.58734512329102 241.35344696044922 181.86544799804688 241.35344696044922
159.54489135742188 165.62734985351562 178.38807106018066 165.62734985351562 178.38807106018066 245.10716247558594 159.54489135742188 245.10716247558594
168.33407592773438 167.25405883789062 187.11198806762695 167.25405883789062 187.11198806762695 246.78443908691406 168.33407592773438 246.78443908691406
183.07106018066406 165.71115112304688 204.55356216430664 165.71115112304688 204.55356216430664 242.84957122802734 183.07106018066406 242.84957122802734
166.0220184326172 168.430419921875 186.24365615844727 168.430419921875 186.24365615844727 247.09413146972656 166.0220184326172 247.09413146972656
172.3218536376953 166.0101776123047 193.89602279663086 166.0101776123047 193.89602279663086 243.80926513671875 172.3218536376953 243.80926513671875
173.11520385742188 166.65219116210938 195.04107475280762 166.65219116210938 195.04107475280762 243.848876953125 173.11520385742188 243.848876953125
173.8164520263672 164.46746826171875 196.1755199432373 164.46746826171875 196.1755199432373 241.38263702392578 173.8164520263672 241.38263702392578
173.82479858398438 163.6552276611328 196.38445472717285 163.6552276611328 196.38445472717285 241.26041412353516 173.82479858398438 241.26041412353516
173.96438598632812 162.91024780273438 196.52581024169922 162.91024780273438 196.52581024169922 240.52152252197266 173.96438598632812 240.52152252197266
173.3928680419922 164.25210571289062 195.3246955871582 164.25210571289062 195.3246955871582 239.69757080078125 173.3928680419922 239.69757080078125
173.72628784179688 163.6947784423828 195.51249885559082 163.6947784423828 195.51249885559082 238.63932037353516 173.72628784179688 238.63932037353516
174.58250427246094 163.54750061035156 196.44871520996094 163.54750061035156 196.44871520996094 238.76724243164062 174.58250427246094 238.76724243164062
174.25588989257812 165.14224243164062 195.92268562316895 165.14224243164062 195.92268562316895 239.6760025024414 174.25588989257812 239.6760025024414
173.2178497314453 166.2345428466797 194.97672271728516 166.2345428466797 194.97672271728516 241.08505249023438 173.2178497314453 241.08505249023438
176.33740234375 165.396484375 198.03564071655273 165.396484375 198.03564071655273 240.0384063720703 176.33740234375 240.0384063720703
174.71942138671875 169.79421997070312 196.23916816711426 169.79421997070312 196.23916816711426 243.82213592529297 174.71942138671875 243.82213592529297
173.4415283203125 168.6476287841797 194.59740257263184 168.6476287841797 194.59740257263184 241.423828125 173.4415283203125 241.423828125
176.6019287109375 167.7880096435547 197.92180061340332 167.7880096435547 197.92180061340332 241.12836456298828 176.6019287109375 241.12836456298828
182.93455505371094 166.49050903320312 204.3087100982666 166.49050903320312 204.3087100982666 240.01759338378906 182.93455505371094 240.01759338378906
177.4451141357422 163.8822479248047 199.01513862609863 163.8822479248047 199.01513862609863 238.0831298828125 177.4451141357422 238.0831298828125
177.9392852783203 164.90658569335938 199.33021354675293 164.90658569335938 199.33021354675293 238.4913787841797 177.9392852783203 238.4913787841797
174.61512756347656 166.8653106689453 195.78530311584473 166.8653106689453 195.78530311584473 239.69071197509766 174.61512756347656 239.69071197509766
175.5752410888672 167.78475952148438 196.41174697875977 167.78475952148438 196.41174697875977 242.1904754638672 175.5752410888672 242.1904754638672
175.46011352539062 166.76560974121094 197.05861854553223 166.76560974121094 197.05861854553223 241.0644760131836 175.46011352539062 241.0644760131836
175.282470703125 166.61349487304688 196.53389358520508 166.61349487304688 196.53389358520508 239.71839904785156 175.282470703125 239.71839904785156
173.7968292236328 167.065185546875 194.7988452911377 167.065185546875 194.7988452911377 239.3121337890625 173.7968292236328 239.3121337890625
174.8615264892578 166.66073608398438 195.9984245300293 166.66073608398438 195.9984245300293 239.3716812133789 174.8615264892578 239.3716812133789
174.10443115234375 165.80429077148438 195.3465118408203 165.80429077148438 195.3465118408203 238.87706756591797 174.10443115234375 238.87706756591797
174.23081970214844 166.8324737548828 195.31599044799805 166.8324737548828 195.31599044799805 239.365478515625 174.23081970214844 239.365478515625
173.9757537841797 166.36373901367188 195.13830184936523 166.36373901367188 195.13830184936523 239.1629180908203 173.9757537841797 239.1629180908203
172.50930786132812 167.77413940429688 193.75429344177246 167.77413940429688 193.75429344177246 240.85689544677734 172.50930786132812 240.85689544677734
170.7275848388672 170.35182189941406 191.82563972473145 170.35182189941406 191.82563972473145 242.92913818359375 170.7275848388672 242.92913818359375
172.98953247070312 167.956298828125 193.8703670501709 167.956298828125 193.8703670501709 239.786376953125 172.98953247070312 239.786376953125
171.87916564941406 166.7457275390625 192.77344703674316 166.7457275390625 192.77344703674316 238.62206268310547 171.87916564941406 238.62206268310547
171.96035766601562 169.63558959960938 192.5394172668457 169.63558959960938 192.5394172668457 243.09133911132812 171.96035766601562 243.09133911132812
171.5070343017578 166.7065887451172 192.49996757507324 166.7065887451172 192.49996757507324 238.9222869873047 171.5070343017578 238.9222869873047
171.1329345703125 168.96524047851562 191.98076629638672 168.96524047851562 191.98076629638672 240.68179321289062 171.1329345703125 240.68179321289062
172.49758911132812 168.2154083251953 193.49118995666504 168.2154083251953 193.49118995666504 240.43341064453125 172.49758911132812 240.43341064453125
172.41793823242188 168.77719116210938 193.31557655334473 168.77719116210938 193.31557655334473 240.6650848388672 172.41793823242188 240.6650848388672
173.13218688964844 167.21310424804688 194.01560592651367 167.21310424804688 194.01560592651367 239.05208587646484 173.13218688964844 239.05208587646484
172.47035217285156 167.88034057617188 193.53089332580566 167.88034057617188 193.53089332580566 240.32862091064453 172.47035217285156 240.32862091064453
172.40646362304688 166.58592224121094 193.5671501159668 166.58592224121094 193.5671501159668 239.3787078857422 172.40646362304688 239.3787078857422
172.25497436523438 166.53323364257812 193.2455234527588 166.53323364257812 193.2455234527588 238.74073791503906 172.25497436523438 238.74073791503906
172.33639526367188 168.38003540039062 193.2949447631836 168.38003540039062 193.2949447631836 240.4774627685547 172.33639526367188 240.4774627685547
172.16720581054688 165.92111206054688 193.37589263916016 165.92111206054688 193.37589263916016 238.87901306152344 172.16720581054688 238.87901306152344
169.91781616210938 164.94248962402344 190.83437728881836 164.94248962402344 190.83437728881836 242.03013610839844 169.91781616210938 242.03013610839844
170.84521484375 164.24415588378906 192.55731582641602 164.24415588378906 192.55731582641602 241.82635498046875 170.84521484375 241.82635498046875
171.35360717773438 163.79568481445312 193.83571815490723 163.79568481445312 193.83571815490723 241.13417053222656 171.35360717773438 241.13417053222656
172.42906188964844 165.11788940429688 194.7455825805664 165.11788940429688 194.7455825805664 241.8867416381836 172.42906188964844 241.8867416381836
171.8515625 164.765625 193.87460708618164 164.765625 193.87460708618164 240.52491760253906 171.8515625 240.52491760253906
170.675048828125 164.2505645751953 190.8740692138672 164.2505645751953 190.8740692138672 241.73043060302734 170.675048828125 241.73043060302734
169.88470458984375 165.17556762695312 191.0661964416504 165.17556762695312 191.0661964416504 242.0251693725586 169.88470458984375 242.0251693725586
171.25424194335938 168.13943481445312 192.8687801361084 168.13943481445312 192.8687801361084 242.4934539794922 171.25424194335938 242.4934539794922
172.2019805908203 165.36929321289062 194.1658763885498 165.36929321289062 194.1658763885498 240.92510986328125 172.2019805908203 240.92510986328125
172.31393432617188 165.42251586914062 194.23212051391602 165.42251586914062 194.23212051391602 240.8210906982422 172.31393432617188 240.8210906982422
172.3584442138672 168.1824493408203 193.77112770080566 168.1824493408203 193.77112770080566 241.84209442138672 172.3584442138672 241.84209442138672
173.28311157226562 167.4254150390625 194.79436111450195 167.4254150390625 194.79436111450195 241.4241180419922 173.28311157226562 241.4241180419922
172.23011779785156 167.75233459472656 193.63178825378418 167.75233459472656 193.63178825378418 241.37408447265625 172.23011779785156 241.37408447265625
171.64291381835938 167.1217498779297 191.75415229797363 167.1217498779297 191.75415229797363 241.4198760986328 171.64291381835938 241.4198760986328
171.53317260742188 169.7238311767578 192.35416221618652 169.7238311767578 192.35416221618652 241.34803009033203 171.53317260742188 241.34803009033203
170.59475708007812 167.05126953125 191.0243682861328 167.05126953125 191.0243682861328 239.09938049316406 170.59475708007812 239.09938049316406
172.19142150878906 168.7659149169922 192.6477165222168 168.7659149169922 192.6477165222168 239.13555908203125 172.19142150878906 239.13555908203125
172.79122924804688 166.9330596923828 193.21792030334473 166.9330596923828 193.21792030334473 237.20086669921875 172.79122924804688 237.20086669921875
174.26480102539062 165.40396118164062 194.79547309875488 165.40396118164062 194.79547309875488 236.0294647216797 174.26480102539062 236.0294647216797
171.52171325683594 168.19647216796875 192.2269515991211 168.19647216796875 192.2269515991211 239.42249298095703 171.52171325683594 239.42249298095703
173.11569213867188 168.15237426757812 193.7624282836914 168.15237426757812 193.7624282836914 239.17715454101562 173.11569213867188 239.17715454101562
174.00143432617188 169.00233459472656 194.0086154937744 169.00233459472656 194.0086154937744 237.82704162597656 174.00143432617188 237.82704162597656
172.65966796875 167.8017578125 192.7101230621338 167.8017578125 192.7101230621338 236.77532958984375 172.65966796875 236.77532958984375
174.692626953125 168.2456512451172 195.00291442871094 168.2456512451172 195.00291442871094 238.113037109375 174.692626953125 238.113037109375
173.12867736816406 169.105224609375 193.52703475952148 169.105224609375 193.52703475952148 239.27557373046875 173.12867736816406 239.27557373046875
173.74169921875 166.60011291503906 194.26461601257324 166.60011291503906 194.26461601257324 237.19894409179688 173.74169921875 237.19894409179688
173.5682830810547 168.7727508544922 194.2603816986084 168.7727508544922 194.2603816986084 239.95357513427734 173.5682830810547 239.95357513427734
173.50169372558594 169.64190673828125 194.05298805236816 169.64190673828125 194.05298805236816 240.33836364746094 173.50169372558594 240.33836364746094
173.35910034179688 167.433349609375 193.95695304870605 167.433349609375 193.95695304870605 238.2899627685547 173.35910034179688 238.2899627685547
173.57546997070312 168.20596313476562 193.91717529296875 168.20596313476562 193.91717529296875 238.18143463134766 173.57546997070312 238.18143463134766
174.09786987304688 168.38027954101562 194.11767578125 168.38027954101562 194.11767578125 237.24842071533203 174.09786987304688 237.24842071533203
173.95542907714844 167.9132537841797 194.19399642944336 167.9132537841797 194.19399642944336 237.533935546875 173.95542907714844 237.533935546875
173.8075714111328 168.71463012695312 193.91914749145508 168.71463012695312 193.91914749145508 237.8984603881836 173.8075714111328 237.8984603881836
174.40875244140625 168.59710693359375 194.30169486999512 168.59710693359375 194.30169486999512 237.02883911132812 174.40875244140625 237.02883911132812
173.78347778320312 167.94772338867188 193.73641204833984 167.94772338867188 193.73641204833984 236.58582305908203 173.78347778320312 236.58582305908203
174.40187072753906 167.506591796875 194.27761840820312 167.506591796875 194.27761840820312 235.8791732788086 174.40187072753906 235.8791732788086
174.645263671875 167.9409637451172 194.6819553375244 167.9409637451172 194.6819553375244 236.86719512939453 174.645263671875 236.86719512939453
173.37551879882812 168.7516632080078 193.58476638793945 168.7516632080078 193.58476638793945 238.271484375 173.37551879882812 238.271484375
174.0462646484375 169.4523162841797 194.34920120239258 169.4523162841797 194.34920120239258 239.29441833496094 174.0462646484375 239.29441833496094
174.24916076660156 166.66421508789062 194.51411819458008 166.66421508789062 194.51411819458008 236.37566375732422 174.24916076660156 236.37566375732422
173.7478790283203 168.7705841064453 193.9410057067871 168.7705841064453 193.9410057067871 238.2349395751953 173.7478790283203 238.2349395751953
174.62728881835938 167.1689453125 194.5880012512207 167.1689453125 194.5880012512207 235.83380126953125 174.62728881835938 235.83380126953125
174.56277465820312 168.39865112304688 194.53652381896973 168.39865112304688 194.53652381896973 237.1083526611328 174.56277465820312 237.1083526611328
174.24740600585938 169.63511657714844 194.16565322875977 169.63511657714844 194.16565322875977 238.15389251708984 174.24740600585938 238.15389251708984
173.71156311035156 169.03392028808594 193.8771095275879 169.03392028808594 193.8771095275879 238.40340423583984 173.71156311035156 238.40340423583984
173.64573669433594 166.6636962890625 194.12100410461426 166.6636962890625 194.12100410461426 237.09861755371094 173.64573669433594 237.09861755371094
173.60635375976562 169.1428680419922 194.10821151733398 169.1428680419922 194.10821151733398 239.6692657470703 173.60635375976562 239.6692657470703
174.32948303222656 166.56320190429688 195.2955150604248 166.56320190429688 195.2955150604248 238.6863555908203 174.32948303222656 238.6863555908203
173.8734588623047 166.81365966796875 194.82780838012695 166.81365966796875 194.82780838012695 238.8966293334961 173.8734588623047 238.8966293334961
174.14816284179688 166.63546752929688 194.98831748962402 166.63546752929688 194.98831748962402 238.3256072998047 174.14816284179688 238.3256072998047
175.16575622558594 166.33767700195312 196.3194236755371 166.33767700195312 196.3194236755371 239.10630798339844 175.16575622558594 239.10630798339844
173.8333282470703 166.07839965820312 194.62751007080078 166.07839965820312 194.62751007080078 237.6103973388672 173.8333282470703 237.6103973388672
173.20326232910156 168.3796844482422 193.9683723449707 168.3796844482422 193.9683723449707 239.8116683959961 173.20326232910156 239.8116683959961
173.09262084960938 170.65695190429688 193.6995964050293 170.65695190429688 193.6995964050293 241.54495239257812 173.09262084960938 241.54495239257812
173.20579528808594 170.55413818359375 193.95553588867188 170.55413818359375 193.95553588867188 241.9332504272461 173.20579528808594 241.9332504272461
173.4866180419922 169.11476135253906 194.1047477722168 169.11476135253906 194.1047477722168 240.0411376953125 173.4866180419922 240.0411376953125
173.90721130371094 166.19351196289062 194.9301815032959 166.19351196289062 194.9301815032959 238.51254272460938 173.90721130371094 238.51254272460938
174.51121520996094 166.4164581298828 195.55748558044434 166.4164581298828 195.55748558044434 238.81564331054688 174.51121520996094 238.81564331054688
173.7550811767578 167.07260131835938 194.83990097045898 167.07260131835938 194.83990097045898 239.6043930053711 173.7550811767578 239.6043930053711
173.40866088867188 167.38754272460938 194.3452091217041 167.38754272460938 194.3452091217041 239.4092788696289 173.40866088867188 239.4092788696289
173.1549530029297 165.3776092529297 193.69472694396973 165.3776092529297 193.69472694396973 236.03443908691406 173.1549530029297 236.03443908691406
173.53448486328125 165.96278381347656 193.99212646484375 165.96278381347656 193.99212646484375 236.33708953857422 173.53448486328125 236.33708953857422
174.1280975341797 166.4293975830078 194.45087242126465 166.4293975830078 194.45087242126465 236.3397674560547 174.1280975341797 236.3397674560547
173.72750854492188 168.7729949951172 193.95989418029785 168.7729949951172 193.95989418029785 238.37242126464844 173.72750854492188 238.37242126464844
173.8643341064453 168.07888793945312 194.12084770202637 168.07888793945312 194.12084770202637 237.76132202148438 173.8643341064453 237.76132202148438
174.06796264648438 168.8569793701172 193.85644912719727 168.8569793701172 193.85644912719727 236.92938995361328 174.06796264648438 236.92938995361328
173.62261962890625 170.27774047851562 193.62492752075195 170.27774047851562 193.62492752075195 239.08570098876953 173.62261962890625 239.08570098876953
173.40676879882812 167.3921661376953 193.67877578735352 167.3921661376953 193.67877578735352 237.12789154052734 173.40676879882812 237.12789154052734
173.8193359375 167.1863555908203 194.2717399597168 167.1863555908203 194.2717399597168 237.5426483154297 173.8193359375 237.5426483154297
173.97769165039062 165.4237518310547 194.18977165222168 165.4237518310547 194.18977165222168 234.95333099365234 173.97769165039062 234.95333099365234
174.05638122558594 167.01443481445312 194.56004333496094 167.01443481445312 194.56004333496094 237.54705047607422 174.05638122558594 237.54705047607422
173.97071838378906 166.66159057617188 194.2677822113037 166.66159057617188 194.2677822113037 236.48350524902344 173.97071838378906 236.48350524902344
173.89151000976562 169.4951629638672 194.2277545928955 169.4951629638672 194.2277545928955 239.45185089111328 173.89151000976562 239.45185089111328
173.65567016601562 166.50241088867188 194.1995906829834 166.50241088867188 194.1995906829834 237.1735076904297 173.65567016601562 237.1735076904297
173.52362060546875 165.7152099609375 194.09945487976074 165.7152099609375 194.09945487976074 236.49609375 173.52362060546875 236.49609375
173.544189453125 168.6776580810547 194.22591590881348 168.6776580810547 194.22591590881348 239.82281494140625 173.544189453125 239.82281494140625
173.07516479492188 168.1927032470703 193.66081619262695 168.1927032470703 193.66081619262695 239.00735473632812 173.07516479492188 239.00735473632812
173.51144409179688 166.8943634033203 194.35623741149902 166.8943634033203 194.35623741149902 238.60047149658203 173.51144409179688 238.60047149658203
172.7300567626953 166.02886962890625 193.52965545654297 166.02886962890625 193.52965545654297 239.33331298828125 172.7300567626953 239.33331298828125
173.3752899169922 166.277099609375 195.08086013793945 166.277099609375 195.08086013793945 240.9442901611328 173.3752899169922 240.9442901611328
172.9990234375 163.74099731445312 195.01501083374023 163.74099731445312 195.01501083374023 239.4760284423828 172.9990234375 239.4760284423828
173.57090759277344 163.15383911132812 195.641508102417 163.15383911132812 195.641508102417 240.58951568603516 173.57090759277344 240.58951568603516
172.0181121826172 163.1253662109375 193.6436767578125 163.1253662109375 193.6436767578125 239.31134033203125 172.0181121826172 239.31134033203125
172.44834899902344 163.89048767089844 194.5271873474121 163.89048767089844 194.5271873474121 239.84172821044922 172.44834899902344 239.84172821044922
173.50160217285156 164.06471252441406 195.45013236999512 164.06471252441406 195.45013236999512 239.56768798828125 173.50160217285156 239.56768798828125
172.61827087402344 165.8714599609375 194.17848014831543 165.8714599609375 194.17848014831543 240.03860473632812 172.61827087402344 240.03860473632812
173.89157104492188 164.06350708007812 195.40209579467773 164.06350708007812 195.40209579467773 238.0597381591797 173.89157104492188 238.0597381591797
173.6248016357422 163.68386840820312 195.2977695465088 163.68386840820312 195.2977695465088 238.23889923095703 173.6248016357422 238.23889923095703
173.6797332763672 165.33831787109375 194.8458023071289 165.33831787109375 194.8458023071289 238.1496124267578 173.6797332763672 238.1496124267578
173.4453582763672 166.6851806640625 194.25435256958008 166.6851806640625 194.25435256958008 238.2681427001953 173.4453582763672 238.2681427001953
173.46812438964844 166.9828338623047 194.17631149291992 166.9828338623047 194.17631149291992 238.2190170288086 173.46812438964844 238.2190170288086
173.29115295410156 167.9008026123047 194.00592422485352 167.9008026123047 194.00592422485352 239.15962982177734 173.29115295410156 239.15962982177734
173.61294555664062 164.1354217529297 194.36123085021973 164.1354217529297 194.36123085021973 235.50953674316406 173.61294555664062 235.50953674316406
173.9124298095703 167.1161346435547 194.29022407531738 167.1161346435547 194.29022407531738 237.21575927734375 173.9124298095703 237.21575927734375
173.8297882080078 166.982177734375 194.4433250427246 166.982177734375 194.4433250427246 237.89275360107422 173.8297882080078 237.89275360107422
174.04763793945312 166.7826690673828 194.3393497467041 166.7826690673828 194.3393497467041 236.58616638183594 174.04763793945312 236.58616638183594
174.24359130859375 167.59579467773438 194.38182640075684 167.59579467773438 194.38182640075684 236.871337890625 174.24359130859375 236.871337890625
173.46067810058594 169.7042694091797 193.68519973754883 169.7042694091797 193.68519973754883 239.27664184570312 173.46067810058594 239.27664184570312
173.6084442138672 167.0676727294922 193.87837409973145 167.0676727294922 193.87837409973145 236.7962417602539 173.6084442138672 236.7962417602539
174.1292724609375 167.87857055664062 194.38475227355957 167.87857055664062 194.38475227355957 237.55742645263672 174.1292724609375 237.55742645263672
173.25296020507812 167.93630981445312 193.96951293945312 167.93630981445312 193.96951293945312 239.2012481689453 173.25296020507812 239.2012481689453
173.21351623535156 167.04153442382812 193.97501182556152 167.04153442382812 193.97501182556152 238.46107482910156 173.21351623535156 238.46107482910156
173.4914093017578 167.97354125976562 194.24307250976562 167.97354125976562 194.24307250976562 239.35926818847656 173.4914093017578 239.35926818847656
173.8229522705078 167.3385772705078 194.6399745941162 167.3385772705078 194.6399745941162 238.94913482666016 173.8229522705078 238.94913482666016
173.76968383789062 164.8700714111328 194.57803535461426 164.8700714111328 194.57803535461426 236.45079803466797 173.76968383789062 236.45079803466797
174.11965942382812 165.06561279296875 195.02543258666992 165.06561279296875 195.02543258666992 236.98147583007812 174.11965942382812 236.98147583007812
174.2550811767578 165.42910766601562 195.0122470855713 165.42910766601562 195.0122470855713 236.83375549316406 174.2550811767578 236.83375549316406
173.82723999023438 166.97740173339844 194.3299903869629 166.97740173339844 194.3299903869629 237.5068588256836 173.82723999023438 237.5068588256836
174.0139923095703 167.900634765625 194.50353050231934 167.900634765625 194.50353050231934 238.3846435546875 174.0139923095703 238.3846435546875
173.133544921875 169.02291870117188 193.58588218688965 169.02291870117188 193.58588218688965 239.3789520263672 173.133544921875 239.3789520263672
173.70201110839844 167.6637725830078 194.24991989135742 167.6637725830078 194.24991989135742 238.34857177734375 173.70201110839844 238.34857177734375
173.65457153320312 167.79310607910156 194.0951042175293 167.79310607910156 194.0951042175293 238.10852813720703 173.65457153320312 238.10852813720703
173.84922790527344 168.73153686523438 194.2007884979248 168.73153686523438 194.2007884979248 238.7408905029297 173.84922790527344 238.7408905029297
173.9556884765625 170.43756103515625 194.04948806762695 170.43756103515625 194.04948806762695 239.56021881103516 173.9556884765625 239.56021881103516
174.00404357910156 167.45266723632812 194.03311157226562 167.45266723632812 194.03311157226562 236.35264587402344 174.00404357910156 236.35264587402344
173.5379180908203 169.19578552246094 193.89169883728027 169.19578552246094 193.89169883728027 239.21277618408203 173.5379180908203 239.21277618408203
173.12576293945312 165.88107299804688 193.50082206726074 165.88107299804688 193.50082206726074 235.9712677001953 173.12576293945312 235.9712677001953
173.50575256347656 169.00636291503906 193.84324073791504 169.00636291503906 193.84324073791504 238.9673080444336 173.50575256347656 238.9673080444336
173.76034545898438 169.40512084960938 194.18599891662598 169.40512084960938 194.18599891662598 239.6693572998047 173.76034545898438 239.6693572998047
173.63247680664062 168.33755493164062 194.1215534210205 168.33755493164062 194.1215534210205 238.81996154785156 173.63247680664062 238.81996154785156
173.2984619140625 167.3641357421875 194.07704544067383 167.3641357421875 194.07704544067383 238.84244537353516 173.2984619140625 238.84244537353516
173.03707885742188 168.93600463867188 193.87553596496582 168.93600463867188 193.87553596496582 240.6202850341797 173.03707885742188 240.6202850341797
172.98289489746094 168.4029083251953 193.64219856262207 168.4029083251953 193.64219856262207 239.47089385986328 172.98289489746094 239.47089385986328
172.318603515625 167.6538848876953 192.9377326965332 167.6538848876953 192.9377326965332 238.58367156982422 172.318603515625 238.58367156982422
173.1428680419922 167.9999542236328 193.74659729003906 167.9999542236328 193.74659729003906 238.87677001953125 173.1428680419922 238.87677001953125
173.71453857421875 167.72665405273438 194.01370811462402 167.72665405273438 194.01370811462402 237.5557861328125 173.71453857421875 237.5557861328125
173.8082275390625 167.30630493164062 194.0096206665039 167.30630493164062 194.0096206665039 236.79908752441406 173.8082275390625 236.79908752441406
173.23709106445312 168.8275146484375 193.4969882965088 168.8275146484375 193.4969882965088 238.52154541015625 173.23709106445312 238.52154541015625
173.89407348632812 167.74691772460938 194.07851791381836 167.74691772460938 194.07851791381836 237.18138885498047 173.89407348632812 237.18138885498047
172.92672729492188 169.3483123779297 193.1483554840088 169.3483123779297 193.1483554840088 238.91070556640625 172.92672729492188 238.91070556640625
173.05557250976562 167.0983428955078 193.16801071166992 167.0983428955078 193.16801071166992 236.28512573242188 173.05557250976562 236.28512573242188
172.88026428222656 168.4805145263672 193.31010246276855 168.4805145263672 193.31010246276855 238.7591552734375 172.88026428222656 238.7591552734375
172.44320678710938 169.64222717285156 192.87469673156738 169.64222717285156 192.87469673156738 239.92654418945312 172.44320678710938 239.92654418945312
172.8479461669922 170.55191040039062 192.80023765563965 170.55191040039062 192.80023765563965 239.18778228759766 172.8479461669922 239.18778228759766
173.3655242919922 167.8753204345703 193.19801902770996 167.8753204345703 193.19801902770996 236.09909057617188 173.3655242919922 236.09909057617188
173.5508270263672 167.21011352539062 193.3468475341797 167.21011352539062 193.3468475341797 235.30841827392578 173.5508270263672 235.30841827392578
174.5833740234375 168.66549682617188 194.5887336730957 168.66549682617188 194.5887336730957 237.4839324951172 174.5833740234375 237.4839324951172
173.88925170898438 169.47915649414062 193.84998893737793 169.47915649414062 193.84998893737793 238.1440887451172 173.88925170898438 238.1440887451172
173.8902130126953 167.7921905517578 193.7034091949463 167.7921905517578 193.7034091949463 235.94957733154297 173.8902130126953 235.94957733154297
174.25552368164062 168.82064819335938 194.1824131011963 168.82064819335938 194.1824131011963 237.369140625 174.25552368164062 237.369140625
174.0734405517578 166.73117065429688 194.47122955322266 166.73117065429688 194.47122955322266 236.89955139160156 174.0734405517578 236.89955139160156
173.85362243652344 165.97021484375 194.3013095855713 165.97021484375 194.3013095855713 236.31024169921875 173.85362243652344 236.31024169921875
173.81256103515625 164.93582153320312 194.19623184204102 164.93582153320312 194.19623184204102 235.05563354492188 173.81256103515625 235.05563354492188
174.12490844726562 168.8340301513672 193.96879196166992 168.8340301513672 193.96879196166992 237.0969696044922 174.12490844726562 237.0969696044922
174.15646362304688 167.3274688720703 194.1477165222168 167.3274688720703 194.1477165222168 236.09735870361328 174.15646362304688 236.09735870361328
173.91464233398438 168.34176635742188 194.03721618652344 168.34176635742188 194.03721618652344 237.5634002685547 173.91464233398438 237.5634002685547
174.35215759277344 166.87332153320312 194.9916934967041 166.87332153320312 194.9916934967041 237.87329864501953 174.35215759277344 237.87329864501953
174.23463439941406 165.5784454345703 195.1313362121582 165.5784454345703 195.1313362121582 237.46308135986328 174.23463439941406 237.46308135986328
174.01600646972656 163.44021606445312 195.0434741973877 163.44021606445312 195.0434741973877 235.77468872070312 174.01600646972656 235.77468872070312
174.785888671875 164.80490112304688 195.69236183166504 164.80490112304688 195.69236183166504 236.72314453125 174.785888671875 236.72314453125
173.55233764648438 164.0000762939453 194.5584373474121 164.0000762939453 194.5584373474121 236.26103973388672 173.55233764648438 236.26103973388672
173.8937225341797 164.1575927734375 195.18895530700684 164.1575927734375 195.18895530700684 237.4131851196289 173.8937225341797 237.4131851196289
175.05990600585938 165.05239868164062 196.0991096496582 165.05239868164062 196.0991096496582 237.42725372314453 175.05990600585938 237.42725372314453
173.6425018310547 165.97967529296875 194.73493576049805 165.97967529296875 194.73493576049805 238.53763580322266 173.6425018310547 238.53763580322266
173.78143310546875 167.0100555419922 194.49316024780273 167.0100555419922 194.49316024780273 238.25838470458984 173.78143310546875 238.25838470458984
173.6026611328125 164.7973175048828 194.5331153869629 164.7973175048828 194.5331153869629 236.79806518554688 173.6026611328125 236.79806518554688
173.75511169433594 166.00369262695312 194.59663009643555 166.00369262695312 194.59663009643555 237.69849395751953 173.75511169433594 237.69849395751953
174.03887939453125 165.90892028808594 194.96933364868164 165.90892028808594 194.96933364868164 237.90966796875 174.03887939453125 237.90966796875
174.18167114257812 162.8703155517578 195.2157325744629 162.8703155517578 195.2157325744629 235.22747039794922 174.18167114257812 235.22747039794922
174.2531280517578 165.2173309326172 195.12487411499023 165.2173309326172 195.12487411499023 237.01611328125 174.2531280517578 237.01611328125
173.40335083007812 166.97373962402344 194.471284866333 166.97373962402344 194.471284866333 239.44740295410156 173.40335083007812 239.44740295410156
173.26394653320312 166.1466064453125 194.62953567504883 166.1466064453125 194.62953567504883 239.64420318603516 173.26394653320312 239.64420318603516
174.11215209960938 166.22341918945312 195.8499698638916 166.22341918945312 195.8499698638916 241.00148010253906 174.11215209960938 241.00148010253906
172.8455810546875 166.25074768066406 194.78186225891113 166.25074768066406 194.78186225891113 241.71151733398438 172.8455810546875 241.71151733398438
173.1700897216797 166.33909606933594 195.26481246948242 166.33909606933594 195.26481246948242 242.34490966796875 173.1700897216797 242.34490966796875
172.7068328857422 168.99745178222656 194.64954376220703 168.99745178222656 194.64954376220703 244.4803466796875 172.7068328857422 244.4803466796875
172.38800048828125 167.1816864013672 194.0387477874756 167.1816864013672 194.0387477874756 241.66021728515625 172.38800048828125 241.66021728515625
173.52261352539062 166.00027465820312 195.32101821899414 166.00027465820312 195.32101821899414 240.98674774169922 173.52261352539062 240.98674774169922
172.99424743652344 165.6243896484375 194.63569831848145 165.6243896484375 194.63569831848145 240.07093811035156 172.99424743652344 240.07093811035156
173.09835815429688 166.68441772460938 194.94193077087402 166.68441772460938 194.94193077087402 241.82626342773438 173.09835815429688 241.82626342773438
172.99588012695312 164.5716094970703 194.83226585388184 164.5716094970703 194.83226585388184 239.68873596191406 172.99588012695312 239.68873596191406
173.1658477783203 166.3744354248047 194.82905197143555 166.3744354248047 194.82905197143555 240.89581298828125 173.1658477783203 240.89581298828125
173.62600708007812 163.25454711914062 195.14387702941895 163.25454711914062 195.14387702941895 237.2759780883789 173.62600708007812 237.2759780883789
172.60546875 165.4888153076172 194.11191368103027 165.4888153076172 194.11191368103027 239.470947265625 172.60546875 239.470947265625
173.22628784179688 165.8262481689453 194.51263809204102 165.8262481689453 194.51263809204102 239.05126190185547 173.22628784179688 239.05126190185547
173.61767578125 165.3733673095703 194.91722297668457 165.3733673095703 194.91722297668457 238.6437759399414 173.61767578125 238.6437759399414
173.33294677734375 166.5432891845703 194.62209510803223 166.5432891845703 194.62209510803223 239.77792358398438 173.33294677734375 239.77792358398438
173.1978302001953 166.5225372314453 194.3772315979004 166.5225372314453 194.3772315979004 239.379638671875 173.1978302001953 239.379638671875
172.6028594970703 167.2829132080078 193.78696060180664 167.2829132080078 193.78696060180664 240.15618133544922 172.6028594970703 240.15618133544922
173.75424194335938 167.5882568359375 194.85327339172363 167.5882568359375 194.85327339172363 240.16888427734375 173.75424194335938 240.16888427734375
173.4063262939453 167.30870056152344 194.33761978149414 167.30870056152344 194.33761978149414 239.31230926513672 173.4063262939453 239.31230926513672
173.43072509765625 166.84715270996094 194.08122634887695 166.84715270996094 194.08122634887695 237.88483428955078 173.43072509765625 237.88483428955078
174.3350067138672 166.78732299804688 194.7763156890869 166.78732299804688 194.7763156890869 237.1053924560547 174.3350067138672 237.1053924560547
173.3081512451172 168.21014404296875 193.9464874267578 168.21014404296875 193.9464874267578 239.20598602294922 173.3081512451172 239.20598602294922
174.5499725341797 166.142578125 195.04795265197754 166.142578125 195.04795265197754 236.6555938720703 174.5499725341797 236.6555938720703
173.7259979248047 168.3452911376953 194.23179817199707 168.3452911376953 194.23179817199707 238.8852081298828 173.7259979248047 238.8852081298828
174.26071166992188 166.79794311523438 194.8215160369873 166.79794311523438 194.8215160369873 237.5270767211914 174.26071166992188 237.5270767211914
173.64096069335938 166.09841918945312 194.6172695159912 166.09841918945312 194.6172695159912 238.25688934326172 173.64096069335938 238.25688934326172
173.8314208984375 169.46170043945312 194.9386863708496 169.46170043945312 194.9386863708496 242.07066345214844 173.8314208984375 242.07066345214844
173.54824829101562 165.7392578125 195.13023948669434 165.7392578125 195.13023948669434 239.9812774658203 173.54824829101562 239.9812774658203
173.40097045898438 163.91738891601562 195.1406593322754 163.91738891601562 195.1406593322754 238.70189666748047 173.40097045898438 238.70189666748047
173.44180297851562 163.4055633544922 195.0514793395996 163.4055633544922 195.0514793395996 237.74282836914062 173.44180297851562 237.74282836914062
173.76669311523438 165.5703887939453 195.54021835327148 165.5703887939453 195.54021835327148 240.4712905883789 173.76669311523438 240.4712905883789
173.129638671875 163.68966674804688 195.18874740600586 163.68966674804688 195.18874740600586 239.5729751586914 173.129638671875 239.5729751586914
173.15077209472656 164.2193603515625 195.38724899291992 164.2193603515625 195.38724899291992 240.71282196044922 173.15077209472656 240.71282196044922
173.4691619873047 164.09078979492188 195.66557121276855 164.09078979492188 195.66557121276855 240.44641876220703 173.4691619873047 240.44641876220703
172.9968719482422 166.3197479248047 195.0388641357422 166.3197479248047 195.0388641357422 242.14418029785156 172.9968719482422 242.14418029785156
173.39328002929688 166.78567504882812 195.16266250610352 166.78567504882812 195.16266250610352 241.67232513427734 173.39328002929688 241.67232513427734
173.5401611328125 166.96621704101562 195.3686180114746 166.96621704101562 195.3686180114746 242.05608367919922 173.5401611328125 242.05608367919922
173.17166137695312 165.2853546142578 195.19243812561035 165.2853546142578 195.19243812561035 241.03679656982422 173.17166137695312 241.03679656982422
173.05276489257812 166.17564392089844 195.37939071655273 166.17564392089844 195.37939071655273 242.9792022705078 173.05276489257812 242.9792022705078
173.73634338378906 166.56756591796875 195.87561416625977 166.56756591796875 195.87561416625977 245.3442611694336 173.73634338378906 245.3442611694336
173.1016082763672 166.80673217773438 195.3633155822754 166.80673217773438 195.3633155822754 243.386962890625 173.1016082763672 243.386962890625
172.73458862304688 164.4412078857422 194.78843879699707 164.4412078857422 194.78843879699707 240.30641174316406 172.73458862304688 240.30641174316406
172.81585693359375 165.7650909423828 194.97535133361816 165.7650909423828 194.97535133361816 241.99370574951172 172.81585693359375 241.99370574951172
174.02554321289062 167.1942596435547 195.9934902191162 167.1942596435547 195.9934902191162 242.76394653320312 174.02554321289062 242.76394653320312
172.93167114257812 165.93507385253906 195.1421356201172 165.93507385253906 195.1421356201172 242.33901977539062 172.93167114257812 242.33901977539062
173.2532958984375 166.8517608642578 195.14125061035156 166.8517608642578 195.14125061035156 242.14627075195312 173.2532958984375 242.14627075195312
173.59255981445312 167.02719116210938 195.30109786987305 167.02719116210938 195.30109786987305 241.7045135498047 173.59255981445312 241.7045135498047
173.03907775878906 164.0422821044922 195.07619094848633 164.0422821044922 195.07619094848633 239.8498992919922 173.03907775878906 239.8498992919922
173.084716796875 164.885009765625 195.1864070892334 164.885009765625 195.1864070892334 240.91477966308594 173.084716796875 240.91477966308594
172.89248657226562 164.82521057128906 194.8129482269287 164.82521057128906 194.8129482269287 240.23155975341797 172.89248657226562 240.23155975341797
172.70407104492188 165.90396118164062 194.64523124694824 165.90396118164062 194.64523124694824 241.3815155029297 172.70407104492188 241.3815155029297
173.1387176513672 164.66177368164062 195.1567668914795 164.66177368164062 195.1567668914795 240.40382385253906 173.1387176513672 240.40382385253906
172.7986297607422 167.66636657714844 194.84059524536133 167.66636657714844 194.84059524536133 243.49068450927734 172.7986297607422 243.49068450927734
173.22576904296875 165.41651916503906 195.38230514526367 165.41651916503906 195.38230514526367 241.63495635986328 173.22576904296875 241.63495635986328
172.9033966064453 167.91561889648438 195.00479888916016 167.91561889648438 195.00479888916016 243.94439697265625 172.9033966064453 243.94439697265625
172.46469116210938 165.27047729492188 194.7750701904297 165.27047729492188 194.7750701904297 242.01813507080078 172.46469116210938 242.01813507080078
172.4089813232422 164.36685180664062 194.64428901672363 164.36685180664062 194.64428901672363 240.85626983642578 172.4089813232422 240.85626983642578
173.35540771484375 164.9427947998047 195.50144577026367 164.9427947998047 195.50144577026367 241.12512969970703 173.35540771484375 241.12512969970703
173.04373168945312 163.76193237304688 195.50439071655273 163.76193237304688 195.50439071655273 241.02655792236328 173.04373168945312 241.02655792236328
173.11294555664062 165.57803344726562 194.70086097717285 165.57803344726562 194.70086097717285 239.84042358398438 173.11294555664062 239.84042358398438
172.8172607421875 164.88694763183594 194.67997550964355 164.88694763183594 194.67997550964355 240.09464263916016 172.8172607421875 240.09464263916016
172.86032104492188 165.40792846679688 194.88238906860352 165.40792846679688 194.88238906860352 241.16380310058594 172.86032104492188 241.16380310058594
172.17227172851562 166.20321655273438 193.97159957885742 166.20321655273438 193.97159957885742 241.19285583496094 172.17227172851562 241.19285583496094
173.20108032226562 164.7963104248047 194.69110488891602 164.7963104248047 194.69110488891602 238.7219467163086 173.20108032226562 238.7219467163086
173.21450805664062 163.76527404785156 195.00367164611816 163.76527404785156 195.00367164611816 238.71995544433594 173.21450805664062 238.71995544433594
174.1583251953125 165.2753448486328 196.03429985046387 165.2753448486328 196.03429985046387 240.52865600585938 174.1583251953125 240.52865600585938
172.70596313476562 165.2544708251953 195.00266456604004 165.2544708251953 195.00266456604004 241.955078125 172.70596313476562 241.955078125
172.6627197265625 164.49984741210938 194.56062507629395 164.49984741210938 194.56062507629395 239.82859802246094 172.6627197265625 239.82859802246094
173.59095764160156 166.3209686279297 195.26802253723145 166.3209686279297 195.26802253723145 240.8900375366211 173.59095764160156 240.8900375366211
173.7013397216797 163.0286865234375 195.38240432739258 163.0286865234375 195.38240432739258 237.61151123046875 173.7013397216797 237.61151123046875
172.91305541992188 164.264404296875 194.44989585876465 164.264404296875 194.44989585876465 238.3510971069336 172.91305541992188 238.3510971069336
173.544189453125 163.840576171875 195.1891326904297 163.840576171875 195.1891326904297 238.2991485595703 173.544189453125 238.2991485595703
173.6884765625 165.60519409179688 195.2216625213623 165.60519409179688 195.2216625213623 239.6793212890625 173.6884765625 239.6793212890625
173.33413696289062 166.18905639648438 194.87968063354492 166.18905639648438 194.87968063354492 240.30570220947266 173.33413696289062 240.30570220947266
173.74429321289062 163.65663146972656 195.30656814575195 163.65663146972656 195.30656814575195 237.8308334350586 173.74429321289062 237.8308334350586
173.26513671875 165.861572265625 194.9807949066162 165.861572265625 194.9807949066162 240.56340789794922 173.26513671875 240.56340789794922
173.1984100341797 164.98092651367188 195.21976470947266 164.98092651367188 195.21976470947266 240.7343521118164 173.1984100341797 240.7343521118164
172.55514526367188 163.81521606445312 194.6033115386963 163.81521606445312 194.6033115386963 239.6608657836914 172.55514526367188 239.6608657836914
173.3345489501953 166.35533142089844 194.79399871826172 166.35533142089844 194.79399871826172 240.1758041381836 173.3345489501953 240.1758041381836
173.5870819091797 163.8394775390625 194.88931274414062 163.8394775390625 194.88931274414062 237.11912536621094 173.5870819091797 237.11912536621094
173.577880859375 165.8340606689453 194.7132740020752 165.8340606689453 194.7132740020752 238.539794921875 173.577880859375 238.539794921875
173.804931640625 165.92189025878906 194.96834182739258 165.92189025878906 194.96834182739258 238.7239990234375 173.804931640625 238.7239990234375
173.36215209960938 166.65127563476562 194.3169403076172 166.65127563476562 194.3169403076172 238.73572540283203 173.36215209960938 238.73572540283203
173.0811309814453 166.15643310546875 194.14361953735352 166.15643310546875 194.14361953735352 238.6113739013672 173.0811309814453 238.6113739013672
173.183837890625 165.87744140625 194.6206569671631 165.87744140625 194.6206569671631 239.6200942993164 173.183837890625 239.6200942993164
174.16639709472656 164.46060180664062 195.77228355407715 164.46060180664062 195.77228355407715 238.78484344482422 174.16639709472656 238.78484344482422
173.36074829101562 165.1847381591797 195.32550048828125 165.1847381591797 195.32550048828125 240.74347686767578 173.36074829101562 240.74347686767578
173.36343383789062 165.1125030517578 194.95551109313965 165.1125030517578 194.95551109313965 239.38924407958984 173.36343383789062 239.38924407958984
173.76080322265625 163.8244171142578 195.26675033569336 163.8244171142578 195.26675033569336 237.80487060546875 173.76080322265625 237.80487060546875
173.63973999023438 166.4196014404297 195.20228958129883 166.4196014404297 195.20228958129883 240.5947723388672 173.63973999023438 240.5947723388672
173.25625610351562 164.53050231933594 194.94289207458496 164.53050231933594 194.94289207458496 239.13253021240234 173.25625610351562 239.13253021240234
173.39596557617188 163.1076202392578 195.16408157348633 163.1076202392578 195.16408157348633 237.98993682861328 173.39596557617188 237.98993682861328
172.68466186523438 164.5067901611328 194.4242286682129 164.5067901611328 194.4242286682129 239.2908935546875 172.68466186523438 239.2908935546875
173.9470672607422 163.92385864257812 195.77413749694824 163.92385864257812 195.77413749694824 239.00897216796875 173.9470672607422 239.00897216796875
173.1170654296875 163.72142028808594 194.9776496887207 163.72142028808594 194.9776496887207 238.92182159423828 173.1170654296875 238.92182159423828
173.18841552734375 163.49301147460938 195.0275993347168 163.49301147460938 195.0275993347168 238.6197967529297 173.18841552734375 238.6197967529297
173.0679473876953 164.20950317382812 194.9302101135254 164.20950317382812 194.9302101135254 239.41567993164062 173.0679473876953 239.41567993164062
172.90213012695312 162.87167358398438 194.5432949066162 162.87167358398438 194.5432949066162 237.31727600097656 172.90213012695312 237.31727600097656
174.0223846435547 163.67581176757812 195.49399375915527 163.67581176757812 195.49399375915527 237.53813934326172 174.0223846435547 237.53813934326172
173.8226318359375 166.5411376953125 195.11616897583008 166.5411376953125 195.11616897583008 239.7908935546875 173.8226318359375 239.7908935546875
173.9905548095703 165.88597106933594 195.13221740722656 165.88597106933594 195.13221740722656 238.61328125 173.9905548095703 238.61328125
173.32119750976562 167.53555297851562 193.9677619934082 167.53555297851562 193.9677619934082 238.5597381591797 173.32119750976562 238.5597381591797
173.65066528320312 168.04266357421875 194.05759048461914 168.04266357421875 194.05759048461914 238.24248504638672 173.65066528320312 238.24248504638672
174.73489379882812 166.0694122314453 195.08864212036133 166.0694122314453 195.08864212036133 236.0863037109375 174.73489379882812 236.0863037109375
173.79869079589844 165.3333282470703 194.29937744140625 165.3333282470703 194.29937744140625 235.8556900024414 173.79869079589844 235.8556900024414
173.1888427734375 167.26759338378906 193.9468059539795 167.26759338378906 193.9468059539795 238.67498779296875 173.1888427734375 238.67498779296875
173.7855987548828 165.37332153320312 194.4047565460205 165.37332153320312 194.4047565460205 236.30323028564453 173.7855987548828 236.30323028564453
173.12994384765625 167.16494750976562 193.97562217712402 167.16494750976562 193.97562217712402 238.87408447265625 173.12994384765625 238.87408447265625
173.98477172851562 166.65011596679688 194.56950759887695 166.65011596679688 194.56950759887695 237.46161651611328 173.98477172851562 237.46161651611328
174.27606201171875 165.69729614257812 195.35372924804688 165.69729614257812 195.35372924804688 238.20447540283203 174.27606201171875 238.20447540283203
173.63185119628906 165.00543212890625 194.58611869812012 165.00543212890625 194.58611869812012 237.08811950683594 173.63185119628906 237.08811950683594
173.54542541503906 165.85391235351562 194.57845497131348 165.85391235351562 194.57845497131348 238.2075424194336 173.54542541503906 238.2075424194336
173.77732849121094 162.85586547851562 195.16152000427246 162.85586547851562 195.16152000427246 236.41749572753906 173.77732849121094 236.41749572753906
173.72462463378906 166.15005493164062 195.12886428833008 166.15005493164062 195.12886428833008 239.7806396484375 173.72462463378906 239.7806396484375
174.01890563964844 163.6623077392578 195.36831092834473 163.6623077392578 195.36831092834473 237.10426330566406 174.01890563964844 237.10426330566406
173.1358184814453 161.56814575195312 194.94962120056152 161.56814575195312 194.94962120056152 236.60763549804688 173.1358184814453 236.60763549804688
172.80738830566406 164.61480712890625 194.63382720947266 164.61480712890625 194.63382720947266 239.69776916503906 172.80738830566406 239.69776916503906
173.44894409179688 163.03262329101562 195.5079574584961 163.03262329101562 195.5079574584961 238.91564178466797 173.44894409179688 238.91564178466797
173.26278686523438 162.95004272460938 195.24300956726074 162.95004272460938 195.24300956726074 238.56201171875 173.26278686523438 238.56201171875
173.68629455566406 163.4120330810547 195.83233261108398 163.4120330810547 195.83233261108398 239.5944061279297 173.68629455566406 239.5944061279297
173.22573852539062 165.3444366455078 195.20212173461914 165.3444366455078 195.20212173461914 240.94320678710938 173.22573852539062 240.94320678710938
173.33779907226562 162.9892120361328 195.500244140625 162.9892120361328 195.500244140625 239.22802734375 173.33779907226562 239.22802734375
173.40798950195312 164.07778930664062 195.57590293884277 164.07778930664062 195.57590293884277 240.33541870117188 173.40798950195312 240.33541870117188
173.49313354492188 163.46090698242188 195.57894325256348 163.46090698242188 195.57894325256348 239.43610382080078 173.49313354492188 239.43610382080078
173.43087768554688 165.5780487060547 195.44264221191406 165.5780487060547 195.44264221191406 241.29853057861328 173.43087768554688 241.29853057861328
173.2490997314453 164.6180877685547 195.01518630981445 164.6180877685547 195.01518630981445 239.49343872070312 173.2490997314453 239.49343872070312
173.3361358642578 165.71994018554688 194.79456901550293 165.71994018554688 194.79456901550293 239.5369644165039 173.3361358642578 239.5369644165039
173.5524444580078 166.20620727539062 195.04111862182617 166.20620727539062 195.04111862182617 240.12726593017578 173.5524444580078 240.12726593017578
173.8291015625 165.2501983642578 195.35831260681152 165.2501983642578 195.35831260681152 239.31069946289062 173.8291015625 239.31069946289062
173.59481811523438 165.2704315185547 194.74636459350586 165.2704315185547 194.74636459350586 238.03176879882812 173.59481811523438 238.03176879882812
174.06887817382812 166.02224731445312 195.44097900390625 166.02224731445312 195.44097900390625 239.54228973388672 174.06887817382812 239.54228973388672
173.26840209960938 167.66342163085938 194.17177963256836 167.66342163085938 194.17177963256836 239.57105255126953 173.26840209960938 239.57105255126953
