472.0 194.0 486.0 194.0 486.0 231.0 472.0 231.0
470.46380615234375 194.11618041992188 483.7998752593994 194.11618041992188 483.7998752593994 230.6892967224121 470.46380615234375 230.6892967224121
469.061767578125 193.97552490234375 482.4680652618408 193.97552490234375 482.4680652618408 231.27796173095703 469.061767578125 231.27796173095703
467.9368591308594 194.62721252441406 481.20020294189453 194.62721252441406 481.20020294189453 229.7030372619629 467.9368591308594 229.7030372619629
465.84014892578125 193.99180603027344 478.7739839553833 193.99180603027344 478.7739839553833 229.96978759765625 465.84014892578125 229.96978759765625
464.53277587890625 194.11782836914062 477.57763957977295 194.11782836914062 477.57763957977295 229.42183303833008 464.53277587890625 229.42183303833008
463.70660400390625 193.06356811523438 475.98089027404785 193.06356811523438 475.98089027404785 229.29551315307617 463.70660400390625 229.29551315307617
461.7820739746094 193.7088165283203 475.72883796691895 193.7088165283203 475.72883796691895 229.49646759033203 461.7820739746094 229.49646759033203
461.87445068359375 192.91537475585938 474.66816425323486 192.91537475585938 474.66816425323486 230.74739456176758 461.87445068359375 230.74739456176758
462.5189514160156 194.5713348388672 476.99701499938965 194.5713348388672 476.99701499938965 232.83478546142578 462.5189514160156 232.83478546142578
457.84979248046875 195.04806518554688 471.3780460357666 195.04806518554688 471.3780460357666 230.41736221313477 457.84979248046875 230.41736221313477
456.340087890625 194.22552490234375 469.8907518386841 194.22552490234375 469.8907518386841 230.32891082763672 456.340087890625 230.32891082763672
454.8387756347656 194.84686279296875 468.4820375442505 194.84686279296875 468.4820375442505 228.52917861938477 454.8387756347656 228.52917861938477
454.4064025878906 193.40023803710938 467.66522789001465 193.40023803710938 467.66522789001465 229.49071502685547 454.4064025878906 229.49071502685547
452.74481201171875 194.0266571044922 466.12951469421387 194.0266571044922 466.12951469421387 229.15478134155273 452.74481201171875 229.15478134155273
451.5535583496094 195.05780029296875 465.27675342559814 195.05780029296875 465.27675342559814 228.80855178833008 451.5535583496094 228.80855178833008
449.9964904785156 195.22970581054688 464.21278858184814 195.22970581054688 464.21278858184814 228.16415786743164 449.9964904785156 228.16415786743164
448.294189453125 195.3690948486328 463.39573192596436 195.3690948486328 463.39573192596436 229.72887420654297 448.294189453125 229.72887420654297
448.40069580078125 195.3954315185547 461.6017589569092 195.3954315185547 461.6017589569092 230.52152252197266 448.40069580078125 230.52152252197266
445.4989318847656 193.7174072265625 459.8398313522339 193.7174072265625 459.8398313522339 230.41558837890625 445.4989318847656 230.41558837890625
444.703125 193.87303161621094 459.6252975463867 193.87303161621094 459.6252975463867 230.14896392822266 444.703125 230.14896392822266
443.20867919921875 193.60855102539062 457.12747955322266 193.60855102539062 457.12747955322266 230.12235641479492 443.20867919921875 230.12235641479492
441.9414978027344 193.75509643554688 455.1837558746338 193.75509643554688 455.1837558746338 229.89305877685547 441.9414978027344 229.89305877685547
441.05828857421875 193.07199096679688 453.83400535583496 193.07199096679688 453.83400535583496 229.64501190185547 441.05828857421875 229.64501190185547
439.9376525878906 193.37136840820312 452.9621477127075 193.37136840820312 452.9621477127075 230.71893692016602 439.9376525878906 230.71893692016602
440.547119140625 192.96463012695312 454.4981460571289 192.96463012695312 454.4981460571289 230.44937133789062 440.547119140625 230.44937133789062
438.0773010253906 192.8214111328125 451.69453144073486 192.8214111328125 451.69453144073486 229.29735946655273 438.0773010253906 229.29735946655273
438.2657165527344 193.8891143798828 452.0208492279053 193.8891143798828 452.0208492279053 229.5459861755371 438.2657165527344 229.5459861755371
436.2174377441406 192.6645965576172 449.8410768508911 192.6645965576172 449.8410768508911 229.08619689941406 436.2174377441406 229.08619689941406
437.4440002441406 194.28016662597656 451.6090545654297 194.28016662597656 451.6090545654297 231.71637344360352 437.4440002441406 231.71637344360352
431.3091735839844 192.59791564941406 444.73863983154297 192.59791564941406 444.73863983154297 228.95248413085938 431.3091735839844 228.95248413085938
431.2259826660156 190.9571990966797 443.8227252960205 190.9571990966797 443.8227252960205 227.5009536743164 431.2259826660156 227.5009536743164
429.2178649902344 189.72544860839844 442.53581047058105 189.72544860839844 442.53581047058105 227.51990509033203 429.2178649902344 227.51990509033203
427.9833068847656 191.88150024414062 442.0166349411011 191.88150024414062 442.0166349411011 227.67353439331055 427.9833068847656 227.67353439331055
426.475341796875 191.4600830078125 440.70707988739014 191.4600830078125 440.70707988739014 227.71822357177734 426.475341796875 227.71822357177734
424.1944885253906 190.30197143554688 438.9689636230469 190.30197143554688 438.9689636230469 229.4441032409668 424.1944885253906 229.4441032409668
421.5198669433594 189.3646697998047 435.87512397766113 189.3646697998047 435.87512397766113 226.42744064331055 421.5198669433594 226.42744064331055
419.24267578125 190.7999725341797 433.8208589553833 190.7999725341797 433.8208589553833 227.8391342163086 419.24267578125 227.8391342163086
418.1983337402344 192.54734802246094 433.2278881072998 192.54734802246094 433.2278881072998 228.1164207458496 418.1983337402344 228.1164207458496
417.3128967285156 192.68844604492188 431.9957151412964 192.68844604492188 431.9957151412964 227.95452117919922 417.3128967285156 227.95452117919922
418.6023864746094 191.0293731689453 433.0742931365967 191.0293731689453 433.0742931365967 229.2302017211914 418.6023864746094 229.2302017211914
414.74114990234375 191.28941345214844 429.0032014846802 191.28941345214844 429.0032014846802 227.30831146240234 414.74114990234375 227.30831146240234
413.672607421875 191.82077026367188 427.8030948638916 191.82077026367188 427.8030948638916 227.99441146850586 413.672607421875 227.99441146850586
412.34625244140625 192.263427734375 426.0275421142578 192.263427734375 426.0275421142578 228.75682830810547 412.34625244140625 228.75682830810547
410.787841796875 192.92465209960938 424.18715953826904 192.92465209960938 424.18715953826904 229.2196044921875 410.787841796875 229.2196044921875
409.4153747558594 192.46249389648438 422.64716625213623 192.46249389648438 422.64716625213623 228.71603393554688 409.4153747558594 228.71603393554688
408.7740173339844 193.3534698486328 422.27338218688965 193.3534698486328 422.27338218688965 229.03034210205078 408.7740173339844 229.03034210205078
406.6651611328125 191.57762145996094 420.02511405944824 191.57762145996094 420.02511405944824 227.97126007080078 406.6651611328125 227.97126007080078
406.060302734375 193.4219207763672 419.7586441040039 193.4219207763672 419.7586441040039 229.62466049194336 406.060302734375 229.62466049194336
404.832275390625 191.56106567382812 417.7204008102417 191.56106567382812 417.7204008102417 227.66635131835938 404.832275390625 227.66635131835938
402.4812316894531 192.87342834472656 414.8142681121826 192.87342834472656 414.8142681121826 229.71378326416016 402.4812316894531 229.71378326416016
401.53826904296875 193.6077423095703 413.92707347869873 193.6077423095703 413.92707347869873 229.2551040649414 401.53826904296875 229.2551040649414
400.2828674316406 192.7633514404297 413.65496826171875 192.7633514404297 413.65496826171875 227.55999374389648 400.2828674316406 227.55999374389648
398.54071044921875 192.9748992919922 412.25429344177246 192.9748992919922 412.25429344177246 229.06775665283203 398.54071044921875 229.06775665283203
396.63104248046875 192.2032012939453 409.3802242279053 192.2032012939453 409.3802242279053 229.10723114013672 396.63104248046875 229.10723114013672
389.48419189453125 193.84767150878906 402.7345962524414 193.84767150878906 402.7345962524414 229.34857559204102 389.48419189453125 229.34857559204102
390.87213134765625 192.21255493164062 403.7055788040161 192.21255493164062 403.7055788040161 227.37224578857422 390.87213134765625 227.37224578857422
389.2123107910156 192.59811401367188 401.2410478591919 192.59811401367188 401.2410478591919 229.5760154724121 389.2123107910156 229.5760154724121
386.22894287109375 193.2716827392578 399.3445768356323 193.2716827392578 399.3445768356323 230.45911407470703 386.22894287109375 230.45911407470703
385.05303955078125 193.337158203125 398.37107276916504 193.337158203125 398.37107276916504 230.64563751220703 385.05303955078125 230.64563751220703
383.7115783691406 190.59402465820312 397.39579486846924 190.59402465820312 397.39579486846924 228.74899673461914 383.7115783691406 228.74899673461914
381.76513671875 193.60610961914062 395.222375869751 193.60610961914062 395.222375869751 229.65253448486328 381.76513671875 229.65253448486328
380.76611328125 193.57852172851562 394.1829357147217 193.57852172851562 394.1829357147217 230.3112030029297 380.76611328125 230.3112030029297
378.202880859375 194.10940551757812 391.403208732605 194.10940551757812 391.403208732605 229.18051528930664 378.202880859375 229.18051528930664
376.1673278808594 192.76229858398438 388.95373821258545 192.76229858398438 388.95373821258545 230.30126190185547 376.1673278808594 230.30126190185547
373.6809997558594 193.79794311523438 387.49184226989746 193.79794311523438 387.49184226989746 228.53580856323242 373.6809997558594 228.53580856323242
373.7818908691406 193.7281951904297 387.4674940109253 193.7281951904297 387.4674940109253 230.64873504638672 373.7818908691406 230.64873504638672
370.59124755859375 192.39308166503906 383.0442476272583 192.39308166503906 383.0442476272583 230.97509384155273 370.59124755859375 230.97509384155273
369.74578857421875 192.16525268554688 382.4367160797119 192.16525268554688 382.4367160797119 229.29157638549805 369.74578857421875 229.29157638549805
367.8060607910156 193.224609375 381.2938232421875 193.224609375 381.2938232421875 227.5442886352539 367.8060607910156 227.5442886352539
366.82904052734375 192.67567443847656 378.9838914871216 192.67567443847656 378.9838914871216 227.9621696472168 366.82904052734375 227.9621696472168
364.840087890625 193.58074951171875 377.94677925109863 193.58074951171875 377.94677925109863 228.2672576904297 364.840087890625 228.2672576904297
364.52728271484375 193.224853515625 377.0876455307007 193.224853515625 377.0876455307007 228.3654556274414 364.52728271484375 228.3654556274414
362.8653869628906 192.5777587890625 375.076078414917 192.5777587890625 375.076078414917 228.10063934326172 362.8653869628906 228.10063934326172
362.1089782714844 192.67288208007812 374.1823673248291 192.67288208007812 374.1823673248291 227.00615692138672 362.1089782714844 227.00615692138672
361.85943603515625 192.04708862304688 373.4092779159546 192.04708862304688 373.4092779159546 227.1617660522461 361.85943603515625 227.1617660522461
360.46441650390625 192.08375549316406 372.0334310531616 192.08375549316406 372.0334310531616 226.48707580566406 360.46441650390625 226.48707580566406
359.4639587402344 191.20773315429688 371.1308841705322 191.20773315429688 371.1308841705322 225.9325408935547 359.4639587402344 225.9325408935547
358.42413330078125 192.21873474121094 370.11912536621094 192.21873474121094 370.11912536621094 225.28521347045898 358.42413330078125 225.28521347045898
357.2475280761719 191.72926330566406 369.0787057876587 191.72926330566406 369.0787057876587 226.0538787841797 357.2475280761719 226.0538787841797
356.5894470214844 192.22398376464844 368.7921190261841 192.22398376464844 368.7921190261841 225.09440231323242 356.5894470214844 225.09440231323242
356.20928955078125 191.8938751220703 367.9800968170166 191.8938751220703 367.9800968170166 224.6347312927246 356.20928955078125 224.6347312927246
354.48870849609375 191.79629516601562 366.743013381958 191.79629516601562 366.743013381958 224.24925994873047 354.48870849609375 224.24925994873047
353.23431396484375 192.6150360107422 366.17438793182373 192.6150360107422 366.17438793182373 223.99212646484375 353.23431396484375 223.99212646484375
353.13836669921875 190.48745727539062 365.8981122970581 190.48745727539062 365.8981122970581 224.20963287353516 353.13836669921875 224.20963287353516
350.94189453125 192.3712158203125 362.69794273376465 192.3712158203125 362.69794273376465 224.82399368286133 350.94189453125 224.82399368286133
350.26434326171875 191.4739227294922 362.1696376800537 191.4739227294922 362.1696376800537 224.05807876586914 350.26434326171875 224.05807876586914
347.98345947265625 193.5836639404297 360.60330390930176 193.5836639404297 360.60330390930176 224.9364070892334 347.98345947265625 224.9364070892334
346.5203552246094 193.51962280273438 358.91368293762207 193.51962280273438 358.91368293762207 224.3234348297119 346.5203552246094 224.3234348297119
346.1878967285156 192.10903930664062 358.7612257003784 192.10903930664062 358.7612257003784 225.33721923828125 346.1878967285156 225.33721923828125
345.61224365234375 191.74124145507812 357.6704273223877 191.74124145507812 357.6704273223877 224.52703475952148 345.61224365234375 224.52703475952148
344.2794189453125 192.5673828125 356.66979789733887 192.5673828125 356.66979789733887 225.45722579956055 344.2794189453125 225.45722579956055
343.8075866699219 191.96322631835938 355.9919652938843 191.96322631835938 355.9919652938843 224.86933135986328 343.8075866699219 224.86933135986328
334.84136962890625 192.26412963867188 347.2173137664795 192.26412963867188 347.2173137664795 225.11588668823242 334.84136962890625 225.11588668823242
331.268798828125 190.1139678955078 343.64115715026855 190.1139678955078 343.64115715026855 222.81233978271484 331.268798828125 222.81233978271484
323.1826477050781 202.97479248046875 335.57697105407715 202.97479248046875 335.57697105407715 235.7312126159668 323.1826477050781 235.7312126159668
307.81475830078125 215.3000030517578 320.1569290161133 215.3000030517578 320.1569290161133 247.91859817504883 307.81475830078125 247.91859817504883
284.78338623046875 214.40896606445312 297.13246726989746 214.40896606445312 297.13246726989746 247.04582595825195 284.78338623046875 247.04582595825195
263.43890380859375 215.7440185546875 275.84407234191895 215.7440185546875 275.84407234191895 248.52910614013672 263.43890380859375 248.52910614013672
271.2017517089844 229.93844604492188 283.27521991729736 229.93844604492188 283.27521991729736 263.1581001281738 271.2017517089844 263.1581001281738
276.26129150390625 224.9849853515625 287.5197401046753 224.9849853515625 287.5197401046753 260.3045845031738 276.26129150390625 260.3045845031738
273.79290771484375 229.6132354736328 286.67784690856934 229.6132354736328 286.67784690856934 263.66628646850586 273.79290771484375 263.66628646850586
273.68719482421875 229.3155059814453 286.51335430145264 229.3155059814453 286.51335430145264 263.2132110595703 273.68719482421875 263.2132110595703
