120.0 153.0 150.0 153.0 150.0 231.0 120.0 231.0
118.6201171875 153.5928192138672 149.29674339294434 153.5928192138672 149.29674339294434 227.95433044433594 118.6201171875 227.95433044433594
118.56187438964844 153.0531005859375 147.2325439453125 153.0531005859375 147.2325439453125 230.7836685180664 118.56187438964844 230.7836685180664
116.2667465209961 153.5938262939453 146.09774017333984 153.5938262939453 146.09774017333984 230.94820404052734 116.2667465209961 230.94820404052734
115.44230651855469 153.7120819091797 144.33527183532715 153.7120819091797 144.33527183532715 229.89032745361328 115.44230651855469 229.89032745361328
115.60554504394531 153.6815948486328 143.4463710784912 153.6815948486328 143.4463710784912 228.44920349121094 115.60554504394531 228.44920349121094
113.36544036865234 152.04225158691406 143.9424114227295 152.04225158691406 143.9424114227295 231.54238891601562 113.36544036865234 231.54238891601562
113.99031066894531 150.586181640625 144.21018600463867 150.586181640625 144.21018600463867 229.15787506103516 113.99031066894531 229.15787506103516
114.91059875488281 153.99124145507812 141.11072731018066 153.99124145507812 141.11072731018066 228.22349548339844 114.91059875488281 228.22349548339844
115.2234878540039 152.55923461914062 141.9040641784668 152.55923461914062 141.9040641784668 228.30389404296875 115.2234878540039 228.30389404296875
116.17745208740234 153.65090942382812 142.05014419555664 153.65090942382812 142.05014419555664 227.36434173583984 116.17745208740234 227.36434173583984
115.40077209472656 155.5390625 142.05203819274902 155.5390625 142.05203819274902 225.81924438476562 115.40077209472656 225.81924438476562
115.09895324707031 155.2333526611328 140.3054313659668 155.2333526611328 140.3054313659668 224.23931121826172 115.09895324707031 224.23931121826172
115.79252624511719 155.3135986328125 144.06435012817383 155.3135986328125 144.06435012817383 225.96994018554688 115.79252624511719 225.96994018554688
115.90718078613281 153.6561279296875 141.3349723815918 153.6561279296875 141.3349723815918 223.8988800048828 115.90718078613281 223.8988800048828
115.38812255859375 153.69918823242188 141.01511192321777 153.69918823242188 141.01511192321777 224.71179962158203 115.38812255859375 224.71179962158203
116.3055648803711 156.38624572753906 143.18349838256836 156.38624572753906 143.18349838256836 223.67868041992188 116.3055648803711 223.67868041992188
116.04536437988281 155.84133911132812 142.3321132659912 155.84133911132812 142.3321132659912 223.56529235839844 116.04536437988281 223.56529235839844
115.8763656616211 155.9048614501953 141.96026229858398 155.9048614501953 141.96026229858398 224.90664672851562 115.8763656616211 224.90664672851562
116.23048400878906 155.30746459960938 142.1346778869629 155.30746459960938 142.1346778869629 224.8133544921875 116.23048400878906 224.8133544921875
116.15802001953125 155.0797576904297 142.0547752380371 155.0797576904297 142.0547752380371 223.17677307128906 116.15802001953125 223.17677307128906
116.409423828125 155.72671508789062 141.8645477294922 155.72671508789062 141.8645477294922 224.05786895751953 116.409423828125 224.05786895751953
116.076171875 155.89468383789062 141.7041130065918 155.89468383789062 141.7041130065918 225.58785247802734 116.076171875 225.58785247802734
116.18388366699219 155.83029174804688 142.4280948638916 155.83029174804688 142.4280948638916 223.4652328491211 116.18388366699219 223.4652328491211
115.9653091430664 154.68731689453125 140.94644737243652 154.68731689453125 140.94644737243652 224.09552764892578 115.9653091430664 224.09552764892578
115.80374908447266 155.68069458007812 141.29995155334473 155.68069458007812 141.29995155334473 223.15452575683594 115.80374908447266 223.15452575683594
116.22233581542969 154.77828979492188 142.3132839202881 154.77828979492188 142.3132839202881 223.97537994384766 116.22233581542969 223.97537994384766
116.7441635131836 156.00155639648438 142.20369338989258 156.00155639648438 142.20369338989258 223.41029357910156 116.7441635131836 223.41029357910156
115.91748046875 155.92648315429688 140.45844078063965 155.92648315429688 140.45844078063965 221.45993041992188 115.91748046875 221.45993041992188
115.6158218383789 154.86965942382812 141.1572151184082 154.86965942382812 141.1572151184082 224.0137481689453 115.6158218383789 224.0137481689453
115.9041519165039 155.57241821289062 141.90783500671387 155.57241821289062 141.90783500671387 224.56419372558594 115.9041519165039 224.56419372558594
116.530029296875 155.5792999267578 142.72374534606934 155.5792999267578 142.72374534606934 222.94989013671875 116.530029296875 222.94989013671875
115.96939849853516 154.49755859375 142.92712020874023 154.49755859375 142.92712020874023 223.8252944946289 115.96939849853516 223.8252944946289
116.29164123535156 154.67555236816406 144.05658531188965 154.67555236816406 144.05658531188965 223.96890258789062 116.29164123535156 223.96890258789062
116.68226623535156 154.62281799316406 143.68226051330566 154.62281799316406 143.68226051330566 224.25604248046875 116.68226623535156 224.25604248046875
115.67268371582031 155.972900390625 141.36801147460938 155.972900390625 141.36801147460938 224.1158905029297 115.67268371582031 224.1158905029297
116.4905014038086 155.06021118164062 143.02743339538574 155.06021118164062 143.02743339538574 223.5348358154297 116.4905014038086 223.5348358154297
116.12042236328125 154.97235107421875 142.90087509155273 154.97235107421875 142.90087509155273 224.59491729736328 116.12042236328125 224.59491729736328
115.89955139160156 154.14964294433594 142.4600372314453 154.14964294433594 142.4600372314453 223.61517333984375 115.89955139160156 223.61517333984375
116.2267837524414 154.29025268554688 143.23145866394043 154.29025268554688 143.23145866394043 224.95237731933594 116.2267837524414 224.95237731933594
116.69527435302734 154.55099487304688 143.70942497253418 154.55099487304688 143.70942497253418 225.9998779296875 116.69527435302734 225.9998779296875
115.74324798583984 155.1822052001953 144.13766860961914 155.1822052001953 144.13766860961914 225.3863983154297 115.74324798583984 225.3863983154297
116.323486328125 154.13525390625 143.4340419769287 154.13525390625 143.4340419769287 225.5338592529297 116.323486328125 225.5338592529297
115.77608489990234 154.211181640625 141.6123390197754 154.211181640625 141.6123390197754 225.9558868408203 115.77608489990234 225.9558868408203
115.70291900634766 154.28524780273438 142.28336906433105 154.28524780273438 142.28336906433105 225.2612762451172 115.70291900634766 225.2612762451172
114.94795989990234 154.24789428710938 141.2812614440918 154.24789428710938 141.2812614440918 226.35358428955078 114.94795989990234 226.35358428955078
115.64788818359375 155.5024871826172 142.16808128356934 155.5024871826172 142.16808128356934 225.75633239746094 115.64788818359375 225.75633239746094
115.63887786865234 153.83578491210938 142.96583366394043 153.83578491210938 142.96583366394043 226.13025665283203 115.63887786865234 226.13025665283203
116.0488510131836 155.55239868164062 142.35207748413086 155.55239868164062 142.35207748413086 223.49708557128906 116.0488510131836 223.49708557128906
116.65489196777344 154.80160522460938 143.60638809204102 154.80160522460938 143.60638809204102 224.90882110595703 116.65489196777344 224.90882110595703
116.27894592285156 155.12574768066406 144.46802139282227 155.12574768066406 144.46802139282227 224.03555297851562 116.27894592285156 224.03555297851562
116.26190185546875 155.17300415039062 143.21611404418945 155.17300415039062 143.21611404418945 224.32957458496094 116.26190185546875 224.32957458496094
116.41302490234375 154.64231872558594 142.7466335296631 154.64231872558594 142.7466335296631 223.5760726928711 116.41302490234375 223.5760726928711
116.22076416015625 154.1149444580078 142.72157287597656 154.1149444580078 142.72157287597656 225.62479400634766 116.22076416015625 225.62479400634766
115.79560852050781 154.74534606933594 142.10833740234375 154.74534606933594 142.10833740234375 224.3905792236328 115.79560852050781 224.3905792236328
116.12696838378906 153.9267578125 144.44919776916504 153.9267578125 144.44919776916504 226.47859954833984 116.12696838378906 226.47859954833984
115.9067153930664 155.44410705566406 144.15501594543457 155.44410705566406 144.15501594543457 225.92015075683594 115.9067153930664 225.92015075683594
115.33333587646484 153.21096801757812 142.58202743530273 153.21096801757812 142.58202743530273 226.16615295410156 115.33333587646484 226.16615295410156
115.50083923339844 154.26441955566406 143.52218627929688 154.26441955566406 143.52218627929688 226.1963119506836 115.50083923339844 226.1963119506836
114.58174133300781 152.8634033203125 141.10058975219727 152.8634033203125 141.10058975219727 227.72718811035156 114.58174133300781 227.72718811035156
115.50193786621094 152.6132049560547 143.2709560394287 152.6132049560547 143.2709560394287 227.71085357666016 115.50193786621094 227.71085357666016
115.50486755371094 154.48568725585938 143.36826515197754 154.48568725585938 143.36826515197754 229.35454559326172 115.50486755371094 229.35454559326172
114.91973876953125 153.4993438720703 143.32440185546875 153.4993438720703 143.32440185546875 228.68109893798828 114.91973876953125 228.68109893798828
115.50111389160156 153.42874145507812 143.44969177246094 153.42874145507812 143.44969177246094 229.72618865966797 115.50111389160156 229.72618865966797
115.58768463134766 152.24281311035156 144.23095893859863 152.24281311035156 144.23095893859863 228.83566284179688 115.58768463134766 228.83566284179688
116.747314453125 153.3131561279297 145.5261173248291 153.3131561279297 145.5261173248291 230.17339324951172 116.747314453125 230.17339324951172
117.4696273803711 152.712646484375 146.62878227233887 152.712646484375 146.62878227233887 228.91867065429688 117.4696273803711 228.91867065429688
117.76226806640625 150.14498901367188 147.44845008850098 150.14498901367188 147.44845008850098 229.94017028808594 117.76226806640625 229.94017028808594
118.97883605957031 150.5789794921875 148.4605007171631 150.5789794921875 148.4605007171631 231.2859649658203 118.97883605957031 231.2859649658203
118.85037994384766 152.86898803710938 149.90239334106445 152.86898803710938 149.90239334106445 229.85984802246094 118.85037994384766 229.85984802246094
121.64549255371094 151.34213256835938 152.57722091674805 151.34213256835938 152.57722091674805 231.84628295898438 121.64549255371094 231.84628295898438
120.99452209472656 152.01980590820312 151.31395530700684 152.01980590820312 151.31395530700684 230.77284240722656 120.99452209472656 230.77284240722656
121.11384582519531 152.3318634033203 150.53045654296875 152.3318634033203 150.53045654296875 229.00579833984375 121.11384582519531 229.00579833984375
116.7909164428711 151.8843536376953 143.96344184875488 151.8843536376953 143.96344184875488 226.9883804321289 116.7909164428711 226.9883804321289
116.14022064208984 153.44589233398438 142.13398361206055 153.44589233398438 142.13398361206055 225.5007781982422 116.14022064208984 225.5007781982422
116.18646240234375 153.00711059570312 142.28078842163086 153.00711059570312 142.28078842163086 226.77782440185547 116.18646240234375 226.77782440185547
115.83125305175781 154.62063598632812 141.60243606567383 154.62063598632812 141.60243606567383 226.7575225830078 115.83125305175781 226.7575225830078
116.4679183959961 154.62701416015625 143.2016887664795 154.62701416015625 143.2016887664795 226.59237670898438 116.4679183959961 226.59237670898438
115.94637298583984 156.02255249023438 141.85070991516113 156.02255249023438 141.85070991516113 226.8022918701172 115.94637298583984 226.8022918701172
116.67313385009766 154.25680541992188 142.37638473510742 154.25680541992188 142.37638473510742 224.92349243164062 116.67313385009766 224.92349243164062
116.69742584228516 155.2711639404297 143.83800506591797 155.2711639404297 143.83800506591797 226.166259765625 116.69742584228516 226.166259765625
116.06336975097656 154.34463500976562 143.3981227874756 154.34463500976562 143.3981227874756 227.24274444580078 116.06336975097656 227.24274444580078
115.66914367675781 154.81845092773438 142.9037628173828 154.81845092773438 142.9037628173828 226.73987579345703 115.66914367675781 226.73987579345703
116.21163177490234 154.8014373779297 144.39181900024414 154.8014373779297 144.39181900024414 226.4937744140625 116.21163177490234 226.4937744140625
115.4490737915039 154.7086181640625 143.1040210723877 154.7086181640625 143.1040210723877 227.9433135986328 115.4490737915039 227.9433135986328
116.22989654541016 153.59475708007812 142.84961128234863 153.59475708007812 142.84961128234863 227.60520935058594 116.22989654541016 227.60520935058594
116.01904296875 154.66683959960938 142.9560661315918 154.66683959960938 142.9560661315918 228.01161193847656 116.01904296875 228.01161193847656
115.50296783447266 154.17599487304688 142.56458854675293 154.17599487304688 142.56458854675293 228.2718963623047 115.50296783447266 228.2718963623047
115.979248046875 154.50643920898438 143.74868202209473 154.50643920898438 143.74868202209473 226.63551330566406 115.979248046875 226.63551330566406
116.4981918334961 154.3427276611328 143.72805404663086 154.3427276611328 143.72805404663086 227.2733612060547 116.4981918334961 227.2733612060547
116.49629211425781 154.2865447998047 143.7521266937256 154.2865447998047 143.7521266937256 227.36880493164062 116.49629211425781 227.36880493164062
115.8441162109375 155.0743408203125 142.98396682739258 155.0743408203125 142.98396682739258 226.56230926513672 115.8441162109375 226.56230926513672
116.0032730102539 154.6964569091797 144.0369644165039 154.6964569091797 144.0369644165039 225.61148071289062 116.0032730102539 225.61148071289062
116.17344665527344 155.53286743164062 143.63096046447754 155.53286743164062 143.63096046447754 224.79110717773438 116.17344665527344 224.79110717773438
116.50923919677734 154.0455322265625 144.30918502807617 154.0455322265625 144.30918502807617 225.89564514160156 116.50923919677734 225.89564514160156
116.14595031738281 154.40121459960938 142.84135055541992 154.40121459960938 142.84135055541992 225.80414581298828 116.14595031738281 225.80414581298828
116.1664810180664 155.85543823242188 143.45712089538574 155.85543823242188 143.45712089538574 225.14144897460938 116.1664810180664 225.14144897460938
115.65164947509766 154.0973663330078 142.70043754577637 154.0973663330078 142.70043754577637 226.67874145507812 115.65164947509766 226.67874145507812
116.05269622802734 155.3928985595703 143.0221176147461 155.3928985595703 143.0221176147461 226.83605194091797 116.05269622802734 226.83605194091797
116.1357421875 154.73220825195312 142.83554077148438 154.73220825195312 142.83554077148438 227.60698699951172 116.1357421875 227.60698699951172
116.02413177490234 155.78842163085938 143.779878616333 155.78842163085938 143.779878616333 228.27043914794922 116.02413177490234 228.27043914794922
116.21220397949219 154.10992431640625 143.58723831176758 154.10992431640625 143.58723831176758 225.6075210571289 116.21220397949219 225.6075210571289
116.27830505371094 152.93943786621094 142.0319423675537 152.93943786621094 142.0319423675537 226.42525482177734 116.27830505371094 226.42525482177734
116.26054382324219 155.51513671875 143.13441848754883 155.51513671875 143.13441848754883 224.17674255371094 116.26054382324219 224.17674255371094
116.38330078125 155.3755645751953 142.95095252990723 155.3755645751953 142.95095252990723 225.51858520507812 116.38330078125 225.51858520507812
115.22413635253906 155.8564910888672 141.0630760192871 155.8564910888672 141.0630760192871 224.2091064453125 115.22413635253906 224.2091064453125
116.13356018066406 155.0841827392578 141.6066837310791 155.0841827392578 141.6066837310791 226.06136322021484 116.13356018066406 226.06136322021484
116.13572692871094 155.86477661132812 142.9475440979004 155.86477661132812 142.9475440979004 225.12256622314453 116.13572692871094 225.12256622314453
116.88468170166016 155.1763153076172 143.6378345489502 155.1763153076172 143.6378345489502 225.8150634765625 116.88468170166016 225.8150634765625
115.95365905761719 154.5214385986328 142.60226821899414 154.5214385986328 142.60226821899414 226.00438690185547 115.95365905761719 226.00438690185547
115.78697204589844 154.7218475341797 143.51503562927246 154.7218475341797 143.51503562927246 224.21466064453125 115.78697204589844 224.21466064453125
115.82041931152344 154.64892578125 142.15475463867188 154.64892578125 142.15475463867188 225.67169189453125 115.82041931152344 225.67169189453125
116.0715103149414 154.14810180664062 142.65094184875488 154.14810180664062 142.65094184875488 225.64275360107422 116.0715103149414 225.64275360107422
116.09870910644531 153.87086486816406 143.71316146850586 153.87086486816406 143.71316146850586 226.15520477294922 116.09870910644531 226.15520477294922
116.02022552490234 155.42098999023438 143.0025520324707 155.42098999023438 143.0025520324707 225.1916275024414 116.02022552490234 225.1916275024414
115.9403305053711 154.18942260742188 142.59556198120117 154.18942260742188 142.59556198120117 224.51001739501953 115.9403305053711 224.51001739501953
116.0230712890625 154.5021514892578 143.61643600463867 154.5021514892578 143.61643600463867 225.64058685302734 116.0230712890625 225.64058685302734
116.63310241699219 156.54981994628906 143.75299644470215 156.54981994628906 143.75299644470215 225.98490142822266 116.63310241699219 225.98490142822266
115.933837890625 156.07272338867188 142.99795532226562 156.07272338867188 142.99795532226562 223.74356842041016 115.933837890625 223.74356842041016
115.92972564697266 155.67115783691406 143.30981254577637 155.67115783691406 143.30981254577637 225.39325714111328 115.92972564697266 225.39325714111328
116.49881744384766 154.4437713623047 144.65996170043945 154.4437713623047 144.65996170043945 225.48385620117188 116.49881744384766 225.48385620117188
115.7522964477539 154.63082885742188 143.91747856140137 154.63082885742188 143.91747856140137 225.84027099609375 115.7522964477539 225.84027099609375
115.68904113769531 155.61244201660156 142.65481185913086 155.61244201660156 142.65481185913086 227.2832794189453 115.68904113769531 227.2832794189453
116.42536926269531 154.3385009765625 143.7578067779541 154.3385009765625 143.7578067779541 227.27366638183594 116.42536926269531 227.27366638183594
116.32603454589844 153.35623168945312 144.34823608398438 153.35623168945312 144.34823608398438 227.66053771972656 116.32603454589844 227.66053771972656
116.72064208984375 155.33541870117188 144.2871856689453 155.33541870117188 144.2871856689453 225.78345489501953 116.72064208984375 225.78345489501953
115.78007507324219 153.87643432617188 144.15241050720215 153.87643432617188 144.15241050720215 226.27011108398438 115.78007507324219 226.27011108398438
115.7042465209961 155.37789916992188 143.4142780303955 155.37789916992188 143.4142780303955 226.25132751464844 115.7042465209961 226.25132751464844
115.98724365234375 154.27407836914062 144.6114158630371 154.27407836914062 144.6114158630371 225.59378051757812 115.98724365234375 225.59378051757812
116.18299865722656 155.40182495117188 143.73695755004883 155.40182495117188 143.73695755004883 226.42272186279297 116.18299865722656 226.42272186279297
115.4549560546875 154.12318420410156 142.51523399353027 154.12318420410156 142.51523399353027 227.11038208007812 115.4549560546875 227.11038208007812
115.92330169677734 154.77828979492188 144.27837371826172 154.77828979492188 144.27837371826172 227.61408233642578 115.92330169677734 227.61408233642578
116.11845397949219 153.38693237304688 143.4864616394043 153.38693237304688 143.4864616394043 226.16932678222656 116.11845397949219 226.16932678222656
116.7383804321289 154.47793579101562 144.17862129211426 154.47793579101562 144.17862129211426 225.70738220214844 116.7383804321289 225.70738220214844
115.6964111328125 154.81329345703125 142.9802360534668 154.81329345703125 142.9802360534668 225.34243774414062 115.6964111328125 225.34243774414062
115.77608489990234 154.56777954101562 143.16693305969238 154.56777954101562 143.16693305969238 225.78285217285156 115.77608489990234 225.78285217285156
116.80206298828125 153.57357788085938 144.0513038635254 153.57357788085938 144.0513038635254 227.24217224121094 116.80206298828125 227.24217224121094
115.4816665649414 152.7339324951172 143.3671989440918 152.7339324951172 143.3671989440918 227.65762329101562 115.4816665649414 227.65762329101562
116.60905456542969 154.1873016357422 145.13225936889648 154.1873016357422 145.13225936889648 226.77745056152344 116.60905456542969 226.77745056152344
115.84432220458984 154.44918823242188 143.81270217895508 154.44918823242188 143.81270217895508 226.93424224853516 115.84432220458984 226.93424224853516
116.07222747802734 154.2858123779297 144.71083450317383 154.2858123779297 144.71083450317383 227.48843383789062 116.07222747802734 227.48843383789062
116.26708984375 154.39981079101562 143.0272979736328 154.39981079101562 143.0272979736328 226.3921356201172 116.26708984375 226.3921356201172
116.2237319946289 155.89013671875 144.50768661499023 155.89013671875 144.50768661499023 227.54666900634766 116.2237319946289 227.54666900634766
116.04420471191406 155.42665100097656 143.78524208068848 155.42665100097656 143.78524208068848 225.46361541748047 116.04420471191406 225.46361541748047
115.7529296875 154.36045837402344 143.36074829101562 154.36045837402344 143.36074829101562 225.56444549560547 115.7529296875 225.56444549560547
115.3571548461914 153.75253295898438 143.86712455749512 153.75253295898438 143.86712455749512 226.05785369873047 115.3571548461914 226.05785369873047
116.1194839477539 153.1095428466797 144.89654731750488 153.1095428466797 144.89654731750488 228.97681427001953 116.1194839477539 228.97681427001953
115.68815612792969 153.22531127929688 145.33477783203125 153.22531127929688 145.33477783203125 229.06192779541016 115.68815612792969 229.06192779541016
116.13163757324219 154.25772094726562 145.03911972045898 154.25772094726562 145.03911972045898 227.4296112060547 116.13163757324219 227.4296112060547
116.01497650146484 153.2239990234375 145.55192947387695 153.2239990234375 145.55192947387695 228.62619018554688 116.01497650146484 228.62619018554688
115.178955078125 154.66061401367188 146.3233528137207 154.66061401367188 146.3233528137207 228.5169219970703 115.178955078125 228.5169219970703
112.8331527709961 153.0951690673828 145.23123168945312 153.0951690673828 145.23123168945312 227.21668243408203 112.8331527709961 227.21668243408203
114.50482177734375 153.67120361328125 146.95384216308594 153.67120361328125 146.95384216308594 227.8127670288086 114.50482177734375 227.8127670288086
113.9676742553711 152.28726196289062 147.59630584716797 152.28726196289062 147.59630584716797 227.83238983154297 113.9676742553711 227.83238983154297
114.6955337524414 152.63424682617188 148.86409378051758 152.63424682617188 148.86409378051758 231.08699798583984 114.6955337524414 231.08699798583984
113.7081069946289 150.79806518554688 146.32290267944336 150.79806518554688 146.32290267944336 228.16121673583984 113.7081069946289 228.16121673583984
114.02081298828125 150.82498168945312 146.43534469604492 150.82498168945312 146.43534469604492 230.31790161132812 114.02081298828125 230.31790161132812
114.9522705078125 145.51834106445312 149.01205825805664 145.51834106445312 149.01205825805664 234.0739288330078 114.9522705078125 234.0739288330078
115.3860092163086 148.79795837402344 149.7747802734375 148.79795837402344 149.7747802734375 238.20889282226562 115.3860092163086 238.20889282226562
114.5951919555664 147.7758026123047 149.16997146606445 147.7758026123047 149.16997146606445 237.67035675048828 114.5951919555664 237.67035675048828
117.331298828125 149.4756622314453 151.87446975708008 149.4756622314453 151.87446975708008 239.28802490234375 117.331298828125 239.28802490234375
115.6313705444336 153.63882446289062 142.64912223815918 153.63882446289062 142.64912223815918 228.93824768066406 115.6313705444336 228.93824768066406
115.58876037597656 154.1979217529297 141.43355178833008 154.1979217529297 141.43355178833008 227.66796112060547 115.58876037597656 227.66796112060547
115.44938659667969 153.3397674560547 142.43397903442383 153.3397674560547 142.43397903442383 227.91293334960938 115.44938659667969 227.91293334960938
116.6861801147461 153.3118438720703 144.91354179382324 153.3118438720703 144.91354179382324 229.12444305419922 116.6861801147461 229.12444305419922
116.2091293334961 154.0179443359375 146.35093307495117 154.0179443359375 146.35093307495117 227.98719787597656 116.2091293334961 227.98719787597656
116.27012634277344 154.5303955078125 144.68719863891602 154.5303955078125 144.68719863891602 227.04554748535156 116.27012634277344 227.04554748535156
115.97691345214844 152.70179748535156 143.98594665527344 152.70179748535156 143.98594665527344 228.99029541015625 115.97691345214844 228.99029541015625
115.29569244384766 154.0183563232422 144.63397598266602 154.0183563232422 144.63397598266602 227.16910552978516 115.29569244384766 227.16910552978516
116.06748962402344 154.1051788330078 145.94469833374023 154.1051788330078 145.94469833374023 228.70169067382812 116.06748962402344 228.70169067382812
116.45069885253906 154.87109375 145.25612258911133 154.87109375 145.25612258911133 227.30654907226562 116.45069885253906 227.30654907226562
116.27962493896484 153.21926879882812 145.28045845031738 153.21926879882812 145.28045845031738 228.61402130126953 116.27962493896484 228.61402130126953
115.46897888183594 153.87261962890625 144.05968284606934 153.87261962890625 144.05968284606934 228.23017120361328 115.46897888183594 228.23017120361328
115.49360656738281 154.61978149414062 142.88978004455566 154.61978149414062 142.88978004455566 227.3832550048828 115.49360656738281 227.3832550048828
115.4180908203125 154.5861358642578 143.9475917816162 154.5861358642578 143.9475917816162 227.6898422241211 115.4180908203125 227.6898422241211
116.00140380859375 153.65357971191406 144.43289756774902 153.65357971191406 144.43289756774902 229.46023559570312 116.00140380859375 229.46023559570312
115.6977767944336 155.16146850585938 145.501558303833 155.16146850585938 145.501558303833 226.51083374023438 115.6977767944336 226.51083374023438
116.34251403808594 153.45980834960938 145.23910903930664 153.45980834960938 145.23910903930664 228.90099334716797 116.34251403808594 228.90099334716797
115.25599670410156 154.46542358398438 144.30604553222656 154.46542358398438 144.30604553222656 227.81971740722656 115.25599670410156 227.81971740722656
116.50859069824219 153.6472930908203 145.0885772705078 153.6472930908203 145.0885772705078 228.95983123779297 116.50859069824219 228.95983123779297
116.83829498291016 154.7562713623047 146.21805953979492 154.7562713623047 146.21805953979492 228.14627075195312 116.83829498291016 228.14627075195312
115.4587631225586 155.4761962890625 145.3144702911377 155.4761962890625 145.3144702911377 228.52130126953125 115.4587631225586 228.52130126953125
116.009521484375 154.3359832763672 144.49765968322754 154.3359832763672 144.49765968322754 226.6347427368164 116.009521484375 226.6347427368164
115.70881652832031 154.259765625 145.0536766052246 154.259765625 145.0536766052246 227.1959686279297 115.70881652832031 227.1959686279297
116.29774475097656 153.79782104492188 145.48947715759277 153.79782104492188 145.48947715759277 229.25867462158203 116.29774475097656 229.25867462158203
116.33187103271484 153.4063262939453 145.33240127563477 153.4063262939453 145.33240127563477 227.79918670654297 116.33187103271484 227.79918670654297
116.82904052734375 154.72671508789062 145.6260528564453 154.72671508789062 145.6260528564453 228.45647430419922 116.82904052734375 228.45647430419922
116.2689437866211 154.3140411376953 145.02515983581543 154.3140411376953 145.02515983581543 228.08889770507812 116.2689437866211 228.08889770507812
116.65887451171875 153.5646209716797 145.2659797668457 153.5646209716797 145.2659797668457 228.82027435302734 116.65887451171875 228.82027435302734
115.5163803100586 153.18087768554688 143.7685775756836 153.18087768554688 143.7685775756836 227.61666870117188 115.5163803100586 227.61666870117188
116.06269836425781 152.63375854492188 145.22322463989258 152.63375854492188 145.22322463989258 227.57146453857422 116.06269836425781 227.57146453857422
115.28129577636719 153.91055297851562 143.24680137634277 153.91055297851562 143.24680137634277 225.3694610595703 115.28129577636719 225.3694610595703
115.92573547363281 152.92910766601562 144.55511856079102 152.92910766601562 144.55511856079102 227.49131774902344 115.92573547363281 227.49131774902344
115.7732925415039 152.39671325683594 145.08230781555176 152.39671325683594 145.08230781555176 228.08265686035156 115.7732925415039 228.08265686035156
116.24932861328125 154.35916137695312 145.7707405090332 154.35916137695312 145.7707405090332 230.06581115722656 116.24932861328125 230.06581115722656
115.53437805175781 153.4632110595703 144.4399356842041 153.4632110595703 144.4399356842041 227.2190933227539 115.53437805175781 227.2190933227539
115.88703918457031 153.71142578125 144.80177688598633 153.71142578125 144.80177688598633 229.9220199584961 115.88703918457031 229.9220199584961
116.33906555175781 153.95018005371094 145.4073944091797 153.95018005371094 145.4073944091797 229.02948760986328 116.33906555175781 229.02948760986328
116.51979064941406 153.35977172851562 145.41567039489746 153.35977172851562 145.41567039489746 228.53366088867188 116.51979064941406 228.53366088867188
116.4322509765625 153.41464233398438 145.9236183166504 153.41464233398438 145.9236183166504 228.7418975830078 116.4322509765625 228.7418975830078
115.4269790649414 153.39891052246094 145.13317680358887 153.39891052246094 145.13317680358887 229.88893127441406 115.4269790649414 229.88893127441406
115.1232681274414 150.39071655273438 144.45386505126953 150.39071655273438 144.45386505126953 228.00363159179688 115.1232681274414 228.00363159179688
115.9094009399414 151.7083740234375 145.33268928527832 151.7083740234375 145.33268928527832 229.2705078125 115.9094009399414 229.2705078125
115.41156005859375 153.97967529296875 144.83327674865723 153.97967529296875 144.83327674865723 228.88577270507812 115.41156005859375 228.88577270507812
115.6990737915039 153.38414001464844 146.05786514282227 153.38414001464844 146.05786514282227 228.4497299194336 115.6990737915039 228.4497299194336
115.556884765625 151.59152221679688 144.2237033843994 151.59152221679688 144.2237033843994 229.35808563232422 115.556884765625 229.35808563232422
115.63853454589844 152.77249145507812 145.43932151794434 152.77249145507812 145.43932151794434 229.22461700439453 115.63853454589844 229.22461700439453
115.9561996459961 153.94415283203125 145.54463958740234 153.94415283203125 145.54463958740234 230.4239959716797 115.9561996459961 230.4239959716797
114.86973571777344 153.6885528564453 144.30778121948242 153.6885528564453 144.30778121948242 228.86870574951172 114.86973571777344 228.86870574951172
115.66202545166016 153.18975830078125 145.678560256958 153.18975830078125 145.678560256958 228.51031494140625 115.66202545166016 228.51031494140625
115.9272689819336 152.5635986328125 146.96824836730957 152.5635986328125 146.96824836730957 230.7891082763672 115.9272689819336 230.7891082763672
115.54791259765625 151.68206787109375 145.6742000579834 151.68206787109375 145.6742000579834 229.20641326904297 115.54791259765625 229.20641326904297
116.30372619628906 153.33181762695312 146.43608474731445 153.33181762695312 146.43608474731445 229.7973175048828 116.30372619628906 229.7973175048828
115.22332763671875 152.6229248046875 145.49949264526367 152.6229248046875 145.49949264526367 229.2770233154297 115.22332763671875 229.2770233154297
116.03765869140625 153.85739135742188 146.85771560668945 153.85739135742188 146.85771560668945 230.18726348876953 116.03765869140625 230.18726348876953
115.92347717285156 152.74478149414062 146.3394374847412 152.74478149414062 146.3394374847412 228.41179656982422 115.92347717285156 228.41179656982422
115.35969543457031 153.43643188476562 144.94059371948242 153.43643188476562 144.94059371948242 229.0347137451172 115.35969543457031 229.0347137451172
115.64314270019531 152.38681030273438 147.38859176635742 152.38681030273438 147.38859176635742 232.6664276123047 115.64314270019531 232.6664276123047
114.83613586425781 153.3595428466797 146.20880126953125 153.3595428466797 146.20880126953125 229.5360565185547 114.83613586425781 229.5360565185547
115.18516540527344 153.69839477539062 144.9332981109619 153.69839477539062 144.9332981109619 228.65089416503906 115.18516540527344 228.65089416503906
115.3746109008789 151.75611877441406 145.38824653625488 151.75611877441406 145.38824653625488 229.56582641601562 115.3746109008789 229.56582641601562
115.8468017578125 152.44766235351562 146.2318878173828 152.44766235351562 146.2318878173828 232.50971221923828 115.8468017578125 232.50971221923828
115.46429443359375 154.8155517578125 145.5793800354004 154.8155517578125 145.5793800354004 229.79769897460938 115.46429443359375 229.79769897460938
114.96659088134766 151.08755493164062 144.84313201904297 151.08755493164062 144.84313201904297 229.2385025024414 114.96659088134766 229.2385025024414
115.3196792602539 151.85726928710938 146.29382133483887 151.85726928710938 146.29382133483887 231.0335693359375 115.3196792602539 231.0335693359375
115.6002197265625 153.1853485107422 147.08414268493652 153.1853485107422 147.08414268493652 229.66885375976562 115.6002197265625 229.66885375976562
115.25162506103516 152.18234252929688 145.24492263793945 152.18234252929688 145.24492263793945 230.47797393798828 115.25162506103516 230.47797393798828
114.86125183105469 153.87271118164062 144.0967903137207 153.87271118164062 144.0967903137207 229.87299346923828 114.86125183105469 229.87299346923828
115.4157943725586 153.50662231445312 145.40710258483887 153.50662231445312 145.40710258483887 230.45169830322266 115.4157943725586 230.45169830322266
115.04173278808594 152.1365966796875 144.7683868408203 152.1365966796875 144.7683868408203 229.03770446777344 115.04173278808594 229.03770446777344
115.94734191894531 155.12094116210938 146.52984237670898 155.12094116210938 146.52984237670898 229.36869049072266 115.94734191894531 229.36869049072266
115.93701171875 153.1224365234375 146.213623046875 153.1224365234375 146.213623046875 229.27008056640625 115.93701171875 229.27008056640625
115.2072982788086 153.4613800048828 146.09228324890137 153.4613800048828 146.09228324890137 230.7017593383789 115.2072982788086 230.7017593383789
116.2414779663086 152.4569549560547 146.48201751708984 152.4569549560547 146.48201751708984 229.16156005859375 116.2414779663086 229.16156005859375
115.7086181640625 152.19851684570312 144.97906494140625 152.19851684570312 144.97906494140625 229.38481903076172 115.7086181640625 229.38481903076172
115.2418441772461 152.95945739746094 145.80928421020508 152.95945739746094 145.80928421020508 228.4041290283203 115.2418441772461 228.4041290283203
115.879638671875 150.61305236816406 146.26593589782715 150.61305236816406 146.26593589782715 230.76139068603516 115.879638671875 230.76139068603516
115.75657653808594 154.0858154296875 144.99166297912598 154.0858154296875 144.99166297912598 228.77574157714844 115.75657653808594 228.77574157714844
115.9003677368164 153.7196502685547 145.6914939880371 153.7196502685547 145.6914939880371 228.8868865966797 115.9003677368164 228.8868865966797
115.85932922363281 153.1053466796875 145.4322910308838 153.1053466796875 145.4322910308838 229.21839904785156 115.85932922363281 229.21839904785156
115.1457290649414 153.1338348388672 145.19684982299805 153.1338348388672 145.19684982299805 229.42141723632812 115.1457290649414 229.42141723632812
115.35848236083984 152.82200622558594 145.20853805541992 152.82200622558594 145.20853805541992 228.75384521484375 115.35848236083984 228.75384521484375
115.94175720214844 152.829345703125 147.6320095062256 152.829345703125 147.6320095062256 231.1632308959961 115.94175720214844 231.1632308959961
115.7531967163086 153.01519775390625 145.53107070922852 153.01519775390625 145.53107070922852 229.4304656982422 115.7531967163086 229.4304656982422
116.12074279785156 154.28529357910156 145.90781784057617 154.28529357910156 145.90781784057617 228.34510040283203 116.12074279785156 228.34510040283203
114.89128112792969 152.53628540039062 144.38186073303223 152.53628540039062 144.38186073303223 228.86631774902344 114.89128112792969 228.86631774902344
116.15438079833984 153.75741577148438 145.29036140441895 153.75741577148438 145.29036140441895 228.90267944335938 116.15438079833984 228.90267944335938
115.74884033203125 151.3418426513672 145.14060974121094 151.3418426513672 145.14060974121094 228.7748794555664 115.74884033203125 228.7748794555664
115.80464935302734 153.46279907226562 145.75763130187988 153.46279907226562 145.75763130187988 227.65058135986328 115.80464935302734 227.65058135986328
115.63838958740234 153.067138671875 145.32208061218262 153.067138671875 145.32208061218262 228.5712432861328 115.63838958740234 228.5712432861328
115.26153564453125 154.15489196777344 144.9196891784668 154.15489196777344 144.9196891784668 228.3452377319336 115.26153564453125 228.3452377319336
115.70220947265625 150.85130310058594 145.2079315185547 150.85130310058594 145.2079315185547 228.7929916381836 115.70220947265625 228.7929916381836
116.523193359375 153.55967712402344 146.5441551208496 153.55967712402344 146.5441551208496 228.66464233398438 116.523193359375 228.66464233398438
115.4326400756836 153.56715393066406 144.6499900817871 153.56715393066406 144.6499900817871 229.2010040283203 115.4326400756836 229.2010040283203
116.23297119140625 153.95310974121094 145.35321426391602 153.95310974121094 145.35321426391602 229.22042083740234 116.23297119140625 229.22042083740234
115.43196105957031 152.77554321289062 143.8831672668457 152.77554321289062 143.8831672668457 227.75103759765625 115.43196105957031 227.75103759765625
115.20075988769531 153.0636749267578 143.28215408325195 153.0636749267578 143.28215408325195 227.8746337890625 115.20075988769531 227.8746337890625
116.0989761352539 154.59228515625 145.59688186645508 154.59228515625 145.59688186645508 229.1535873413086 116.0989761352539 229.1535873413086
115.96160888671875 154.04220581054688 145.7610740661621 154.04220581054688 145.7610740661621 228.26726531982422 115.96160888671875 228.26726531982422
115.96418762207031 152.81619262695312 145.03652381896973 152.81619262695312 145.03652381896973 228.39661407470703 115.96418762207031 228.39661407470703
115.43658447265625 153.6581573486328 143.44582176208496 153.6581573486328 143.44582176208496 227.15502166748047 115.43658447265625 227.15502166748047
115.42948150634766 153.32278442382812 143.61567878723145 153.32278442382812 143.61567878723145 226.84095764160156 115.42948150634766 226.84095764160156
115.55672454833984 153.7619171142578 143.39228439331055 153.7619171142578 143.39228439331055 227.41873168945312 115.55672454833984 227.41873168945312
115.74382019042969 154.79052734375 144.09679794311523 154.79052734375 144.09679794311523 227.29168701171875 115.74382019042969 227.29168701171875
115.8552474975586 154.2548828125 143.89870071411133 154.2548828125 143.89870071411133 225.91880798339844 115.8552474975586 225.91880798339844
115.19451904296875 153.09634399414062 143.3693084716797 153.09634399414062 143.3693084716797 227.47366333007812 115.19451904296875 227.47366333007812
115.2442398071289 153.76229858398438 142.97377395629883 153.76229858398438 142.97377395629883 226.8008041381836 115.2442398071289 226.8008041381836
115.9486312866211 154.1710662841797 143.95104789733887 154.1710662841797 143.95104789733887 228.24256134033203 115.9486312866211 228.24256134033203
115.6727294921875 154.48521423339844 144.07553100585938 154.48521423339844 144.07553100585938 227.09780883789062 115.6727294921875 227.09780883789062
115.64054870605469 153.2853546142578 143.4877223968506 153.2853546142578 143.4877223968506 226.53258514404297 115.64054870605469 226.53258514404297
116.1675033569336 153.9123992919922 144.82204818725586 153.9123992919922 144.82204818725586 227.63235473632812 116.1675033569336 227.63235473632812
115.5159683227539 154.0825653076172 143.42504692077637 154.0825653076172 143.42504692077637 225.18930053710938 115.5159683227539 225.18930053710938
115.94975280761719 154.42628479003906 144.4989471435547 154.42628479003906 144.4989471435547 227.13280487060547 115.94975280761719 227.13280487060547
115.91410827636719 154.07907104492188 143.35662460327148 154.07907104492188 143.35662460327148 226.78191375732422 115.91410827636719 226.78191375732422
116.46534729003906 154.3990478515625 144.4119052886963 154.3990478515625 144.4119052886963 227.61392211914062 116.46534729003906 227.61392211914062
115.71524810791016 152.98336791992188 143.8116683959961 152.98336791992188 143.8116683959961 227.23216247558594 115.71524810791016 227.23216247558594
115.60748291015625 154.68319702148438 144.39368057250977 154.68319702148438 144.39368057250977 227.26161193847656 115.60748291015625 227.26161193847656
116.2567138671875 152.14651489257812 144.6975498199463 152.14651489257812 144.6975498199463 228.25758361816406 116.2567138671875 228.25758361816406
115.56861877441406 154.26773071289062 144.3927001953125 154.26773071289062 144.3927001953125 227.80601501464844 115.56861877441406 227.80601501464844
115.38838958740234 153.50143432617188 144.09998321533203 153.50143432617188 144.09998321533203 227.72345733642578 115.38838958740234 227.72345733642578
115.7904281616211 153.05349731445312 144.660062789917 153.05349731445312 144.660062789917 227.65036010742188 115.7904281616211 227.65036010742188
115.42449951171875 154.61878967285156 143.61709022521973 154.61878967285156 143.61709022521973 226.7247314453125 115.42449951171875 226.7247314453125
116.47883605957031 154.44215393066406 145.31518936157227 154.44215393066406 145.31518936157227 228.640869140625 116.47883605957031 228.640869140625
115.60795593261719 153.82089233398438 144.053955078125 153.82089233398438 144.053955078125 227.90245056152344 115.60795593261719 227.90245056152344
115.51142883300781 153.07894897460938 143.5910186767578 153.07894897460938 143.5910186767578 226.86985778808594 115.51142883300781 226.86985778808594
115.72025299072266 150.89907836914062 144.76526069641113 150.89907836914062 144.76526069641113 229.85944366455078 115.72025299072266 229.85944366455078
115.28504943847656 152.66046142578125 143.5995216369629 152.66046142578125 143.5995216369629 227.51861572265625 115.28504943847656 227.51861572265625
115.14593505859375 155.01846313476562 144.31793212890625 155.01846313476562 144.31793212890625 229.80506134033203 115.14593505859375 229.80506134033203
115.8715591430664 154.20492553710938 144.61096382141113 154.20492553710938 144.61096382141113 229.2039337158203 115.8715591430664 229.2039337158203
115.7600326538086 154.05691528320312 144.86018753051758 154.05691528320312 144.86018753051758 228.31520080566406 115.7600326538086 228.31520080566406
115.72261810302734 153.7209930419922 144.57499313354492 153.7209930419922 144.57499313354492 228.64523315429688 115.72261810302734 228.64523315429688
115.9480209350586 153.1558837890625 143.759428024292 153.1558837890625 143.759428024292 227.9728546142578 115.9480209350586 227.9728546142578
115.81526947021484 154.1263885498047 144.68607711791992 154.1263885498047 144.68607711791992 227.410888671875 115.81526947021484 227.410888671875
115.93544006347656 154.0193634033203 145.12416458129883 154.0193634033203 145.12416458129883 229.07748413085938 115.93544006347656 229.07748413085938
115.56895446777344 153.19493103027344 144.5116424560547 153.19493103027344 144.5116424560547 228.3779296875 115.56895446777344 228.3779296875
115.6267318725586 153.25924682617188 144.14085006713867 153.25924682617188 144.14085006713867 227.4717254638672 115.6267318725586 227.4717254638672
115.0989990234375 153.67391967773438 143.6872901916504 153.67391967773438 143.6872901916504 227.81288146972656 115.0989990234375 227.81288146972656
116.22129821777344 151.70823669433594 145.2063102722168 151.70823669433594 145.2063102722168 230.15702056884766 116.22129821777344 230.15702056884766
115.49759674072266 153.32424926757812 144.93359184265137 153.32424926757812 144.93359184265137 229.7522735595703 115.49759674072266 229.7522735595703
115.91410827636719 154.49278259277344 145.4933261871338 154.49278259277344 145.4933261871338 229.0893096923828 115.91410827636719 229.0893096923828
116.07624816894531 152.55117797851562 146.00438499450684 152.55117797851562 146.00438499450684 229.75938415527344 116.07624816894531 229.75938415527344
114.7790298461914 154.23764038085938 143.72022819519043 154.23764038085938 143.72022819519043 229.44512176513672 114.7790298461914 229.44512176513672
115.65010833740234 153.3975067138672 145.49151802062988 153.3975067138672 145.49151802062988 228.49825286865234 115.65010833740234 228.49825286865234
115.31392669677734 153.36415100097656 145.272123336792 153.36415100097656 145.272123336792 230.7373809814453 115.31392669677734 230.7373809814453
116.07075500488281 154.8274688720703 146.00972938537598 154.8274688720703 146.00972938537598 229.1322784423828 116.07075500488281 229.1322784423828
115.76823425292969 152.6980438232422 144.37611389160156 152.6980438232422 144.37611389160156 229.0404510498047 115.76823425292969 229.0404510498047
115.5086898803711 152.88613891601562 143.74659538269043 152.88613891601562 143.74659538269043 227.66954040527344 115.5086898803711 227.66954040527344
114.93080139160156 153.5220184326172 143.6416835784912 153.5220184326172 143.6416835784912 226.5536651611328 114.93080139160156 226.5536651611328
115.525146484375 152.59207153320312 143.5521583557129 152.59207153320312 143.5521583557129 226.9440155029297 115.525146484375 226.9440155029297
115.40910339355469 153.13983154296875 144.74675941467285 153.13983154296875 144.74675941467285 226.97772979736328 115.40910339355469 226.97772979736328
115.66725158691406 153.4459686279297 143.83402633666992 153.4459686279297 143.83402633666992 227.38113403320312 115.66725158691406 227.38113403320312
116.49942779541016 153.7566680908203 145.731294631958 153.7566680908203 145.731294631958 228.53356170654297 116.49942779541016 228.53356170654297
115.3728256225586 151.29397583007812 143.68818855285645 151.29397583007812 143.68818855285645 228.71503448486328 115.3728256225586 228.71503448486328
114.6163558959961 153.8755340576172 142.34576797485352 153.8755340576172 142.34576797485352 227.79817962646484 114.6163558959961 227.79817962646484
115.88688659667969 153.20912170410156 143.27118492126465 153.20912170410156 143.27118492126465 226.83895874023438 115.88688659667969 226.83895874023438
115.0594482421875 154.0701141357422 143.33606910705566 154.0701141357422 143.33606910705566 227.48201751708984 115.0594482421875 227.48201751708984
116.46241760253906 153.19656372070312 144.86594009399414 153.19656372070312 144.86594009399414 226.75981903076172 116.46241760253906 226.75981903076172
116.02957916259766 154.02096557617188 145.14527702331543 154.02096557617188 145.14527702331543 227.218994140625 116.02957916259766 227.218994140625
115.97834777832031 154.0395050048828 144.2958164215088 154.0395050048828 144.2958164215088 227.00984954833984 115.97834777832031 227.00984954833984
115.48109436035156 155.0441436767578 143.7929229736328 155.0441436767578 143.7929229736328 228.46229553222656 115.48109436035156 228.46229553222656
116.39714050292969 154.25619506835938 143.74330711364746 154.25619506835938 143.74330711364746 228.1311798095703 116.39714050292969 228.1311798095703
115.84815979003906 154.22952270507812 143.92421913146973 154.22952270507812 143.92421913146973 227.6843032836914 115.84815979003906 227.6843032836914
115.55000305175781 153.96524047851562 142.8781394958496 153.96524047851562 142.8781394958496 226.84532928466797 115.55000305175781 226.84532928466797
115.95259094238281 154.1474151611328 144.10625648498535 154.1474151611328 144.10625648498535 226.06907653808594 115.95259094238281 226.06907653808594
116.1862564086914 155.2348175048828 143.8312873840332 155.2348175048828 143.8312873840332 226.66925048828125 116.1862564086914 226.66925048828125
115.5262451171875 153.413330078125 143.23694801330566 153.413330078125 143.23694801330566 229.3710708618164 115.5262451171875 229.3710708618164
116.0140609741211 154.24859619140625 144.8571548461914 154.24859619140625 144.8571548461914 227.15121459960938 116.0140609741211 227.15121459960938
115.91130065917969 152.76565551757812 143.64532852172852 152.76565551757812 143.64532852172852 228.61385345458984 115.91130065917969 228.61385345458984
115.351318359375 154.26516723632812 143.0445213317871 154.26516723632812 143.0445213317871 226.38646697998047 115.351318359375 226.38646697998047
116.13874816894531 154.46347045898438 144.25384140014648 154.46347045898438 144.25384140014648 226.88048553466797 116.13874816894531 226.88048553466797
116.0860366821289 154.14541625976562 143.50163650512695 154.14541625976562 143.50163650512695 227.8091583251953 116.0860366821289 227.8091583251953
116.0780258178711 154.28683471679688 144.1967945098877 154.28683471679688 144.1967945098877 227.7112579345703 116.0780258178711 227.7112579345703
116.2962875366211 154.1352996826172 143.70336532592773 154.1352996826172 143.70336532592773 226.725341796875 116.2962875366211 226.725341796875
115.15016174316406 154.1411590576172 142.6386260986328 154.1411590576172 142.6386260986328 226.05472564697266 115.15016174316406 226.05472564697266
115.57267761230469 154.61375427246094 143.5159511566162 154.61375427246094 143.5159511566162 228.05157470703125 115.57267761230469 228.05157470703125
115.95503997802734 153.62234497070312 143.59008407592773 153.62234497070312 143.59008407592773 228.32093811035156 115.95503997802734 228.32093811035156
115.5218505859375 154.8955841064453 144.35561561584473 154.8955841064453 144.35561561584473 227.1697769165039 115.5218505859375 227.1697769165039
115.43110656738281 152.82431030273438 143.43249893188477 152.82431030273438 143.43249893188477 227.51815795898438 115.43110656738281 227.51815795898438
116.14686584472656 152.14431762695312 145.40000915527344 152.14431762695312 145.40000915527344 228.2700653076172 116.14686584472656 228.2700653076172
115.5327377319336 152.9578399658203 144.70483016967773 152.9578399658203 144.70483016967773 228.66114044189453 115.5327377319336 228.66114044189453
115.76029205322266 152.94081115722656 144.79901313781738 152.94081115722656 144.79901313781738 229.302734375 115.76029205322266 229.302734375
115.40412902832031 153.32794189453125 145.40069007873535 153.32794189453125 145.40069007873535 230.00853729248047 115.40412902832031 230.00853729248047
115.44285583496094 153.06680297851562 143.91456985473633 153.06680297851562 143.91456985473633 228.36856079101562 115.44285583496094 228.36856079101562
115.13199615478516 153.00091552734375 144.4189109802246 153.00091552734375 144.4189109802246 229.7657241821289 115.13199615478516 229.7657241821289
114.85821533203125 152.39859008789062 144.45521545410156 152.39859008789062 144.45521545410156 229.716552734375 114.85821533203125 229.716552734375
115.81600189208984 152.4042510986328 145.81136894226074 152.4042510986328 145.81136894226074 229.85469818115234 115.81600189208984 229.85469818115234
115.95417785644531 153.26266479492188 146.82091331481934 153.26266479492188 146.82091331481934 230.21082305908203 115.95417785644531 230.21082305908203
115.7918472290039 154.4306640625 144.7186164855957 154.4306640625 144.7186164855957 228.36080169677734 115.7918472290039 228.36080169677734
115.21688079833984 151.56964111328125 143.97665214538574 151.56964111328125 143.97665214538574 227.7656707763672 115.21688079833984 227.7656707763672
115.75715637207031 152.74032592773438 144.92088317871094 152.74032592773438 144.92088317871094 228.9237823486328 115.75715637207031 228.9237823486328
115.40034484863281 153.00894165039062 144.45945739746094 153.00894165039062 144.45945739746094 229.06935119628906 115.40034484863281 229.06935119628906
115.36351013183594 153.13697814941406 145.61310195922852 153.13697814941406 145.61310195922852 229.57981872558594 115.36351013183594 229.57981872558594
115.87977600097656 153.65213012695312 144.57733154296875 153.65213012695312 144.57733154296875 227.6978530883789 115.87977600097656 227.6978530883789
115.87467193603516 152.19677734375 144.45781135559082 152.19677734375 144.45781135559082 227.2328643798828 115.87467193603516 227.2328643798828
115.77015686035156 153.37802124023438 144.39547157287598 153.37802124023438 144.39547157287598 228.13433074951172 115.77015686035156 228.13433074951172
116.11747741699219 153.5570831298828 145.27873611450195 153.5570831298828 145.27873611450195 229.15003204345703 116.11747741699219 229.15003204345703
115.6249771118164 154.7138671875 144.444673538208 154.7138671875 144.444673538208 227.96543884277344 115.6249771118164 227.96543884277344
115.70549011230469 154.4761199951172 144.0585536956787 154.4761199951172 144.0585536956787 229.3124542236328 115.70549011230469 229.3124542236328
116.10052490234375 154.62112426757812 144.21909141540527 154.62112426757812 144.21909141540527 227.2090835571289 116.10052490234375 227.2090835571289
115.86165618896484 154.01231384277344 143.4358959197998 154.01231384277344 143.4358959197998 225.47734832763672 115.86165618896484 225.47734832763672
115.4926528930664 153.26458740234375 142.99602890014648 153.26458740234375 142.99602890014648 228.8686981201172 115.4926528930664 228.8686981201172
115.8966064453125 153.4419708251953 144.06101417541504 153.4419708251953 144.06101417541504 226.9198455810547 115.8966064453125 226.9198455810547
115.9115219116211 153.96310424804688 143.8053855895996 153.96310424804688 143.8053855895996 228.6592788696289 115.9115219116211 228.6592788696289
115.66645812988281 154.076904296875 143.7857265472412 154.076904296875 143.7857265472412 226.2327880859375 115.66645812988281 226.2327880859375
115.5173568725586 152.94256591796875 142.5667381286621 152.94256591796875 142.5667381286621 225.81495666503906 115.5173568725586 225.81495666503906
115.97896575927734 152.75885009765625 144.02300834655762 152.75885009765625 144.02300834655762 226.86566925048828 115.97896575927734 226.86566925048828
115.6964340209961 154.18563842773438 143.34345817565918 154.18563842773438 143.34345817565918 226.1388397216797 115.6964340209961 226.1388397216797
116.3582763671875 153.5780792236328 144.27191734313965 153.5780792236328 144.27191734313965 228.052734375 116.3582763671875 228.052734375
115.67356872558594 153.27333068847656 142.89877319335938 153.27333068847656 142.89877319335938 226.12184143066406 115.67356872558594 226.12184143066406
116.19953918457031 153.9049530029297 144.0915470123291 153.9049530029297 144.0915470123291 226.7895965576172 116.19953918457031 226.7895965576172
115.97282409667969 153.31787109375 143.51797485351562 153.31787109375 143.51797485351562 228.015625 115.97282409667969 228.015625
116.03446960449219 155.11859130859375 144.10569190979004 155.11859130859375 144.10569190979004 225.92324829101562 116.03446960449219 225.92324829101562
115.20454406738281 153.001953125 142.70475387573242 153.001953125 142.70475387573242 226.59477996826172 115.20454406738281 226.59477996826172
115.98457336425781 153.48294067382812 143.22046852111816 153.48294067382812 143.22046852111816 226.70284271240234 115.98457336425781 226.70284271240234
116.04280090332031 153.89791870117188 143.79926681518555 153.89791870117188 143.79926681518555 226.17984008789062 116.04280090332031 226.17984008789062
116.26036071777344 154.0402069091797 143.4114532470703 154.0402069091797 143.4114532470703 227.20156860351562 116.26036071777344 227.20156860351562
115.55339050292969 153.7664794921875 143.08880233764648 153.7664794921875 143.08880233764648 227.02191162109375 115.55339050292969 227.02191162109375
115.59788513183594 153.64830017089844 142.8654022216797 153.64830017089844 142.8654022216797 227.3330841064453 115.59788513183594 227.3330841064453
115.98702239990234 153.00070190429688 143.6091136932373 153.00070190429688 143.6091136932373 227.3289337158203 115.98702239990234 227.3289337158203
116.05302429199219 153.93106079101562 143.71328353881836 153.93106079101562 143.71328353881836 225.92707061767578 116.05302429199219 225.92707061767578
115.709228515625 154.30111694335938 144.3088779449463 154.30111694335938 144.3088779449463 227.24222564697266 115.709228515625 227.24222564697266
115.76899719238281 155.71221923828125 144.9556369781494 155.71221923828125 144.9556369781494 227.5885772705078 115.76899719238281 227.5885772705078
116.21075439453125 154.8686981201172 144.64001846313477 154.8686981201172 144.64001846313477 227.79173278808594 116.21075439453125 227.79173278808594
115.83729553222656 153.8643035888672 144.09955978393555 153.8643035888672 144.09955978393555 227.01367950439453 115.83729553222656 227.01367950439453
116.3103256225586 153.66064453125 145.00436782836914 153.66064453125 145.00436782836914 227.23430633544922 116.3103256225586 227.23430633544922
115.86832427978516 154.16323852539062 144.37643814086914 154.16323852539062 144.37643814086914 228.34251403808594 115.86832427978516 228.34251403808594
115.97505187988281 154.1770782470703 144.8599510192871 154.1770782470703 144.8599510192871 230.2637710571289 115.97505187988281 230.2637710571289
115.97416687011719 154.37014770507812 144.1593418121338 154.37014770507812 144.1593418121338 227.01728057861328 115.97416687011719 227.01728057861328
115.31990051269531 153.03662109375 143.41766738891602 153.03662109375 143.41766738891602 228.06237030029297 115.31990051269531 228.06237030029297
115.32649230957031 154.28598022460938 142.79507446289062 154.28598022460938 142.79507446289062 226.93366241455078 115.32649230957031 226.93366241455078
115.92806243896484 154.1622772216797 143.7816276550293 154.1622772216797 143.7816276550293 226.46139526367188 115.92806243896484 226.46139526367188
116.2098159790039 153.43441772460938 144.28824615478516 153.43441772460938 144.28824615478516 228.74820709228516 116.2098159790039 228.74820709228516
116.0031509399414 154.0924530029297 145.1777572631836 154.0924530029297 145.1777572631836 227.42969512939453 116.0031509399414 227.42969512939453
115.7451400756836 153.7171630859375 143.80229377746582 153.7171630859375 143.80229377746582 227.07657623291016 115.7451400756836 227.07657623291016
116.03550720214844 155.37197875976562 145.0682029724121 155.37197875976562 145.0682029724121 227.24877166748047 116.03550720214844 227.24877166748047
115.70414733886719 153.2205810546875 144.03785133361816 153.2205810546875 144.03785133361816 227.6558380126953 115.70414733886719 227.6558380126953
115.6487045288086 154.94801330566406 143.03651237487793 154.94801330566406 143.03651237487793 227.0284423828125 115.6487045288086 227.0284423828125
115.96443176269531 152.27090454101562 144.493408203125 152.27090454101562 144.493408203125 227.1492691040039 115.96443176269531 227.1492691040039
115.92631530761719 154.43453979492188 145.04844284057617 154.43453979492188 145.04844284057617 227.89613342285156 115.92631530761719 227.89613342285156
115.9670181274414 153.8470458984375 144.63254928588867 153.8470458984375 144.63254928588867 227.45260620117188 115.9670181274414 227.45260620117188
115.842529296875 152.05490112304688 145.09645652770996 152.05490112304688 145.09645652770996 228.27272033691406 115.842529296875 228.27272033691406
116.88671875 155.6992645263672 147.64691734313965 155.6992645263672 147.64691734313965 227.91304779052734 116.88671875 227.91304779052734
115.9902114868164 152.51165771484375 144.2844467163086 152.51165771484375 144.2844467163086 226.93729400634766 115.9902114868164 226.93729400634766
116.19151306152344 154.03884887695312 144.21453857421875 154.03884887695312 144.21453857421875 227.1019744873047 116.19151306152344 227.1019744873047
115.22282409667969 154.9870147705078 144.40253067016602 154.9870147705078 144.40253067016602 226.6235122680664 115.22282409667969 226.6235122680664
116.1814956665039 153.6771697998047 144.78864669799805 153.6771697998047 144.78864669799805 229.14129638671875 116.1814956665039 229.14129638671875
115.58094787597656 152.72463989257812 143.35754013061523 152.72463989257812 143.35754013061523 227.18294525146484 115.58094787597656 227.18294525146484
115.2315902709961 153.61012268066406 144.52415084838867 153.61012268066406 144.52415084838867 227.5906753540039 115.2315902709961 227.5906753540039
115.89730072021484 152.9893341064453 143.87635612487793 152.9893341064453 143.87635612487793 227.73077392578125 115.89730072021484 227.73077392578125
115.7628402709961 153.5675506591797 142.90853691101074 153.5675506591797 142.90853691101074 226.91830444335938 115.7628402709961 226.91830444335938
116.0999526977539 154.0451202392578 143.66372299194336 154.0451202392578 143.66372299194336 227.57772827148438 116.0999526977539 227.57772827148438
115.91264343261719 153.1473846435547 144.34360694885254 153.1473846435547 144.34360694885254 227.69424438476562 115.91264343261719 227.69424438476562
115.58746337890625 154.0204315185547 143.44013595581055 154.0204315185547 143.44013595581055 227.24922943115234 115.58746337890625 227.24922943115234
116.23846435546875 154.5469512939453 144.7093505859375 154.5469512939453 144.7093505859375 226.5023422241211 116.23846435546875 226.5023422241211
116.04100036621094 153.7653350830078 144.6829071044922 153.7653350830078 144.6829071044922 227.70889282226562 116.04100036621094 227.70889282226562
115.40861511230469 155.18519592285156 142.77102661132812 155.18519592285156 142.77102661132812 226.32675170898438 115.40861511230469 226.32675170898438
116.1395034790039 155.0062255859375 144.31807136535645 155.0062255859375 144.31807136535645 226.02704620361328 116.1395034790039 226.02704620361328
115.49967193603516 153.16305541992188 142.82064056396484 153.16305541992188 142.82064056396484 226.82672882080078 115.49967193603516 226.82672882080078
116.1445541381836 153.63339233398438 143.39020919799805 153.63339233398438 143.39020919799805 227.38722229003906 116.1445541381836 227.38722229003906
