503.0 206.0 534.0 206.0 534.0 295.0 503.0 295.0
502.51300048828125 207.46658325195312 532.8972511291504 207.46658325195312 532.8972511291504 295.7698440551758 502.51300048828125 295.7698440551758
500.04864501953125 204.8070831298828 531.2920188903809 204.8070831298828 531.2920188903809 295.0074768066406 500.04864501953125 295.0074768066406
498.9776306152344 203.63992309570312 530.0871829986572 203.63992309570312 530.0871829986572 296.22493743896484 498.9776306152344 296.22493743896484
495.8919372558594 203.13543701171875 527.6982231140137 203.13543701171875 527.6982231140137 298.1986541748047 495.8919372558594 298.1986541748047
497.30218505859375 204.038818359375 527.9346981048584 204.038818359375 527.9346981048584 302.5926513671875 497.30218505859375 302.5926513671875
494.1487731933594 206.35208129882812 526.6202926635742 206.35208129882812 526.6202926635742 301.4534225463867 494.1487731933594 301.4534225463867
490.74871826171875 206.49746704101562 522.9544410705566 206.49746704101562 522.9544410705566 300.44498443603516 490.74871826171875 300.44498443603516
488.8360900878906 208.5123291015625 521.1746482849121 208.5123291015625 521.1746482849121 302.361328125 488.8360900878906 302.361328125
485.85430908203125 208.0115966796875 518.2944297790527 208.0115966796875 518.2944297790527 302.2238235473633 485.85430908203125 302.2238235473633
484.04339599609375 208.3926239013672 516.3378028869629 208.3926239013672 516.3378028869629 301.1088180541992 484.04339599609375 301.1088180541992
483.416748046875 208.3952178955078 514.8063774108887 208.3952178955078 514.8063774108887 301.6376037597656 483.416748046875 301.6376037597656
481.2333068847656 208.51171875 512.05544090271 208.51171875 512.05544090271 303.23536682128906 481.2333068847656 303.23536682128906
479.95452880859375 208.70443725585938 510.183406829834 208.70443725585938 510.183406829834 302.3794631958008 479.95452880859375 302.3794631958008
479.8604431152344 210.5916748046875 508.4316711425781 210.5916748046875 508.4316711425781 302.41783142089844 479.8604431152344 302.41783142089844
478.36651611328125 213.00717163085938 507.0729179382324 213.00717163085938 507.0729179382324 303.0186004638672 478.36651611328125 303.0186004638672
476.5440979003906 214.58517456054688 506.475528717041 214.58517456054688 506.475528717041 304.6671600341797 476.5440979003906 304.6671600341797
473.89154052734375 216.2890625 504.21502113342285 216.2890625 504.21502113342285 304.65638732910156 473.89154052734375 304.65638732910156
473.34716796875 215.5361328125 502.8178005218506 215.5361328125 502.8178005218506 306.36431884765625 473.34716796875 306.36431884765625
470.8753356933594 217.02774047851562 501.53200912475586 217.02774047851562 501.53200912475586 306.11863708496094 470.8753356933594 306.11863708496094
469.5032653808594 214.8301544189453 500.9157009124756 214.8301544189453 500.9157009124756 306.45789337158203 469.5032653808594 306.45789337158203
468.01568603515625 215.0704803466797 499.25586318969727 215.0704803466797 499.25586318969727 307.08438873291016 468.01568603515625 307.08438873291016
466.6148376464844 212.2715606689453 498.9254684448242 212.2715606689453 498.9254684448242 305.03431701660156 466.6148376464844 305.03431701660156
464.3697814941406 212.0147247314453 497.1265754699707 212.0147247314453 497.1265754699707 306.05838775634766 464.3697814941406 306.05838775634766
463.34808349609375 211.55221557617188 496.3372230529785 211.55221557617188 496.3372230529785 308.27342224121094 463.34808349609375 308.27342224121094
462.76708984375 214.6964874267578 493.7169532775879 214.6964874267578 493.7169532775879 315.8510437011719 462.76708984375 315.8510437011719
460.46942138671875 213.91683959960938 492.8787651062012 213.91683959960938 492.8787651062012 314.27184295654297 460.46942138671875 314.27184295654297
458.1875915527344 216.541748046875 490.9814987182617 216.541748046875 490.9814987182617 315.8811492919922 458.1875915527344 315.8811492919922
455.6786193847656 218.7401885986328 487.87195587158203 218.7401885986328 487.87195587158203 318.2180938720703 455.6786193847656 318.2180938720703
454.38299560546875 220.1595916748047 486.6226692199707 220.1595916748047 486.6226692199707 319.02315521240234 454.38299560546875 319.02315521240234
451.54486083984375 215.4683074951172 483.88773345947266 215.4683074951172 483.88773345947266 318.24505615234375 451.54486083984375 318.24505615234375
451.080810546875 216.2921142578125 483.0536193847656 216.2921142578125 483.0536193847656 319.3650360107422 451.080810546875 319.3650360107422
449.4459533691406 217.101806640625 480.66601943969727 217.101806640625 480.66601943969727 317.98997497558594 449.4459533691406 317.98997497558594
447.8931579589844 218.61422729492188 479.86101150512695 218.61422729492188 479.86101150512695 315.7328186035156 447.8931579589844 315.7328186035156
446.51251220703125 218.87594604492188 478.64776611328125 218.87594604492188 478.64776611328125 316.3810501098633 446.51251220703125 316.3810501098633
445.79449462890625 221.45361328125 476.9437141418457 221.45361328125 476.9437141418457 316.49871826171875 445.79449462890625 316.49871826171875
443.90472412109375 223.37234497070312 475.0827884674072 223.37234497070312 475.0827884674072 318.7632293701172 443.90472412109375 318.7632293701172
441.7767639160156 222.7480926513672 473.32007789611816 222.7480926513672 473.32007789611816 319.9677734375 441.7767639160156 319.9677734375
439.325927734375 224.33700561523438 472.4861145019531 224.33700561523438 472.4861145019531 321.4084777832031 439.325927734375 321.4084777832031
438.15802001953125 223.2345733642578 470.641788482666 223.2345733642578 470.641788482666 320.8662109375 438.15802001953125 320.8662109375
435.7367248535156 224.5414581298828 469.70613861083984 224.5414581298828 469.70613861083984 320.02369689941406 435.7367248535156 320.02369689941406
433.7635803222656 224.3550262451172 466.8722114562988 224.3550262451172 466.8722114562988 323.51660919189453 433.7635803222656 323.51660919189453
433.29815673828125 220.192138671875 466.637996673584 220.192138671875 466.637996673584 327.3997344970703 433.29815673828125 327.3997344970703
431.4466247558594 220.008056640625 463.7992172241211 220.008056640625 463.7992172241211 329.70650482177734 431.4466247558594 329.70650482177734
430.2095642089844 221.5810089111328 462.99415588378906 221.5810089111328 462.99415588378906 330.9561080932617 430.2095642089844 330.9561080932617
427.97344970703125 222.9691925048828 461.3884735107422 222.9691925048828 461.3884735107422 330.3569869995117 427.97344970703125 330.3569869995117
426.58209228515625 225.5380859375 460.17412185668945 225.5380859375 460.17412185668945 331.2075653076172 426.58209228515625 331.2075653076172
425.19525146484375 225.8611297607422 458.2773551940918 225.8611297607422 458.2773551940918 330.9324035644531 425.19525146484375 330.9324035644531
422.2173767089844 224.2992706298828 454.9606132507324 224.2992706298828 454.9606132507324 330.8522720336914 422.2173767089844 330.8522720336914
422.2845764160156 225.1660919189453 454.82860565185547 225.1660919189453 454.82860565185547 330.1312561035156 422.2845764160156 330.1312561035156
420.10516357421875 225.4422607421875 452.4113998413086 225.4422607421875 452.4113998413086 332.3484344482422 420.10516357421875 332.3484344482422
418.1163024902344 227.52969360351562 450.6608581542969 227.52969360351562 450.6608581542969 331.23621368408203 418.1163024902344 331.23621368408203
415.698486328125 227.08291625976562 449.17301177978516 227.08291625976562 449.17301177978516 329.4227523803711 415.698486328125 329.4227523803711
414.867919921875 226.08224487304688 446.6852207183838 226.08224487304688 446.6852207183838 327.0164260864258 414.867919921875 327.0164260864258
413.4319763183594 228.18325805664062 445.4143009185791 228.18325805664062 445.4143009185791 326.5040588378906 413.4319763183594 326.5040588378906
412.94757080078125 229.48873901367188 444.4832572937012 229.48873901367188 444.4832572937012 328.10623931884766 412.94757080078125 328.10623931884766
411.09136962890625 230.1212615966797 442.35849380493164 230.1212615966797 442.35849380493164 332.3252182006836 411.09136962890625 332.3252182006836
409.5361633300781 232.77957153320312 440.1252956390381 232.77957153320312 440.1252956390381 332.6031799316406 409.5361633300781 332.6031799316406
407.87713623046875 232.3962860107422 438.0791206359863 232.3962860107422 438.0791206359863 334.2407531738281 407.87713623046875 334.2407531738281
405.11944580078125 231.8775177001953 436.6577339172363 231.8775177001953 436.6577339172363 334.08056640625 405.11944580078125 334.08056640625
402.20355224609375 233.028564453125 435.9163284301758 233.028564453125 435.9163284301758 332.3742980957031 402.20355224609375 332.3742980957031
400.695068359375 230.6654052734375 433.4659194946289 230.6654052734375 433.4659194946289 334.52105712890625 400.695068359375 334.52105712890625
397.6253967285156 228.6226043701172 431.753231048584 228.6226043701172 431.753231048584 337.7043151855469 397.6253967285156 337.7043151855469
397.16229248046875 229.44491577148438 431.3042907714844 229.44491577148438 431.3042907714844 339.9547576904297 397.16229248046875 339.9547576904297
395.15924072265625 230.6470947265625 430.22601318359375 230.6470947265625 430.22601318359375 338.6666488647461 395.15924072265625 338.6666488647461
391.4575500488281 234.4716033935547 425.7897758483887 234.4716033935547 425.7897758483887 340.5222625732422 391.4575500488281 340.5222625732422
390.0232849121094 234.9209442138672 424.9543991088867 234.9209442138672 424.9543991088867 341.2081604003906 390.0232849121094 341.2081604003906
386.2884826660156 234.96142578125 421.63548278808594 234.96142578125 421.63548278808594 339.5093002319336 386.2884826660156 339.5093002319336
384.6523742675781 234.93582153320312 420.71820068359375 234.93582153320312 420.71820068359375 338.47962188720703 384.6523742675781 338.47962188720703
382.2710266113281 233.0290069580078 418.31790924072266 233.0290069580078 418.31790924072266 337.67694091796875 382.2710266113281 337.67694091796875
380.9452209472656 234.92312622070312 416.2418327331543 234.92312622070312 416.2418327331543 338.78649139404297 380.9452209472656 338.78649139404297
377.67669677734375 234.57620239257812 413.0980682373047 234.57620239257812 413.0980682373047 336.92835998535156 377.67669677734375 336.92835998535156
376.0760192871094 237.1811065673828 412.364070892334 237.1811065673828 412.364070892334 337.52921295166016 376.0760192871094 337.52921295166016
373.9952392578125 240.7816925048828 409.09256744384766 240.7816925048828 409.09256744384766 337.4040832519531 373.9952392578125 337.4040832519531
370.76019287109375 240.7913055419922 406.1161575317383 240.7913055419922 406.1161575317383 337.17742919921875 370.76019287109375 337.17742919921875
369.6629943847656 245.4888153076172 405.4975051879883 245.4888153076172 405.4975051879883 337.43560791015625 369.6629943847656 337.43560791015625
367.4264831542969 247.06625366210938 402.95738983154297 247.06625366210938 402.95738983154297 341.0296936035156 367.4264831542969 341.0296936035156
365.0709228515625 247.24853515625 399.98326873779297 247.24853515625 399.98326873779297 339.33646392822266 365.0709228515625 339.33646392822266
362.9823303222656 247.95962524414062 397.131778717041 247.95962524414062 397.131778717041 339.82398986816406 362.9823303222656 339.82398986816406
361.67486572265625 247.8099822998047 395.8564643859863 247.8099822998047 395.8564643859863 339.7803039550781 361.67486572265625 339.7803039550781
358.2557373046875 246.1776580810547 393.73324966430664 246.1776580810547 393.73324966430664 342.5792922973633 358.2557373046875 342.5792922973633
357.0276184082031 246.0219268798828 392.74768829345703 246.0219268798828 392.74768829345703 342.2004165649414 357.0276184082031 342.2004165649414
353.75152587890625 242.5811004638672 389.7637634277344 242.5811004638672 389.7637634277344 343.3715515136719 353.75152587890625 343.3715515136719
351.8747253417969 242.9239959716797 388.10808181762695 242.9239959716797 388.10808181762695 343.9031066894531 351.8747253417969 343.9031066894531
350.2545471191406 242.32394409179688 386.35955810546875 242.32394409179688 386.35955810546875 342.970458984375 350.2545471191406 342.970458984375
348.93377685546875 243.23281860351562 384.440975189209 243.23281860351562 384.440975189209 343.0381622314453 348.93377685546875 343.0381622314453
345.0894775390625 248.7714080810547 382.0104293823242 248.7714080810547 382.0104293823242 345.9096984863281 345.0894775390625 345.9096984863281
343.7817687988281 247.3140869140625 380.13489532470703 247.3140869140625 380.13489532470703 344.7704544067383 343.7817687988281 344.7704544067383
340.8465576171875 246.8962860107422 377.51701736450195 246.8962860107422 377.51701736450195 343.9419479370117 340.8465576171875 343.9419479370117
336.52117919921875 250.6575164794922 373.90242767333984 250.6575164794922 373.90242767333984 345.99066162109375 336.52117919921875 345.99066162109375
336.03509521484375 251.7011260986328 373.1510353088379 251.7011260986328 373.1510353088379 345.78248596191406 336.03509521484375 345.78248596191406
333.8818359375 250.7988739013672 371.2616500854492 250.7988739013672 371.2616500854492 345.37109375 333.8818359375 345.37109375
332.117431640625 247.3636932373047 368.1306457519531 247.3636932373047 368.1306457519531 343.06907653808594 332.117431640625 343.06907653808594
331.0624694824219 247.9444580078125 366.922550201416 247.9444580078125 366.922550201416 343.88707733154297 331.0624694824219 343.88707733154297
328.84356689453125 250.2526397705078 364.87828826904297 250.2526397705078 364.87828826904297 343.23858642578125 328.84356689453125 343.23858642578125
327.35809326171875 254.39688110351562 363.7252655029297 254.39688110351562 363.7252655029297 343.23435974121094 327.35809326171875 343.23435974121094
325.1342468261719 256.8061218261719 361.4855079650879 256.8061218261719 361.4855079650879 343.95770263671875 325.1342468261719 343.95770263671875
323.6064758300781 255.79345703125 359.8709373474121 255.79345703125 359.8709373474121 347.2873764038086 323.6064758300781 347.2873764038086
321.4814147949219 257.9195251464844 357.99077224731445 257.9195251464844 357.99077224731445 346.7943801879883 321.4814147949219 346.7943801879883
319.4501953125 256.20257568359375 355.0167541503906 256.20257568359375 355.0167541503906 348.14791107177734 319.4501953125 348.14791107177734
316.0342712402344 261.7254333496094 354.12459564208984 261.7254333496094 354.12459564208984 346.38829040527344 316.0342712402344 346.38829040527344
315.35821533203125 257.35650634765625 351.9499282836914 257.35650634765625 351.9499282836914 347.52782440185547 315.35821533203125 347.52782440185547
312.50653076171875 256.779541015625 349.6706314086914 256.779541015625 349.6706314086914 348.5455551147461 312.50653076171875 348.5455551147461
311.7205505371094 256.8258361816406 349.0787582397461 256.8258361816406 349.0787582397461 349.0343475341797 311.7205505371094 349.0343475341797
309.05487060546875 258.032958984375 345.7526741027832 258.032958984375 345.7526741027832 349.03697204589844 309.05487060546875 349.03697204589844
305.05743408203125 258.1084899902344 342.31554412841797 258.1084899902344 342.31554412841797 347.82740020751953 305.05743408203125 347.82740020751953
303.71856689453125 260.1370849609375 340.4446029663086 260.1370849609375 340.4446029663086 349.39490509033203 303.71856689453125 349.39490509033203
303.07391357421875 254.0904083251953 338.17967987060547 254.0904083251953 338.17967987060547 350.7112121582031 303.07391357421875 350.7112121582031
299.383544921875 252.71688842773438 333.77828216552734 252.71688842773438 333.77828216552734 351.4629669189453 299.383544921875 351.4629669189453
295.79779052734375 258.6979064941406 332.53122329711914 258.6979064941406 332.53122329711914 352.8591766357422 295.79779052734375 352.8591766357422
291.46990966796875 259.6854553222656 328.2046318054199 259.6854553222656 328.2046318054199 353.45240783691406 291.46990966796875 353.45240783691406
289.99212646484375 261.0576171875 327.20096588134766 261.0576171875 327.20096588134766 351.9522399902344 289.99212646484375 351.9522399902344
286.5735168457031 265.71441650390625 326.4301528930664 265.71441650390625 326.4301528930664 353.1754150390625 286.5735168457031 353.1754150390625
282.4472961425781 265.97723388671875 323.95984649658203 265.97723388671875 323.95984649658203 351.78787994384766 282.4472961425781 351.78787994384766
282.10675048828125 264.278076171875 321.23229217529297 264.278076171875 321.23229217529297 350.79586029052734 282.10675048828125 350.79586029052734
279.91534423828125 267.45147705078125 319.1346664428711 267.45147705078125 319.1346664428711 351.2025909423828 279.91534423828125 351.2025909423828
278.382080078125 268.36968994140625 316.51636505126953 268.36968994140625 316.51636505126953 352.18634033203125 278.382080078125 352.18634033203125
276.62115478515625 268.6702880859375 315.17071533203125 268.6702880859375 315.17071533203125 352.56258392333984 276.62115478515625 352.56258392333984
273.6766357421875 270.80902099609375 313.1532669067383 270.80902099609375 313.1532669067383 354.7390594482422 273.6766357421875 354.7390594482422
272.3781433105469 271.8472595214844 310.98785400390625 271.8472595214844 310.98785400390625 354.5152130126953 272.3781433105469 354.5152130126953
268.990478515625 271.8706970214844 308.1161918640137 271.8706970214844 308.1161918640137 356.32189178466797 268.990478515625 356.32189178466797
266.6388244628906 267.9970397949219 303.92883682250977 267.9970397949219 303.92883682250977 359.9037628173828 266.6388244628906 359.9037628173828
265.17926025390625 264.66351318359375 302.0048294067383 264.66351318359375 302.0048294067383 360.55953216552734 265.17926025390625 360.55953216552734
262.50994873046875 265.4251708984375 299.5741767883301 265.4251708984375 299.5741767883301 362.8816375732422 262.50994873046875 362.8816375732422
259.1220703125 262.24310302734375 295.3976402282715 262.24310302734375 295.3976402282715 362.73924255371094 259.1220703125 362.73924255371094
257.09429931640625 264.71612548828125 294.1658248901367 264.71612548828125 294.1658248901367 364.80809020996094 257.09429931640625 364.80809020996094
254.3717803955078 266.68511962890625 292.6914710998535 266.68511962890625 292.6914710998535 368.55165100097656 254.3717803955078 368.55165100097656
251.08511352539062 270.4720153808594 289.3648567199707 270.4720153808594 289.3648567199707 370.89962005615234 251.08511352539062 370.89962005615234
249.05270385742188 272.6058349609375 288.2069549560547 272.6058349609375 288.2069549560547 371.6493377685547 249.05270385742188 371.6493377685547
245.6525421142578 269.68243408203125 284.3802719116211 269.68243408203125 284.3802719116211 376.86602783203125 245.6525421142578 376.86602783203125
241.76260375976562 271.49127197265625 280.9623565673828 271.49127197265625 280.9623565673828 376.0855941772461 241.76260375976562 376.0855941772461
239.318359375 266.5117492675781 277.95178985595703 266.5117492675781 277.95178985595703 377.4270553588867 239.318359375 377.4270553588867
236.4055633544922 266.1979064941406 275.1034812927246 266.1979064941406 275.1034812927246 377.2983703613281 236.4055633544922 377.2983703613281
233.1516571044922 268.20953369140625 271.4671936035156 268.20953369140625 271.4671936035156 375.78419494628906 233.1516571044922 375.78419494628906
231.5953826904297 267.29156494140625 269.37692642211914 267.29156494140625 269.37692642211914 375.7611312866211 231.5953826904297 375.7611312866211
227.90408325195312 274.8484802246094 268.7839012145996 274.8484802246094 268.7839012145996 374.9434280395508 227.90408325195312 374.9434280395508
226.8234100341797 275.52239990234375 265.8662910461426 275.52239990234375 265.8662910461426 377.6958541870117 226.8234100341797 377.6958541870117
225.3937225341797 273.65386962890625 263.57055282592773 273.65386962890625 263.57055282592773 378.38607025146484 225.3937225341797 378.38607025146484
222.8638458251953 273.4401550292969 260.2063980102539 273.4401550292969 260.2063980102539 379.7413024902344 222.8638458251953 379.7413024902344
219.64816284179688 276.7420349121094 257.78031158447266 276.7420349121094 257.78031158447266 382.9801483154297 219.64816284179688 382.9801483154297
218.79443359375 280.01165771484375 256.7722816467285 280.01165771484375 256.7722816467285 385.52996826171875 218.79443359375 385.52996826171875
215.0286865234375 275.81817626953125 253.0489616394043 275.81817626953125 253.0489616394043 384.32674407958984 215.0286865234375 384.32674407958984
211.1737518310547 279.30523681640625 250.31316757202148 279.30523681640625 250.31316757202148 386.4141387939453 211.1737518310547 386.4141387939453
209.8525390625 272.203857421875 248.1187744140625 272.203857421875 248.1187744140625 382.06494140625 209.8525390625 382.06494140625
206.57199096679688 269.20916748046875 244.94817352294922 269.20916748046875 244.94817352294922 379.3859100341797 206.57199096679688 379.3859100341797
203.80795288085938 272.53997802734375 242.11234664916992 272.53997802734375 242.11234664916992 382.51060485839844 203.80795288085938 382.51060485839844
201.97189331054688 271.9862976074219 240.49759674072266 271.9862976074219 240.49759674072266 382.59230041503906 201.97189331054688 382.59230041503906
199.490234375 272.47515869140625 238.2561264038086 272.47515869140625 238.2561264038086 383.770751953125 199.490234375 383.770751953125
196.3508758544922 278.67144775390625 235.12146759033203 278.67144775390625 235.12146759033203 391.4663314819336 196.3508758544922 391.4663314819336
194.46755981445312 281.2118225097656 234.46454620361328 281.2118225097656 234.46454620361328 392.2234802246094 194.46755981445312 392.2234802246094
190.1474609375 276.4980163574219 230.7005386352539 276.4980163574219 230.7005386352539 389.6548309326172 190.1474609375 389.6548309326172
186.54757690429688 278.5804138183594 227.09996795654297 278.5804138183594 227.09996795654297 394.5403137207031 186.54757690429688 394.5403137207031
184.513427734375 278.3704528808594 225.01254272460938 278.3704528808594 225.01254272460938 392.8825378417969 184.513427734375 392.8825378417969
181.5467071533203 275.86175537109375 221.78424453735352 275.86175537109375 221.78424453735352 391.3823699951172 181.5467071533203 391.3823699951172
178.6425018310547 277.88385009765625 219.12384796142578 277.88385009765625 219.12384796142578 394.1044158935547 178.6425018310547 394.1044158935547
176.62802124023438 277.8140563964844 216.89442825317383 277.8140563964844 216.89442825317383 393.4175262451172 176.62802124023438 393.4175262451172
172.60775756835938 278.0443420410156 213.51568603515625 278.0443420410156 213.51568603515625 393.0429229736328 172.60775756835938 393.0429229736328
169.0132293701172 283.5968322753906 211.12053680419922 283.5968322753906 211.12053680419922 392.0069274902344 169.0132293701172 392.0069274902344
167.9736328125 284.6756591796875 210.42588424682617 284.6756591796875 210.42588424682617 394.19986724853516 167.9736328125 394.19986724853516
166.19387817382812 286.1048278808594 207.23579788208008 286.1048278808594 207.23579788208008 399.20350646972656 166.19387817382812 399.20350646972656
162.18368530273438 288.8948974609375 203.92163848876953 288.8948974609375 203.92163848876953 399.52237701416016 162.18368530273438 399.52237701416016
159.51052856445312 287.3497009277344 202.28852081298828 287.3497009277344 202.28852081298828 402.8852844238281 159.51052856445312 402.8852844238281
158.58255004882812 287.681396484375 200.28274154663086 287.681396484375 200.28274154663086 404.3785400390625 158.58255004882812 404.3785400390625
154.62173461914062 289.35205078125 197.37671661376953 289.35205078125 197.37671661376953 404.1517791748047 154.62173461914062 404.1517791748047
152.15444946289062 288.21722412109375 194.97823333740234 288.21722412109375 194.97823333740234 403.63570404052734 152.15444946289062 403.63570404052734
148.8624725341797 287.7218322753906 192.13441467285156 287.7218322753906 192.13441467285156 404.4619598388672 148.8624725341797 404.4619598388672
146.9131622314453 284.48126220703125 189.98920059204102 284.48126220703125 189.98920059204102 405.060546875 146.9131622314453 405.060546875
145.1910400390625 283.08709716796875 188.34171295166016 283.08709716796875 188.34171295166016 405.04441833496094 145.1910400390625 405.04441833496094
143.1631622314453 282.6524658203125 186.08672714233398 282.6524658203125 186.08672714233398 406.801025390625 143.1631622314453 406.801025390625
140.80380249023438 279.99334716796875 183.8272476196289 279.99334716796875 183.8272476196289 403.5121612548828 140.80380249023438 403.5121612548828
139.410400390625 287.06231689453125 182.46661376953125 287.06231689453125 182.46661376953125 409.66727447509766 139.410400390625 409.66727447509766
134.77694702148438 288.9290466308594 178.3097381591797 288.9290466308594 178.3097381591797 412.6362838745117 134.77694702148438 412.6362838745117
132.82083129882812 290.48504638671875 177.11544036865234 290.48504638671875 177.11544036865234 414.6665496826172 132.82083129882812 414.6665496826172
128.8889617919922 291.9541015625 173.6644058227539 291.9541015625 173.6644058227539 418.8793716430664 128.8889617919922 418.8793716430664
124.28753662109375 290.9050598144531 168.51985549926758 290.9050598144531 168.51985549926758 416.9153518676758 124.28753662109375 416.9153518676758
122.3001937866211 292.545654296875 167.2212142944336 292.545654296875 167.2212142944336 417.15077209472656 122.3001937866211 417.15077209472656
118.8768081665039 293.49822998046875 164.17700958251953 293.49822998046875 164.17700958251953 415.77371978759766 118.8768081665039 415.77371978759766
116.81565856933594 293.8077087402344 161.62521362304688 293.8077087402344 161.62521362304688 413.91014862060547 116.81565856933594 413.91014862060547
114.26776123046875 297.11810302734375 158.03983306884766 297.11810302734375 158.03983306884766 413.1247329711914 114.26776123046875 413.1247329711914
112.70527648925781 299.25677490234375 155.56914901733398 299.25677490234375 155.56914901733398 415.50118255615234 112.70527648925781 415.50118255615234
109.520751953125 300.998779296875 153.6288948059082 300.998779296875 153.6288948059082 421.09891510009766 109.520751953125 421.09891510009766
106.82917785644531 302.87567138671875 150.44067001342773 302.87567138671875 150.44067001342773 421.87220764160156 106.82917785644531 421.87220764160156
103.15339660644531 300.6396484375 146.7458381652832 300.6396484375 146.7458381652832 425.16246032714844 103.15339660644531 425.16246032714844
100.01981353759766 300.20330810546875 143.7179298400879 300.20330810546875 143.7179298400879 427.14662170410156 100.01981353759766 427.14662170410156
99.22457122802734 300.8896789550781 142.11584091186523 300.8896789550781 142.11584091186523 426.11363983154297 99.22457122802734 426.11363983154297
94.25304412841797 300.439697265625 139.68233108520508 300.439697265625 139.68233108520508 427.0747528076172 94.25304412841797 427.0747528076172
93.58563232421875 298.544677734375 138.43436813354492 298.544677734375 138.43436813354492 428.5315856933594 93.58563232421875 428.5315856933594
89.64704895019531 294.8111877441406 134.94350814819336 294.8111877441406 134.94350814819336 425.60736083984375 89.64704895019531 425.60736083984375
88.74617004394531 297.85760498046875 133.64465713500977 297.85760498046875 133.64465713500977 428.6838836669922 88.74617004394531 428.6838836669922
85.90188598632812 299.1355285644531 130.55504608154297 299.1355285644531 130.55504608154297 428.69154357910156 85.90188598632812 428.69154357910156
84.44771575927734 302.7035217285156 129.8321990966797 302.7035217285156 129.8321990966797 433.70582580566406 84.44771575927734 433.70582580566406
80.81718444824219 305.42364501953125 125.79951858520508 305.42364501953125 125.79951858520508 433.95838928222656 80.81718444824219 433.95838928222656
76.86224365234375 305.0310363769531 122.02681350708008 305.0310363769531 122.02681350708008 434.30523681640625 76.86224365234375 434.30523681640625
72.73859405517578 304.15081787109375 117.54108810424805 304.15081787109375 117.54108810424805 432.7772216796875 72.73859405517578 432.7772216796875
69.75603485107422 305.4411315917969 114.36581420898438 305.4411315917969 114.36581420898438 432.4255828857422 69.75603485107422 432.4255828857422
66.03681945800781 304.74462890625 110.95638275146484 304.74462890625 110.95638275146484 433.0553894042969 66.03681945800781 433.0553894042969
66.07862854003906 305.8899841308594 110.36692810058594 305.8899841308594 110.36692810058594 431.7143859863281 66.07862854003906 431.7143859863281
61.498291015625 307.92962646484375 107.05826568603516 307.92962646484375 107.05826568603516 432.2955093383789 61.498291015625 432.2955093383789
59.03075408935547 311.9891052246094 104.72956085205078 311.9891052246094 104.72956085205078 430.2078323364258 59.03075408935547 430.2078323364258
56.94921875 312.3535461425781 101.74030685424805 312.3535461425781 101.74030685424805 435.0529251098633 56.94921875 435.0529251098633
53.647300720214844 313.2496032714844 98.08283615112305 313.2496032714844 98.08283615112305 436.19630432128906 53.647300720214844 436.19630432128906
52.17327117919922 313.9292907714844 96.33206939697266 313.9292907714844 96.33206939697266 439.98131561279297 52.17327117919922 439.98131561279297
49.2728271484375 312.1080017089844 93.2784194946289 312.1080017089844 93.2784194946289 439.7525100708008 49.2728271484375 439.7525100708008
43.49652099609375 313.5880432128906 88.29141998291016 313.5880432128906 88.29141998291016 441.12378692626953 43.49652099609375 441.12378692626953
41.10776901245117 314.1738586425781 85.45742797851562 314.1738586425781 85.45742797851562 441.5001907348633 41.10776901245117 441.5001907348633
36.615577697753906 311.82928466796875 81.62950134277344 311.82928466796875 81.62950134277344 441.0626983642578 36.615577697753906 441.0626983642578
33.583805084228516 315.3567810058594 79.36809158325195 315.3567810058594 79.36809158325195 444.15821838378906 33.583805084228516 444.15821838378906
31.30478858947754 312.542724609375 76.40496253967285 312.542724609375 76.40496253967285 442.0237579345703 31.30478858947754 442.0237579345703
28.0445613861084 311.14544677734375 73.03774070739746 311.14544677734375 73.03774070739746 440.3193054199219 28.0445613861084 440.3193054199219
25.50240707397461 315.7303161621094 70.13996505737305 315.7303161621094 70.13996505737305 443.8831787109375 25.50240707397461 443.8831787109375
20.7742977142334 318.4355163574219 65.37348747253418 318.4355163574219 65.37348747253418 446.47821044921875 20.7742977142334 446.47821044921875
15.501751899719238 320.719970703125 60.555447578430176 320.719970703125 60.555447578430176 449.9300231933594 15.501751899719238 449.9300231933594
