491.0 93.0 588.0 93.0 588.0 146.0 491.0 146.0
490.670166015625 94.86553192138672 585.6107482910156 94.86553192138672 585.6107482910156 147.15459442138672 490.670166015625 147.15459442138672
486.982421875 94.00163269042969 580.420654296875 94.00163269042969 580.420654296875 146.1681900024414 486.982421875 146.1681900024414
481.23162841796875 93.0067138671875 576.1802825927734 93.0067138671875 576.1802825927734 145.05126953125 481.23162841796875 145.05126953125
480.0791931152344 93.51529693603516 575.9610443115234 93.51529693603516 575.9610443115234 145.96355056762695 480.0791931152344 145.96355056762695
476.2333984375 93.1949234008789 573.4592742919922 93.1949234008789 573.4592742919922 146.4496726989746 476.2333984375 146.4496726989746
472.08984375 93.33174133300781 569.2315292358398 93.33174133300781 569.2315292358398 146.54531478881836 472.08984375 146.54531478881836
469.20166015625 93.49110412597656 566.2252807617188 93.49110412597656 566.2252807617188 146.8268699645996 469.20166015625 146.8268699645996
464.76922607421875 93.25333404541016 562.9317626953125 93.25333404541016 562.9317626953125 147.01739501953125 464.76922607421875 147.01739501953125
462.6707458496094 94.1561279296875 556.9268569946289 94.1561279296875 556.9268569946289 146.97284698486328 462.6707458496094 146.97284698486328
458.79290771484375 94.12873840332031 555.7461547851562 94.12873840332031 555.7461547851562 145.66101837158203 458.79290771484375 145.66101837158203
454.7027282714844 94.15259552001953 552.6122894287109 94.15259552001953 552.6122894287109 146.26707458496094 454.7027282714844 146.26707458496094
452.377197265625 93.46507263183594 549.7574310302734 93.46507263183594 549.7574310302734 146.20629501342773 452.377197265625 146.20629501342773
449.1112365722656 93.26124572753906 546.0583572387695 93.26124572753906 546.0583572387695 145.40667343139648 449.1112365722656 145.40667343139648
444.10540771484375 93.0353012084961 543.1102447509766 93.0353012084961 543.1102447509766 145.75311279296875 444.10540771484375 145.75311279296875
439.71026611328125 93.26737976074219 537.1273574829102 93.26737976074219 537.1273574829102 147.02844619750977 439.71026611328125 147.02844619750977
438.6316833496094 94.11895751953125 533.8944854736328 94.11895751953125 533.8944854736328 146.03971481323242 438.6316833496094 146.03971481323242
434.36297607421875 94.28341674804688 531.4320831298828 94.28341674804688 531.4320831298828 146.0849838256836 434.36297607421875 146.0849838256836
431.71807861328125 94.5285873413086 530.0131912231445 94.5285873413086 530.0131912231445 145.7868995666504 431.71807861328125 145.7868995666504
428.5738220214844 93.367919921875 527.4672698974609 93.367919921875 527.4672698974609 146.45336151123047 428.5738220214844 146.45336151123047
425.82476806640625 94.2369155883789 523.3025054931641 94.2369155883789 523.3025054931641 145.63717651367188 425.82476806640625 145.63717651367188
422.11358642578125 93.58428955078125 519.4574890136719 93.58428955078125 519.4574890136719 145.21541595458984 422.11358642578125 145.21541595458984
416.658447265625 94.06573486328125 513.24267578125 94.06573486328125 513.24267578125 145.04695892333984 416.658447265625 145.04695892333984
414.42889404296875 93.49415588378906 509.1995620727539 93.49415588378906 509.1995620727539 145.08509826660156 414.42889404296875 145.08509826660156
409.78753662109375 94.1521987915039 507.6724624633789 94.1521987915039 507.6724624633789 144.90225219726562 409.78753662109375 144.90225219726562
409.60699462890625 93.90834045410156 505.9377746582031 93.90834045410156 505.9377746582031 145.80735778808594 409.60699462890625 145.80735778808594
404.98785400390625 93.63203430175781 501.0350646972656 93.63203430175781 501.0350646972656 146.65597915649414 404.98785400390625 146.65597915649414
401.759765625 94.17149353027344 498.86812591552734 94.17149353027344 498.86812591552734 145.86321258544922 401.759765625 145.86321258544922
399.42608642578125 93.03388214111328 496.77901458740234 93.03388214111328 496.77901458740234 145.80872344970703 399.42608642578125 145.80872344970703
396.2825622558594 93.92481994628906 491.83080291748047 93.92481994628906 491.83080291748047 145.8110122680664 396.2825622558594 145.8110122680664
392.1277160644531 93.65271759033203 488.9121551513672 93.65271759033203 488.9121551513672 146.97832107543945 392.1277160644531 146.97832107543945
390.4703369140625 94.06312561035156 485.85084533691406 94.06312561035156 485.85084533691406 146.46850204467773 390.4703369140625 146.46850204467773
387.9331970214844 94.8503189086914 483.3101348876953 94.8503189086914 483.3101348876953 146.6049346923828 387.9331970214844 146.6049346923828
384.7764587402344 94.69992065429688 478.83618927001953 94.69992065429688 478.83618927001953 146.17787551879883 384.7764587402344 146.17787551879883
380.3656005859375 96.14029693603516 475.2616271972656 96.14029693603516 475.2616271972656 145.62351989746094 380.3656005859375 145.62351989746094
377.7765197753906 95.81806945800781 474.65941619873047 95.81806945800781 474.65941619873047 145.57097625732422 377.7765197753906 145.57097625732422
373.71026611328125 95.40708923339844 470.9316101074219 95.40708923339844 470.9316101074219 145.91179656982422 373.71026611328125 145.91179656982422
370.3946533203125 95.4572982788086 465.5337371826172 95.4572982788086 465.5337371826172 145.54337692260742 370.3946533203125 145.54337692260742
367.4209899902344 95.29547119140625 463.40294647216797 95.29547119140625 463.40294647216797 145.42548370361328 367.4209899902344 145.42548370361328
366.43463134765625 94.97040557861328 459.1786575317383 94.97040557861328 459.1786575317383 145.73526000976562 366.43463134765625 145.73526000976562
361.9947204589844 94.11894226074219 456.9241180419922 94.11894226074219 456.9241180419922 145.27669143676758 361.9947204589844 145.27669143676758
358.9544982910156 95.37208557128906 452.6778793334961 95.37208557128906 452.6778793334961 145.5160789489746 358.9544982910156 145.5160789489746
354.59075927734375 94.9961166381836 449.23199462890625 94.9961166381836 449.23199462890625 145.83146286010742 354.59075927734375 145.83146286010742
353.4358825683594 95.26393127441406 446.1120910644531 95.26393127441406 446.1120910644531 145.6780548095703 353.4358825683594 145.6780548095703
352.4867858886719 94.35665893554688 442.70811462402344 94.35665893554688 442.70811462402344 145.03390502929688 352.4867858886719 145.03390502929688
348.97125244140625 94.8259506225586 440.13919830322266 94.8259506225586 440.13919830322266 144.2135124206543 348.97125244140625 144.2135124206543
344.1943359375 95.6521224975586 436.01070404052734 95.6521224975586 436.01070404052734 145.35919952392578 344.1943359375 145.35919952392578
343.299072265625 95.1849136352539 434.16461181640625 95.1849136352539 434.16461181640625 144.77676391601562 343.299072265625 144.77676391601562
338.3584899902344 96.04126739501953 428.69264221191406 96.04126739501953 428.69264221191406 145.76060485839844 338.3584899902344 145.76060485839844
334.88507080078125 97.10038757324219 423.58424377441406 97.10038757324219 423.58424377441406 145.97963333129883 334.88507080078125 145.97963333129883
330.68377685546875 95.45259094238281 422.4238052368164 95.45259094238281 422.4238052368164 145.91032791137695 330.68377685546875 145.91032791137695
329.579345703125 95.3533706665039 421.5729522705078 95.3533706665039 421.5729522705078 144.98856735229492 329.579345703125 144.98856735229492
327.87982177734375 95.44800567626953 420.03050994873047 95.44800567626953 420.03050994873047 147.9998550415039 327.87982177734375 147.9998550415039
323.42828369140625 95.63195037841797 416.4882049560547 95.63195037841797 416.4882049560547 147.32031631469727 323.42828369140625 147.32031631469727
320.0845031738281 95.9217758178711 411.89620208740234 95.9217758178711 411.89620208740234 146.250244140625 320.0845031738281 146.250244140625
318.8162536621094 96.63284301757812 411.1783981323242 96.63284301757812 411.1783981323242 147.45566940307617 318.8162536621094 147.45566940307617
318.39044189453125 97.84330749511719 411.39964294433594 97.84330749511719 411.39964294433594 148.66272354125977 318.39044189453125 148.66272354125977
311.87567138671875 98.06099700927734 407.88661193847656 98.06099700927734 407.88661193847656 150.52053833007812 311.87567138671875 150.52053833007812
306.7796936035156 98.16423797607422 403.7189254760742 98.16423797607422 403.7189254760742 151.1309928894043 306.7796936035156 151.1309928894043
303.43121337890625 95.0060043334961 398.72802734375 95.0060043334961 398.72802734375 149.62169647216797 303.43121337890625 149.62169647216797
300.52459716796875 98.4365234375 399.57711029052734 98.4365234375 399.57711029052734 152.55795288085938 300.52459716796875 152.55795288085938
298.8004455566406 97.9279556274414 398.10916900634766 97.9279556274414 398.10916900634766 152.1893768310547 298.8004455566406 152.1893768310547
294.6297912597656 93.5505142211914 391.6293716430664 93.5505142211914 391.6293716430664 149.4628677368164 294.6297912597656 149.4628677368164
292.1705627441406 93.35990142822266 388.1387710571289 93.35990142822266 388.1387710571289 148.51137161254883 292.1705627441406 148.51137161254883
288.29534912109375 94.95215606689453 385.53673553466797 94.95215606689453 385.53673553466797 151.43885040283203 288.29534912109375 151.43885040283203
285.21527099609375 95.82508087158203 384.15138244628906 95.82508087158203 384.15138244628906 152.77824783325195 285.21527099609375 152.77824783325195
282.6980895996094 96.55521392822266 381.05247497558594 96.55521392822266 381.05247497558594 152.48118591308594 282.6980895996094 152.48118591308594
280.6697998046875 94.31864929199219 377.3997039794922 94.31864929199219 377.3997039794922 150.72035217285156 280.6697998046875 150.72035217285156
277.9861755371094 95.79217529296875 377.2439422607422 95.79217529296875 377.2439422607422 151.77613067626953 277.9861755371094 151.77613067626953
274.3319396972656 94.1604232788086 370.6575469970703 94.1604232788086 370.6575469970703 150.44967651367188 274.3319396972656 150.44967651367188
270.5870056152344 95.69139099121094 369.94837951660156 95.69139099121094 369.94837951660156 152.74906158447266 270.5870056152344 152.74906158447266
269.73736572265625 95.424072265625 365.70987701416016 95.424072265625 365.70987701416016 150.03092193603516 269.73736572265625 150.03092193603516
266.5608825683594 96.17707824707031 362.2061309814453 96.17707824707031 362.2061309814453 150.78601837158203 266.5608825683594 150.78601837158203
263.18646240234375 97.07586669921875 358.6611785888672 97.07586669921875 358.6611785888672 150.6884651184082 263.18646240234375 150.6884651184082
260.6845703125 96.78953552246094 356.6930847167969 96.78953552246094 356.6930847167969 151.30863189697266 260.6845703125 151.30863189697266
257.5465087890625 96.94749450683594 351.8804168701172 96.94749450683594 351.8804168701172 151.3343849182129 257.5465087890625 151.3343849182129
255.09725952148438 96.96197509765625 349.57872009277344 96.96197509765625 349.57872009277344 151.0946044921875 255.09725952148438 151.0946044921875
250.4701690673828 97.87078857421875 345.76219940185547 97.87078857421875 345.76219940185547 151.16790771484375 250.4701690673828 151.16790771484375
251.01467895507812 97.21661376953125 342.41773986816406 97.21661376953125 342.41773986816406 150.36876678466797 251.01467895507812 150.36876678466797
248.3491973876953 98.09419250488281 341.0152282714844 98.09419250488281 341.0152282714844 152.25596618652344 248.3491973876953 152.25596618652344
243.36453247070312 98.90520477294922 336.1521911621094 98.90520477294922 336.1521911621094 153.42416381835938 243.36453247070312 153.42416381835938
240.45895385742188 98.79161071777344 333.75736236572266 98.79161071777344 333.75736236572266 153.4928970336914 240.45895385742188 153.4928970336914
239.4765625 98.2856216430664 333.38169860839844 98.2856216430664 333.38169860839844 154.91044998168945 239.4765625 154.91044998168945
237.2405242919922 98.680908203125 328.0520553588867 98.680908203125 328.0520553588867 152.96737670898438 237.2405242919922 152.96737670898438
235.138916015625 98.62984466552734 322.4171600341797 98.62984466552734 322.4171600341797 154.87288665771484 235.138916015625 154.87288665771484
231.3430938720703 99.43070983886719 320.7969512939453 99.43070983886719 320.7969512939453 153.34971618652344 231.3430938720703 153.34971618652344
228.69180297851562 98.01546478271484 318.15623474121094 98.01546478271484 318.15623474121094 153.1013412475586 228.69180297851562 153.1013412475586
225.3120574951172 97.51792907714844 315.0107192993164 97.51792907714844 315.0107192993164 153.76355361938477 225.3120574951172 153.76355361938477
218.73263549804688 98.30027770996094 308.7090301513672 98.30027770996094 308.7090301513672 155.57640838623047 218.73263549804688 155.57640838623047
221.1071319580078 97.58802795410156 311.56507873535156 97.58802795410156 311.56507873535156 153.98753356933594 221.1071319580078 153.98753356933594
216.05859375 98.38554382324219 307.0567855834961 98.38554382324219 307.0567855834961 154.9029769897461 216.05859375 154.9029769897461
214.6295928955078 99.47268676757812 305.1030502319336 99.47268676757812 305.1030502319336 155.77956008911133 214.6295928955078 155.77956008911133
211.49026489257812 99.07527923583984 303.30785369873047 99.07527923583984 303.30785369873047 155.16442108154297 211.49026489257812 155.16442108154297
208.4750518798828 97.7718734741211 301.8927688598633 97.7718734741211 301.8927688598633 154.51648330688477 208.4750518798828 154.51648330688477
206.0401611328125 96.82749938964844 297.1091766357422 96.82749938964844 297.1091766357422 153.5522117614746 206.0401611328125 153.5522117614746
201.04086303710938 98.34871673583984 292.67699432373047 98.34871673583984 292.67699432373047 155.07167053222656 201.04086303710938 155.07167053222656
199.3495330810547 96.44354248046875 290.6477279663086 96.44354248046875 290.6477279663086 151.87398147583008 199.3495330810547 151.87398147583008
195.92543029785156 97.12782287597656 286.19239807128906 97.12782287597656 286.19239807128906 154.4061508178711 195.92543029785156 154.4061508178711
194.33889770507812 97.84004211425781 287.2047882080078 97.84004211425781 287.2047882080078 153.67718887329102 194.33889770507812 153.67718887329102
192.95553588867188 97.17848205566406 282.07276153564453 97.17848205566406 282.07276153564453 152.2596893310547 192.95553588867188 152.2596893310547
189.58877563476562 95.99359130859375 278.4762954711914 95.99359130859375 278.4762954711914 152.66683197021484 189.58877563476562 152.66683197021484
185.20022583007812 97.73518371582031 275.42298889160156 97.73518371582031 275.42298889160156 152.14960479736328 185.20022583007812 152.14960479736328
183.48025512695312 98.1615982055664 272.78260803222656 98.1615982055664 272.78260803222656 152.07526397705078 183.48025512695312 152.07526397705078
179.54994201660156 97.87638854980469 270.08770751953125 97.87638854980469 270.08770751953125 152.06859970092773 179.54994201660156 152.06859970092773
177.12039184570312 98.95475006103516 267.7301483154297 98.95475006103516 267.7301483154297 152.96191024780273 177.12039184570312 152.96191024780273
174.58572387695312 99.70136260986328 264.29957580566406 99.70136260986328 264.29957580566406 152.89919662475586 174.58572387695312 152.89919662475586
171.18960571289062 99.23573303222656 263.44181060791016 99.23573303222656 263.44181060791016 151.21131134033203 171.18960571289062 151.21131134033203
167.22264099121094 100.07652282714844 261.21886444091797 100.07652282714844 261.21886444091797 151.66162872314453 167.22264099121094 151.66162872314453
166.12152099609375 98.7748031616211 256.1338195800781 98.7748031616211 256.1338195800781 150.03055953979492 166.12152099609375 150.03055953979492
160.92832946777344 99.53014373779297 253.31024169921875 99.53014373779297 253.31024169921875 151.42161560058594 160.92832946777344 151.42161560058594
156.2045135498047 98.38883209228516 248.23465728759766 98.38883209228516 248.23465728759766 150.906494140625 156.2045135498047 150.906494140625
154.8307342529297 99.06105041503906 249.0504150390625 99.06105041503906 249.0504150390625 149.90084838867188 154.8307342529297 149.90084838867188
149.6057586669922 99.03167724609375 243.57233428955078 99.03167724609375 243.57233428955078 151.56878662109375 149.6057586669922 151.56878662109375
148.0789794921875 98.46937561035156 243.12714385986328 98.46937561035156 243.12714385986328 151.16497039794922 148.0789794921875 151.16497039794922
148.25674438476562 102.607177734375 258.65404510498047 102.607177734375 258.65404510498047 148.53958129882812 148.25674438476562 148.53958129882812
174.96688842773438 99.75508880615234 286.27210998535156 99.75508880615234 286.27210998535156 146.4003448486328 174.96688842773438 146.4003448486328
187.1493377685547 101.64067077636719 296.82373046875 101.64067077636719 296.82373046875 149.66993713378906 187.1493377685547 149.66993713378906
215.44943237304688 97.76589965820312 316.2510757446289 97.76589965820312 316.2510757446289 150.07115936279297 215.44943237304688 150.07115936279297
230.3685302734375 100.76728820800781 341.75428771972656 100.76728820800781 341.75428771972656 147.66293716430664 230.3685302734375 147.66293716430664
252.4779052734375 97.95095825195312 359.76143646240234 97.95095825195312 359.76143646240234 148.73698043823242 252.4779052734375 148.73698043823242
271.92413330078125 98.09242248535156 386.34303283691406 98.09242248535156 386.34303283691406 145.95934295654297 271.92413330078125 145.95934295654297
288.690673828125 97.92546081542969 400.46910095214844 97.92546081542969 400.46910095214844 148.26901626586914 288.690673828125 148.26901626586914
312.39459228515625 96.26466369628906 424.2125473022461 96.26466369628906 424.2125473022461 146.54368209838867 312.39459228515625 146.54368209838867
325.916259765625 95.16639709472656 435.91053771972656 95.16639709472656 435.91053771972656 147.31403350830078 325.916259765625 147.31403350830078
322.03326416015625 94.6985092163086 428.43196868896484 94.6985092163086 428.43196868896484 149.5630111694336 322.03326416015625 149.5630111694336
324.11578369140625 90.14049530029297 426.5860595703125 90.14049530029297 426.5860595703125 145.88186645507812 324.11578369140625 145.88186645507812
319.3350830078125 92.5493392944336 422.65077209472656 92.5493392944336 422.65077209472656 147.45662689208984 319.3350830078125 147.45662689208984
317.310546875 92.16561889648438 423.1431655883789 92.16561889648438 423.1431655883789 144.5189094543457 317.310546875 144.5189094543457
315.7855529785156 91.1719970703125 419.4490509033203 91.1719970703125 419.4490509033203 146.95587921142578 315.7855529785156 146.95587921142578
311.77825927734375 93.26496887207031 419.44730377197266 93.26496887207031 419.44730377197266 145.3222427368164 311.77825927734375 145.3222427368164
319.6192932128906 92.71646118164062 407.26676177978516 92.71646118164062 407.26676177978516 149.26397705078125 319.6192932128906 149.26397705078125
311.3941955566406 93.54429626464844 406.8621597290039 93.54429626464844 406.8621597290039 148.50510025024414 311.3941955566406 148.50510025024414
310.6357116699219 91.84501647949219 408.86402893066406 91.84501647949219 408.86402893066406 147.94788360595703 310.6357116699219 147.94788360595703
307.1922607421875 90.85383605957031 400.26595306396484 90.85383605957031 400.26595306396484 147.93770599365234 307.1922607421875 147.93770599365234
303.2249450683594 92.03035736083984 404.0142517089844 92.03035736083984 404.0142517089844 147.01729583740234 303.2249450683594 147.01729583740234
305.73822021484375 93.11199951171875 393.5255355834961 93.11199951171875 393.5255355834961 148.8621711730957 305.73822021484375 148.8621711730957
299.44781494140625 92.29637145996094 393.6361846923828 92.29637145996094 393.6361846923828 145.55333709716797 299.44781494140625 145.55333709716797
297.3937072753906 92.88276672363281 390.06116485595703 92.88276672363281 390.06116485595703 148.79293060302734 297.3937072753906 148.79293060302734
297.46234130859375 93.40180969238281 384.0260467529297 93.40180969238281 384.0260467529297 148.91038513183594 297.46234130859375 148.91038513183594
290.91839599609375 92.4214859008789 389.86769104003906 92.4214859008789 389.86769104003906 146.56485748291016 290.91839599609375 146.56485748291016
293.0822448730469 92.18299102783203 379.3059997558594 92.18299102783203 379.3059997558594 148.71547317504883 293.0822448730469 148.71547317504883
287.5672912597656 91.60289764404297 381.78470611572266 91.60289764404297 381.78470611572266 146.90432739257812 287.5672912597656 146.90432739257812
287.52362060546875 91.31185150146484 382.0021057128906 91.31185150146484 382.0021057128906 145.97544479370117 287.52362060546875 145.97544479370117
286.20562744140625 92.35340881347656 373.86151123046875 92.35340881347656 373.86151123046875 148.85816192626953 286.20562744140625 148.85816192626953
281.33306884765625 91.50386810302734 379.6817932128906 91.50386810302734 379.6817932128906 146.16923141479492 281.33306884765625 146.16923141479492
283.42095947265625 91.27543640136719 370.0987777709961 91.27543640136719 370.0987777709961 147.95355987548828 283.42095947265625 147.95355987548828
278.3873596191406 90.3707275390625 373.8272018432617 90.3707275390625 373.8272018432617 145.23320388793945 278.3873596191406 145.23320388793945
276.43560791015625 91.21257781982422 367.09666442871094 91.21257781982422 367.09666442871094 146.2251091003418 276.43560791015625 146.2251091003418
275.90521240234375 90.34971618652344 362.2987823486328 90.34971618652344 362.2987823486328 147.1611785888672 275.90521240234375 147.1611785888672
270.5375061035156 91.21470642089844 364.78932189941406 91.21470642089844 364.78932189941406 144.8214569091797 270.5375061035156 144.8214569091797
273.08660888671875 90.45982360839844 358.1663055419922 90.45982360839844 358.1663055419922 147.10970306396484 273.08660888671875 147.10970306396484
269.7437438964844 90.0751953125 359.06885528564453 90.0751953125 359.06885528564453 146.65294647216797 269.7437438964844 146.65294647216797
269.18560791015625 90.7372055053711 356.8576202392578 90.7372055053711 356.8576202392578 145.92393112182617 269.18560791015625 145.92393112182617
266.62677001953125 89.76513671875 351.14974212646484 89.76513671875 351.14974212646484 145.96280670166016 266.62677001953125 145.96280670166016
262.9759216308594 90.61051940917969 353.7708053588867 90.61051940917969 353.7708053588867 144.68677139282227 262.9759216308594 144.68677139282227
261.9161682128906 90.45955657958984 347.5691909790039 90.45955657958984 347.5691909790039 145.5461540222168 261.9161682128906 145.5461540222168
260.152099609375 90.40753936767578 346.8834686279297 90.40753936767578 346.8834686279297 145.22026443481445 260.152099609375 145.22026443481445
258.19464111328125 89.49634552001953 348.5174789428711 89.49634552001953 348.5174789428711 144.76043319702148 258.19464111328125 144.76043319702148
257.6144104003906 90.83280944824219 341.07781982421875 90.83280944824219 341.07781982421875 145.34754943847656 257.6144104003906 145.34754943847656
254.0261993408203 90.2886962890625 343.34265899658203 90.2886962890625 343.34265899658203 143.55695343017578 254.0261993408203 143.55695343017578
254.822509765625 90.66587829589844 338.3480453491211 90.66587829589844 338.3480453491211 145.26145935058594 254.822509765625 145.26145935058594
250.07809448242188 90.56849670410156 337.63787841796875 90.56849670410156 337.63787841796875 144.88418197631836 250.07809448242188 144.88418197631836
249.02597045898438 90.46453857421875 335.41246795654297 90.46453857421875 335.41246795654297 144.95210647583008 249.02597045898438 144.95210647583008
245.3574981689453 90.99740600585938 333.1986846923828 90.99740600585938 333.1986846923828 145.28582000732422 245.3574981689453 145.28582000732422
245.2291717529297 90.76585388183594 331.8946075439453 90.76585388183594 331.8946075439453 144.92644882202148 245.2291717529297 144.92644882202148
243.7340087890625 89.78126525878906 330.0698471069336 89.78126525878906 330.0698471069336 144.1387062072754 243.7340087890625 144.1387062072754
238.7117156982422 89.57734680175781 325.25445556640625 89.57734680175781 325.25445556640625 144.1825942993164 238.7117156982422 144.1825942993164
239.0924072265625 89.37471008300781 325.0378875732422 89.37471008300781 325.0378875732422 145.00489807128906 239.0924072265625 145.00489807128906
238.86795043945312 89.13369750976562 325.3572540283203 89.13369750976562 325.3572540283203 144.9766731262207 238.86795043945312 144.9766731262207
236.269775390625 89.39801025390625 323.1990661621094 89.39801025390625 323.1990661621094 144.48725128173828 236.269775390625 144.48725128173828
233.34957885742188 89.88160705566406 320.9210968017578 89.88160705566406 320.9210968017578 144.53902435302734 233.34957885742188 144.53902435302734
231.11209106445312 88.92137145996094 317.87599182128906 88.92137145996094 317.87599182128906 144.89428329467773 231.11209106445312 144.89428329467773
228.372802734375 89.17061614990234 317.32906341552734 89.17061614990234 317.32906341552734 143.95643615722656 228.372802734375 143.95643615722656
229.67861938476562 89.20584869384766 314.3569030761719 89.20584869384766 314.3569030761719 144.19348907470703 229.67861938476562 144.19348907470703
226.4008026123047 89.00123596191406 312.85992431640625 89.00123596191406 312.85992431640625 143.2500762939453 226.4008026123047 143.2500762939453
225.82958984375 89.40928649902344 313.6865692138672 89.40928649902344 313.6865692138672 145.32831573486328 225.82958984375 145.32831573486328
222.95840454101562 89.17051696777344 311.28040313720703 89.17051696777344 311.28040313720703 145.36424255371094 222.95840454101562 145.36424255371094
221.43887329101562 89.30838775634766 306.46726989746094 89.30838775634766 306.46726989746094 144.86669540405273 221.43887329101562 144.86669540405273
220.18966674804688 89.7872543334961 304.56227111816406 89.7872543334961 304.56227111816406 143.7932586669922 220.18966674804688 143.7932586669922
219.9805450439453 89.4766845703125 305.6410369873047 89.4766845703125 305.6410369873047 143.64688110351562 219.9805450439453 143.64688110351562
214.87484741210938 87.751708984375 301.16554260253906 87.751708984375 301.16554260253906 144.62722778320312 214.87484741210938 144.62722778320312
219.9954071044922 94.0111083984375 328.0877914428711 94.0111083984375 328.0877914428711 139.92276763916016 219.9954071044922 139.92276763916016
246.4720916748047 90.8446044921875 350.92444610595703 90.8446044921875 350.92444610595703 139.18218612670898 246.4720916748047 139.18218612670898
263.40374755859375 92.66463470458984 373.0210418701172 92.66463470458984 373.0210418701172 139.72979736328125 263.40374755859375 139.72979736328125
281.2272033691406 89.21419525146484 386.3965148925781 89.21419525146484 386.3965148925781 139.52494049072266 281.2272033691406 139.52494049072266
302.8143005371094 88.25321197509766 408.24854278564453 88.25321197509766 408.24854278564453 139.84298706054688 302.8143005371094 139.84298706054688
293.9501037597656 86.4360122680664 398.5923767089844 86.4360122680664 398.5923767089844 139.5386734008789 293.9501037597656 139.5386734008789
298.9958190917969 85.71333312988281 399.526123046875 85.71333312988281 399.526123046875 139.46734237670898 298.9958190917969 139.46734237670898
292.9087829589844 87.91159057617188 394.00670623779297 87.91159057617188 394.00670623779297 141.9850845336914 292.9087829589844 141.9850845336914
295.7690734863281 87.5069580078125 397.67346954345703 87.5069580078125 397.67346954345703 138.9827995300293 295.7690734863281 138.9827995300293
290.0443420410156 85.49434661865234 390.71199798583984 85.49434661865234 390.71199798583984 140.49826431274414 290.0443420410156 140.49826431274414
292.11590576171875 88.8479232788086 388.89554595947266 88.8479232788086 388.89554595947266 141.8401641845703 292.11590576171875 141.8401641845703
291.3810119628906 86.03752899169922 387.88612365722656 86.03752899169922 387.88612365722656 141.36748504638672 291.3810119628906 141.36748504638672
285.716796875 86.14725494384766 383.8633117675781 86.14725494384766 383.8633117675781 140.83636093139648 285.716796875 140.83636093139648
285.61529541015625 88.36836242675781 386.52667236328125 88.36836242675781 386.52667236328125 139.61178970336914 285.61529541015625 139.61178970336914
289.2413635253906 85.73503112792969 377.27318572998047 85.73503112792969 377.27318572998047 140.90306091308594 289.2413635253906 140.90306091308594
283.0380859375 87.11067962646484 375.4017868041992 87.11067962646484 375.4017868041992 140.3912811279297 283.0380859375 140.3912811279297
283.513916015625 86.83834075927734 378.7396011352539 86.83834075927734 378.7396011352539 141.58484268188477 283.513916015625 141.58484268188477
278.8197326660156 86.91297912597656 374.8261184692383 86.91297912597656 374.8261184692383 140.60486602783203 278.8197326660156 140.60486602783203
275.8472595214844 86.68132781982422 371.1070251464844 86.68132781982422 371.1070251464844 139.99044799804688 275.8472595214844 139.99044799804688
276.81451416015625 87.18204498291016 368.4894561767578 87.18204498291016 368.4894561767578 142.0625 276.81451416015625 142.0625
271.7542419433594 86.73112487792969 369.05690002441406 86.73112487792969 369.05690002441406 139.89644622802734 271.7542419433594 139.89644622802734
277.24005126953125 85.41966247558594 362.4715042114258 85.41966247558594 362.4715042114258 141.90786361694336 277.24005126953125 141.90786361694336
273.72613525390625 85.996337890625 362.08702850341797 85.996337890625 362.08702850341797 142.3519515991211 273.72613525390625 142.3519515991211
273.3869934082031 85.27018737792969 364.0644226074219 85.27018737792969 364.0644226074219 139.92005920410156 273.3869934082031 139.92005920410156
272.533203125 84.88990783691406 356.28907012939453 84.88990783691406 356.28907012939453 141.15716171264648 272.533203125 141.15716171264648
269.9293212890625 84.54243469238281 356.3638229370117 84.54243469238281 356.3638229370117 141.3500213623047 269.9293212890625 141.3500213623047
267.9210510253906 84.91961669921875 355.7311553955078 84.91961669921875 355.7311553955078 139.08287811279297 267.9210510253906 139.08287811279297
266.85205078125 85.23686218261719 351.92139434814453 85.23686218261719 351.92139434814453 141.23290252685547 266.85205078125 141.23290252685547
261.2785339355469 85.15055084228516 350.77172088623047 85.15055084228516 350.77172088623047 136.9034080505371 261.2785339355469 136.9034080505371
262.5251770019531 84.12117767333984 349.35890197753906 84.12117767333984 349.35890197753906 141.01190567016602 262.5251770019531 141.01190567016602
258.6590270996094 83.68355560302734 346.8226623535156 83.68355560302734 346.8226623535156 139.58893203735352 258.6590270996094 139.58893203735352
257.55572509765625 84.77029418945312 351.01080322265625 84.77029418945312 351.01080322265625 139.1153450012207 257.55572509765625 139.1153450012207
258.6521911621094 85.50090026855469 342.74781036376953 85.50090026855469 342.74781036376953 140.9836654663086 258.6521911621094 140.9836654663086
253.33035278320312 85.09403991699219 347.34373474121094 85.09403991699219 347.34373474121094 138.6988754272461 253.33035278320312 138.6988754272461
254.62088012695312 83.4478988647461 339.9272918701172 83.4478988647461 339.9272918701172 140.40553283691406 254.62088012695312 140.40553283691406
249.7475128173828 84.94343566894531 337.73692321777344 84.94343566894531 337.73692321777344 139.8253631591797 249.7475128173828 139.8253631591797
252.390869140625 84.94783020019531 338.26444244384766 84.94783020019531 338.26444244384766 139.09435272216797 252.390869140625 139.09435272216797
251.0569305419922 85.45634460449219 336.49021911621094 85.45634460449219 336.49021911621094 140.94610977172852 251.0569305419922 140.94610977172852
249.87838745117188 85.08613586425781 336.8812713623047 85.08613586425781 336.8812713623047 140.21107482910156 249.87838745117188 140.21107482910156
243.9390411376953 86.33106994628906 335.6252136230469 86.33106994628906 335.6252136230469 140.19470977783203 243.9390411376953 140.19470977783203
245.01742553710938 85.29664611816406 329.28711700439453 85.29664611816406 329.28711700439453 139.64306259155273 245.01742553710938 139.64306259155273
240.8306884765625 84.51727294921875 330.52960205078125 84.51727294921875 330.52960205078125 139.21218872070312 240.8306884765625 139.21218872070312
241.99404907226562 84.67525482177734 328.83043670654297 84.67525482177734 328.83043670654297 140.57300186157227 241.99404907226562 140.57300186157227
237.3239288330078 83.9446792602539 325.14744567871094 83.9446792602539 325.14744567871094 139.94952392578125 237.3239288330078 139.94952392578125
236.2953338623047 84.57281494140625 326.7850646972656 84.57281494140625 326.7850646972656 140.45872116088867 236.2953338623047 140.45872116088867
233.563720703125 84.77117919921875 322.18402099609375 84.77117919921875 322.18402099609375 139.96089935302734 233.563720703125 139.96089935302734
232.6937713623047 84.86898803710938 325.3459014892578 84.86898803710938 325.3459014892578 138.55384063720703 232.6937713623047 138.55384063720703
230.704833984375 84.05216979980469 318.8366165161133 84.05216979980469 318.8366165161133 139.4998016357422 230.704833984375 139.4998016357422
228.290771484375 84.65996551513672 320.11106872558594 84.65996551513672 320.11106872558594 139.51629638671875 228.290771484375 139.51629638671875
228.3486328125 83.6092758178711 315.9315643310547 83.6092758178711 315.9315643310547 139.1962432861328 228.3486328125 139.1962432861328
228.8655242919922 84.3369369506836 317.9314651489258 84.3369369506836 317.9314651489258 139.6804962158203 228.8655242919922 139.6804962158203
224.9024658203125 84.2900619506836 312.50413513183594 84.2900619506836 312.50413513183594 139.88431930541992 224.9024658203125 139.88431930541992
221.5498809814453 84.0779037475586 307.3834915161133 84.0779037475586 307.3834915161133 138.2832374572754 221.5498809814453 138.2832374572754
219.4873809814453 85.47921752929688 309.38104248046875 85.47921752929688 309.38104248046875 139.74747848510742 219.4873809814453 139.74747848510742
221.7314453125 84.82456970214844 307.53746795654297 84.82456970214844 307.53746795654297 139.88560485839844 221.7314453125 139.88560485839844
213.9384765625 84.4564208984375 303.66039276123047 84.4564208984375 303.66039276123047 138.3610954284668 213.9384765625 138.3610954284668
213.36715698242188 84.7593994140625 301.0645065307617 84.7593994140625 301.0645065307617 138.38265991210938 213.36715698242188 138.38265991210938
213.3094024658203 84.44600677490234 297.31493377685547 84.44600677490234 297.31493377685547 139.36169815063477 213.3094024658203 139.36169815063477
211.10171508789062 84.80131530761719 299.4074249267578 84.80131530761719 299.4074249267578 138.11385345458984 211.10171508789062 138.11385345458984
211.2728271484375 84.8494644165039 292.99061584472656 84.8494644165039 292.99061584472656 139.93789672851562 211.2728271484375 139.93789672851562
205.9910125732422 84.2229995727539 292.96724700927734 84.2229995727539 292.96724700927734 137.86561965942383 205.9910125732422 137.86561965942383
207.80355834960938 84.43248748779297 291.43402099609375 84.43248748779297 291.43402099609375 139.53382873535156 207.80355834960938 139.53382873535156
206.89669799804688 84.1296615600586 290.84764862060547 84.1296615600586 290.84764862060547 137.51390075683594 206.89669799804688 137.51390075683594
203.01109313964844 87.24762725830078 292.906005859375 87.24762725830078 292.906005859375 139.56438827514648 203.01109313964844 139.56438827514648
200.21234130859375 84.91044616699219 289.20045471191406 84.91044616699219 289.20045471191406 137.8546485900879 200.21234130859375 137.8546485900879
200.61648559570312 84.59181213378906 282.8548126220703 84.59181213378906 282.8548126220703 138.94434356689453 200.61648559570312 138.94434356689453
198.3421630859375 86.58781433105469 284.167236328125 86.58781433105469 284.167236328125 138.95581436157227 198.3421630859375 138.95581436157227
197.9463348388672 85.50151062011719 280.3104248046875 85.50151062011719 280.3104248046875 139.8247413635254 197.9463348388672 139.8247413635254
197.4393310546875 86.130126953125 279.76515197753906 86.130126953125 279.76515197753906 139.38042068481445 197.4393310546875 139.38042068481445
196.15098571777344 86.10515594482422 278.9912796020508 86.10515594482422 278.9912796020508 138.29652404785156 196.15098571777344 138.29652404785156
194.92697143554688 85.2673110961914 276.53173065185547 85.2673110961914 276.53173065185547 139.3053741455078 194.92697143554688 139.3053741455078
190.6796112060547 85.79969024658203 272.3073196411133 85.79969024658203 272.3073196411133 138.99170684814453 190.6796112060547 138.99170684814453
188.77911376953125 86.08573913574219 268.92967987060547 86.08573913574219 268.92967987060547 138.1956329345703 188.77911376953125 138.1956329345703
189.794677734375 86.1777114868164 267.833984375 86.1777114868164 267.833984375 138.42535018920898 189.794677734375 138.42535018920898
185.9628448486328 86.64117431640625 265.7745590209961 86.64117431640625 265.7745590209961 138.32772064208984 185.9628448486328 138.32772064208984
183.44276428222656 86.05677795410156 263.25057220458984 86.05677795410156 263.25057220458984 138.78967666625977 183.44276428222656 138.78967666625977
182.99502563476562 86.13945007324219 262.77364349365234 86.13945007324219 262.77364349365234 139.3238067626953 182.99502563476562 139.3238067626953
181.18911743164062 86.03694915771484 260.0618438720703 86.03694915771484 260.0618438720703 138.01399993896484 181.18911743164062 138.01399993896484
177.22422790527344 86.65727996826172 259.1935043334961 86.65727996826172 259.1935043334961 138.56011962890625 177.22422790527344 138.56011962890625
178.68862915039062 85.84418487548828 257.29564666748047 85.84418487548828 257.29564666748047 138.06279373168945 178.68862915039062 138.06279373168945
178.0057830810547 86.66264343261719 258.8920364379883 86.66264343261719 258.8920364379883 138.53014373779297 178.0057830810547 138.53014373779297
174.07028198242188 86.79634094238281 253.17860412597656 86.79634094238281 253.17860412597656 137.60094451904297 174.07028198242188 137.60094451904297
172.73275756835938 86.6875 251.72409057617188 86.6875 251.72409057617188 136.96281051635742 172.73275756835938 136.96281051635742
171.3289031982422 88.35972595214844 256.75572204589844 88.35972595214844 256.75572204589844 138.81243133544922 171.3289031982422 138.81243133544922
169.9274444580078 86.83306884765625 251.14370727539062 86.83306884765625 251.14370727539062 138.08559036254883 169.9274444580078 138.08559036254883
168.102783203125 87.3314437866211 248.720947265625 87.3314437866211 248.720947265625 138.1639747619629 168.102783203125 138.1639747619629
167.5943603515625 86.8945541381836 245.8744125366211 86.8945541381836 245.8744125366211 137.25936889648438 167.5943603515625 137.25936889648438
166.71435546875 87.59838104248047 245.64110565185547 87.59838104248047 245.64110565185547 137.34946060180664 166.71435546875 137.34946060180664
164.6636962890625 86.75526428222656 241.9820327758789 86.75526428222656 241.9820327758789 137.4723663330078 164.6636962890625 137.4723663330078
162.557861328125 86.56353759765625 245.58924102783203 86.56353759765625 245.58924102783203 138.32368087768555 162.557861328125 138.32368087768555
162.2650909423828 86.67611694335938 243.0878677368164 86.67611694335938 243.0878677368164 137.5189666748047 162.2650909423828 137.5189666748047
159.58387756347656 86.75039672851562 242.14492797851562 86.75039672851562 242.14492797851562 137.47719192504883 159.58387756347656 137.47719192504883
157.84181213378906 86.94559478759766 239.2871856689453 86.94559478759766 239.2871856689453 138.03924179077148 157.84181213378906 138.03924179077148
156.31222534179688 86.732421875 240.32067108154297 86.732421875 240.32067108154297 137.58751678466797 156.31222534179688 137.58751678466797
156.0762939453125 86.83173370361328 238.66265106201172 86.83173370361328 238.66265106201172 137.89068603515625 156.0762939453125 137.89068603515625
153.66152954101562 86.1349868774414 236.18108367919922 86.1349868774414 236.18108367919922 137.8701171875 153.66152954101562 137.8701171875
149.565185546875 88.2342758178711 238.6285858154297 88.2342758178711 238.6285858154297 136.71461868286133 149.565185546875 136.71461868286133
152.42562866210938 85.70535278320312 232.8136215209961 85.70535278320312 232.8136215209961 136.79056930541992 152.42562866210938 136.79056930541992
149.0963134765625 86.66914367675781 228.8295669555664 86.66914367675781 228.8295669555664 136.8919906616211 149.0963134765625 136.8919906616211
149.5307159423828 87.16520690917969 228.30641174316406 87.16520690917969 228.30641174316406 136.68987274169922 149.5307159423828 136.68987274169922
149.4400634765625 86.80377197265625 228.70413208007812 86.80377197265625 228.70413208007812 135.87203979492188 149.4400634765625 135.87203979492188
145.18978881835938 86.50716400146484 225.18873596191406 86.50716400146484 225.18873596191406 136.70280838012695 145.18978881835938 136.70280838012695
144.6950225830078 86.86131286621094 226.2306137084961 86.86131286621094 226.2306137084961 136.62820434570312 144.6950225830078 136.62820434570312
142.4283905029297 87.12313842773438 220.38592529296875 87.12313842773438 220.38592529296875 136.25225448608398 142.4283905029297 136.25225448608398
142.50743103027344 86.36223602294922 220.88706970214844 86.36223602294922 220.88706970214844 137.34228515625 142.50743103027344 137.34228515625
141.683349609375 86.4740219116211 221.45849609375 86.4740219116211 221.45849609375 136.76923370361328 141.683349609375 136.76923370361328
139.4231414794922 86.97614288330078 220.60797882080078 86.97614288330078 220.60797882080078 137.31807327270508 139.4231414794922 137.31807327270508
138.80068969726562 86.35970306396484 219.31546783447266 86.35970306396484 219.31546783447266 137.15311813354492 138.80068969726562 137.15311813354492
137.83535766601562 86.13741302490234 219.63211059570312 86.13741302490234 219.63211059570312 137.1832504272461 137.83535766601562 137.1832504272461
137.8126678466797 85.95372009277344 218.41329193115234 85.95372009277344 218.41329193115234 137.48550033569336 137.8126678466797 137.48550033569336
136.0203857421875 85.91258239746094 217.921142578125 85.91258239746094 217.921142578125 137.35883331298828 136.0203857421875 137.35883331298828
136.06851196289062 86.75395202636719 220.46412658691406 86.75395202636719 220.46412658691406 137.62355422973633 136.06851196289062 137.62355422973633
134.97804260253906 85.940673828125 218.25081634521484 85.940673828125 218.25081634521484 137.1501693725586 134.97804260253906 137.1501693725586
135.09681701660156 86.735107421875 217.81515502929688 86.735107421875 217.81515502929688 138.28657150268555 135.09681701660156 138.28657150268555
133.85165405273438 86.77732849121094 216.264404296875 86.77732849121094 216.264404296875 137.69578552246094 133.85165405273438 137.69578552246094
134.20547485351562 85.85554504394531 217.8582992553711 85.85554504394531 217.8582992553711 137.2201919555664 134.20547485351562 137.2201919555664
132.13661193847656 86.2035903930664 212.90917205810547 86.2035903930664 212.90917205810547 136.9322967529297 132.13661193847656 136.9322967529297
133.2801971435547 86.12857055664062 212.6480941772461 86.12857055664062 212.6480941772461 136.70211029052734 133.2801971435547 136.70211029052734
131.82684326171875 86.95462799072266 210.294921875 86.95462799072266 210.294921875 136.20158004760742 131.82684326171875 136.20158004760742
131.41473388671875 85.81817626953125 212.13919830322266 85.81817626953125 212.13919830322266 136.52584075927734 131.41473388671875 136.52584075927734
130.76638793945312 87.36491394042969 209.3457794189453 87.36491394042969 209.3457794189453 136.70964813232422 130.76638793945312 136.70964813232422
129.17477416992188 86.84567260742188 209.73342895507812 86.84567260742188 209.73342895507812 137.02452087402344 129.17477416992188 137.02452087402344
129.30287170410156 86.06709289550781 211.8613510131836 86.06709289550781 211.8613510131836 136.69637298583984 129.30287170410156 136.69637298583984
128.8043212890625 85.53327941894531 209.6922149658203 85.53327941894531 209.6922149658203 137.39719009399414 128.8043212890625 137.39719009399414
127.75211334228516 85.67951965332031 210.1746597290039 85.67951965332031 210.1746597290039 136.5069122314453 127.75211334228516 136.5069122314453
127.47977447509766 86.04844665527344 209.92696380615234 86.04844665527344 209.92696380615234 136.95429229736328 127.47977447509766 136.95429229736328
129.24864196777344 85.936279296875 212.71627807617188 85.936279296875 212.71627807617188 137.39026641845703 129.24864196777344 137.39026641845703
128.45794677734375 85.7182846069336 210.2680892944336 85.7182846069336 210.2680892944336 136.57401657104492 128.45794677734375 136.57401657104492
127.72880554199219 86.65133666992188 209.24852752685547 86.65133666992188 209.24852752685547 136.42426300048828 127.72880554199219 136.42426300048828
128.00502014160156 85.9371337890625 208.78502655029297 85.9371337890625 208.78502655029297 136.2958106994629 128.00502014160156 136.2958106994629
128.8672637939453 85.74839782714844 213.1906280517578 85.74839782714844 213.1906280517578 136.32139205932617 128.8672637939453 136.32139205932617
129.45407104492188 85.53985595703125 211.53031158447266 85.53985595703125 211.53031158447266 137.14443969726562 129.45407104492188 137.14443969726562
128.97576904296875 85.84956359863281 210.74952697753906 85.84956359863281 210.74952697753906 136.36414337158203 128.97576904296875 136.36414337158203
130.40000915527344 85.97911071777344 211.999267578125 85.97911071777344 211.999267578125 136.5664176940918 130.40000915527344 136.5664176940918
128.37640380859375 85.65484619140625 210.56832122802734 85.65484619140625 210.56832122802734 135.763427734375 128.37640380859375 135.763427734375
129.07492065429688 86.64878845214844 212.4664764404297 86.64878845214844 212.4664764404297 136.95450592041016 129.07492065429688 136.95450592041016
127.7877426147461 86.18592071533203 210.92858123779297 86.18592071533203 210.92858123779297 137.12927627563477 127.7877426147461 137.12927627563477
128.66262817382812 85.54720306396484 212.1589584350586 85.54720306396484 212.1589584350586 136.33599853515625 128.66262817382812 136.33599853515625
130.48101806640625 86.22522735595703 212.93660736083984 86.22522735595703 212.93660736083984 137.638671875 130.48101806640625 137.638671875
127.3092041015625 85.90972900390625 209.37999725341797 85.90972900390625 209.37999725341797 136.3415641784668 127.3092041015625 136.3415641784668
