11.0 224.0 27.0 224.0 27.0 265.0 11.0 265.0
23.535125732421875 216.79879760742188 39.37675762176514 216.79879760742188 39.37675762176514 257.39298248291016 23.535125732421875 257.39298248291016
21.538427352905273 219.7416229248047 37.47255516052246 219.7416229248047 37.47255516052246 260.5728225708008 21.538427352905273 260.5728225708008
36.112213134765625 204.6915740966797 51.92313861846924 204.6915740966797 51.92313861846924 245.20706176757812 36.112213134765625 245.20706176757812
47.960853576660156 227.93283081054688 63.819369316101074 227.93283081054688 63.819369316101074 268.5702705383301 47.960853576660156 268.5702705383301
36.008399963378906 261.0403747558594 51.61115264892578 261.0403747558594 51.61115264892578 301.02242279052734 36.008399963378906 301.02242279052734
21.379375457763672 261.640380859375 37.057498931884766 261.640380859375 37.057498931884766 301.81556701660156 21.379375457763672 301.81556701660156
21.952163696289062 277.32830810546875 37.81307506561279 277.32830810546875 37.81307506561279 317.97188568115234 21.952163696289062 317.97188568115234
15.51667308807373 297.93756103515625 31.286115646362305 297.93756103515625 31.286115646362305 338.3467483520508 15.51667308807373 338.3467483520508
8.634590148925781 334.6750793457031 24.429736137390137 334.6750793457031 24.429736137390137 375.1501350402832 8.634590148925781 375.1501350402832
16.103961944580078 334.6126708984375 31.788114547729492 334.6126708984375 31.788114547729492 374.80330657958984 16.103961944580078 374.80330657958984
12.899373054504395 333.34857177734375 28.589316368103027 333.34857177734375 28.589316368103027 373.5540428161621 12.899373054504395 373.5540428161621
19.850078582763672 328.21124267578125 35.64985466003418 328.21124267578125 35.64985466003418 368.69815826416016 19.850078582763672 368.69815826416016
8.335586547851562 333.235107421875 24.37408447265625 333.235107421875 24.37408447265625 374.33374786376953 8.335586547851562 374.33374786376953
8.142098426818848 339.1835021972656 24.285229682922363 339.1835021972656 24.285229682922363 380.5502624511719 8.142098426818848 380.5502624511719
9.697869300842285 331.18048095703125 26.062434196472168 331.18048095703125 26.062434196472168 373.11466217041016 9.697869300842285 373.11466217041016
10.494630813598633 328.17388916015625 26.94622039794922 328.17388916015625 26.94622039794922 370.3310737609863 10.494630813598633 370.3310737609863
14.494802474975586 329.43804931640625 31.02958869934082 329.43804931640625 31.02958869934082 371.8084297180176 14.494802474975586 371.8084297180176
9.079058647155762 326.19012451171875 26.050625801086426 326.19012451171875 26.050625801086426 369.6797561645508 9.079058647155762 369.6797561645508
11.749807357788086 327.65032958984375 28.89459800720215 327.65032958984375 28.89459800720215 371.58384704589844 11.749807357788086 371.58384704589844
15.640780448913574 327.0480651855469 31.768908500671387 327.0480651855469 31.768908500671387 371.0324935913086 15.640780448913574 371.0324935913086
17.76589584350586 326.6081237792969 33.73216438293457 326.6081237792969 33.73216438293457 371.3467025756836 17.76589584350586 371.3467025756836
19.77057456970215 327.21807861328125 34.748169898986816 327.21807861328125 34.748169898986816 370.2513236999512 19.77057456970215 370.2513236999512
6.462763786315918 317.5201110839844 23.563637733459473 317.5201110839844 23.563637733459473 361.3410873413086 6.462763786315918 361.3410873413086
18.301692962646484 359.90777587890625 35.63951873779297 359.90777587890625 35.63951873779297 404.33594512939453 18.301692962646484 404.33594512939453
49.85938262939453 356.51593017578125 67.07300186157227 356.51593017578125 67.07300186157227 400.62582778930664 49.85938262939453 400.62582778930664
70.37220764160156 345.8027648925781 87.4156436920166 345.8027648925781 87.4156436920166 389.4765625 70.37220764160156 389.4765625
77.5828857421875 337.423828125 94.61012840270996 337.423828125 94.61012840270996 381.0561294555664 77.5828857421875 381.0561294555664
85.6317367553711 337.9911193847656 102.71466064453125 337.9911193847656 102.71466064453125 381.76610565185547 85.6317367553711 381.76610565185547
116.51939392089844 324.9572448730469 133.22579383850098 324.9572448730469 133.22579383850098 368.0772171020508 116.51939392089844 368.0772171020508
126.05924987792969 313.9984436035156 143.86213874816895 313.9984436035156 143.86213874816895 358.5921516418457 126.05924987792969 358.5921516418457
120.86845397949219 318.8285217285156 138.63100814819336 318.8285217285156 138.63100814819336 364.3450508117676 120.86845397949219 364.3450508117676
126.19685363769531 315.20184326171875 143.91005516052246 315.20184326171875 143.91005516052246 360.2831268310547 126.19685363769531 360.2831268310547
129.45045471191406 315.0560607910156 147.48077392578125 315.0560607910156 147.48077392578125 358.75024795532227 129.45045471191406 358.75024795532227
127.6785659790039 314.7204895019531 146.15130233764648 314.7204895019531 146.15130233764648 359.83626556396484 127.6785659790039 359.83626556396484
128.0513458251953 315.66180419921875 146.59921073913574 315.66180419921875 146.59921073913574 359.5074462890625 128.0513458251953 359.5074462890625
128.43154907226562 315.2225036621094 146.70614624023438 315.2225036621094 146.70614624023438 359.41381454467773 128.43154907226562 359.41381454467773
128.96273803710938 313.78411865234375 146.89576530456543 313.78411865234375 146.89576530456543 358.8744583129883 128.96273803710938 358.8744583129883
126.60831451416016 317.7188720703125 145.63787460327148 317.7188720703125 145.63787460327148 362.6921920776367 126.60831451416016 362.6921920776367
115.70211029052734 323.59832763671875 134.18425369262695 323.59832763671875 134.18425369262695 370.9588203430176 115.70211029052734 370.9588203430176
116.37142181396484 323.5582580566406 134.79065132141113 323.5582580566406 134.79065132141113 370.7575378417969 116.37142181396484 370.7575378417969
118.89078521728516 321.1844177246094 137.1155128479004 321.1844177246094 137.1155128479004 367.88528060913086 118.89078521728516 367.88528060913086
121.18864440917969 321.2206726074219 139.25351905822754 321.2206726074219 139.25351905822754 367.5119094848633 121.18864440917969 367.5119094848633
114.65189361572266 324.9398498535156 132.62062454223633 324.9398498535156 132.62062454223633 370.9847183227539 114.65189361572266 370.9847183227539
117.3277816772461 324.0735168457031 135.09082412719727 324.0735168457031 135.09082412719727 369.59130859375 117.3277816772461 369.59130859375
122.1048355102539 321.26324462890625 139.67695426940918 321.26324462890625 139.67695426940918 366.2917938232422 122.1048355102539 366.2917938232422
115.32625579833984 324.52532958984375 133.00146293640137 324.52532958984375 133.00146293640137 369.8180389404297 115.32625579833984 369.8180389404297
113.9029769897461 324.96246337890625 131.52460289001465 324.96246337890625 131.52460289001465 370.1178741455078 113.9029769897461 370.1178741455078
118.23869323730469 323.60302734375 135.9591999053955 323.60302734375 135.9591999053955 369.0118217468262 118.23869323730469 369.0118217468262
122.4649658203125 319.8597717285156 140.01467514038086 319.8597717285156 140.01467514038086 364.83089447021484 122.4649658203125 364.83089447021484
121.5202407836914 319.7826232910156 139.16557121276855 319.7826232910156 139.16557121276855 364.99877548217773 121.5202407836914 364.99877548217773
120.96162414550781 317.77154541015625 138.84729385375977 317.77154541015625 138.84729385375977 363.6035614013672 120.96162414550781 363.6035614013672
117.0937271118164 325.4688720703125 135.1312255859375 325.4688720703125 135.1312255859375 371.68994903564453 117.0937271118164 371.68994903564453
118.59233093261719 321.1116943359375 136.8003387451172 321.1116943359375 136.8003387451172 367.7696952819824 118.59233093261719 367.7696952819824
120.60639953613281 318.27154541015625 138.89387893676758 318.27154541015625 138.89387893676758 365.1331901550293 120.60639953613281 365.1331901550293
121.02872467041016 320.76068115234375 139.21540451049805 320.76068115234375 139.21540451049805 367.36402130126953 121.02872467041016 367.36402130126953
125.3030014038086 314.1606750488281 143.70181846618652 314.1606750488281 143.70181846618652 361.3076171875 125.3030014038086 361.3076171875
127.99749755859375 313.6244812011719 146.3248405456543 313.6244812011719 146.3248405456543 360.5882759094238 127.99749755859375 360.5882759094238
125.72064208984375 312.37872314453125 144.2635555267334 312.37872314453125 144.2635555267334 359.8949203491211 125.72064208984375 359.8949203491211
126.3583755493164 313.1949768066406 145.3887062072754 313.1949768066406 145.3887062072754 359.91654205322266 126.3583755493164 359.91654205322266
128.32986450195312 313.68914794921875 147.40596389770508 313.68914794921875 147.40596389770508 360.06317138671875 128.32986450195312 360.06317138671875
123.7956771850586 316.2078552246094 144.04817581176758 316.2078552246094 144.04817581176758 361.2879409790039 123.7956771850586 361.2879409790039
126.7690200805664 315.3096618652344 146.50395584106445 315.3096618652344 146.50395584106445 360.6263542175293 126.7690200805664 360.6263542175293
120.8078384399414 317.1724853515625 138.5854263305664 317.1724853515625 138.5854263305664 353.2820739746094 120.8078384399414 353.2820739746094
111.92707824707031 303.52789306640625 130.43234252929688 303.52789306640625 130.43234252929688 350.9476089477539 111.92707824707031 350.9476089477539
96.39820861816406 276.4419860839844 115.17838859558105 276.4419860839844 115.17838859558105 324.5661735534668 96.39820861816406 324.5661735534668
49.55039978027344 265.22882080078125 68.52359580993652 265.22882080078125 68.52359580993652 313.8476104736328 49.55039978027344 313.8476104736328
32.94508743286133 302.1453857421875 51.79316329956055 302.1453857421875 51.79316329956055 350.44355392456055 32.94508743286133 350.44355392456055
23.485057830810547 316.8255920410156 42.3697452545166 316.8255920410156 42.3697452545166 365.2175750732422 23.485057830810547 365.2175750732422
24.1525821685791 317.4312744140625 42.90740966796875 317.4312744140625 42.90740966796875 365.4904899597168 24.1525821685791 365.4904899597168
25.447834014892578 318.3460388183594 44.55720520019531 318.3460388183594 44.55720520019531 367.3137741088867 25.447834014892578 367.3137741088867
21.632665634155273 313.3197937011719 40.517038345336914 313.3197937011719 40.517038345336914 361.7109680175781 21.632665634155273 361.7109680175781
15.311235427856445 318.9867248535156 34.07533264160156 318.9867248535156 34.07533264160156 367.06969451904297 15.311235427856445 367.06969451904297
15.829495429992676 316.44403076171875 34.32009220123291 316.44403076171875 34.32009220123291 363.8261604309082 15.829495429992676 363.8261604309082
18.90986442565918 319.8338317871094 37.605247497558594 319.8338317871094 37.605247497558594 367.74072265625 18.90986442565918 367.74072265625
16.069271087646484 296.67938232421875 34.626930236816406 296.67938232421875 34.626930236816406 344.2333564758301 16.069271087646484 344.2333564758301
23.624038696289062 264.20465087890625 42.46672821044922 264.20465087890625 42.46672821044922 312.489013671875 23.624038696289062 312.489013671875
22.37625503540039 266.08892822265625 40.72882843017578 266.08892822265625 40.72882843017578 313.11737060546875 22.37625503540039 313.11737060546875
19.33139419555664 258.2879333496094 37.717315673828125 258.2879333496094 37.717315673828125 305.40182876586914 19.33139419555664 305.40182876586914
27.0994930267334 274.5802307128906 45.29340934753418 274.5802307128906 45.29340934753418 321.2021179199219 27.0994930267334 321.2021179199219
41.759666442871094 277.33551025390625 60.14413833618164 277.33551025390625 60.14413833618164 324.4456901550293 41.759666442871094 324.4456901550293
57.2440299987793 261.88671875 75.58927154541016 261.88671875 75.58927154541016 308.89636993408203 57.2440299987793 308.89636993408203
43.45426559448242 273.66204833984375 61.87849998474121 273.66204833984375 61.87849998474121 320.8741149902344 43.45426559448242 320.8741149902344
28.09027099609375 281.55914306640625 46.56731605529785 281.55914306640625 46.56731605529785 328.9065361022949 28.09027099609375 328.9065361022949
20.334800720214844 284.94586181640625 38.92629623413086 284.94586181640625 38.92629623413086 332.58653259277344 20.334800720214844 332.58653259277344
32.06922149658203 287.131591796875 50.383901596069336 287.131591796875 50.383901596069336 334.0629196166992 32.06922149658203 334.0629196166992
21.761014938354492 289.00921630859375 39.98742866516113 289.00921630859375 39.98742866516113 335.71435928344727 21.761014938354492 335.71435928344727
17.60934066772461 291.17559814453125 35.85777282714844 291.17559814453125 35.85777282714844 337.9371643066406 17.60934066772461 337.9371643066406
23.079540252685547 281.4522705078125 41.223222732543945 281.4522705078125 41.223222732543945 327.9454116821289 23.079540252685547 327.9454116821289
19.289522171020508 294.7763366699219 37.559322357177734 294.7763366699219 37.559322357177734 341.5926513671875 19.289522171020508 341.5926513671875
10.402443885803223 278.8035583496094 28.717595100402832 278.8035583496094 28.717595100402832 325.736083984375 10.402443885803223 325.736083984375
11.679054260253906 297.0210876464844 30.23348617553711 297.0210876464844 30.23348617553711 344.56676483154297 11.679054260253906 344.56676483154297
13.802454948425293 287.8326110839844 32.84271717071533 287.8326110839844 32.84271717071533 336.6232223510742 13.802454948425293 336.6232223510742
13.344738960266113 238.6337432861328 32.51882266998291 238.6337432861328 32.51882266998291 287.7672691345215 13.344738960266113 287.7672691345215
14.659002304077148 235.7917938232422 33.62725830078125 235.7917938232422 33.62725830078125 284.39788818359375 14.659002304077148 284.39788818359375
11.04537296295166 238.7257537841797 29.907979011535645 238.7257537841797 29.907979011535645 287.0611228942871 11.04537296295166 287.0611228942871
9.250749588012695 244.68936157226562 28.156909942626953 244.68936157226562 28.156909942626953 293.1363410949707 9.250749588012695 293.1363410949707
7.70114278793335 243.152587890625 26.39977788925171 243.152587890625 26.39977788925171 291.06778717041016 7.70114278793335 291.06778717041016
10.041304588317871 238.5198516845703 28.710413932800293 238.5198516845703 28.710413932800293 286.3593978881836 10.041304588317871 286.3593978881836
8.990659713745117 238.60916137695312 27.49326515197754 238.60916137695312 27.49326515197754 286.0220413208008 8.990659713745117 286.0220413208008
25.381671905517578 235.16012573242188 43.814109802246094 235.16012573242188 43.814109802246094 282.3932113647461 25.381671905517578 282.3932113647461
8.121933937072754 242.64065551757812 26.92579936981201 242.64065551757812 26.92579936981201 290.82552337646484 8.121933937072754 290.82552337646484
8.547717094421387 241.033203125 27.325373649597168 241.033203125 27.325373649597168 289.15090560913086 8.547717094421387 289.15090560913086
23.743030548095703 216.917236328125 42.626094818115234 216.917236328125 42.626094818115234 265.3050422668457 23.743030548095703 265.3050422668457
31.763835906982422 219.7390594482422 50.70131874084473 219.7390594482422 50.70131874084473 268.26631927490234 31.763835906982422 268.26631927490234
29.121728897094727 207.5953369140625 47.977176666259766 207.5953369140625 47.977176666259766 255.91238021850586 29.121728897094727 255.91238021850586
40.151695251464844 161.65679931640625 54.412025451660156 161.65679931640625 54.412025451660156 207.86917877197266 40.151695251464844 207.86917877197266
40.66447830200195 163.167724609375 54.64068412780762 163.167724609375 54.64068412780762 209.4963607788086 40.66447830200195 209.4963607788086
40.710304260253906 163.02963256835938 54.46640586853027 163.02963256835938 54.46640586853027 208.7488021850586 40.710304260253906 208.7488021850586
42.056114196777344 163.0334014892578 54.22883129119873 163.0334014892578 54.22883129119873 206.34707260131836 42.056114196777344 206.34707260131836
41.898780822753906 161.30020141601562 54.05799674987793 161.30020141601562 54.05799674987793 206.0687141418457 41.898780822753906 206.0687141418457
41.65329360961914 161.65493774414062 54.674742698669434 161.65493774414062 54.674742698669434 205.0172348022461 41.65329360961914 205.0172348022461
41.98530960083008 161.02938842773438 55.063846588134766 161.02938842773438 55.063846588134766 205.16822052001953 41.98530960083008 205.16822052001953
43.23232650756836 162.42164611816406 56.02031421661377 162.42164611816406 56.02031421661377 205.1431121826172 43.23232650756836 205.1431121826172
45.35340118408203 161.62721252441406 58.39924621582031 161.62721252441406 58.39924621582031 205.95952987670898 45.35340118408203 205.95952987670898
46.47229766845703 163.38644409179688 58.01879405975342 163.38644409179688 58.01879405975342 204.92743301391602 46.47229766845703 204.92743301391602
48.457618713378906 164.6409149169922 60.41219139099121 164.6409149169922 60.41219139099121 206.38556289672852 48.457618713378906 206.38556289672852
