59.0 382.0 102.0 382.0 102.0 448.0 59.0 448.0
58.76288986206055 382.1593017578125 100.56841278076172 382.1593017578125 100.56841278076172 446.5126266479492 58.76288986206055 446.5126266479492
58.17325973510742 380.2164611816406 100.24701690673828 380.2164611816406 100.24701690673828 444.66182708740234 58.17325973510742 444.66182708740234
57.98445510864258 378.86077880859375 100.09701538085938 378.86077880859375 100.09701538085938 442.9041976928711 57.98445510864258 442.9041976928711
57.748809814453125 379.7283935546875 99.8857307434082 379.7283935546875 99.8857307434082 441.5425910949707 57.748809814453125 441.5425910949707
58.657569885253906 378.4429931640625 100.04091262817383 378.4429931640625 100.04091262817383 439.5759468078613 58.657569885253906 439.5759468078613
58.52933883666992 376.6292419433594 100.7391242980957 376.6292419433594 100.7391242980957 440.4206428527832 58.52933883666992 440.4206428527832
58.99970626831055 377.38958740234375 100.94375991821289 377.38958740234375 100.94375991821289 440.935302734375 58.99970626831055 440.935302734375
59.210601806640625 377.0022277832031 102.1915512084961 377.0022277832031 102.1915512084961 439.1900444030762 59.210601806640625 439.1900444030762
61.759315490722656 376.39544677734375 103.44917678833008 376.39544677734375 103.44917678833008 438.63676834106445 61.759315490722656 438.63676834106445
62.41511154174805 374.4893798828125 104.82698440551758 374.4893798828125 104.82698440551758 437.4055862426758 62.41511154174805 437.4055862426758
63.92045974731445 372.4066467285156 105.8063735961914 372.4066467285156 105.8063735961914 433.5345268249512 63.92045974731445 433.5345268249512
63.74168014526367 370.97088623046875 105.88022232055664 370.97088623046875 105.88022232055664 432.42939376831055 63.74168014526367 432.42939376831055
64.94583129882812 369.5473327636719 106.79447555541992 369.5473327636719 106.79447555541992 431.60993576049805 64.94583129882812 431.60993576049805
65.9456558227539 369.3327331542969 108.2406234741211 369.3327331542969 108.2406234741211 431.8702163696289 65.9456558227539 431.8702163696289
66.32559967041016 369.79718017578125 108.46096801757812 369.79718017578125 108.46096801757812 430.1246032714844 66.32559967041016 430.1246032714844
67.3261489868164 367.21185302734375 109.3599624633789 367.21185302734375 109.3599624633789 428.65612030029297 67.3261489868164 428.65612030029297
67.9837875366211 365.4439697265625 110.17885971069336 365.4439697265625 110.17885971069336 426.86852264404297 67.9837875366211 426.86852264404297
68.7741470336914 364.14105224609375 110.46484375 364.14105224609375 110.46484375 426.18753814697266 68.7741470336914 426.18753814697266
69.6478500366211 364.03460693359375 111.81023788452148 364.03460693359375 111.81023788452148 426.69853591918945 69.6478500366211 426.69853591918945
70.47505950927734 364.3643798828125 113.17406463623047 364.3643798828125 113.17406463623047 426.9927787780762 70.47505950927734 426.9927787780762
71.51499938964844 365.03582763671875 115.05493927001953 365.03582763671875 115.05493927001953 427.74675369262695 71.51499938964844 427.74675369262695
74.38441467285156 364.2387390136719 117.47054290771484 364.2387390136719 117.47054290771484 427.0190620422363 74.38441467285156 427.0190620422363
75.72154235839844 362.1590881347656 119.56861877441406 362.1590881347656 119.56861877441406 423.83211517333984 75.72154235839844 423.83211517333984
78.01644134521484 360.79852294921875 121.25484848022461 360.79852294921875 121.25484848022461 420.15202713012695 78.01644134521484 420.15202713012695
78.16453552246094 360.180419921875 121.13557434082031 360.180419921875 121.13557434082031 419.59967041015625 78.16453552246094 419.59967041015625
80.01329040527344 359.83135986328125 122.03863906860352 359.83135986328125 122.03863906860352 419.5503845214844 80.01329040527344 419.5503845214844
80.69371032714844 358.99810791015625 121.89237976074219 358.99810791015625 121.89237976074219 419.0697250366211 80.69371032714844 419.0697250366211
81.52214050292969 358.35992431640625 122.29779815673828 358.35992431640625 122.29779815673828 420.27840423583984 81.52214050292969 420.27840423583984
82.75382232666016 358.32733154296875 123.07061767578125 358.32733154296875 123.07061767578125 420.0188674926758 82.75382232666016 420.0188674926758
83.97889709472656 356.53887939453125 122.00559997558594 356.53887939453125 122.00559997558594 417.6927680969238 83.97889709472656 417.6927680969238
83.62886810302734 353.05914306640625 122.30675506591797 353.05914306640625 122.30675506591797 413.2306098937988 83.62886810302734 413.2306098937988
84.33216857910156 351.9409484863281 122.05923843383789 351.9409484863281 122.05923843383789 411.67871856689453 84.33216857910156 411.67871856689453
85.0777816772461 345.3533020019531 123.87336730957031 345.3533020019531 123.87336730957031 408.3742790222168 85.0777816772461 408.3742790222168
85.38607788085938 343.98162841796875 124.64962005615234 343.98162841796875 124.64962005615234 403.70866775512695 85.38607788085938 403.70866775512695
85.45059967041016 340.4567565917969 125.28125762939453 340.4567565917969 125.28125762939453 398.80736541748047 85.45059967041016 398.80736541748047
85.68440246582031 339.2030944824219 125.25432586669922 339.2030944824219 125.25432586669922 398.7058219909668 85.68440246582031 398.7058219909668
86.1623306274414 338.79046630859375 125.87001037597656 338.79046630859375 125.87001037597656 398.47501373291016 86.1623306274414 398.47501373291016
85.88496398925781 339.16461181640625 125.02113342285156 339.16461181640625 125.02113342285156 398.19237518310547 85.88496398925781 398.19237518310547
84.66258239746094 337.6698303222656 124.00769424438477 337.6698303222656 124.00769424438477 396.9721145629883 84.66258239746094 396.9721145629883
82.74016571044922 336.85699462890625 122.46547317504883 336.85699462890625 122.46547317504883 395.5003433227539 82.74016571044922 395.5003433227539
82.9158706665039 335.2967224121094 122.34566879272461 335.2967224121094 122.34566879272461 393.70878982543945 82.9158706665039 393.70878982543945
82.35787200927734 335.28057861328125 122.25154876708984 335.28057861328125 122.25154876708984 393.95386505126953 82.35787200927734 393.95386505126953
82.78418731689453 335.6316223144531 121.95029067993164 335.6316223144531 121.95029067993164 395.5037155151367 82.78418731689453 395.5037155151367
81.74623107910156 335.552978515625 121.84725952148438 335.552978515625 121.84725952148438 393.50323486328125 81.74623107910156 393.50323486328125
82.08798217773438 335.67791748046875 121.87531280517578 335.67791748046875 121.87531280517578 394.5846252441406 82.08798217773438 394.5846252441406
81.72080993652344 336.3683166503906 121.75450134277344 336.3683166503906 121.75450134277344 394.9696235656738 81.72080993652344 394.9696235656738
81.2388916015625 334.83416748046875 121.9332275390625 334.83416748046875 121.9332275390625 392.77557373046875 81.2388916015625 392.77557373046875
82.3197021484375 333.9100646972656 121.42477035522461 333.9100646972656 121.42477035522461 391.3828659057617 82.3197021484375 391.3828659057617
81.84761047363281 333.0152587890625 121.05281829833984 333.0152587890625 121.05281829833984 389.5358695983887 81.84761047363281 389.5358695983887
81.31317138671875 331.25579833984375 119.33545303344727 331.25579833984375 119.33545303344727 388.3468437194824 81.31317138671875 388.3468437194824
80.54741668701172 330.7893981933594 120.54223251342773 330.7893981933594 120.54223251342773 386.50516510009766 80.54741668701172 386.50516510009766
80.32046508789062 330.8362731933594 119.43641662597656 330.8362731933594 119.43641662597656 387.59749603271484 80.32046508789062 387.59749603271484
79.82853698730469 331.2684631347656 119.31844711303711 331.2684631347656 119.31844711303711 387.6384048461914 79.82853698730469 387.6384048461914
77.72528076171875 331.0103454589844 117.41195297241211 331.0103454589844 117.41195297241211 386.3328170776367 77.72528076171875 386.3328170776367
77.86689758300781 328.3383483886719 116.83754348754883 328.3383483886719 116.83754348754883 385.7062797546387 77.86689758300781 385.7062797546387
77.18365478515625 328.6507568359375 115.96814727783203 328.6507568359375 115.96814727783203 385.09493255615234 77.18365478515625 385.09493255615234
76.89970397949219 326.72052001953125 115.22212219238281 326.72052001953125 115.22212219238281 382.4634590148926 76.89970397949219 382.4634590148926
77.15727996826172 326.6164855957031 115.71655654907227 326.6164855957031 115.71655654907227 382.7734260559082 77.15727996826172 382.7734260559082
76.70849609375 326.61962890625 115.39863586425781 326.61962890625 115.39863586425781 381.7280807495117 76.70849609375 381.7280807495117
77.81783294677734 327.00775146484375 116.50953674316406 327.00775146484375 116.50953674316406 382.1025161743164 77.81783294677734 382.1025161743164
78.03147888183594 327.0726318359375 115.99214553833008 327.0726318359375 115.99214553833008 381.8099250793457 78.03147888183594 381.8099250793457
79.52421569824219 326.7999267578125 117.31624221801758 326.7999267578125 117.31624221801758 380.8350524902344 79.52421569824219 380.8350524902344
79.81137084960938 325.49951171875 117.29163360595703 325.49951171875 117.29163360595703 381.6430778503418 79.81137084960938 381.6430778503418
79.79540252685547 324.37786865234375 118.01472473144531 324.37786865234375 118.01472473144531 379.7617721557617 79.79540252685547 379.7617721557617
81.06044006347656 322.0182189941406 117.94685745239258 322.0182189941406 117.94685745239258 377.4100532531738 81.06044006347656 377.4100532531738
82.0941162109375 322.7022705078125 119.08805084228516 322.7022705078125 119.08805084228516 376.65008544921875 82.0941162109375 376.65008544921875
82.15961456298828 322.85321044921875 118.78279495239258 322.85321044921875 118.78279495239258 375.9302558898926 82.15961456298828 375.9302558898926
81.81368255615234 321.52618408203125 119.02580261230469 321.52618408203125 119.02580261230469 376.3358688354492 81.81368255615234 376.3358688354492
80.32633972167969 319.23931884765625 118.24981307983398 319.23931884765625 118.24981307983398 372.0512809753418 80.32633972167969 372.0512809753418
80.4604721069336 318.8301086425781 117.5531234741211 318.8301086425781 117.5531234741211 371.0448799133301 80.4604721069336 371.0448799133301
80.61116027832031 317.23895263671875 117.91719818115234 317.23895263671875 117.91719818115234 371.76176834106445 80.61116027832031 371.76176834106445
80.02336120605469 317.83074951171875 118.5447006225586 317.83074951171875 118.5447006225586 371.95240020751953 80.02336120605469 371.95240020751953
81.56996154785156 318.5687561035156 119.60268783569336 318.5687561035156 119.60268783569336 371.3392524719238 81.56996154785156 371.3392524719238
82.1784896850586 314.6954650878906 120.3828239440918 314.6954650878906 120.3828239440918 370.25653076171875 82.1784896850586 370.25653076171875
83.43099212646484 314.60858154296875 120.85175704956055 314.60858154296875 120.85175704956055 368.41609954833984 83.43099212646484 368.41609954833984
83.08135223388672 313.5314025878906 120.71281051635742 313.5314025878906 120.71281051635742 367.2110900878906 83.08135223388672 367.2110900878906
83.4468765258789 313.9610900878906 120.74419021606445 313.9610900878906 120.74419021606445 367.8411560058594 83.4468765258789 367.8411560058594
84.15095520019531 314.359130859375 120.09479141235352 314.359130859375 120.09479141235352 367.4662857055664 84.15095520019531 367.4662857055664
84.1285629272461 313.0865478515625 120.44740295410156 313.0865478515625 120.44740295410156 366.3527412414551 84.1285629272461 366.3527412414551
84.53690338134766 310.9106750488281 120.80046081542969 310.9106750488281 120.80046081542969 362.48554611206055 84.53690338134766 362.48554611206055
84.5724868774414 309.57598876953125 121.42221450805664 309.57598876953125 121.42221450805664 361.78703689575195 84.5724868774414 361.78703689575195
86.73260498046875 310.76214599609375 122.29935455322266 310.76214599609375 122.29935455322266 361.6693115234375 86.73260498046875 361.6693115234375
86.51274108886719 310.693359375 122.82658004760742 310.693359375 122.82658004760742 363.93950271606445 86.51274108886719 363.93950271606445
88.73612213134766 309.6860656738281 124.37046813964844 309.6860656738281 124.37046813964844 362.2903633117676 88.73612213134766 362.2903633117676
91.01177978515625 306.99169921875 127.01119995117188 306.99169921875 127.01119995117188 359.01629638671875 91.01177978515625 359.01629638671875
91.0385513305664 305.7552185058594 127.07471084594727 305.7552185058594 127.07471084594727 356.32653045654297 91.0385513305664 356.32653045654297
92.14625549316406 306.054443359375 127.50004959106445 306.054443359375 127.50004959106445 357.9375228881836 92.14625549316406 357.9375228881836
91.31842803955078 306.02325439453125 126.85481262207031 306.02325439453125 126.85481262207031 356.8918991088867 91.31842803955078 356.8918991088867
91.66175842285156 305.170166015625 126.84170150756836 305.170166015625 126.84170150756836 356.2350616455078 91.66175842285156 356.2350616455078
91.48983001708984 302.80377197265625 126.6829948425293 302.80377197265625 126.6829948425293 353.2992134094238 91.48983001708984 353.2992134094238
93.19991302490234 302.5091247558594 126.97040557861328 302.5091247558594 126.97040557861328 352.60643005371094 93.19991302490234 352.60643005371094
93.72222900390625 304.0757751464844 128.8851203918457 304.0757751464844 128.8851203918457 353.0141372680664 93.72222900390625 353.0141372680664
94.48651885986328 301.1288146972656 129.52821350097656 301.1288146972656 129.52821350097656 352.5047607421875 94.48651885986328 352.5047607421875
95.20158386230469 300.05731201171875 130.1819305419922 300.05731201171875 130.1819305419922 351.2840347290039 95.20158386230469 351.2840347290039
96.08198547363281 299.0769958496094 130.91414260864258 299.0769958496094 130.91414260864258 350.35254669189453 96.08198547363281 350.35254669189453
96.3904800415039 299.0587158203125 131.41901779174805 299.0587158203125 131.41901779174805 350.58502197265625 96.3904800415039 350.58502197265625
96.59420776367188 298.9534606933594 131.85831451416016 298.9534606933594 131.85831451416016 350.58378982543945 96.59420776367188 350.58378982543945
96.60462951660156 299.18853759765625 131.3283348083496 299.18853759765625 131.3283348083496 350.584716796875 96.60462951660156 350.584716796875
96.08353424072266 298.3261413574219 131.4146499633789 298.3261413574219 131.4146499633789 350.5148124694824 96.08353424072266 350.5148124694824
97.04135131835938 297.6382751464844 131.37630462646484 297.6382751464844 131.37630462646484 348.22277069091797 97.04135131835938 348.22277069091797
96.68566131591797 296.54571533203125 132.20770263671875 296.54571533203125 132.20770263671875 348.5006637573242 96.68566131591797 348.5006637573242
97.69613647460938 294.94976806640625 131.10352325439453 294.94976806640625 131.10352325439453 346.2251396179199 97.69613647460938 346.2251396179199
98.01374816894531 295.38983154296875 131.68841171264648 295.38983154296875 131.68841171264648 346.9393424987793 98.01374816894531 346.9393424987793
98.81375885009766 296.5265197753906 132.70051193237305 296.5265197753906 132.70051193237305 347.49878692626953 98.81375885009766 347.49878692626953
98.25166320800781 295.47515869140625 132.02365493774414 295.47515869140625 132.02365493774414 346.80546951293945 98.25166320800781 346.80546951293945
100.11219787597656 296.5049743652344 133.10997009277344 296.5049743652344 133.10997009277344 346.55937576293945 100.11219787597656 346.55937576293945
99.68290710449219 295.8788757324219 134.03655242919922 295.8788757324219 134.03655242919922 346.60625076293945 99.68290710449219 346.60625076293945
101.60597229003906 293.6474609375 134.74884796142578 293.6474609375 134.74884796142578 344.89116287231445 101.60597229003906 344.89116287231445
102.41789245605469 293.30572509765625 135.77121353149414 293.30572509765625 135.77121353149414 343.8277893066406 102.41789245605469 343.8277893066406
102.03941345214844 292.79327392578125 135.30683135986328 292.79327392578125 135.30683135986328 342.9839897155762 102.03941345214844 342.9839897155762
101.53700256347656 293.32049560546875 136.08656311035156 293.32049560546875 136.08656311035156 343.4832534790039 101.53700256347656 343.4832534790039
102.19187927246094 293.6888427734375 136.29805755615234 293.6888427734375 136.29805755615234 342.15978240966797 102.19187927246094 342.15978240966797
101.23998260498047 294.31915283203125 136.61013793945312 294.31915283203125 136.61013793945312 344.77848052978516 101.23998260498047 344.77848052978516
102.34952545166016 293.2917175292969 135.44084548950195 293.2917175292969 135.44084548950195 341.6287727355957 102.34952545166016 341.6287727355957
101.6056900024414 291.65618896484375 135.1919822692871 291.65618896484375 135.1919822692871 340.7271041870117 101.6056900024414 340.7271041870117
101.68751525878906 291.1424560546875 135.0477066040039 291.1424560546875 135.0477066040039 339.42201232910156 101.68751525878906 339.42201232910156
102.59580993652344 290.0977478027344 135.50057220458984 290.0977478027344 135.50057220458984 340.4957466125488 102.59580993652344 340.4957466125488
103.61250305175781 289.9463806152344 137.30660247802734 289.9463806152344 137.30660247802734 340.0118827819824 103.61250305175781 340.0118827819824
106.4383773803711 287.9148864746094 138.2627067565918 287.9148864746094 138.2627067565918 338.02416229248047 106.4383773803711 338.02416229248047
106.47102355957031 286.70458984375 139.04951858520508 286.70458984375 139.04951858520508 336.7355766296387 106.47102355957031 336.7355766296387
107.93840026855469 286.42498779296875 139.0173854827881 286.42498779296875 139.0173854827881 336.29391860961914 107.93840026855469 336.29391860961914
107.01277160644531 286.97650146484375 137.95594787597656 286.97650146484375 137.95594787597656 335.80838775634766 107.01277160644531 335.80838775634766
106.25830078125 287.0330505371094 137.6515598297119 287.0330505371094 137.6515598297119 336.5110511779785 106.25830078125 336.5110511779785
105.53643798828125 285.4306640625 137.09828758239746 285.4306640625 137.09828758239746 333.4967918395996 105.53643798828125 333.4967918395996
105.14356994628906 284.4333801269531 136.7052707672119 284.4333801269531 136.7052707672119 331.9705009460449 105.14356994628906 331.9705009460449
105.44891357421875 283.35955810546875 136.3586368560791 283.35955810546875 136.3586368560791 331.25816345214844 105.44891357421875 331.25816345214844
106.35859680175781 284.77496337890625 137.4705295562744 284.77496337890625 137.4705295562744 331.9991226196289 106.35859680175781 331.9991226196289
107.4937515258789 284.7048034667969 137.87894439697266 284.7048034667969 137.87894439697266 332.760986328125 107.4937515258789 332.760986328125
108.5901107788086 284.13092041015625 139.30499458312988 284.13092041015625 139.30499458312988 331.47662353515625 108.5901107788086 331.47662353515625
109.0252456665039 282.48931884765625 139.84422492980957 282.48931884765625 139.84422492980957 331.0352554321289 109.0252456665039 331.0352554321289
110.67997741699219 281.23248291015625 141.19668579101562 281.23248291015625 141.19668579101562 330.86031341552734 110.67997741699219 330.86031341552734
111.22906494140625 281.42620849609375 142.32218551635742 281.42620849609375 142.32218551635742 330.38468170166016 111.22906494140625 330.38468170166016
111.6904525756836 281.3273620605469 141.82903671264648 281.3273620605469 141.82903671264648 328.61989974975586 111.6904525756836 328.61989974975586
111.17646789550781 282.0509338378906 141.5270652770996 282.0509338378906 141.5270652770996 328.30103302001953 111.17646789550781 328.30103302001953
111.0770492553711 281.35125732421875 140.85000228881836 281.35125732421875 140.85000228881836 327.0961456298828 111.0770492553711 327.0961456298828
110.87162780761719 280.7710876464844 141.41178512573242 280.7710876464844 141.41178512573242 328.6881217956543 110.87162780761719 328.6881217956543
110.86650085449219 279.64544677734375 141.42223739624023 279.64544677734375 141.42223739624023 325.2564392089844 110.86650085449219 325.2564392089844
111.2872314453125 280.1373596191406 141.22833824157715 280.1373596191406 141.22833824157715 324.39369201660156 111.2872314453125 324.39369201660156
111.21036529541016 280.98583984375 144.65237426757812 280.98583984375 144.65237426757812 325.0633850097656 111.21036529541016 325.0633850097656
114.91043853759766 280.92919921875 145.3951244354248 280.92919921875 145.3951244354248 325.46791076660156 114.91043853759766 325.46791076660156
117.11247253417969 277.4536437988281 147.18240356445312 277.4536437988281 147.18240356445312 325.23958587646484 117.11247253417969 325.23958587646484
118.53166198730469 275.9154357910156 148.89007949829102 275.9154357910156 148.89007949829102 322.3085708618164 118.53166198730469 322.3085708618164
118.77027893066406 276.6667785644531 149.20920944213867 276.6667785644531 149.20920944213867 321.6708335876465 118.77027893066406 321.6708335876465
120.0101089477539 279.4100646972656 150.46239471435547 279.4100646972656 150.46239471435547 323.1662826538086 120.0101089477539 323.1662826538086
121.39131164550781 274.9767761230469 151.38878440856934 274.9767761230469 151.38878440856934 319.2813377380371 121.39131164550781 319.2813377380371
122.2548599243164 273.96429443359375 152.12890434265137 273.96429443359375 152.12890434265137 319.0727233886719 122.2548599243164 319.0727233886719
124.56098937988281 273.53363037109375 154.92745971679688 273.53363037109375 154.92745971679688 319.96004486083984 124.56098937988281 319.96004486083984
126.48045349121094 273.32373046875 156.68454933166504 273.32373046875 156.68454933166504 318.8006286621094 126.48045349121094 318.8006286621094
126.74920654296875 272.1558532714844 157.30239868164062 272.1558532714844 157.30239868164062 317.6995086669922 126.74920654296875 317.6995086669922
126.83677673339844 271.26226806640625 157.0550022125244 271.26226806640625 157.0550022125244 315.90574645996094 126.83677673339844 315.90574645996094
126.34521484375 270.7497863769531 156.60948753356934 270.7497863769531 156.60948753356934 315.48050689697266 126.34521484375 315.48050689697266
126.37403869628906 271.08642578125 156.92850875854492 271.08642578125 156.92850875854492 316.1840629577637 126.37403869628906 316.1840629577637
126.45552062988281 271.9217834472656 156.10686111450195 271.9217834472656 156.10686111450195 316.8493461608887 126.45552062988281 316.8493461608887
125.59379577636719 270.71197509765625 155.70619201660156 270.71197509765625 155.70619201660156 315.3629493713379 125.59379577636719 315.3629493713379
124.859130859375 269.0736083984375 154.83677291870117 269.0736083984375 154.83677291870117 313.1067886352539 124.859130859375 313.1067886352539
124.15983581542969 267.5727233886719 154.5889778137207 267.5727233886719 154.5889778137207 313.0345878601074 124.15983581542969 313.0345878601074
123.09736633300781 268.22760009765625 154.5216007232666 268.22760009765625 154.5216007232666 313.22912216186523 123.09736633300781 313.22912216186523
124.52840423583984 268.25933837890625 154.57659721374512 268.25933837890625 154.57659721374512 313.0811080932617 124.52840423583984 313.0811080932617
124.45411682128906 267.8251647949219 153.70244216918945 267.8251647949219 153.70244216918945 314.5087089538574 124.45411682128906 314.5087089538574
125.03590393066406 265.99822998046875 155.41449546813965 265.99822998046875 155.41449546813965 312.6848831176758 125.03590393066406 312.6848831176758
124.9516830444336 266.0123596191406 155.53739547729492 266.0123596191406 155.53739547729492 311.6483726501465 124.9516830444336 311.6483726501465
125.9687728881836 266.06793212890625 156.69762992858887 266.06793212890625 156.69762992858887 313.23311614990234 125.9687728881836 313.23311614990234
125.21354675292969 266.37677001953125 156.2174587249756 266.37677001953125 156.2174587249756 313.63924407958984 125.21354675292969 313.63924407958984
126.040283203125 265.169921875 156.72732543945312 265.169921875 156.72732543945312 312.6420707702637 126.040283203125 312.6420707702637
126.85184478759766 265.4858093261719 158.38959884643555 265.4858093261719 158.38959884643555 313.8310966491699 126.85184478759766 313.8310966491699
127.3797836303711 263.3456726074219 158.7523536682129 263.3456726074219 158.7523536682129 310.9359321594238 127.3797836303711 310.9359321594238
127.75248718261719 262.66278076171875 159.09591674804688 262.66278076171875 159.09591674804688 309.63309478759766 127.75248718261719 309.63309478759766
128.76707458496094 262.05206298828125 159.85101699829102 262.05206298828125 159.85101699829102 309.6142158508301 128.76707458496094 309.6142158508301
129.564453125 262.8172302246094 160.96942520141602 262.8172302246094 160.96942520141602 309.7217597961426 129.564453125 309.7217597961426
130.51510620117188 261.8714599609375 161.91000938415527 261.8714599609375 161.91000938415527 309.1710510253906 130.51510620117188 309.1710510253906
131.23973083496094 262.4552001953125 162.82183456420898 262.4552001953125 162.82183456420898 307.530818939209 131.23973083496094 307.530818939209
131.6485595703125 260.59564208984375 162.7285671234131 260.59564208984375 162.7285671234131 306.46074295043945 131.6485595703125 306.46074295043945
132.2604522705078 259.35430908203125 163.29459762573242 259.35430908203125 163.29459762573242 306.81332778930664 132.2604522705078 306.81332778930664
131.1447296142578 257.0628356933594 162.7157859802246 257.0628356933594 162.7157859802246 304.8027114868164 131.1447296142578 304.8027114868164
131.79275512695312 257.2135314941406 162.7178497314453 257.2135314941406 162.7178497314453 304.4855155944824 131.79275512695312 304.4855155944824
132.32447814941406 257.427001953125 163.77627182006836 257.427001953125 163.77627182006836 304.43445587158203 132.32447814941406 304.43445587158203
134.3798828125 257.76788330078125 164.50986862182617 257.76788330078125 164.50986862182617 305.26013565063477 134.3798828125 305.26013565063477
135.0420684814453 257.38531494140625 165.2178249359131 257.38531494140625 165.2178249359131 304.719669342041 135.0420684814453 304.719669342041
135.99380493164062 256.3316650390625 165.61643981933594 256.3316650390625 165.61643981933594 302.20447540283203 135.99380493164062 302.20447540283203
135.6852569580078 255.8122100830078 165.0341396331787 255.8122100830078 165.0341396331787 300.68044662475586 135.6852569580078 300.68044662475586
136.3904571533203 256.3062438964844 165.0773525238037 256.3062438964844 165.0773525238037 301.31606674194336 136.3904571533203 301.31606674194336
135.19915771484375 256.49200439453125 165.21868324279785 256.49200439453125 165.21868324279785 300.882381439209 135.19915771484375 300.882381439209
135.87350463867188 255.34011840820312 165.45740127563477 255.34011840820312 165.45740127563477 300.2656707763672 135.87350463867188 300.2656707763672
136.6443634033203 253.91867065429688 165.37721252441406 253.91867065429688 165.37721252441406 299.08212661743164 136.6443634033203 299.08212661743164
137.3717498779297 253.1818084716797 165.87972450256348 253.1818084716797 165.87972450256348 297.2725601196289 137.3717498779297 297.2725601196289
137.95681762695312 253.73489379882812 166.8795280456543 253.73489379882812 166.8795280456543 298.61233139038086 137.95681762695312 298.61233139038086
139.56869506835938 255.6329345703125 168.57429885864258 255.6329345703125 168.57429885864258 300.13785552978516 139.56869506835938 300.13785552978516
140.92637634277344 252.9307861328125 169.20446395874023 252.9307861328125 169.20446395874023 297.6132469177246 140.92637634277344 297.6132469177246
141.97714233398438 255.28811645507812 170.89767456054688 255.28811645507812 170.89767456054688 299.5692901611328 141.97714233398438 299.5692901611328
142.38027954101562 252.2311553955078 170.3171787261963 252.2311553955078 170.3171787261963 296.7193412780762 142.38027954101562 296.7193412780762
142.20352172851562 252.1502227783203 170.47867965698242 252.1502227783203 170.47867965698242 295.94914627075195 142.20352172851562 295.94914627075195
142.57919311523438 251.7088623046875 170.6672878265381 251.7088623046875 170.6672878265381 295.0384407043457 142.57919311523438 295.0384407043457
142.7193145751953 252.6115264892578 170.5330867767334 252.6115264892578 170.5330867767334 296.2316093444824 142.7193145751953 296.2316093444824
143.16622924804688 251.48739624023438 170.76996231079102 251.48739624023438 170.76996231079102 294.4010124206543 143.16622924804688 294.4010124206543
142.97006225585938 250.87149047851562 171.35564041137695 250.87149047851562 171.35564041137695 294.62390899658203 142.97006225585938 294.62390899658203
143.45919799804688 249.83676147460938 171.40726852416992 249.83676147460938 171.40726852416992 294.18607330322266 143.45919799804688 294.18607330322266
144.94447326660156 251.81381225585938 173.45680809020996 251.81381225585938 173.45680809020996 296.1824951171875 144.94447326660156 296.1824951171875
146.64263916015625 248.44271850585938 176.08074951171875 248.44271850585938 176.08074951171875 291.9975280761719 146.64263916015625 291.9975280761719
150.13795471191406 250.29061889648438 179.20803451538086 250.29061889648438 179.20803451538086 294.7136459350586 150.13795471191406 294.7136459350586
151.66249084472656 251.8453826904297 181.04866981506348 251.8453826904297 181.04866981506348 296.9497261047363 151.66249084472656 296.9497261047363
152.97409057617188 249.8895721435547 182.15379333496094 249.8895721435547 182.15379333496094 294.4673957824707 152.97409057617188 294.4673957824707
154.31771850585938 250.0122528076172 183.82490921020508 250.0122528076172 183.82490921020508 295.3023338317871 154.31771850585938 295.3023338317871
154.97622680664062 250.84765625 183.6110725402832 250.84765625 183.6110725402832 294.79878997802734 154.97622680664062 294.79878997802734
155.45729064941406 249.72250366210938 184.21652221679688 249.72250366210938 184.21652221679688 293.84830474853516 155.45729064941406 293.84830474853516
155.8685302734375 249.1160430908203 185.00742149353027 249.1160430908203 185.00742149353027 293.84082794189453 155.8685302734375 293.84082794189453
158.61228942871094 247.18685913085938 187.36842918395996 247.18685913085938 187.36842918395996 292.0266647338867 158.61228942871094 292.0266647338867
158.50794982910156 245.8643035888672 188.06074142456055 245.8643035888672 188.06074142456055 289.97646713256836 158.50794982910156 289.97646713256836
159.58425903320312 247.19833374023438 188.6572265625 247.19833374023438 188.6572265625 291.8219337463379 159.58425903320312 291.8219337463379
160.07247924804688 246.6904296875 188.7017116546631 246.6904296875 188.7017116546631 290.43051528930664 160.07247924804688 290.43051528930664
160.52305603027344 246.2618865966797 189.0438690185547 246.2618865966797 189.0438690185547 289.4122314453125 160.52305603027344 289.4122314453125
161.40040588378906 248.4992218017578 189.75489234924316 248.4992218017578 189.75489234924316 292.02003479003906 161.40040588378906 292.02003479003906
161.32421875 247.9187469482422 189.22385215759277 247.9187469482422 189.22385215759277 290.74141693115234 161.32421875 290.74141693115234
161.7948455810547 245.667724609375 189.4693088531494 245.667724609375 189.4693088531494 288.68848419189453 161.7948455810547 288.68848419189453
161.2586669921875 246.2627716064453 189.58240699768066 246.2627716064453 189.58240699768066 289.73638916015625 161.2586669921875 289.73638916015625
161.15802001953125 245.5723876953125 189.0198631286621 245.5723876953125 189.0198631286621 288.1773109436035 161.15802001953125 288.1773109436035
161.86410522460938 246.6860809326172 189.69186782836914 246.6860809326172 189.69186782836914 289.39843368530273 161.86410522460938 289.39843368530273
162.25985717773438 247.00839233398438 190.29964637756348 247.00839233398438 190.29964637756348 290.04618072509766 162.25985717773438 290.04618072509766
162.71719360351562 245.58987426757812 190.69293785095215 245.58987426757812 190.69293785095215 288.7942237854004 162.71719360351562 288.7942237854004
163.76699829101562 243.7593536376953 191.86251831054688 243.7593536376953 191.86251831054688 286.859188079834 163.76699829101562 286.859188079834
165.24954223632812 244.5447540283203 193.5066375732422 244.5447540283203 193.5066375732422 288.1554718017578 165.24954223632812 288.1554718017578
165.7457733154297 242.53372192382812 193.37578201293945 242.53372192382812 193.37578201293945 286.89344024658203 165.7457733154297 286.89344024658203
166.37884521484375 244.35342407226562 194.65217208862305 244.35342407226562 194.65217208862305 287.7496643066406 166.37884521484375 287.7496643066406
166.8283233642578 244.30758666992188 195.28188514709473 244.30758666992188 195.28188514709473 287.98046875 166.8283233642578 287.98046875
167.528564453125 240.80569458007812 194.6107578277588 240.80569458007812 194.6107578277588 286.2680473327637 167.528564453125 286.2680473327637
167.554443359375 241.95217895507812 196.14834022521973 241.95217895507812 196.14834022521973 287.1209487915039 167.554443359375 287.1209487915039
167.08871459960938 242.7881317138672 195.8238983154297 242.7881317138672 195.8238983154297 288.5808563232422 167.08871459960938 288.5808563232422
167.85739135742188 243.45272827148438 196.77105140686035 243.45272827148438 196.77105140686035 288.19859313964844 167.85739135742188 288.19859313964844
166.91580200195312 243.54586791992188 195.66964721679688 243.54586791992188 195.66964721679688 287.6796455383301 166.91580200195312 287.6796455383301
167.34957885742188 242.3979034423828 195.8859920501709 242.3979034423828 195.8859920501709 287.0038528442383 167.34957885742188 287.0038528442383
167.4434051513672 241.6630096435547 196.0186252593994 241.6630096435547 196.0186252593994 287.06038665771484 167.4434051513672 287.06038665771484
168.4884490966797 239.51925659179688 196.40505409240723 239.51925659179688 196.40505409240723 285.60424041748047 168.4884490966797 285.60424041748047
168.4881591796875 239.7899627685547 195.18092918395996 239.7899627685547 195.18092918395996 284.6143264770508 168.4881591796875 284.6143264770508
168.6934814453125 239.9426727294922 195.6933708190918 239.9426727294922 195.6933708190918 285.55140686035156 168.6934814453125 285.55140686035156
169.50106811523438 240.4586639404297 195.81573867797852 240.4586639404297 195.81573867797852 285.0746192932129 169.50106811523438 285.0746192932129
171.12448120117188 240.93618774414062 197.1403865814209 240.93618774414062 197.1403865814209 284.0569534301758 171.12448120117188 284.0569534301758
172.00326538085938 240.45675659179688 196.89208602905273 240.45675659179688 196.89208602905273 283.7442092895508 172.00326538085938 283.7442092895508
171.369384765625 240.4971466064453 196.79889106750488 240.4971466064453 196.79889106750488 284.49671173095703 171.369384765625 284.49671173095703
173.48709106445312 240.2741241455078 197.26209831237793 240.2741241455078 197.26209831237793 284.3552780151367 173.48709106445312 284.3552780151367
172.59461975097656 241.06448364257812 197.01028060913086 241.06448364257812 197.01028060913086 283.1208381652832 172.59461975097656 283.1208381652832
173.09507751464844 240.81942749023438 196.6774196624756 240.81942749023438 196.6774196624756 283.1318702697754 173.09507751464844 283.1318702697754
174.2720184326172 240.8009033203125 198.15013122558594 240.8009033203125 198.15013122558594 283.0972213745117 174.2720184326172 283.0972213745117
173.44911193847656 240.62051391601562 197.63409805297852 240.62051391601562 197.63409805297852 283.5922660827637 173.44911193847656 283.5922660827637
172.4722137451172 240.30419921875 196.84367561340332 240.30419921875 196.84367561340332 283.6119613647461 172.4722137451172 283.6119613647461
171.6937255859375 240.1481170654297 195.72755432128906 240.1481170654297 195.72755432128906 282.955322265625 171.6937255859375 282.955322265625
171.9450225830078 237.9531707763672 196.06547164916992 237.9531707763672 196.06547164916992 281.0514678955078 171.9450225830078 281.0514678955078
173.56503295898438 240.3970184326172 197.3884563446045 240.3970184326172 197.3884563446045 283.3534240722656 173.56503295898438 283.3534240722656
171.84400939941406 239.99581909179688 197.19049644470215 239.99581909179688 197.19049644470215 283.2648696899414 171.84400939941406 283.2648696899414
172.55435180664062 240.40682983398438 197.25681686401367 240.40682983398438 197.25681686401367 283.45291900634766 172.55435180664062 283.45291900634766
173.25527954101562 240.3821258544922 197.1159324645996 240.3821258544922 197.1159324645996 282.66954803466797 173.25527954101562 282.66954803466797
173.6078338623047 239.31478881835938 197.4192352294922 239.31478881835938 197.4192352294922 282.2949638366699 173.6078338623047 282.2949638366699
173.325439453125 238.868896484375 197.1364040374756 238.868896484375 197.1364040374756 282.31639862060547 173.325439453125 282.31639862060547
173.65692138671875 239.202880859375 196.7553596496582 239.202880859375 196.7553596496582 282.1065902709961 173.65692138671875 282.1065902709961
173.85531616210938 240.9014434814453 197.0796947479248 240.9014434814453 197.0796947479248 281.87731552124023 173.85531616210938 281.87731552124023
172.72369384765625 241.57254028320312 197.02787017822266 241.57254028320312 197.02787017822266 281.86938858032227 172.72369384765625 281.86938858032227
173.7435760498047 241.41171264648438 196.79312324523926 241.41171264648438 196.79312324523926 282.4474906921387 173.7435760498047 282.4474906921387
174.0206298828125 240.6182403564453 197.0806541442871 240.6182403564453 197.0806541442871 281.6950912475586 174.0206298828125 281.6950912475586
174.36868286132812 241.4186553955078 196.63586807250977 241.4186553955078 196.63586807250977 281.5357894897461 174.36868286132812 281.5357894897461
174.57064819335938 242.44015502929688 196.95466423034668 242.44015502929688 196.95466423034668 281.93787002563477 174.57064819335938 281.93787002563477
174.31198120117188 241.52548217773438 196.494722366333 241.52548217773438 196.494722366333 281.51924896240234 174.31198120117188 281.51924896240234
173.51168823242188 244.0822296142578 197.7268829345703 244.0822296142578 197.7268829345703 281.2496910095215 173.51168823242188 281.2496910095215
173.25125122070312 243.3137664794922 197.80174255371094 243.3137664794922 197.80174255371094 280.9958724975586 173.25125122070312 280.9958724975586
174.60720825195312 240.9425811767578 197.11736869812012 240.9425811767578 197.11736869812012 280.9867515563965 174.60720825195312 280.9867515563965
173.90054321289062 243.41165161132812 197.63882064819336 243.41165161132812 197.63882064819336 281.38253021240234 173.90054321289062 281.38253021240234
174.80918884277344 241.9741973876953 196.8394889831543 241.9741973876953 196.8394889831543 281.10794830322266 174.80918884277344 281.10794830322266
173.65560913085938 242.23843383789062 196.1530475616455 242.23843383789062 196.1530475616455 279.6919174194336 173.65560913085938 279.6919174194336
174.39111328125 243.80026245117188 198.09640884399414 243.80026245117188 198.09640884399414 280.18509674072266 174.39111328125 280.18509674072266
176.73336791992188 242.18972778320312 198.05715942382812 242.18972778320312 198.05715942382812 280.86784744262695 176.73336791992188 280.86784744262695
174.94149780273438 242.44921875 197.08064651489258 242.44921875 197.08064651489258 280.5394096374512 174.94149780273438 280.5394096374512
174.35797119140625 241.07382202148438 196.40526390075684 241.07382202148438 196.40526390075684 281.2512321472168 174.35797119140625 281.2512321472168
174.25445556640625 241.5740203857422 197.05788612365723 241.5740203857422 197.05788612365723 281.52209854125977 174.25445556640625 281.52209854125977
173.8326873779297 242.74722290039062 197.90570259094238 242.74722290039062 197.90570259094238 279.69646072387695 173.8326873779297 279.69646072387695
173.0092010498047 243.37399291992188 197.47636795043945 243.37399291992188 197.47636795043945 280.9282035827637 173.0092010498047 280.9282035827637
175.15553283691406 243.7024383544922 199.21538162231445 243.7024383544922 199.21538162231445 280.63146209716797 175.15553283691406 280.63146209716797
174.92129516601562 244.1680145263672 198.80653762817383 244.1680145263672 198.80653762817383 280.8290367126465 174.92129516601562 280.8290367126465
175.18093872070312 243.89254760742188 198.9873504638672 243.89254760742188 198.9873504638672 280.4325752258301 175.18093872070312 280.4325752258301
175.68934631347656 244.12466430664062 199.04225730895996 244.12466430664062 199.04225730895996 279.96862030029297 175.68934631347656 279.96862030029297
175.90069580078125 243.8717498779297 199.41226768493652 243.8717498779297 199.41226768493652 279.95923233032227 175.90069580078125 279.95923233032227
176.00277709960938 244.35421752929688 199.26160430908203 244.35421752929688 199.26160430908203 280.0537643432617 176.00277709960938 280.0537643432617
175.34970092773438 244.527099609375 198.52580070495605 244.527099609375 198.52580070495605 280.09967041015625 175.34970092773438 280.09967041015625
175.3365478515625 244.6855010986328 198.31293106079102 244.6855010986328 198.31293106079102 279.95153045654297 175.3365478515625 279.95153045654297
175.685791015625 244.58718872070312 198.61767959594727 244.58718872070312 198.61767959594727 279.7849235534668 175.685791015625 279.7849235534668
174.64627075195312 244.6422882080078 197.7149200439453 244.6422882080078 197.7149200439453 280.04993438720703 174.64627075195312 280.04993438720703
175.200927734375 243.88717651367188 198.5342197418213 243.88717651367188 198.5342197418213 279.70101165771484 175.200927734375 279.70101165771484
174.90243530273438 243.74826049804688 198.07403945922852 243.74826049804688 198.07403945922852 279.31392669677734 174.90243530273438 279.31392669677734
175.9537811279297 244.875732421875 199.24289321899414 244.875732421875 199.24289321899414 280.6217575073242 175.9537811279297 280.6217575073242
174.63070678710938 244.8982391357422 197.54178428649902 244.8982391357422 197.54178428649902 280.06402587890625 174.63070678710938 280.06402587890625
175.43560791015625 245.0976104736328 198.02087783813477 245.0976104736328 198.02087783813477 279.7633171081543 175.43560791015625 279.7633171081543
175.2447052001953 245.1479949951172 198.04608535766602 245.1479949951172 198.04608535766602 280.1454048156738 175.2447052001953 280.1454048156738
176.14097595214844 244.166259765625 198.9278335571289 244.166259765625 198.9278335571289 279.1413803100586 176.14097595214844 279.1413803100586
174.8029022216797 243.4596710205078 197.64561462402344 243.4596710205078 197.64561462402344 278.52052307128906 174.8029022216797 278.52052307128906
175.11598205566406 243.85250854492188 197.62158203125 243.85250854492188 197.62158203125 278.3959312438965 175.11598205566406 278.3959312438965
175.5037078857422 243.443359375 198.37714004516602 243.443359375 198.37714004516602 278.5513610839844 175.5037078857422 278.5513610839844
175.31687927246094 244.6657257080078 198.0469627380371 244.6657257080078 198.0469627380371 279.55370330810547 175.31687927246094 279.55370330810547
176.06991577148438 244.08163452148438 198.8213768005371 244.08163452148438 198.8213768005371 279.00242614746094 176.06991577148438 279.00242614746094
175.2235565185547 244.7884521484375 198.27236938476562 244.7884521484375 198.27236938476562 280.16564178466797 175.2235565185547 280.16564178466797
175.7377471923828 244.2848663330078 199.03335189819336 244.2848663330078 199.03335189819336 280.04085540771484 175.7377471923828 280.04085540771484
174.89181518554688 243.7633056640625 198.15874862670898 243.7633056640625 198.15874862670898 279.47529220581055 174.89181518554688 279.47529220581055
175.42263793945312 243.65682983398438 198.51970291137695 243.65682983398438 198.51970291137695 279.1080856323242 175.42263793945312 279.1080856323242
175.0841522216797 243.91128540039062 198.2757225036621 243.91128540039062 198.2757225036621 279.50759506225586 175.0841522216797 279.50759506225586
175.07662963867188 243.3342742919922 198.08507919311523 243.3342742919922 198.08507919311523 278.6495132446289 175.07662963867188 278.6495132446289
175.03489685058594 244.1806182861328 198.1077175140381 244.1806182861328 198.1077175140381 279.5946617126465 175.03489685058594 279.5946617126465
175.1313934326172 243.7814178466797 198.26199913024902 243.7814178466797 198.26199913024902 279.2841567993164 175.1313934326172 279.2841567993164
175.53089904785156 243.68557739257812 198.70620346069336 243.68557739257812 198.70620346069336 279.25691986083984 175.53089904785156 279.25691986083984
175.06344604492188 244.40951538085938 198.33954048156738 244.40951538085938 198.33954048156738 280.13555908203125 175.06344604492188 280.13555908203125
174.23211669921875 243.85098266601562 197.50860404968262 243.85098266601562 197.50860404968262 279.57762908935547 174.23211669921875 279.57762908935547
174.56942749023438 243.8341064453125 198.4269905090332 243.8341064453125 198.4269905090332 280.45263671875 174.56942749023438 280.45263671875
174.23721313476562 242.9844207763672 198.50268936157227 242.9844207763672 198.50268936157227 280.2290496826172 174.23721313476562 280.2290496826172
174.6473846435547 242.9097137451172 199.44113540649414 242.9097137451172 199.44113540649414 280.96518325805664 174.6473846435547 280.96518325805664
173.27099609375 242.4348602294922 198.3359832763672 242.4348602294922 198.3359832763672 280.90664291381836 173.27099609375 280.90664291381836
174.3457489013672 243.08016967773438 199.3879051208496 243.08016967773438 199.3879051208496 281.5169143676758 174.3457489013672 281.5169143676758
174.53440856933594 242.85177612304688 199.5854549407959 242.85177612304688 199.5854549407959 281.3021659851074 174.53440856933594 281.3021659851074
173.91970825195312 242.4577178955078 199.45383071899414 242.4577178955078 199.45383071899414 281.64957427978516 173.91970825195312 281.64957427978516
174.67599487304688 242.4618377685547 200.4343967437744 242.4618377685547 200.4343967437744 281.99793243408203 174.67599487304688 281.99793243408203
174.12242126464844 242.088623046875 199.60107040405273 242.088623046875 199.60107040405273 281.1953315734863 174.12242126464844 281.1953315734863
173.4828338623047 241.7166290283203 198.86764526367188 241.7166290283203 198.86764526367188 280.6793022155762 173.4828338623047 280.6793022155762
175.0968475341797 241.94039916992188 200.69692039489746 241.94039916992188 200.69692039489746 281.2334747314453 175.0968475341797 281.2334747314453
173.64230346679688 242.0904541015625 199.52071571350098 242.0904541015625 199.52071571350098 281.8107490539551 173.64230346679688 281.8107490539551
174.0320281982422 242.8262176513672 199.6659812927246 242.8262176513672 199.6659812927246 282.1712989807129 174.0320281982422 282.1712989807129
173.51321411132812 240.745361328125 199.49636459350586 240.745361328125 199.49636459350586 280.6264228820801 173.51321411132812 280.6264228820801
174.3455810546875 241.4082794189453 200.19931602478027 241.4082794189453 200.19931602478027 281.09070587158203 174.3455810546875 281.09070587158203
174.03024291992188 242.7893829345703 199.30040168762207 242.7893829345703 199.30040168762207 281.57608795166016 174.03024291992188 281.57608795166016
174.87960815429688 242.30978393554688 200.27069473266602 242.30978393554688 200.27069473266602 281.28209686279297 174.87960815429688 281.28209686279297
174.11831665039062 241.8323516845703 199.32305526733398 241.8323516845703 199.32305526733398 280.5186424255371 174.11831665039062 280.5186424255371
174.3800506591797 243.2492218017578 199.71367073059082 243.2492218017578 199.71367073059082 282.13332748413086 174.3800506591797 282.13332748413086
173.901123046875 241.42648315429688 199.08571243286133 241.42648315429688 199.08571243286133 280.0818405151367 173.901123046875 280.0818405151367
173.8477020263672 243.0642547607422 198.95939254760742 243.0642547607422 198.95939254760742 281.607723236084 173.8477020263672 281.607723236084
174.24168395996094 241.9179229736328 199.52582931518555 241.9179229736328 199.52582931518555 280.72608947753906 174.24168395996094 280.72608947753906
174.72421264648438 243.1895294189453 200.16027450561523 243.1895294189453 200.16027450561523 282.23087310791016 174.72421264648438 282.23087310791016
174.16383361816406 241.763671875 199.6005802154541 241.763671875 199.6005802154541 280.80606842041016 174.16383361816406 280.80606842041016
174.51025390625 242.2106475830078 200.31549644470215 242.2106475830078 200.31549644470215 281.81864166259766 174.51025390625 281.81864166259766
173.81454467773438 241.03134155273438 199.7968692779541 241.03134155273438 199.7968692779541 280.91113662719727 173.81454467773438 280.91113662719727
173.66305541992188 241.0037841796875 199.6968288421631 241.0037841796875 199.6968288421631 280.9625473022461 173.66305541992188 280.9625473022461
174.41868591308594 242.01034545898438 200.23450660705566 242.01034545898438 200.23450660705566 281.6345748901367 174.41868591308594 281.6345748901367
173.83938598632812 241.6266632080078 199.9720573425293 241.6266632080078 199.9720573425293 281.7372245788574 173.83938598632812 281.7372245788574
173.8888397216797 242.4116668701172 199.86126327514648 242.4116668701172 199.86126327514648 282.2762680053711 173.8888397216797 282.2762680053711
173.78274536132812 240.8635711669922 199.89217567443848 240.8635711669922 199.89217567443848 280.93846130371094 173.78274536132812 280.93846130371094
173.9772491455078 241.4781494140625 199.97654342651367 241.4781494140625 199.97654342651367 281.38399505615234 173.9772491455078 281.38399505615234
173.611083984375 241.876708984375 199.73557662963867 241.876708984375 199.73557662963867 281.9747200012207 173.611083984375 281.9747200012207
173.6680145263672 241.23934936523438 199.70635604858398 241.23934936523438 199.70635604858398 281.20512771606445 173.6680145263672 281.20512771606445
173.5223388671875 241.34732055664062 199.78276443481445 241.34732055664062 199.78276443481445 281.65396881103516 173.5223388671875 281.65396881103516
173.9219512939453 241.50634765625 200.3084011077881 241.50634765625 200.3084011077881 282.0064277648926 173.9219512939453 282.0064277648926
173.00405883789062 241.1346435546875 199.51190757751465 241.1346435546875 199.51190757751465 281.8210563659668 173.00405883789062 281.8210563659668
173.198486328125 240.6779022216797 199.6326847076416 240.6779022216797 199.6326847076416 281.2512741088867 173.198486328125 281.2512741088867
173.55868530273438 241.5786895751953 199.91091918945312 241.5786895751953 199.91091918945312 282.02625274658203 173.55868530273438 282.02625274658203
173.5998992919922 241.7287139892578 200.06658935546875 241.7287139892578 200.06658935546875 282.3519515991211 173.5998992919922 282.3519515991211
173.1020965576172 240.5061798095703 199.86519813537598 240.5061798095703 199.86519813537598 281.5843734741211 173.1020965576172 281.5843734741211
174.0380096435547 240.7649688720703 200.82494735717773 240.7649688720703 200.82494735717773 281.87974548339844 174.0380096435547 281.87974548339844
173.53866577148438 241.2709197998047 200.1386833190918 241.2709197998047 200.1386833190918 282.09879302978516 173.53866577148438 282.09879302978516
173.55650329589844 241.36532592773438 200.34019088745117 241.36532592773438 200.34019088745117 282.47511291503906 173.55650329589844 282.47511291503906
173.03115844726562 240.5701141357422 199.9829502105713 240.5701141357422 199.9829502105713 281.9379234313965 173.03115844726562 281.9379234313965
173.37838745117188 241.67138671875 200.07766151428223 241.67138671875 200.07766151428223 282.651611328125 173.37838745117188 282.651611328125
172.80953979492188 240.52151489257812 199.34287643432617 240.52151489257812 199.34287643432617 281.2470474243164 172.80953979492188 281.2470474243164
173.39105224609375 240.20849609375 200.04502487182617 240.20849609375 200.04502487182617 281.11919021606445 173.39105224609375 281.11919021606445
172.8802032470703 241.1548614501953 199.40668106079102 241.1548614501953 199.40668106079102 281.86986541748047 172.8802032470703 281.86986541748047
173.6071014404297 241.4853973388672 199.9958553314209 241.4853973388672 199.9958553314209 281.989013671875 173.6071014404297 281.989013671875
172.32188415527344 240.7681884765625 199.1182155609131 240.7681884765625 199.1182155609131 281.8973922729492 172.32188415527344 281.8973922729492
173.88327026367188 240.401123046875 200.4857997894287 240.401123046875 200.4857997894287 281.2328643798828 173.88327026367188 281.2328643798828
173.40859985351562 240.8860321044922 200.01621627807617 240.8860321044922 200.01621627807617 281.72558212280273 173.40859985351562 281.72558212280273
173.20660400390625 241.14065551757812 199.46078872680664 241.14065551757812 199.46078872680664 281.4377326965332 173.20660400390625 281.4377326965332
173.3347930908203 241.28964233398438 199.10913467407227 241.28964233398438 199.10913467407227 280.85021209716797 173.3347930908203 280.85021209716797
173.12167358398438 241.3959503173828 199.4740505218506 241.3959503173828 199.4740505218506 281.8437385559082 173.12167358398438 281.8437385559082
173.832275390625 241.8940887451172 199.80415725708008 241.8940887451172 199.80415725708008 281.7578582763672 173.832275390625 281.7578582763672
173.66000366210938 241.04269409179688 199.81975746154785 241.04269409179688 199.81975746154785 281.19482421875 173.66000366210938 281.19482421875
173.64132690429688 240.7432861328125 200.0710506439209 240.7432861328125 200.0710506439209 281.3097915649414 173.64132690429688 281.3097915649414
173.33334350585938 241.686279296875 199.5035457611084 241.686279296875 199.5035457611084 281.8544502258301 173.33334350585938 281.8544502258301
173.7048797607422 240.8770294189453 199.8775520324707 240.8770294189453 199.8775520324707 281.0489921569824 173.7048797607422 281.0489921569824
172.84222412109375 241.1021728515625 198.9862003326416 241.1021728515625 198.9862003326416 281.2300910949707 172.84222412109375 281.2300910949707
172.94976806640625 241.46176147460938 198.83448791503906 241.46176147460938 198.83448791503906 281.1917533874512 172.94976806640625 281.1917533874512
173.47193908691406 241.07742309570312 199.65338134765625 241.07742309570312 199.65338134765625 281.2628517150879 173.47193908691406 281.2628517150879
173.384765625 242.7913055419922 199.58614540100098 242.7913055419922 199.58614540100098 283.0073356628418 173.384765625 283.0073356628418
173.54600524902344 241.3635711669922 200.02837753295898 241.3635711669922 200.02837753295898 282.01089096069336 173.54600524902344 282.01089096069336
173.52334594726562 241.18045043945312 200.07044982910156 241.18045043945312 200.07044982910156 281.9271240234375 173.52334594726562 281.9271240234375
173.48883056640625 241.18313598632812 200.30326461791992 241.18313598632812 200.30326461791992 282.3401298522949 173.48883056640625 282.3401298522949
173.39517211914062 241.6165313720703 200.23934364318848 241.6165313720703 200.23934364318848 282.8191680908203 173.39517211914062 282.8191680908203
172.81434631347656 240.44503784179688 199.87664794921875 240.44503784179688 199.87664794921875 281.9824752807617 172.81434631347656 281.9824752807617
173.0406494140625 240.3890380859375 200.17294311523438 240.3890380859375 200.17294311523438 282.0339050292969 173.0406494140625 282.0339050292969
173.37704467773438 241.4502716064453 200.4943904876709 241.4502716064453 200.4943904876709 283.0721969604492 173.37704467773438 283.0721969604492
172.73171997070312 240.3778839111328 199.9592990875244 240.3778839111328 199.9592990875244 282.169002532959 172.73171997070312 282.169002532959
173.17282104492188 240.44479370117188 200.46145057678223 240.44479370117188 200.46145057678223 282.3296127319336 173.17282104492188 282.3296127319336
172.0605010986328 240.21438598632812 198.90859603881836 240.21438598632812 198.90859603881836 281.4230422973633 172.0605010986328 281.4230422973633
172.89041137695312 241.20620727539062 199.7166633605957 241.20620727539062 199.7166633605957 282.38134002685547 172.89041137695312 282.38134002685547
173.46128845214844 241.1805877685547 199.88733291625977 241.1805877685547 199.88733291625977 281.74145126342773 173.46128845214844 281.74145126342773
174.03952026367188 241.3440704345703 200.49094200134277 241.3440704345703 200.49094200134277 281.94388580322266 174.03952026367188 281.94388580322266
173.51742553710938 241.301025390625 200.22897338867188 241.301025390625 200.22897338867188 282.3001022338867 173.51742553710938 282.3001022338867
173.1548614501953 240.8369903564453 200.36737442016602 240.8369903564453 200.36737442016602 282.60498809814453 173.1548614501953 282.60498809814453
173.34848022460938 241.225341796875 200.5505027770996 241.225341796875 200.5505027770996 282.9772415161133 173.34848022460938 282.9772415161133
172.2551727294922 240.91110229492188 199.71844863891602 240.91110229492188 199.71844863891602 283.0639991760254 172.2551727294922 283.0639991760254
171.87811279296875 239.1986846923828 199.47929000854492 239.1986846923828 199.47929000854492 281.56324768066406 171.87811279296875 281.56324768066406
165.1770477294922 231.32254028320312 193.5145606994629 231.32254028320312 193.5145606994629 274.81728744506836 165.1770477294922 274.81728744506836
177.51510620117188 284.895751953125 206.23610877990723 284.895751953125 206.23610877990723 328.9791069030762 177.51510620117188 328.9791069030762
169.94692993164062 288.2209777832031 200.70154762268066 288.2209777832031 200.70154762268066 331.2827033996582 169.94692993164062 331.2827033996582
170.5195770263672 285.3124694824219 203.17071914672852 285.3124694824219 203.17071914672852 327.1191215515137 170.5195770263672 327.1191215515137
169.8649444580078 287.1435546875 204.20428085327148 287.1435546875 204.20428085327148 327.7829933166504 169.8649444580078 327.7829933166504
167.25027465820312 288.6468811035156 204.1043930053711 288.6468811035156 204.1043930053711 327.92667388916016 167.25027465820312 327.92667388916016
167.37196350097656 285.93572998046875 204.2010955810547 285.93572998046875 204.2010955810547 327.377872467041 167.37196350097656 327.377872467041
166.7906036376953 288.91650390625 204.11006927490234 288.91650390625 204.11006927490234 327.93415451049805 166.7906036376953 327.93415451049805
167.4579620361328 287.5005798339844 203.71306610107422 287.5005798339844 203.71306610107422 328.90554428100586 167.4579620361328 328.90554428100586
166.46041870117188 288.30474853515625 203.47735977172852 288.30474853515625 203.47735977172852 327.6747703552246 166.46041870117188 327.6747703552246
165.28939819335938 286.8152160644531 203.4268455505371 286.8152160644531 203.4268455505371 327.3917541503906 165.28939819335938 327.3917541503906
166.56460571289062 287.1484069824219 203.7603530883789 287.1484069824219 203.7603530883789 327.3519096374512 166.56460571289062 327.3519096374512
168.23406982421875 282.9736328125 202.6539535522461 282.9736328125 202.6539535522461 329.0273971557617 168.23406982421875 329.0273971557617
165.9559326171875 285.96307373046875 202.9629249572754 285.96307373046875 202.9629249572754 327.4991340637207 165.9559326171875 327.4991340637207
165.412841796875 287.43511962890625 204.02756881713867 287.43511962890625 204.02756881713867 327.1652069091797 165.412841796875 327.1652069091797
167.0679473876953 285.65386962890625 203.39229583740234 285.65386962890625 203.39229583740234 328.2266311645508 167.0679473876953 328.2266311645508
166.04710388183594 289.07745361328125 204.14684295654297 289.07745361328125 204.14684295654297 328.34004974365234 166.04710388183594 328.34004974365234
165.28750610351562 287.29205322265625 203.7786636352539 287.29205322265625 203.7786636352539 327.62622833251953 165.28750610351562 327.62622833251953
165.74465942382812 287.4610595703125 204.4176025390625 287.4610595703125 204.4176025390625 327.9493522644043 165.74465942382812 327.9493522644043
163.4958038330078 286.80645751953125 203.38668823242188 286.80645751953125 203.38668823242188 328.3807678222656 163.4958038330078 328.3807678222656
165.40025329589844 287.89111328125 204.10541152954102 287.89111328125 204.10541152954102 328.9352264404297 165.40025329589844 328.9352264404297
166.12242126464844 281.95751953125 202.59606170654297 281.95751953125 202.59606170654297 329.73544692993164 166.12242126464844 329.73544692993164
165.3196258544922 288.30096435546875 204.54641723632812 288.30096435546875 204.54641723632812 328.218448638916 165.3196258544922 328.218448638916
164.6373748779297 288.2481384277344 204.60083770751953 288.2481384277344 204.60083770751953 329.17665100097656 164.6373748779297 329.17665100097656
165.33489990234375 287.16522216796875 204.9552764892578 287.16522216796875 204.9552764892578 328.40414810180664 165.33489990234375 328.40414810180664
165.4518280029297 287.063232421875 204.3528175354004 287.063232421875 204.3528175354004 328.2421646118164 165.4518280029297 328.2421646118164
166.1299285888672 286.3269958496094 204.41656112670898 286.3269958496094 204.41656112670898 328.21796798706055 166.1299285888672 328.21796798706055
164.94442749023438 287.52105712890625 205.04477310180664 287.52105712890625 205.04477310180664 329.0530815124512 164.94442749023438 329.0530815124512
164.1519775390625 285.7030029296875 204.15155029296875 285.7030029296875 204.15155029296875 328.04796600341797 164.1519775390625 328.04796600341797
163.89523315429688 285.90814208984375 203.7551498413086 285.90814208984375 203.7551498413086 327.9856948852539 163.89523315429688 327.9856948852539
164.5099334716797 287.90069580078125 204.54181671142578 287.90069580078125 204.54181671142578 329.3000068664551 164.5099334716797 329.3000068664551
164.93679809570312 286.7838439941406 204.28808212280273 286.7838439941406 204.28808212280273 328.85997772216797 164.93679809570312 328.85997772216797
165.63751220703125 286.6681823730469 205.29270935058594 286.6681823730469 205.29270935058594 329.51115798950195 165.63751220703125 329.51115798950195
165.14019775390625 287.33203125 205.45858001708984 287.33203125 205.45858001708984 329.25 165.14019775390625 329.25
164.208251953125 286.0052490234375 204.90144729614258 286.0052490234375 204.90144729614258 329.31641006469727 164.208251953125 329.31641006469727
164.24267578125 285.38153076171875 204.44377517700195 285.38153076171875 204.44377517700195 328.65283203125 164.24267578125 328.65283203125
163.9659423828125 285.8980407714844 205.0204315185547 285.8980407714844 205.0204315185547 328.93741607666016 163.9659423828125 328.93741607666016
