89.0 148.0 144.0 148.0 144.0 194.0 89.0 194.0
90.01927185058594 148.5894012451172 143.89746475219727 148.5894012451172 143.89746475219727 193.7663917541504 90.01927185058594 193.7663917541504
90.1727294921875 148.10928344726562 144.35594940185547 148.10928344726562 144.35594940185547 193.59191131591797 90.1727294921875 193.59191131591797
90.90415954589844 148.71829223632812 144.49188613891602 148.71829223632812 144.49188613891602 194.22542572021484 90.90415954589844 194.22542572021484
91.35517883300781 150.2281494140625 145.92286682128906 150.2281494140625 145.92286682128906 194.45655059814453 91.35517883300781 194.45655059814453
93.28429412841797 149.2009735107422 146.13687133789062 149.2009735107422 146.13687133789062 195.1203498840332 93.28429412841797 195.1203498840332
92.85006713867188 148.5091094970703 147.3955078125 148.5091094970703 147.3955078125 194.78612518310547 92.85006713867188 194.78612518310547
93.41390991210938 149.37098693847656 146.70792770385742 149.37098693847656 146.70792770385742 195.55741119384766 93.41390991210938 195.55741119384766
94.15833282470703 148.7974395751953 147.46166610717773 148.7974395751953 147.46166610717773 195.15483856201172 94.15833282470703 195.15483856201172
95.42520904541016 150.50929260253906 148.28153228759766 150.50929260253906 148.28153228759766 195.81207656860352 95.42520904541016 195.81207656860352
97.04899597167969 150.95455932617188 147.7850227355957 150.95455932617188 147.7850227355957 196.41218948364258 97.04899597167969 196.41218948364258
96.64492797851562 150.3711395263672 148.87730026245117 150.3711395263672 148.87730026245117 196.35509490966797 96.64492797851562 196.35509490966797
98.04052734375 149.4772186279297 149.94868087768555 149.4772186279297 149.94868087768555 195.56813430786133 98.04052734375 195.56813430786133
99.36396789550781 150.1420440673828 149.81674575805664 150.1420440673828 149.81674575805664 196.05098342895508 99.36396789550781 196.05098342895508
99.49595642089844 150.72189331054688 150.77205657958984 150.72189331054688 150.77205657958984 196.5727996826172 99.49595642089844 196.5727996826172
99.85315704345703 150.37832641601562 151.42406845092773 150.37832641601562 151.42406845092773 197.7768325805664 99.85315704345703 197.7768325805664
100.93604278564453 151.56964111328125 152.0918083190918 151.56964111328125 152.0918083190918 197.31237411499023 100.93604278564453 197.31237411499023
101.0217056274414 150.93946838378906 151.97804641723633 150.93946838378906 151.97804641723633 197.05198287963867 101.0217056274414 197.05198287963867
102.64764404296875 149.83128356933594 152.52115631103516 149.83128356933594 152.52115631103516 197.5903778076172 102.64764404296875 197.5903778076172
101.69097900390625 150.78421020507812 152.69684600830078 150.78421020507812 152.69684600830078 197.6307144165039 101.69097900390625 197.6307144165039
100.79036712646484 151.54336547851562 153.60478973388672 151.54336547851562 153.60478973388672 197.95827865600586 100.79036712646484 197.95827865600586
102.6595687866211 151.7566375732422 153.3673553466797 151.7566375732422 153.3673553466797 198.19047927856445 102.6595687866211 198.19047927856445
102.30136108398438 151.14845275878906 153.23329544067383 151.14845275878906 153.23329544067383 198.26790237426758 102.30136108398438 198.26790237426758
103.17474365234375 151.22897338867188 152.31907272338867 151.22897338867188 152.31907272338867 197.9759407043457 103.17474365234375 197.9759407043457
102.3208999633789 151.6626434326172 152.5246124267578 151.6626434326172 152.5246124267578 198.24906158447266 102.3208999633789 198.24906158447266
101.56446838378906 152.67935180664062 151.62147903442383 152.67935180664062 151.62147903442383 199.67293548583984 101.56446838378906 199.67293548583984
102.18599700927734 152.64108276367188 152.02487182617188 152.64108276367188 152.02487182617188 199.13682174682617 102.18599700927734 199.13682174682617
101.36849212646484 153.07989501953125 150.22024536132812 153.07989501953125 150.22024536132812 200.42535018920898 101.36849212646484 200.42535018920898
102.15077209472656 151.65682983398438 152.07841873168945 151.65682983398438 152.07841873168945 199.4648323059082 102.15077209472656 199.4648323059082
101.1768569946289 152.41488647460938 150.81493759155273 152.41488647460938 150.81493759155273 200.27043914794922 101.1768569946289 200.27043914794922
102.38327026367188 152.1346893310547 152.24666595458984 152.1346893310547 152.24666595458984 198.90220642089844 102.38327026367188 198.90220642089844
98.39793395996094 151.7180633544922 150.66925811767578 151.7180633544922 150.66925811767578 200.60814666748047 98.39793395996094 200.60814666748047
99.63642883300781 152.15573120117188 150.52704620361328 152.15573120117188 150.52704620361328 201.10860443115234 99.63642883300781 201.10860443115234
100.23558807373047 153.04135131835938 150.04878997802734 153.04135131835938 150.04878997802734 200.84186553955078 100.23558807373047 200.84186553955078
100.20707702636719 153.64108276367188 148.14451599121094 153.64108276367188 148.14451599121094 200.22357940673828 100.20707702636719 200.22357940673828
98.07658386230469 152.80996704101562 148.25972747802734 152.80996704101562 148.25972747802734 200.5570945739746 98.07658386230469 200.5570945739746
97.35161590576172 152.76919555664062 148.2465362548828 152.76919555664062 148.2465362548828 200.9139633178711 97.35161590576172 200.9139633178711
95.82769775390625 153.77365112304688 147.82697677612305 153.77365112304688 147.82697677612305 201.83147430419922 95.82769775390625 201.83147430419922
95.8527603149414 153.57772827148438 148.50337600708008 153.57772827148438 148.50337600708008 201.37081909179688 95.8527603149414 201.37081909179688
95.52947998046875 154.85670471191406 147.30843353271484 154.85670471191406 147.30843353271484 202.54773712158203 95.52947998046875 202.54773712158203
95.38906860351562 154.37820434570312 147.1759262084961 154.37820434570312 147.1759262084961 202.36151504516602 95.38906860351562 202.36151504516602
95.31333923339844 154.43972778320312 146.5951385498047 154.43972778320312 146.5951385498047 202.4623908996582 95.31333923339844 202.4623908996582
94.36739349365234 153.38267517089844 147.33676147460938 153.38267517089844 147.33676147460938 203.0462989807129 94.36739349365234 203.0462989807129
95.09254455566406 155.01803588867188 147.18645858764648 155.01803588867188 147.18645858764648 203.0996322631836 95.09254455566406 203.0996322631836
94.40827941894531 154.37591552734375 147.1184959411621 154.37591552734375 147.1184959411621 203.62024688720703 94.40827941894531 203.62024688720703
94.80635070800781 154.7941131591797 146.25981903076172 154.7941131591797 146.25981903076172 204.0316047668457 94.80635070800781 204.0316047668457
94.73509216308594 154.4785614013672 146.00925064086914 154.4785614013672 146.00925064086914 202.83087921142578 94.73509216308594 202.83087921142578
93.8912582397461 155.29934692382812 145.62275314331055 155.29934692382812 145.62275314331055 203.0842170715332 93.8912582397461 203.0842170715332
94.02054595947266 154.7490692138672 145.21606826782227 154.7490692138672 145.21606826782227 204.23542022705078 94.02054595947266 204.23542022705078
93.3821792602539 155.31710815429688 145.12268829345703 155.31710815429688 145.12268829345703 205.16728591918945 93.3821792602539 205.16728591918945
93.43973541259766 156.98281860351562 144.0691795349121 156.98281860351562 144.0691795349121 204.67568969726562 93.43973541259766 204.67568969726562
91.01631927490234 157.4605712890625 142.44128799438477 157.4605712890625 142.44128799438477 204.93634796142578 91.01631927490234 204.93634796142578
91.46064758300781 157.16787719726562 143.32653427124023 157.16787719726562 143.32653427124023 205.3735580444336 91.46064758300781 205.3735580444336
91.93202209472656 156.6821746826172 143.4893455505371 156.6821746826172 143.4893455505371 205.51297760009766 91.93202209472656 205.51297760009766
91.76070404052734 156.79019165039062 142.56671524047852 156.79019165039062 142.56671524047852 206.2106475830078 91.76070404052734 206.2106475830078
88.86949157714844 156.23703002929688 142.44292449951172 156.23703002929688 142.44292449951172 206.28484344482422 88.86949157714844 206.28484344482422
83.1333236694336 152.48342895507812 145.3892059326172 152.48342895507812 145.3892059326172 206.90592193603516 83.1333236694336 206.90592193603516
90.30521392822266 157.81980895996094 140.73861694335938 157.81980895996094 140.73861694335938 206.11949920654297 90.30521392822266 206.11949920654297
84.8468017578125 156.9024658203125 139.54395294189453 156.9024658203125 139.54395294189453 208.1745376586914 84.8468017578125 208.1745376586914
86.71589660644531 159.22463989257812 138.12387466430664 159.22463989257812 138.12387466430664 209.29243850708008 86.71589660644531 209.29243850708008
87.66650390625 158.17396545410156 139.2507209777832 158.17396545410156 139.2507209777832 208.01938247680664 87.66650390625 208.01938247680664
86.82820892333984 158.5724334716797 137.63764190673828 158.5724334716797 137.63764190673828 208.18943786621094 86.82820892333984 208.18943786621094
78.1222915649414 153.64004516601562 141.75942993164062 153.64004516601562 141.75942993164062 209.864990234375 78.1222915649414 209.864990234375
82.21855163574219 159.41094970703125 134.7804412841797 159.41094970703125 134.7804412841797 210.35285568237305 82.21855163574219 210.35285568237305
81.1215591430664 159.6293182373047 133.43447875976562 159.6293182373047 133.43447875976562 211.03583145141602 81.1215591430664 211.03583145141602
77.36296844482422 159.24044799804688 134.51562881469727 159.24044799804688 134.51562881469727 212.11250686645508 77.36296844482422 212.11250686645508
82.23750305175781 158.8075714111328 134.33496475219727 158.8075714111328 134.33496475219727 209.67370986938477 82.23750305175781 209.67370986938477
75.99506378173828 158.8421173095703 131.96874618530273 158.8421173095703 131.96874618530273 213.3201446533203 75.99506378173828 213.3201446533203
77.62828063964844 159.26089477539062 131.91307830810547 159.26089477539062 131.91307830810547 211.48246383666992 77.62828063964844 211.48246383666992
78.7458267211914 160.6922149658203 133.23179626464844 160.6922149658203 133.23179626464844 213.1241226196289 78.7458267211914 213.1241226196289
76.3505630493164 161.8979949951172 130.57765579223633 161.8979949951172 130.57765579223633 214.1471290588379 76.3505630493164 214.1471290588379
77.41226196289062 161.64407348632812 131.58740997314453 161.64407348632812 131.58740997314453 212.1318359375 77.41226196289062 212.1318359375
75.74072265625 162.5102996826172 131.12055587768555 162.5102996826172 131.12055587768555 212.87793350219727 75.74072265625 212.87793350219727
76.44618225097656 161.55712890625 130.60218811035156 161.55712890625 130.60218811035156 212.48496627807617 76.44618225097656 212.48496627807617
75.19561767578125 162.09622192382812 130.71489715576172 162.09622192382812 130.71489715576172 213.63249969482422 75.19561767578125 213.63249969482422
74.87037658691406 163.51296997070312 128.92182159423828 163.51296997070312 128.92182159423828 215.71662139892578 74.87037658691406 215.71662139892578
74.84154510498047 164.02218627929688 129.77975463867188 164.02218627929688 129.77975463867188 214.7339859008789 74.84154510498047 214.7339859008789
72.69856262207031 164.38189697265625 128.38451385498047 164.38189697265625 128.38451385498047 215.89559173583984 72.69856262207031 215.89559173583984
65.66460418701172 166.23355102539062 123.67624282836914 166.23355102539062 123.67624282836914 221.22857666015625 65.66460418701172 221.22857666015625
65.52305603027344 168.39340209960938 120.88008117675781 168.39340209960938 120.88008117675781 225.08721160888672 65.52305603027344 225.08721160888672
66.98055267333984 169.13662719726562 122.70929336547852 169.13662719726562 122.70929336547852 223.59633255004883 66.98055267333984 223.59633255004883
66.98234558105469 169.45562744140625 122.16514587402344 169.45562744140625 122.16514587402344 223.68587493896484 66.98234558105469 223.68587493896484
66.52338409423828 168.78384399414062 122.2914810180664 168.78384399414062 122.2914810180664 223.81722259521484 66.52338409423828 223.81722259521484
66.01383972167969 168.77944946289062 120.79955291748047 168.77944946289062 120.79955291748047 223.84993362426758 66.01383972167969 223.84993362426758
65.60440826416016 170.15115356445312 119.50094223022461 170.15115356445312 119.50094223022461 224.52833938598633 65.60440826416016 224.52833938598633
64.91105651855469 169.62112426757812 120.43672943115234 169.62112426757812 120.43672943115234 225.2596206665039 64.91105651855469 225.2596206665039
62.800758361816406 171.8597869873047 118.40484237670898 171.8597869873047 118.40484237670898 227.10107803344727 62.800758361816406 227.10107803344727
62.19881057739258 172.76052856445312 118.55270385742188 172.76052856445312 118.55270385742188 227.7440071105957 62.19881057739258 227.7440071105957
64.90348052978516 171.70297241210938 119.74211120605469 171.70297241210938 119.74211120605469 226.76276397705078 64.90348052978516 226.76276397705078
63.20185470581055 171.1407928466797 118.79879760742188 171.1407928466797 118.79879760742188 225.9840431213379 63.20185470581055 225.9840431213379
64.6608657836914 175.66317749023438 117.74703598022461 175.66317749023438 117.74703598022461 227.26143264770508 64.6608657836914 227.26143264770508
65.19786834716797 174.4939422607422 118.7137451171875 174.4939422607422 118.7137451171875 229.58510971069336 65.19786834716797 229.58510971069336
62.14197540283203 176.37957763671875 117.09344100952148 176.37957763671875 117.09344100952148 232.09799194335938 62.14197540283203 232.09799194335938
64.63941192626953 175.83303833007812 119.46604919433594 175.83303833007812 119.46604919433594 231.84164428710938 64.63941192626953 231.84164428710938
63.36277389526367 175.12606811523438 119.16347122192383 175.12606811523438 119.16347122192383 232.73542022705078 63.36277389526367 232.73542022705078
63.27302169799805 174.39154052734375 119.69354629516602 174.39154052734375 119.69354629516602 232.2093620300293 63.27302169799805 232.2093620300293
63.3856201171875 175.80731201171875 118.77455520629883 175.80731201171875 118.77455520629883 233.71271514892578 63.3856201171875 233.71271514892578
63.47937774658203 175.92294311523438 119.72746276855469 175.92294311523438 119.72746276855469 234.09561920166016 63.47937774658203 234.09561920166016
64.50935363769531 178.7919921875 118.15131378173828 178.7919921875 118.15131378173828 236.24513626098633 64.50935363769531 236.24513626098633
65.27669525146484 182.33169555664062 118.01875305175781 182.33169555664062 118.01875305175781 238.11530685424805 65.27669525146484 238.11530685424805
64.53652954101562 182.1137237548828 118.62215042114258 182.1137237548828 118.62215042114258 239.40489196777344 64.53652954101562 239.40489196777344
64.62760925292969 183.06109619140625 118.88373184204102 183.06109619140625 118.88373184204102 240.4307632446289 64.62760925292969 240.4307632446289
65.41065979003906 183.162353515625 118.71426010131836 183.162353515625 118.71426010131836 239.54044342041016 65.41065979003906 239.54044342041016
66.41854095458984 183.26382446289062 119.61170959472656 183.26382446289062 119.61170959472656 239.23406219482422 66.41854095458984 239.23406219482422
64.66886901855469 183.99542236328125 120.70341491699219 183.99542236328125 120.70341491699219 240.7981948852539 64.66886901855469 240.7981948852539
65.41334533691406 185.48748779296875 120.99599838256836 185.48748779296875 120.99599838256836 244.1238021850586 65.41334533691406 244.1238021850586
67.16693115234375 185.740234375 122.1475944519043 185.740234375 122.1475944519043 242.59699630737305 67.16693115234375 242.59699630737305
68.30130004882812 186.80812072753906 122.09323120117188 186.80812072753906 122.09323120117188 244.44947814941406 68.30130004882812 244.44947814941406
67.6257095336914 185.5312042236328 123.3324966430664 185.5312042236328 123.3324966430664 243.3116111755371 67.6257095336914 243.3116111755371
66.07331848144531 187.9591827392578 122.15464782714844 187.9591827392578 122.15464782714844 246.32555770874023 66.07331848144531 246.32555770874023
67.2772216796875 188.04928588867188 123.31130981445312 188.04928588867188 123.31130981445312 246.51161575317383 67.2772216796875 246.51161575317383
68.4740982055664 188.57205200195312 125.39602279663086 188.57205200195312 125.39602279663086 247.53156280517578 68.4740982055664 247.53156280517578
66.44629669189453 189.6232452392578 123.82598495483398 189.6232452392578 123.82598495483398 249.37274551391602 66.44629669189453 249.37274551391602
68.59965515136719 187.93951416015625 125.43880462646484 187.93951416015625 125.43880462646484 247.74460983276367 68.59965515136719 247.74460983276367
69.33433532714844 189.52536010742188 126.94556045532227 189.52536010742188 126.94556045532227 248.07522583007812 69.33433532714844 248.07522583007812
68.02169036865234 190.99697875976562 125.41058349609375 190.99697875976562 125.41058349609375 250.74945831298828 68.02169036865234 250.74945831298828
71.06800842285156 191.37631225585938 128.19013214111328 191.37631225585938 128.19013214111328 251.4208984375 71.06800842285156 251.4208984375
72.30656433105469 192.60093688964844 127.96897888183594 192.60093688964844 127.96897888183594 250.6117401123047 72.30656433105469 250.6117401123047
72.9608154296875 194.3104248046875 128.68195724487305 194.3104248046875 128.68195724487305 252.2119255065918 72.9608154296875 252.2119255065918
73.49162292480469 193.5762481689453 129.85984802246094 193.5762481689453 129.85984802246094 252.27765655517578 73.49162292480469 252.27765655517578
72.68132019042969 193.54592895507812 129.32845306396484 193.54592895507812 129.32845306396484 255.26539993286133 72.68132019042969 255.26539993286133
71.51301574707031 194.10592651367188 130.33156967163086 194.10592651367188 130.33156967163086 254.63877487182617 71.51301574707031 254.63877487182617
72.17437744140625 195.0704803466797 131.2835807800293 195.0704803466797 131.2835807800293 257.2114486694336 72.17437744140625 257.2114486694336
74.6799545288086 196.22010803222656 133.0291290283203 196.22010803222656 133.0291290283203 256.4589614868164 74.6799545288086 256.4589614868164
76.30448913574219 196.51339721679688 133.81133651733398 196.51339721679688 133.81133651733398 259.35094451904297 76.30448913574219 259.35094451904297
72.22212982177734 195.56492614746094 132.7259635925293 195.56492614746094 132.7259635925293 260.1745910644531 72.22212982177734 260.1745910644531
74.9949951171875 194.34381103515625 135.83839797973633 194.34381103515625 135.83839797973633 259.3535614013672 74.9949951171875 259.3535614013672
74.43693542480469 195.74398803710938 135.4133644104004 195.74398803710938 135.4133644104004 259.85609436035156 74.43693542480469 259.85609436035156
73.47245025634766 197.34414672851562 135.50053787231445 197.34414672851562 135.50053787231445 264.1945343017578 73.47245025634766 264.1945343017578
74.35713958740234 198.02011108398438 136.6522560119629 198.02011108398438 136.6522560119629 264.89444732666016 74.35713958740234 264.89444732666016
77.09552001953125 196.9154510498047 139.02947235107422 196.9154510498047 139.02947235107422 264.3986282348633 77.09552001953125 264.3986282348633
74.23075866699219 197.95916748046875 138.02327728271484 197.95916748046875 138.02327728271484 265.9874725341797 74.23075866699219 265.9874725341797
74.66734313964844 198.987060546875 138.95281982421875 198.987060546875 138.95281982421875 266.9579391479492 74.66734313964844 266.9579391479492
76.72944641113281 199.62518310546875 139.32898330688477 199.62518310546875 139.32898330688477 267.3380355834961 76.72944641113281 267.3380355834961
77.40177154541016 201.81216430664062 140.74483108520508 201.81216430664062 140.74483108520508 270.2762756347656 77.40177154541016 270.2762756347656
78.9000473022461 202.48800659179688 141.55531311035156 202.48800659179688 141.55531311035156 269.14476776123047 78.9000473022461 269.14476776123047
79.97035217285156 201.72451782226562 142.62926483154297 201.72451782226562 142.62926483154297 270.2938766479492 79.97035217285156 270.2938766479492
77.59664154052734 202.68487548828125 142.34931182861328 202.68487548828125 142.34931182861328 271.0043487548828 77.59664154052734 271.0043487548828
78.2967758178711 201.3765411376953 143.99726104736328 201.3765411376953 143.99726104736328 272.69263458251953 78.2967758178711 272.69263458251953
80.52085876464844 203.14755249023438 145.1737060546875 203.14755249023438 145.1737060546875 271.6573791503906 80.52085876464844 271.6573791503906
79.25926208496094 204.0834503173828 143.72650146484375 204.0834503173828 143.72650146484375 274.55660247802734 79.25926208496094 274.55660247802734
79.79612731933594 206.4058380126953 145.55477142333984 206.4058380126953 145.55477142333984 277.8386459350586 79.79612731933594 277.8386459350586
82.31022644042969 205.3634033203125 147.2481689453125 205.3634033203125 147.2481689453125 276.6669006347656 82.31022644042969 276.6669006347656
83.64725494384766 206.2953338623047 147.48806762695312 206.2953338623047 147.48806762695312 278.28590393066406 83.64725494384766 278.28590393066406
85.29781341552734 208.62710571289062 147.76612854003906 208.62710571289062 147.76612854003906 278.71466064453125 85.29781341552734 278.71466064453125
80.86311340332031 207.79000854492188 147.328369140625 207.79000854492188 147.328369140625 280.3369903564453 80.86311340332031 280.3369903564453
83.8656997680664 211.8070068359375 152.67293548583984 211.8070068359375 152.67293548583984 283.5712890625 83.8656997680664 283.5712890625
85.2958984375 211.944091796875 149.50050354003906 211.944091796875 149.50050354003906 282.5906524658203 85.2958984375 282.5906524658203
86.94889068603516 214.0380096435547 149.75955200195312 214.0380096435547 149.75955200195312 283.53594970703125 86.94889068603516 283.53594970703125
87.31413269042969 215.92138671875 150.10113143920898 215.92138671875 150.10113143920898 286.31761932373047 87.31413269042969 286.31761932373047
89.2575454711914 212.9054412841797 151.66957092285156 212.9054412841797 151.66957092285156 283.1909484863281 89.2575454711914 283.1909484863281
87.10735321044922 217.13864135742188 150.45994567871094 217.13864135742188 150.45994567871094 288.42383575439453 87.10735321044922 288.42383575439453
88.82661437988281 219.52127075195312 152.3586654663086 219.52127075195312 152.3586654663086 289.2761688232422 88.82661437988281 289.2761688232422
88.68089294433594 218.2650909423828 152.82459259033203 218.2650909423828 152.82459259033203 288.3013381958008 88.68089294433594 288.3013381958008
92.39713287353516 221.4789276123047 153.7626495361328 221.4789276123047 153.7626495361328 289.8686828613281 92.39713287353516 289.8686828613281
91.67232513427734 221.961669921875 153.64432907104492 221.961669921875 153.64432907104492 290.588134765625 91.67232513427734 290.588134765625
93.92640686035156 221.6842803955078 154.8418312072754 221.6842803955078 154.8418312072754 290.8639907836914 93.92640686035156 290.8639907836914
93.45035552978516 224.06216430664062 155.19331741333008 224.06216430664062 155.19331741333008 294.15404510498047 93.45035552978516 294.15404510498047
92.5774917602539 227.0923614501953 157.04820251464844 227.0923614501953 157.04820251464844 295.6686706542969 92.5774917602539 295.6686706542969
94.15507507324219 226.77902221679688 157.65486907958984 226.77902221679688 157.65486907958984 297.55076599121094 94.15507507324219 297.55076599121094
91.17342376708984 228.2246856689453 161.11415100097656 228.2246856689453 161.11415100097656 299.8440246582031 91.17342376708984 299.8440246582031
93.02568817138672 229.2729034423828 158.37305450439453 229.2729034423828 158.37305450439453 300.39810943603516 93.02568817138672 300.39810943603516
89.5787582397461 229.289306640625 162.42853546142578 229.289306640625 162.42853546142578 303.57838439941406 89.5787582397461 303.57838439941406
90.90728759765625 230.17398071289062 163.26710510253906 230.17398071289062 163.26710510253906 303.73128509521484 90.90728759765625 303.73128509521484
94.59815979003906 232.42007446289062 160.4231719970703 232.42007446289062 160.4231719970703 303.6294479370117 94.59815979003906 303.6294479370117
95.92508697509766 234.50741577148438 160.98365783691406 234.50741577148438 160.98365783691406 305.8321838378906 95.92508697509766 305.8321838378906
97.107421875 235.73056030273438 161.99541473388672 235.73056030273438 161.99541473388672 306.5622100830078 97.107421875 306.5622100830078
96.13285827636719 236.0926513671875 162.62779235839844 236.0926513671875 162.62779235839844 306.7267608642578 96.13285827636719 306.7267608642578
97.63201904296875 236.07559204101562 163.72380828857422 236.07559204101562 163.72380828857422 308.08975982666016 97.63201904296875 308.08975982666016
96.8922119140625 239.49368286132812 163.67606353759766 239.49368286132812 163.67606353759766 310.9760055541992 96.8922119140625 310.9760055541992
100.15113067626953 240.095458984375 166.41598510742188 240.095458984375 166.41598510742188 311.05714416503906 100.15113067626953 311.05714416503906
99.20893859863281 243.4708709716797 165.90738677978516 243.4708709716797 165.90738677978516 315.2682876586914 99.20893859863281 315.2682876586914
101.2052993774414 244.27615356445312 166.5517349243164 244.27615356445312 166.5517349243164 316.20640563964844 101.2052993774414 316.20640563964844
100.19960021972656 243.3411102294922 167.60355377197266 243.3411102294922 167.60355377197266 316.1736297607422 100.19960021972656 316.1736297607422
99.04728698730469 244.4916229248047 167.76779174804688 244.4916229248047 167.76779174804688 317.46446990966797 99.04728698730469 317.46446990966797
99.9428939819336 245.9228515625 168.5243377685547 245.9228515625 168.5243377685547 320.01416015625 99.9428939819336 320.01416015625
102.5476303100586 251.8828887939453 171.2807388305664 251.8828887939453 171.2807388305664 324.2614440917969 102.5476303100586 324.2614440917969
100.67366790771484 249.8701171875 171.64957427978516 249.8701171875 171.64957427978516 324.6019744873047 100.67366790771484 324.6019744873047
102.30677032470703 252.9726104736328 172.55269622802734 252.9726104736328 172.55269622802734 328.2056655883789 102.30677032470703 328.2056655883789
104.3219223022461 253.04098510742188 173.4879150390625 253.04098510742188 173.4879150390625 326.8534622192383 104.3219223022461 326.8534622192383
102.83714294433594 254.5929412841797 172.77377319335938 254.5929412841797 172.77377319335938 328.69950103759766 102.83714294433594 328.69950103759766
105.62493896484375 256.8914489746094 176.06322479248047 256.8914489746094 176.06322479248047 330.92604064941406 105.62493896484375 330.92604064941406
107.77632141113281 255.94931030273438 176.95924377441406 255.94931030273438 176.95924377441406 331.4976272583008 107.77632141113281 331.4976272583008
106.87651062011719 259.7317199707031 178.01219940185547 259.7317199707031 178.01219940185547 335.1738052368164 106.87651062011719 335.1738052368164
108.74578857421875 259.28564453125 180.57481384277344 259.28564453125 180.57481384277344 337.6320571899414 108.74578857421875 337.6320571899414
105.18978118896484 259.5296325683594 179.8553237915039 259.5296325683594 179.8553237915039 340.1047668457031 105.18978118896484 340.1047668457031
107.84153747558594 261.40142822265625 183.80030059814453 261.40142822265625 183.80030059814453 341.9393310546875 107.84153747558594 341.9393310546875
107.54920959472656 266.46917724609375 182.87577056884766 266.46917724609375 182.87577056884766 344.43927001953125 107.54920959472656 344.43927001953125
110.1995849609375 268.50604248046875 185.53138732910156 268.50604248046875 185.53138732910156 346.5177459716797 110.1995849609375 346.5177459716797
108.91615295410156 269.69158935546875 185.81549835205078 269.69158935546875 185.81549835205078 351.3649139404297 108.91615295410156 351.3649139404297
110.50323486328125 270.9208984375 187.9020538330078 270.9208984375 187.9020538330078 351.58599853515625 110.50323486328125 351.58599853515625
111.09800720214844 270.89312744140625 189.7505111694336 270.89312744140625 189.7505111694336 353.6811294555664 111.09800720214844 353.6811294555664
111.42411041259766 271.6162414550781 190.9701919555664 271.6162414550781 190.9701919555664 355.54918670654297 111.42411041259766 355.54918670654297
113.1292495727539 272.117919921875 193.64165496826172 272.117919921875 193.64165496826172 357.3299789428711 113.1292495727539 357.3299789428711
115.02777099609375 274.8838195800781 194.3162384033203 274.8838195800781 194.3162384033203 359.83433532714844 115.02777099609375 359.83433532714844
110.65718078613281 276.86285400390625 203.84048461914062 276.86285400390625 203.84048461914062 364.7135772705078 110.65718078613281 364.7135772705078
116.4819564819336 281.04901123046875 198.446533203125 281.04901123046875 198.446533203125 367.08219146728516 116.4819564819336 367.08219146728516
119.20286560058594 283.125 199.9906234741211 283.125 199.9906234741211 367.86680603027344 119.20286560058594 367.86680603027344
118.86085510253906 287.2274475097656 201.98651123046875 287.2274475097656 201.98651123046875 374.9290237426758 118.86085510253906 374.9290237426758
119.3619155883789 287.5030212402344 203.44159698486328 287.5030212402344 203.44159698486328 378.3680953979492 119.3619155883789 378.3680953979492
119.04878234863281 289.6883239746094 210.86418914794922 289.6883239746094 210.86418914794922 381.0186462402344 119.04878234863281 381.0186462402344
119.89961242675781 293.9302978515625 206.88050842285156 293.9302978515625 206.88050842285156 384.80970764160156 119.89961242675781 384.80970764160156
123.4337387084961 297.02874755859375 209.5677947998047 297.02874755859375 209.5677947998047 387.6876983642578 123.4337387084961 387.6876983642578
117.4398422241211 294.9480895996094 220.6657485961914 294.9480895996094 220.6657485961914 391.80714416503906 117.4398422241211 391.80714416503906
120.39106750488281 295.62432861328125 222.5298843383789 295.62432861328125 222.5298843383789 392.57750701904297 120.39106750488281 392.57750701904297
118.95291900634766 301.9617614746094 225.17572021484375 301.9617614746094 225.17572021484375 400.8369369506836 118.95291900634766 400.8369369506836
117.92166900634766 299.2731628417969 231.80315399169922 299.2731628417969 231.80315399169922 402.1430969238281 117.92166900634766 402.1430969238281
121.4232406616211 303.20489501953125 228.4073715209961 303.20489501953125 228.4073715209961 404.01290130615234 121.4232406616211 404.01290130615234
119.38899230957031 299.24957275390625 234.3261489868164 299.24957275390625 234.3261489868164 403.00028228759766 119.38899230957031 403.00028228759766
119.61064147949219 298.89569091796875 237.27197265625 298.89569091796875 237.27197265625 406.2797088623047 119.61064147949219 406.2797088623047
123.71439361572266 306.4033508300781 233.9150619506836 306.4033508300781 233.9150619506836 411.54811096191406 123.71439361572266 411.54811096191406
120.04731750488281 303.10211181640625 249.60153198242188 303.10211181640625 249.60153198242188 415.4225311279297 120.04731750488281 415.4225311279297
121.67787170410156 303.52423095703125 250.93116760253906 303.52423095703125 250.93116760253906 415.3325958251953 121.67787170410156 415.3325958251953
127.5115737915039 307.6092224121094 248.55327606201172 307.6092224121094 248.55327606201172 416.3511199951172 127.5115737915039 416.3511199951172
134.98196411132812 319.4384765625 242.79898071289062 319.4384765625 242.79898071289062 422.562744140625 134.98196411132812 422.562744140625
141.0802459716797 316.10137939453125 247.90794372558594 316.10137939453125 247.90794372558594 423.72196197509766 141.0802459716797 423.72196197509766
139.49398803710938 319.73321533203125 246.91868591308594 319.73321533203125 246.91868591308594 426.18233489990234 139.49398803710938 426.18233489990234
144.0520477294922 320.6917419433594 253.14649200439453 320.6917419433594 253.14649200439453 427.6784362792969 144.0520477294922 427.6784362792969
140.8606414794922 320.34686279296875 259.5218200683594 320.34686279296875 259.5218200683594 430.0553741455078 140.8606414794922 430.0553741455078
147.21566772460938 332.2965087890625 250.76197814941406 332.2965087890625 250.76197814941406 435.17626953125 147.21566772460938 435.17626953125
149.97390747070312 325.7774963378906 259.6219177246094 325.7774963378906 259.6219177246094 432.24134063720703 149.97390747070312 432.24134063720703
158.44625854492188 334.03826904296875 259.9262466430664 334.03826904296875 259.9262466430664 439.89166259765625 158.44625854492188 439.89166259765625
156.04112243652344 338.57086181640625 259.6908187866211 338.57086181640625 259.6908187866211 445.5275650024414 156.04112243652344 445.5275650024414
155.54849243164062 344.88775634765625 262.8713912963867 344.88775634765625 262.8713912963867 455.61849212646484 155.54849243164062 455.61849212646484
159.84213256835938 346.7137145996094 266.69251251220703 346.7137145996094 266.69251251220703 455.37767791748047 159.84213256835938 455.37767791748047
164.05886840820312 347.7725830078125 273.2146530151367 347.7725830078125 273.2146530151367 460.47767639160156 164.05886840820312 460.47767639160156
165.0247344970703 348.0267333984375 275.5311813354492 348.0267333984375 275.5311813354492 463.01583099365234 165.0247344970703 463.01583099365234
173.6201629638672 348.9882507324219 282.5240173339844 348.9882507324219 282.5240173339844 463.55101013183594 173.6201629638672 463.55101013183594
156.19784545898438 333.80792236328125 305.88389587402344 333.80792236328125 305.88389587402344 458.9999771118164 156.19784545898438 458.9999771118164
167.29043579101562 340.7861022949219 304.13478088378906 340.7861022949219 304.13478088378906 459.96251678466797 167.29043579101562 459.96251678466797
171.7189178466797 346.48468017578125 298.4297790527344 346.48468017578125 298.4297790527344 461.66827392578125 171.7189178466797 461.66827392578125
168.2277374267578 340.8583679199219 305.9750213623047 340.8583679199219 305.9750213623047 460.6611862182617 168.2277374267578 460.6611862182617
167.06643676757812 340.979736328125 308.1775207519531 340.979736328125 308.1775207519531 459.0 167.06643676757812 459.0
202.04226684570312 359.1001892089844 302.1410675048828 359.1001892089844 302.1410675048828 466.9664001464844 202.04226684570312 466.9664001464844
208.3308563232422 360.7892150878906 307.9925231933594 360.7892150878906 307.9925231933594 468.4100646972656 208.3308563232422 468.4100646972656
