147.0 83.0 189.0 83.0 189.0 193.0 147.0 193.0
150.74649047851562 78.75264739990234 188.23140335083008 78.75264739990234 188.23140335083008 195.0548553466797 150.74649047851562 195.0548553466797
151.11376953125 82.20596313476562 193.76258850097656 82.20596313476562 193.76258850097656 193.90525817871094 151.11376953125 193.90525817871094
173.03981018066406 72.8940200805664 215.85828399658203 72.8940200805664 215.85828399658203 185.03765106201172 173.03981018066406 185.03765106201172
175.25367736816406 82.1774673461914 217.7725486755371 82.1774673461914 217.7725486755371 193.53643798828125 175.25367736816406 193.53643798828125
191.32260131835938 76.66844177246094 234.47729110717773 76.66844177246094 234.47729110717773 189.6926498413086 191.32260131835938 189.6926498413086
195.98880004882812 76.89134216308594 239.2352409362793 76.89134216308594 239.2352409362793 190.15585327148438 195.98880004882812 190.15585327148438
208.36642456054688 78.89742279052734 251.56771087646484 78.89742279052734 251.56771087646484 192.04366302490234 208.36642456054688 192.04366302490234
216.1494140625 80.22014617919922 258.9477233886719 80.22014617919922 258.9477233886719 192.31096649169922 216.1494140625 192.31096649169922
216.3327178955078 81.7088394165039 258.20040130615234 81.7088394165039 258.20040130615234 191.3623046875 216.3327178955078 191.3623046875
221.5361785888672 96.33984375 263.5912055969238 96.33984375 263.5912055969238 206.48397064208984 221.5361785888672 206.48397064208984
221.02127075195312 92.7671127319336 263.59986114501953 92.7671127319336 263.59986114501953 204.282470703125 221.02127075195312 204.282470703125
222.2545623779297 105.03977966308594 264.1477394104004 105.03977966308594 264.1477394104004 214.760009765625 222.2545623779297 214.760009765625
223.34872436523438 107.04715728759766 265.30921173095703 107.04715728759766 265.30921173095703 216.9436798095703 223.34872436523438 216.9436798095703
211.5421142578125 94.4593505859375 253.0014877319336 94.4593505859375 253.0014877319336 203.0434341430664 211.5421142578125 203.0434341430664
251.7431182861328 92.62870788574219 293.2772903442383 92.62870788574219 293.2772903442383 201.40869140625 251.7431182861328 201.40869140625
253.97250366210938 102.7919921875 295.68212127685547 102.7919921875 295.68212127685547 212.0314712524414 253.97250366210938 212.0314712524414
262.5177307128906 105.2879409790039 304.2333221435547 105.2879409790039 304.2333221435547 214.54308319091797 262.5177307128906 214.54308319091797
268.89886474609375 104.1872329711914 310.75896072387695 104.1872329711914 310.75896072387695 213.8208236694336 268.89886474609375 213.8208236694336
274.06353759765625 107.8006820678711 316.63818359375 107.8006820678711 316.63818359375 219.3057098388672 274.06353759765625 219.3057098388672
267.1969299316406 112.0845718383789 309.91930389404297 112.0845718383789 309.91930389404297 223.97650146484375 267.1969299316406 223.97650146484375
283.90447998046875 103.31014251708984 326.7508010864258 103.31014251708984 326.7508010864258 215.52669525146484 283.90447998046875 215.52669525146484
296.6526794433594 107.26383972167969 340.0156135559082 107.26383972167969 340.0156135559082 220.8334197998047 296.6526794433594 220.8334197998047
303.09002685546875 108.6019058227539 347.16399002075195 108.6019058227539 347.16399002075195 224.03369140625 303.09002685546875 224.03369140625
307.8647766113281 97.5384750366211 351.9174690246582 97.5384750366211 351.9174690246582 212.91455078125 307.8647766113281 212.91455078125
316.28802490234375 98.68217468261719 360.2157669067383 98.68217468261719 360.2157669067383 213.73098754882812 316.28802490234375 213.73098754882812
296.7621154785156 97.54154205322266 340.3603820800781 97.54154205322266 340.3603820800781 211.7274398803711 296.7621154785156 211.7274398803711
314.9178771972656 99.34685516357422 357.9383773803711 99.34685516357422 357.9383773803711 212.01956939697266 314.9178771972656 212.01956939697266
320.3110656738281 96.72042083740234 363.9375114440918 96.72042083740234 363.9375114440918 210.98014068603516 320.3110656738281 210.98014068603516
331.22503662109375 101.69670104980469 374.24314880371094 101.69670104980469 374.24314880371094 214.3631591796875 331.22503662109375 214.3631591796875
333.9668884277344 119.81010437011719 377.7434539794922 119.81010437011719 377.7434539794922 234.46297454833984 333.9668884277344 234.46297454833984
339.8811950683594 102.4981918334961 383.75133895874023 102.4981918334961 383.75133895874023 217.3961410522461 339.8811950683594 217.3961410522461
344.70654296875 96.33636474609375 388.8413848876953 96.33636474609375 388.8413848876953 211.92757415771484 344.70654296875 211.92757415771484
344.63983154296875 120.130859375 388.84563064575195 120.130859375 388.84563064575195 235.9079132080078 344.63983154296875 235.9079132080078
349.2357482910156 114.2457275390625 393.9159507751465 114.2457275390625 393.9159507751465 231.26527404785156 349.2357482910156 231.26527404785156
356.56195068359375 95.05656433105469 400.5077934265137 95.05656433105469 400.5077934265137 210.15279388427734 356.56195068359375 210.15279388427734
362.75128173828125 91.79011535644531 406.8373565673828 91.79011535644531 406.8373565673828 207.2536163330078 362.75128173828125 207.2536163330078
371.6744689941406 98.6384048461914 415.6985893249512 98.6384048461914 415.6985893249512 213.9396514892578 371.6744689941406 213.9396514892578
377.0602111816406 97.30867004394531 421.0417709350586 97.30867004394531 421.0417709350586 212.49845123291016 377.0602111816406 212.49845123291016
383.07330322265625 92.0039291381836 427.0128860473633 92.0039291381836 427.0128860473633 207.0837631225586 383.07330322265625 207.0837631225586
389.90411376953125 93.80561828613281 434.7422294616699 93.80561828613281 434.7422294616699 211.23876190185547 389.90411376953125 211.23876190185547
395.5018310546875 94.71949768066406 440.7953567504883 94.71949768066406 440.7953567504883 213.34539031982422 395.5018310546875 213.34539031982422
401.5793762207031 103.65438079833984 446.5904731750488 103.65438079833984 446.5904731750488 221.5405731201172 401.5793762207031 221.5405731201172
412.5848693847656 102.92262268066406 456.7930221557617 102.92262268066406 456.7930221557617 218.70586395263672 412.5848693847656 218.70586395263672
416.79815673828125 103.56591796875 460.6863822937012 103.56591796875 460.6863822937012 218.5112533569336 416.79815673828125 218.5112533569336
420.4070739746094 105.25013732910156 464.5814628601074 105.25013732910156 464.5814628601074 220.94496154785156 420.4070739746094 220.94496154785156
409.8570861816406 96.04582214355469 454.18078231811523 96.04582214355469 454.18078231811523 212.13168334960938 409.8570861816406 212.13168334960938
423.7952575683594 101.7446517944336 468.2326774597168 101.7446517944336 468.2326774597168 218.12836456298828 423.7952575683594 218.12836456298828
421.714111328125 97.66162109375 465.86758041381836 97.66162109375 465.86758041381836 213.3016586303711 421.714111328125 213.3016586303711
439.666015625 100.6673355102539 483.85094451904297 100.6673355102539 483.85094451904297 216.3897705078125 439.666015625 216.3897705078125
438.1441345214844 99.04237365722656 482.441650390625 99.04237365722656 482.441650390625 215.05968475341797 438.1441345214844 215.05968475341797
442.71856689453125 99.09217834472656 487.4413604736328 99.09217834472656 487.4413604736328 216.22332000732422 442.71856689453125 216.22332000732422
455.4832458496094 102.00706481933594 500.94919204711914 102.00706481933594 500.94919204711914 221.08455657958984 455.4832458496094 221.08455657958984
468.35577392578125 102.90897369384766 513.7818603515625 102.90897369384766 513.7818603515625 221.882080078125 468.35577392578125 221.882080078125
472.14471435546875 105.22530364990234 518.4404983520508 105.22530364990234 518.4404983520508 226.4761962890625 472.14471435546875 226.4761962890625
476.96893310546875 105.81782531738281 524.037353515625 105.81782531738281 524.037353515625 229.09228515625 476.96893310546875 229.09228515625
492.09478759765625 105.06622314453125 539.3355827331543 105.06622314453125 539.3355827331543 228.79215240478516 492.09478759765625 228.79215240478516
486.9828186035156 106.92081451416016 533.7297744750977 106.92081451416016 533.7297744750977 229.3533477783203 486.9828186035156 229.3533477783203
491.07391357421875 107.04020690917969 537.8865089416504 107.04020690917969 537.8865089416504 229.6446533203125 491.07391357421875 229.6446533203125
503.51654052734375 114.35064697265625 550.3584022521973 114.35064697265625 550.3584022521973 237.03175354003906 503.51654052734375 237.03175354003906
502.9242248535156 114.09449768066406 550.3502388000488 114.09449768066406 550.3502388000488 238.3055191040039 502.9242248535156 238.3055191040039
511.843017578125 115.98641204833984 559.2892074584961 115.98641204833984 559.2892074584961 240.2502670288086 511.843017578125 240.2502670288086
510.5804138183594 122.5400619506836 557.086555480957 122.5400619506836 557.086555480957 244.34188079833984 510.5804138183594 244.34188079833984
516.1212158203125 120.99314880371094 562.1862144470215 120.99314880371094 562.1862144470215 241.63959503173828 516.1212158203125 241.63959503173828
535.6448974609375 150.87820434570312 581.4152908325195 150.87820434570312 581.4152908325195 270.75305938720703 535.6448974609375 270.75305938720703
537.1475830078125 187.51626586914062 583.0432929992676 187.51626586914062 583.0432929992676 307.7193298339844 537.1475830078125 307.7193298339844
534.8259887695312 179.37667846679688 580.7787017822266 179.37667846679688 580.7787017822266 299.7290496826172 534.8259887695312 299.7290496826172
544.460205078125 206.2847442626953 590.4828414916992 206.2847442626953 590.4828414916992 326.82025146484375 544.460205078125 326.82025146484375
541.1419677734375 224.86398315429688 587.175537109375 224.86398315429688 587.175537109375 345.42811584472656 541.1419677734375 345.42811584472656
547.2589111328125 217.02145385742188 594.0380477905273 217.02145385742188 594.0380477905273 339.5382614135742 547.2589111328125 339.5382614135742
549.7435302734375 215.06643676757812 596.4540596008301 215.06643676757812 596.4540596008301 337.40355682373047 549.7435302734375 337.40355682373047
550.4000244140625 212.3275604248047 597.1255989074707 212.3275604248047 597.1255989074707 334.70408630371094 550.4000244140625 334.70408630371094
553.2057495117188 206.7423858642578 599.8320999145508 206.7423858642578 599.8320999145508 328.8590393066406 553.2057495117188 328.8590393066406
557.4360961914062 220.04025268554688 604.3033561706543 220.04025268554688 604.3033561706543 342.7878723144531 557.4360961914062 342.7878723144531
559.5364990234375 225.4727020263672 606.1945037841797 225.4727020263672 606.1945037841797 347.6722717285156 559.5364990234375 347.6722717285156
560.6793212890625 222.49600219726562 607.9336853027344 222.49600219726562 607.9336853027344 346.25745391845703 560.6793212890625 346.25745391845703
564.0016479492188 222.03646850585938 611.5010185241699 222.03646850585938 611.5010185241699 346.4396057128906 564.0016479492188 346.4396057128906
570.2242431640625 258.4383544921875 617.9045639038086 258.4383544921875 617.9045639038086 383.3154067993164 570.2242431640625 383.3154067993164
571.6087646484375 266.6939697265625 619.1796035766602 266.6939697265625 619.1796035766602 391.2842788696289 571.6087646484375 391.2842788696289
570.5238037109375 258.8127136230469 614.5865364074707 258.8127136230469 614.5865364074707 394.0763702392578 570.5238037109375 394.0763702392578
576.5755615234375 282.8024597167969 617.7583618164062 282.8024597167969 617.7583618164062 422.9812469482422 576.5755615234375 422.9812469482422
571.8277587890625 283.6109924316406 619.4329719543457 283.6109924316406 619.4329719543457 415.01434326171875 571.8277587890625 415.01434326171875
572.0377197265625 275.05303955078125 620.1545181274414 275.05303955078125 620.1545181274414 406.1217956542969 572.0377197265625 406.1217956542969
569.493896484375 269.7334899902344 619.5760269165039 269.7334899902344 619.5760269165039 400.9010009765625 569.493896484375 400.9010009765625
573.4749145507812 275.3489685058594 623.4472732543945 275.3489685058594 623.4472732543945 406.22900390625 573.4749145507812 406.22900390625
573.9110107421875 274.10382080078125 622.2227363586426 274.10382080078125 622.2227363586426 407.21063232421875 573.9110107421875 407.21063232421875
575.599365234375 271.20703125 622.8618278503418 271.20703125 622.8618278503418 406.6855010986328 575.599365234375 406.6855010986328
579.9386596679688 271.47222900390625 624.5724754333496 271.47222900390625 624.5724754333496 416.0233459472656 579.9386596679688 416.0233459472656
573.5343017578125 276.0750427246094 626.0154838562012 276.0750427246094 626.0154838562012 413.5257873535156 573.5343017578125 413.5257873535156
570.6053466796875 273.66845703125 623.4674072265625 273.66845703125 623.4674072265625 412.1167449951172 570.6053466796875 412.1167449951172
560.0925903320312 278.92974853515625 614.1581649780273 278.92974853515625 614.1581649780273 420.5301055908203 560.0925903320312 420.5301055908203
551.8804931640625 282.5016784667969 605.9370956420898 282.5016784667969 605.9370956420898 424.0785369873047 551.8804931640625 424.0785369873047
541.2837524414062 290.4261779785156 596.5825805664062 290.4261779785156 596.5825805664062 435.2564697265625 541.2837524414062 435.2564697265625
541.3870239257812 293.89556884765625 596.6603775024414 293.89556884765625 596.6603775024414 438.6591339111328 541.3870239257812 438.6591339111328
538.6327514648438 307.4607849121094 595.2789916992188 307.4607849121094 595.2789916992188 455.8199920654297 538.6327514648438 455.8199920654297
539.0006103515625 299.364013671875 592.2654800415039 299.364013671875 592.2654800415039 450.5990905761719 539.0006103515625 450.5990905761719
539.5950317382812 292.524658203125 593.2829284667969 292.524658203125 593.2829284667969 448.61888122558594 539.5950317382812 448.61888122558594
538.997314453125 293.37823486328125 591.3782119750977 293.37823486328125 591.3782119750977 450.79759216308594 538.997314453125 450.79759216308594
541.6819458007812 293.115966796875 588.136474609375 293.115966796875 588.136474609375 448.169677734375 541.6819458007812 448.169677734375
