360.0 227.0 394.0 227.0 394.0 250.0 360.0 250.0
360.1532287597656 227.6531524658203 393.9865417480469 227.6531524658203 393.9865417480469 250.41936683654785 360.1532287597656 250.41936683654785
360.9685974121094 227.6025390625 395.55580139160156 227.6025390625 395.55580139160156 250.99976348876953 360.9685974121094 250.99976348876953
360.29901123046875 227.4454345703125 394.89593505859375 227.4454345703125 394.89593505859375 250.84923553466797 360.29901123046875 250.84923553466797
363.034423828125 228.3369903564453 395.7589645385742 228.3369903564453 395.7589645385742 251.24883651733398 363.034423828125 251.24883651733398
363.7411804199219 228.2697296142578 397.07622146606445 228.2697296142578 397.07622146606445 251.03643798828125 363.7411804199219 251.03643798828125
363.291015625 228.21847534179688 397.8150100708008 228.21847534179688 397.8150100708008 251.33043479919434 363.291015625 251.33043479919434
365.4034729003906 228.66421508789062 399.26280975341797 228.66421508789062 399.26280975341797 251.48946571350098 365.4034729003906 251.48946571350098
364.7522888183594 228.9586639404297 399.4755401611328 228.9586639404297 399.4755401611328 252.23769187927246 364.7522888183594 252.23769187927246
365.94732666015625 228.7499542236328 400.2180709838867 228.7499542236328 400.2180709838867 252.41094398498535 365.94732666015625 252.41094398498535
366.44097900390625 229.5055389404297 401.34105682373047 229.5055389404297 401.34105682373047 253.11441802978516 366.44097900390625 253.11441802978516
367.27227783203125 229.52114868164062 401.9984664916992 229.52114868164062 401.9984664916992 253.01239585876465 367.27227783203125 253.01239585876465
369.134521484375 229.5860595703125 403.34020614624023 229.5860595703125 403.34020614624023 252.72519874572754 369.134521484375 252.72519874572754
368.60089111328125 230.2588348388672 403.0265579223633 230.2588348388672 403.0265579223633 253.5467872619629 368.60089111328125 253.5467872619629
370.06280517578125 230.63870239257812 403.6033706665039 230.63870239257812 403.6033706665039 253.3279094696045 370.06280517578125 253.3279094696045
371.27874755859375 230.66552734375 405.0227279663086 230.66552734375 405.0227279663086 253.49234008789062 371.27874755859375 253.49234008789062
371.59710693359375 231.1531982421875 405.6443099975586 231.1531982421875 405.6443099975586 254.18513107299805 371.59710693359375 254.18513107299805
371.30938720703125 231.12918090820312 405.3807029724121 231.12918090820312 405.3807029724121 254.17742538452148 371.30938720703125 254.17742538452148
373.0044860839844 231.1407470703125 406.8285446166992 231.1407470703125 406.8285446166992 254.02173233032227 373.0044860839844 254.02173233032227
373.838134765625 231.0706787109375 408.11650466918945 231.0706787109375 408.11650466918945 254.2589931488037 373.838134765625 254.2589931488037
373.7052917480469 231.54678344726562 408.3327178955078 231.54678344726562 408.3327178955078 254.9712257385254 373.7052917480469 254.9712257385254
375.60833740234375 232.3605499267578 410.5300407409668 232.3605499267578 410.5300407409668 255.98406410217285 375.60833740234375 255.98406410217285
376.30157470703125 233.1184844970703 411.19060134887695 233.1184844970703 411.19060134887695 256.7198944091797 376.30157470703125 256.7198944091797
377.01202392578125 232.06088256835938 412.4003219604492 232.06088256835938 412.4003219604492 256.00003814697266 377.01202392578125 256.00003814697266
377.4847106933594 232.61288452148438 413.0625801086426 232.61288452148438 413.0625801086426 256.6802806854248 377.4847106933594 256.6802806854248
377.90545654296875 232.8834228515625 414.35626220703125 232.8834228515625 414.35626220703125 257.5413360595703 377.90545654296875 257.5413360595703
378.4858703613281 233.11221313476562 415.19213104248047 233.11221313476562 415.19213104248047 257.9429340362549 378.4858703613281 257.9429340362549
380.7612609863281 233.66067504882812 416.63051986694336 233.66067504882812 416.63051986694336 257.9251880645752 380.7612609863281 257.9251880645752
380.4228210449219 234.64877319335938 416.51262283325195 234.64877319335938 416.51262283325195 259.06247901916504 380.4228210449219 259.06247901916504
381.2384338378906 234.06777954101562 417.6559638977051 234.06777954101562 417.6559638977051 258.70318603515625 381.2384338378906 258.70318603515625
381.2474365234375 234.65396118164062 417.74562072753906 234.65396118164062 417.74562072753906 259.34392738342285 381.2474365234375 259.34392738342285
383.1685485839844 235.4090118408203 419.84059143066406 235.4090118408203 419.84059143066406 260.216588973999 383.1685485839844 260.216588973999
383.71197509765625 235.4163360595703 420.72726821899414 235.4163360595703 420.72726821899414 260.456111907959 383.71197509765625 260.456111907959
384.3748474121094 235.1302032470703 421.1049575805664 235.1302032470703 421.1049575805664 259.97705841064453 384.3748474121094 259.97705841064453
384.89508056640625 235.32388305664062 421.80591583251953 235.32388305664062 421.80591583251953 260.2929935455322 384.89508056640625 260.2929935455322
386.32855224609375 235.9680633544922 423.3928031921387 235.9680633544922 423.3928031921387 261.0409564971924 386.32855224609375 261.0409564971924
387.2576904296875 236.2158660888672 423.9171562194824 236.2158660888672 423.9171562194824 261.0149345397949 387.2576904296875 261.0149345397949
388.4124755859375 236.9420623779297 424.94823455810547 236.9420623779297 424.94823455810547 261.65744972229004 388.4124755859375 261.65744972229004
388.35150146484375 237.31356811523438 425.4270935058594 237.31356811523438 425.4270935058594 261.6511936187744 388.35150146484375 261.6511936187744
390.60772705078125 237.5751495361328 426.9274711608887 237.5751495361328 426.9274711608887 262.14440536499023 390.60772705078125 262.14440536499023
391.6056823730469 238.2530975341797 427.53702545166016 238.2530975341797 427.53702545166016 262.5596122741699 391.6056823730469 262.5596122741699
393.3802795410156 237.78561401367188 430.1528739929199 237.78561401367188 430.1528739929199 262.6612148284912 393.3802795410156 262.6612148284912
394.23095703125 238.05886840820312 430.7803153991699 238.05886840820312 430.7803153991699 262.78345680236816 394.23095703125 262.78345680236816
395.98858642578125 238.2515411376953 432.67980194091797 238.2515411376953 432.67980194091797 262.8000831604004 395.98858642578125 262.8000831604004
395.4745178222656 238.36001586914062 432.20605850219727 238.36001586914062 432.20605850219727 263.2078437805176 395.4745178222656 263.2078437805176
395.06683349609375 238.93667602539062 431.46350479125977 238.93667602539062 431.46350479125977 263.55797386169434 395.06683349609375 263.55797386169434
397.2926330566406 239.5346221923828 433.04647064208984 239.5346221923828 433.04647064208984 264.26578521728516 397.2926330566406 264.26578521728516
399.6124572753906 238.759033203125 435.55948638916016 238.759033203125 435.55948638916016 263.83873558044434 399.6124572753906 263.83873558044434
400.34893798828125 238.53073120117188 435.7749786376953 238.53073120117188 435.7749786376953 263.58850288391113 400.34893798828125 263.58850288391113
401.00433349609375 240.1776123046875 436.3427848815918 240.1776123046875 436.3427848815918 264.3357696533203 401.00433349609375 264.3357696533203
401.6490173339844 241.08358764648438 437.5050354003906 241.08358764648438 437.5050354003906 265.3391513824463 401.6490173339844 265.3391513824463
403.2596740722656 241.46298217773438 439.12336349487305 241.46298217773438 439.12336349487305 265.91880226135254 403.2596740722656 265.91880226135254
404.11285400390625 241.9143829345703 440.0956153869629 241.9143829345703 440.0956153869629 266.25568771362305 404.11285400390625 266.25568771362305
405.20501708984375 242.145751953125 440.5836410522461 242.145751953125 440.5836410522461 266.4069633483887 405.20501708984375 266.4069633483887
406.2590026855469 242.5598907470703 442.1041564941406 242.5598907470703 442.1041564941406 266.80811309814453 406.2590026855469 266.80811309814453
407.75030517578125 243.86355590820312 444.2331733703613 243.86355590820312 444.2331733703613 268.5431728363037 407.75030517578125 268.5431728363037
409.6695861816406 242.80758666992188 445.39545822143555 242.80758666992188 445.39545822143555 268.13320541381836 409.6695861816406 268.13320541381836
409.327880859375 244.1144256591797 446.2316093444824 244.1144256591797 446.2316093444824 269.39892959594727 409.327880859375 269.39892959594727
410.9021911621094 243.72900390625 447.99597930908203 243.72900390625 447.99597930908203 269.52281761169434 410.9021911621094 269.52281761169434
410.42034912109375 243.53759765625 447.96692276000977 243.53759765625 447.96692276000977 269.42030906677246 410.42034912109375 269.42030906677246
413.5400390625 244.07125854492188 449.8953971862793 244.07125854492188 449.8953971862793 269.2499942779541 413.5400390625 269.2499942779541
414.4046936035156 244.36569213867188 451.33061599731445 244.36569213867188 451.33061599731445 270.20197105407715 414.4046936035156 270.20197105407715
415.08404541015625 245.4560546875 452.47888946533203 245.4560546875 452.47888946533203 270.7525863647461 415.08404541015625 270.7525863647461
414.7391052246094 246.16513061523438 452.8419075012207 246.16513061523438 452.8419075012207 271.9405765533447 414.7391052246094 271.9405765533447
417.87628173828125 244.926025390625 454.4477882385254 244.926025390625 454.4477882385254 270.2545967102051 417.87628173828125 270.2545967102051
419.096923828125 245.03909301757812 456.3713912963867 245.03909301757812 456.3713912963867 271.35504722595215 419.096923828125 271.35504722595215
419.75030517578125 244.91726684570312 456.6640510559082 244.91726684570312 456.6640510559082 271.20241355895996 419.75030517578125 271.20241355895996
419.35302734375 246.59982299804688 458.2073974609375 246.59982299804688 458.2073974609375 272.8836860656738 419.35302734375 272.8836860656738
421.67242431640625 244.61019897460938 458.5576171875 244.61019897460938 458.5576171875 271.91440200805664 421.67242431640625 271.91440200805664
422.9476013183594 246.1533660888672 460.55902099609375 246.1533660888672 460.55902099609375 273.2886562347412 422.9476013183594 273.2886562347412
423.84466552734375 246.27639770507812 460.32381439208984 246.27639770507812 460.32381439208984 273.1109619140625 423.84466552734375 273.1109619140625
424.4783630371094 246.99472045898438 461.9641418457031 246.99472045898438 461.9641418457031 274.1352081298828 424.4783630371094 274.1352081298828
425.62091064453125 248.01950073242188 463.9721336364746 248.01950073242188 463.9721336364746 274.8787479400635 425.62091064453125 274.8787479400635
429.0732421875 247.00991821289062 465.2524642944336 247.00991821289062 465.2524642944336 274.89917373657227 429.0732421875 274.89917373657227
428.53973388671875 248.950927734375 466.63372802734375 248.950927734375 466.63372802734375 275.8939208984375 428.53973388671875 275.8939208984375
430.2552185058594 249.07504272460938 468.8838348388672 249.07504272460938 468.8838348388672 275.4889736175537 430.2552185058594 275.4889736175537
432.2088317871094 249.06103515625 470.3617477416992 249.06103515625 470.3617477416992 275.3054389953613 432.2088317871094 275.3054389953613
434.2000427246094 249.065185546875 469.805419921875 249.065185546875 469.805419921875 276.1180305480957 434.2000427246094 276.1180305480957
432.9676208496094 251.3535614013672 471.8632011413574 251.3535614013672 471.8632011413574 277.66529846191406 432.9676208496094 277.66529846191406
434.7676696777344 251.60604858398438 474.4534721374512 251.60604858398438 474.4534721374512 278.07702255249023 434.7676696777344 278.07702255249023
435.3841857910156 251.90225219726562 474.58656311035156 251.90225219726562 474.58656311035156 278.4215278625488 435.3841857910156 278.4215278625488
436.4015197753906 251.72244262695312 475.3729782104492 251.72244262695312 475.3729782104492 278.4670467376709 436.4015197753906 278.4670467376709
437.09100341796875 252.3539581298828 476.7440872192383 252.3539581298828 476.7440872192383 279.0629024505615 437.09100341796875 279.0629024505615
438.39630126953125 253.2086639404297 478.8169250488281 253.2086639404297 478.8169250488281 280.3396873474121 438.39630126953125 280.3396873474121
437.9642639160156 253.3877716064453 479.0251922607422 253.3877716064453 479.0251922607422 281.0735836029053 437.9642639160156 281.0735836029053
440.9063415527344 253.126708984375 481.6356430053711 253.126708984375 481.6356430053711 280.95537757873535 440.9063415527344 280.95537757873535
441.42578125 253.2296142578125 481.5561637878418 253.2296142578125 481.5561637878418 280.75734519958496 441.42578125 280.75734519958496
443.4037170410156 254.0787353515625 483.79084396362305 254.0787353515625 483.79084396362305 281.69476890563965 443.4037170410156 281.69476890563965
444.10955810546875 254.62228393554688 485.37518310546875 254.62228393554688 485.37518310546875 282.5725517272949 444.10955810546875 282.5725517272949
443.73187255859375 254.8228302001953 485.8161926269531 254.8228302001953 485.8161926269531 282.92371559143066 443.73187255859375 282.92371559143066
447.242431640625 255.1599578857422 487.87480545043945 255.1599578857422 487.87480545043945 282.51893615722656 447.242431640625 282.51893615722656
447.3998107910156 255.9070587158203 488.4012641906738 255.9070587158203 488.4012641906738 283.5863857269287 447.3998107910156 283.5863857269287
448.02789306640625 255.9846954345703 489.1529197692871 255.9846954345703 489.1529197692871 283.9527168273926 448.02789306640625 283.9527168273926
449.2267150878906 257.5240783691406 492.0370292663574 257.5240783691406 492.0370292663574 284.62159729003906 449.2267150878906 284.62159729003906
450.6673889160156 257.91790771484375 491.84724044799805 257.91790771484375 491.84724044799805 285.2299041748047 450.6673889160156 285.2299041748047
451.90118408203125 257.69427490234375 493.2488250732422 257.69427490234375 493.2488250732422 285.2118339538574 451.90118408203125 285.2118339538574
452.29962158203125 259.0362854003906 493.63002014160156 259.0362854003906 493.63002014160156 287.02777099609375 452.29962158203125 287.02777099609375
452.80865478515625 259.7801513671875 494.4593505859375 259.7801513671875 494.4593505859375 287.25563621520996 452.80865478515625 287.25563621520996
455.6875915527344 259.6451110839844 496.2434387207031 259.6451110839844 496.2434387207031 287.3219299316406 455.6875915527344 287.3219299316406
456.62030029296875 259.91680908203125 497.354679107666 259.91680908203125 497.354679107666 287.83294105529785 456.62030029296875 287.83294105529785
456.7850036621094 261.15740966796875 497.6004981994629 261.15740966796875 497.6004981994629 288.1907539367676 456.7850036621094 288.1907539367676
458.1251525878906 262.32965087890625 498.8486022949219 262.32965087890625 498.8486022949219 289.8778839111328 458.1251525878906 289.8778839111328
459.3604431152344 262.027099609375 500.63817977905273 262.027099609375 500.63817977905273 289.4389400482178 459.3604431152344 289.4389400482178
461.6578063964844 262.3423767089844 503.58313751220703 262.3423767089844 503.58313751220703 290.13945388793945 461.6578063964844 290.13945388793945
461.7191467285156 263.6993103027344 503.43762588500977 263.6993103027344 503.43762588500977 290.78302574157715 461.7191467285156 290.78302574157715
461.19384765625 264.16082763671875 502.6802406311035 264.16082763671875 502.6802406311035 292.3047389984131 461.19384765625 292.3047389984131
463.84197998046875 264.4217224121094 505.2311820983887 264.4217224121094 505.2311820983887 292.9751491546631 463.84197998046875 292.9751491546631
463.5634765625 265.9438781738281 506.2919006347656 265.9438781738281 506.2919006347656 294.8484134674072 463.5634765625 294.8484134674072
465.51605224609375 266.00732421875 509.3513412475586 266.00732421875 509.3513412475586 294.23546981811523 465.51605224609375 294.23546981811523
465.67022705078125 266.2255859375 509.4008140563965 266.2255859375 509.4008140563965 295.50428199768066 465.67022705078125 295.50428199768066
466.9632873535156 266.0666198730469 510.3864059448242 266.0666198730469 510.3864059448242 294.3780937194824 466.9632873535156 294.3780937194824
468.737548828125 266.9414978027344 512.7391662597656 266.9414978027344 512.7391662597656 296.1101951599121 468.737548828125 296.1101951599121
468.5602111816406 266.7242126464844 513.9975051879883 266.7242126464844 513.9975051879883 295.3756217956543 468.5602111816406 295.3756217956543
469.63836669921875 268.3199462890625 514.4698867797852 268.3199462890625 514.4698867797852 297.94207763671875 469.63836669921875 297.94207763671875
472.135009765625 268.88812255859375 516.3443031311035 268.88812255859375 516.3443031311035 296.5625190734863 472.135009765625 296.5625190734863
471.6044921875 269.4329528808594 515.8490409851074 269.4329528808594 515.8490409851074 298.84730529785156 471.6044921875 298.84730529785156
472.35565185546875 271.2472839355469 515.6282730102539 271.2472839355469 515.6282730102539 299.6929740905762 472.35565185546875 299.6929740905762
474.99932861328125 270.7771911621094 520.0170440673828 270.7771911621094 520.0170440673828 300.435827255249 474.99932861328125 300.435827255249
475.75701904296875 272.2627868652344 519.0393981933594 272.2627868652344 519.0393981933594 300.91765213012695 475.75701904296875 300.91765213012695
475.380126953125 272.08050537109375 519.7555770874023 272.08050537109375 519.7555770874023 300.52331924438477 475.380126953125 300.52331924438477
476.79302978515625 272.575439453125 522.1575508117676 272.575439453125 522.1575508117676 302.1851100921631 476.79302978515625 302.1851100921631
477.65484619140625 273.17755126953125 523.0037002563477 273.17755126953125 523.0037002563477 303.325496673584 477.65484619140625 303.325496673584
478.623779296875 275.154052734375 524.2399826049805 275.154052734375 524.2399826049805 304.17727279663086 478.623779296875 304.17727279663086
480.3174743652344 274.91656494140625 523.1261787414551 274.91656494140625 523.1261787414551 304.5714416503906 480.3174743652344 304.5714416503906
480.10052490234375 276.61077880859375 525.8478393554688 276.61077880859375 525.8478393554688 305.34655380249023 480.10052490234375 305.34655380249023
481.63543701171875 277.0585632324219 528.1124458312988 277.0585632324219 528.1124458312988 307.57497787475586 481.63543701171875 307.57497787475586
481.4723205566406 276.9525146484375 528.3023719787598 276.9525146484375 528.3023719787598 307.6341896057129 481.4723205566406 307.6341896057129
484.68231201171875 278.3035888671875 532.479320526123 278.3035888671875 532.479320526123 308.72174644470215 484.68231201171875 308.72174644470215
484.3385314941406 278.5373840332031 531.5919876098633 278.5373840332031 531.5919876098633 308.7846927642822 484.3385314941406 308.7846927642822
485.4671325683594 279.49664306640625 531.2702026367188 279.49664306640625 531.2702026367188 309.17438888549805 485.4671325683594 309.17438888549805
485.4073791503906 280.03424072265625 534.3366203308105 280.03424072265625 534.3366203308105 311.6822052001953 485.4073791503906 311.6822052001953
486.40911865234375 280.23095703125 534.7001419067383 280.23095703125 534.7001419067383 312.06553649902344 486.40911865234375 312.06553649902344
487.55322265625 282.95733642578125 537.7666854858398 282.95733642578125 537.7666854858398 314.667179107666 487.55322265625 314.667179107666
488.82696533203125 282.3898620605469 536.868278503418 282.3898620605469 536.868278503418 314.68250274658203 488.82696533203125 314.68250274658203
488.0960388183594 282.8402404785156 539.5009384155273 282.8402404785156 539.5009384155273 315.33824157714844 488.0960388183594 315.33824157714844
490.29241943359375 283.87335205078125 540.1954460144043 283.87335205078125 540.1954460144043 315.4678554534912 490.29241943359375 315.4678554534912
491.79913330078125 285.718994140625 541.9037780761719 285.718994140625 541.9037780761719 318.2694778442383 491.79913330078125 318.2694778442383
491.5425720214844 286.3614501953125 539.8145179748535 286.3614501953125 539.8145179748535 318.3681869506836 491.5425720214844 318.3681869506836
491.99725341796875 285.93023681640625 542.335521697998 285.93023681640625 542.335521697998 319.50745010375977 491.99725341796875 319.50745010375977
493.38726806640625 286.10418701171875 543.6166725158691 286.10418701171875 543.6166725158691 319.5731887817383 493.38726806640625 319.5731887817383
493.2054748535156 287.7740173339844 542.4661140441895 287.7740173339844 542.4661140441895 320.19686126708984 493.2054748535156 320.19686126708984
493.6649475097656 288.00115966796875 543.4618759155273 288.00115966796875 543.4618759155273 321.33600997924805 493.6649475097656 321.33600997924805
494.320068359375 290.30975341796875 544.0323028564453 290.30975341796875 544.0323028564453 323.9386215209961 494.320068359375 323.9386215209961
495.1473693847656 291.04742431640625 546.8652420043945 291.04742431640625 546.8652420043945 322.91638565063477 495.1473693847656 322.91638565063477
495.1788635253906 291.96588134765625 545.4254379272461 291.96588134765625 545.4254379272461 325.10535430908203 495.1788635253906 325.10535430908203
496.4769592285156 292.7420654296875 548.2676086425781 292.7420654296875 548.2676086425781 325.55411529541016 496.4769592285156 325.55411529541016
495.40606689453125 292.7322082519531 547.7325325012207 292.7322082519531 547.7325325012207 327.8609313964844 495.40606689453125 327.8609313964844
495.83905029296875 294.0505065917969 549.0963668823242 294.0505065917969 549.0963668823242 328.7009925842285 495.83905029296875 328.7009925842285
496.81695556640625 294.98980712890625 550.3085441589355 294.98980712890625 550.3085441589355 330.2388000488281 496.81695556640625 330.2388000488281
496.8271484375 295.4952697753906 551.5125007629395 295.4952697753906 551.5125007629395 331.66625595092773 496.8271484375 331.66625595092773
497.357177734375 296.52398681640625 550.6050186157227 296.52398681640625 550.6050186157227 332.2237129211426 497.357177734375 332.2237129211426
496.15203857421875 297.4385070800781 552.2127914428711 297.4385070800781 552.2127914428711 333.9908218383789 496.15203857421875 333.9908218383789
496.9828186035156 300.1334533691406 552.596305847168 300.1334533691406 552.596305847168 335.9583320617676 496.9828186035156 335.9583320617676
498.8414611816406 300.224365234375 553.7657585144043 300.224365234375 553.7657585144043 335.677791595459 498.8414611816406 335.677791595459
497.1758728027344 300.65618896484375 553.9299850463867 300.65618896484375 553.9299850463867 337.6313705444336 497.1758728027344 337.6313705444336
499.38018798828125 303.11395263671875 553.7171630859375 303.11395263671875 553.7171630859375 339.6908187866211 499.38018798828125 339.6908187866211
496.44256591796875 304.0035095214844 553.1067924499512 304.0035095214844 553.1067924499512 340.26004791259766 496.44256591796875 340.26004791259766
497.2333068847656 305.20318603515625 555.1003036499023 305.20318603515625 555.1003036499023 342.24825286865234 497.2333068847656 342.24825286865234
495.3465881347656 304.5634460449219 553.8794479370117 304.5634460449219 553.8794479370117 343.6625556945801 495.3465881347656 343.6625556945801
495.0939025878906 306.45477294921875 554.5354919433594 306.45477294921875 554.5354919433594 344.730037689209 495.0939025878906 344.730037689209
495.2500915527344 306.7237854003906 553.7174797058105 306.7237854003906 553.7174797058105 346.27526473999023 495.2500915527344 346.27526473999023
495.43548583984375 308.6709289550781 553.974967956543 308.6709289550781 553.974967956543 347.0599899291992 495.43548583984375 347.0599899291992
494.84246826171875 309.27783203125 553.7820205688477 309.27783203125 553.7820205688477 349.14871978759766 494.84246826171875 349.14871978759766
495.3485412597656 310.8250427246094 555.487678527832 310.8250427246094 555.487678527832 350.17361068725586 495.3485412597656 350.17361068725586
493.5567321777344 312.21319580078125 554.5494155883789 312.21319580078125 554.5494155883789 350.5028991699219 493.5567321777344 350.5028991699219
491.38653564453125 313.3238220214844 553.6974105834961 313.3238220214844 553.6974105834961 353.62614822387695 491.38653564453125 353.62614822387695
490.6039123535156 313.24114990234375 553.100170135498 313.24114990234375 553.100170135498 354.63854217529297 490.6039123535156 354.63854217529297
490.3515625 315.295166015625 554.7539825439453 315.295166015625 554.7539825439453 356.266300201416 490.3515625 356.266300201416
489.465087890625 315.71307373046875 554.6109924316406 315.71307373046875 554.6109924316406 357.5005798339844 489.465087890625 357.5005798339844
488.84454345703125 317.4217834472656 554.9194107055664 317.4217834472656 554.9194107055664 359.4987487792969 488.84454345703125 359.4987487792969
487.2046813964844 320.1332092285156 552.8797912597656 320.1332092285156 552.8797912597656 360.1096839904785 487.2046813964844 360.1096839904785
486.5103454589844 320.358642578125 553.3078842163086 320.358642578125 553.3078842163086 362.07361602783203 486.5103454589844 362.07361602783203
484.629150390625 322.22320556640625 548.9672698974609 322.22320556640625 548.9672698974609 365.4364814758301 484.629150390625 365.4364814758301
483.529296875 322.41326904296875 551.0727996826172 322.41326904296875 551.0727996826172 366.04251861572266 483.529296875 366.04251861572266
481.14715576171875 324.4347839355469 549.3072967529297 324.4347839355469 549.3072967529297 369.5491027832031 481.14715576171875 369.5491027832031
478.50567626953125 327.00201416015625 547.185432434082 327.00201416015625 547.185432434082 370.59757232666016 478.50567626953125 370.59757232666016
479.46173095703125 327.0933532714844 549.2612838745117 327.0933532714844 549.2612838745117 371.38635635375977 479.46173095703125 371.38635635375977
477.41339111328125 327.822265625 547.7776947021484 327.822265625 547.7776947021484 373.61911392211914 477.41339111328125 373.61911392211914
474.49273681640625 329.483154296875 547.0228652954102 329.483154296875 547.0228652954102 374.5979309082031 474.49273681640625 374.5979309082031
471.94366455078125 332.6285705566406 544.6319198608398 332.6285705566406 544.6319198608398 377.66093826293945 471.94366455078125 377.66093826293945
471.1209411621094 332.2699279785156 543.7971343994141 332.2699279785156 543.7971343994141 379.3971061706543 471.1209411621094 379.3971061706543
468.40191650390625 333.37542724609375 542.8913116455078 333.37542724609375 542.8913116455078 381.295654296875 468.40191650390625 381.295654296875
466.7816467285156 334.95611572265625 539.9737243652344 334.95611572265625 539.9737243652344 382.66421127319336 466.7816467285156 382.66421127319336
464.62457275390625 336.1614685058594 538.5783004760742 336.1614685058594 538.5783004760742 382.1888122558594 464.62457275390625 382.1888122558594
460.47088623046875 338.32086181640625 536.6372222900391 338.32086181640625 536.6372222900391 385.5085678100586 460.47088623046875 385.5085678100586
459.45794677734375 340.2297058105469 537.8006210327148 340.2297058105469 537.8006210327148 386.3257751464844 459.45794677734375 386.3257751464844
455.65185546875 341.87432861328125 533.0570755004883 341.87432861328125 533.0570755004883 389.00362396240234 455.65185546875 389.00362396240234
455.49090576171875 342.3824157714844 531.5179138183594 342.3824157714844 531.5179138183594 391.48747634887695 455.49090576171875 391.48747634887695
453.4861755371094 343.74462890625 528.6957473754883 343.74462890625 528.6957473754883 392.8804359436035 453.4861755371094 392.8804359436035
449.4112854003906 346.14520263671875 526.4218215942383 346.14520263671875 526.4218215942383 395.1354560852051 449.4112854003906 395.1354560852051
444.23468017578125 346.0694580078125 523.0917205810547 346.0694580078125 523.0917205810547 398.5221252441406 444.23468017578125 398.5221252441406
442.27618408203125 350.6258544921875 521.5064315795898 350.6258544921875 521.5064315795898 400.54786682128906 442.27618408203125 400.54786682128906
439.81976318359375 350.0445251464844 520.4452438354492 350.0445251464844 520.4452438354492 402.8568344116211 439.81976318359375 402.8568344116211
436.4813537597656 350.5094299316406 517.8212127685547 350.5094299316406 517.8212127685547 404.9728317260742 436.4813537597656 404.9728317260742
429.7392578125 354.12322998046875 511.5566711425781 354.12322998046875 511.5566711425781 409.4703559875488 429.7392578125 409.4703559875488
426.68890380859375 355.73193359375 510.18617248535156 355.73193359375 510.18617248535156 410.9434585571289 426.68890380859375 410.9434585571289
428.5555725097656 356.3199462890625 511.4941940307617 356.3199462890625 511.4941940307617 412.425537109375 428.5555725097656 412.425537109375
422.08770751953125 359.2071228027344 505.8853530883789 359.2071228027344 505.8853530883789 415.8938217163086 422.08770751953125 415.8938217163086
419.7501525878906 360.289794921875 502.89737701416016 360.289794921875 502.89737701416016 416.5364990234375 419.7501525878906 416.5364990234375
415.3761291503906 363.849609375 499.66161346435547 363.849609375 499.66161346435547 420.8663139343262 415.3761291503906 420.8663139343262
410.52752685546875 365.63116455078125 495.30157470703125 365.63116455078125 495.30157470703125 422.9783706665039 410.52752685546875 422.9783706665039
409.2508239746094 367.4898986816406 494.9569549560547 367.4898986816406 494.9569549560547 425.4676322937012 409.2508239746094 425.4676322937012
404.7201232910156 368.75 491.99903106689453 368.75 491.99903106689453 426.59066009521484 404.7201232910156 426.59066009521484
398.5538330078125 370.4530944824219 487.14212799072266 370.4530944824219 487.14212799072266 430.3805160522461 398.5538330078125 430.3805160522461
392.14447021484375 374.7039794921875 482.86924743652344 374.7039794921875 482.86924743652344 434.8611831665039 392.14447021484375 434.8611831665039
385.9704284667969 376.4915466308594 477.0514831542969 376.4915466308594 477.0514831542969 435.59139251708984 385.9704284667969 435.59139251708984
384.68115234375 379.44049072265625 475.40687561035156 379.44049072265625 475.40687561035156 439.69816970825195 384.68115234375 439.69816970825195
379.3172912597656 380.10211181640625 469.4822692871094 380.10211181640625 469.4822692871094 439.88703536987305 379.3172912597656 439.88703536987305
380.3086853027344 381.84490966796875 471.1180648803711 381.84490966796875 471.1180648803711 443.27482986450195 380.3086853027344 443.27482986450195
369.9512634277344 386.4322204589844 460.5465621948242 386.4322204589844 460.5465621948242 447.7173156738281 369.9512634277344 447.7173156738281
360.82000732421875 387.7787780761719 452.00907135009766 387.7787780761719 452.00907135009766 449.4655342102051 360.82000732421875 449.4655342102051
359.7283020019531 390.8782043457031 451.61761474609375 390.8782043457031 451.61761474609375 453.03865814208984 359.7283020019531 453.03865814208984
353.5419921875 394.3848876953125 447.58170318603516 394.3848876953125 447.58170318603516 458.0000228881836 353.5419921875 458.0000228881836
350.7915954589844 395.42303466796875 444.3203582763672 395.42303466796875 444.3203582763672 457.13554763793945 350.7915954589844 457.13554763793945
345.6519775390625 395.86578369140625 438.4858169555664 395.86578369140625 438.4858169555664 458.0112075805664 345.6519775390625 458.0112075805664
347.55401611328125 397.0921936035156 441.3181915283203 397.0921936035156 441.3181915283203 458.7690010070801 347.55401611328125 458.7690010070801
335.9381408691406 397.0272521972656 426.0717086791992 397.0272521972656 426.0717086791992 458.0 335.9381408691406 458.0
342.8030700683594 399.489013671875 429.29747772216797 399.489013671875 429.29747772216797 457.9999809265137 342.8030700683594 457.9999809265137
