285.0 206.0 320.0 206.0 320.0 281.0 285.0 281.0
285.17120361328125 207.1990203857422 320.0060806274414 207.1990203857422 320.0060806274414 280.457275390625 285.17120361328125 280.457275390625
282.1897888183594 206.1547393798828 317.0558967590332 206.1547393798828 317.0558967590332 278.8004150390625 282.1897888183594 278.8004150390625
280.1755676269531 206.4145050048828 315.41351318359375 206.4145050048828 315.41351318359375 279.06536865234375 280.1755676269531 279.06536865234375
279.4561767578125 205.00634765625 314.3647651672363 205.00634765625 314.3647651672363 278.25250244140625 279.4561767578125 278.25250244140625
277.67034912109375 204.72201538085938 311.81481552124023 204.72201538085938 311.81481552124023 277.55284881591797 277.67034912109375 277.55284881591797
274.561279296875 202.5146026611328 308.6984329223633 202.5146026611328 308.6984329223633 275.6656494140625 274.561279296875 275.6656494140625
273.0021057128906 202.55184936523438 307.30872344970703 202.55184936523438 307.30872344970703 275.6071090698242 273.0021057128906 275.6071090698242
271.9654541015625 201.7998046875 306.3689193725586 201.7998046875 306.3689193725586 274.2893753051758 271.9654541015625 274.2893753051758
268.3366394042969 201.92013549804688 303.86019134521484 201.92013549804688 303.86019134521484 272.9790573120117 268.3366394042969 272.9790573120117
266.9968566894531 198.87889099121094 302.1280860900879 198.87889099121094 302.1280860900879 273.01354217529297 266.9968566894531 273.01354217529297
267.48175048828125 198.14100646972656 302.2393264770508 198.14100646972656 302.2393264770508 272.6215515136719 267.48175048828125 272.6215515136719
265.1539001464844 196.83688354492188 299.8201484680176 196.83688354492188 299.8201484680176 271.12171936035156 265.1539001464844 271.12171936035156
262.93756103515625 196.54666137695312 297.4002685546875 196.54666137695312 297.4002685546875 270.3953399658203 262.93756103515625 270.3953399658203
261.30010986328125 197.2461700439453 296.082088470459 197.2461700439453 296.082088470459 271.7790069580078 261.30010986328125 271.7790069580078
257.6659240722656 195.8719940185547 292.40355682373047 195.8719940185547 292.40355682373047 270.309814453125 257.6659240722656 270.309814453125
255.27609252929688 193.9630126953125 290.5428924560547 193.9630126953125 290.5428924560547 269.3982849121094 255.27609252929688 269.3982849121094
253.99349975585938 194.61386108398438 287.54344940185547 194.61386108398438 287.54344940185547 267.8809280395508 253.99349975585938 267.8809280395508
251.73641967773438 192.520263671875 285.74178314208984 192.520263671875 285.74178314208984 265.63208770751953 251.73641967773438 265.63208770751953
252.04043579101562 192.83287048339844 285.1324691772461 192.83287048339844 285.1324691772461 263.69483947753906 252.04043579101562 263.69483947753906
250.60287475585938 192.1624298095703 284.18468856811523 192.1624298095703 284.18468856811523 264.3994140625 250.60287475585938 264.3994140625
250.39694213867188 191.52880859375 283.8164596557617 191.52880859375 283.8164596557617 263.9789352416992 250.39694213867188 263.9789352416992
248.3031768798828 191.81439208984375 281.4483070373535 191.81439208984375 281.4483070373535 261.9332962036133 248.3031768798828 261.9332962036133
247.4235382080078 191.0215606689453 280.80501556396484 191.0215606689453 280.80501556396484 261.19156646728516 247.4235382080078 261.19156646728516
247.39926147460938 189.88504028320312 280.2602844238281 189.88504028320312 280.2602844238281 259.6640930175781 247.39926147460938 259.6640930175781
245.85452270507812 189.80026245117188 278.49869537353516 189.80026245117188 278.49869537353516 258.76500701904297 245.85452270507812 258.76500701904297
258.3780212402344 189.80783081054688 291.2145004272461 189.80783081054688 291.2145004272461 257.6591796875 258.3780212402344 257.6591796875
266.79718017578125 184.9678955078125 299.99046325683594 184.9678955078125 299.99046325683594 256.0964050292969 266.79718017578125 256.0964050292969
281.62005615234375 187.48574829101562 314.38520431518555 187.48574829101562 314.38520431518555 257.6968231201172 281.62005615234375 257.6968231201172
299.4679870605469 182.4571990966797 332.13115310668945 182.4571990966797 332.13115310668945 252.44973754882812 299.4679870605469 252.44973754882812
314.41485595703125 184.34219360351562 346.9134941101074 184.34219360351562 346.9134941101074 253.982177734375 314.41485595703125 253.982177734375
328.4999694824219 183.7163543701172 360.7007827758789 183.7163543701172 360.7007827758789 252.71814727783203 328.4999694824219 252.71814727783203
337.67706298828125 183.27490234375 370.1351203918457 183.27490234375 370.1351203918457 252.8279266357422 337.67706298828125 252.8279266357422
353.9046936035156 181.57852172851562 385.73223876953125 181.57852172851562 385.73223876953125 249.7804412841797 353.9046936035156 249.7804412841797
363.3800964355469 180.45680236816406 395.1803779602051 180.45680236816406 395.1803779602051 248.6002960205078 363.3800964355469 248.6002960205078
377.3468017578125 182.29995727539062 410.9144744873047 182.29995727539062 410.9144744873047 246.92745971679688 377.3468017578125 246.92745971679688
387.45208740234375 179.85157775878906 420.62064361572266 179.85157775878906 420.62064361572266 248.83718872070312 387.45208740234375 248.83718872070312
401.25799560546875 180.23594665527344 435.5501022338867 180.23594665527344 435.5501022338867 247.76805114746094 401.25799560546875 247.76805114746094
421.3866271972656 177.24307250976562 454.3594284057617 177.24307250976562 454.3594284057617 247.89910125732422 421.3866271972656 247.89910125732422
428.53704833984375 180.94302368164062 462.9856643676758 180.94302368164062 462.9856643676758 243.88992309570312 428.53704833984375 243.88992309570312
445.3453674316406 175.51898193359375 478.25271224975586 175.51898193359375 478.25271224975586 246.0347442626953 445.3453674316406 246.0347442626953
471.20263671875 174.20458984375 504.7252502441406 174.20458984375 504.7252502441406 243.9478530883789 471.20263671875 243.9478530883789
484.89483642578125 174.13580322265625 518.8204193115234 174.13580322265625 518.8204193115234 242.25733184814453 484.89483642578125 242.25733184814453
516.8909301757812 175.8457489013672 549.6378364562988 175.8457489013672 549.6378364562988 246.0177230834961 516.8909301757812 246.0177230834961
547.6695556640625 171.68392944335938 580.6106262207031 171.68392944335938 580.6106262207031 242.27198028564453 547.6695556640625 242.27198028564453
548.611328125 168.86611938476562 582.6784477233887 168.86611938476562 582.6784477233887 234.3944091796875 548.611328125 234.3944091796875
549.3063354492188 168.61294555664062 581.5803413391113 168.61294555664062 581.5803413391113 233.54322814941406 549.3063354492188 233.54322814941406
549.2581787109375 169.2534637451172 581.7050819396973 169.2534637451172 581.7050819396973 233.88653564453125 549.2581787109375 233.88653564453125
549.4442138671875 169.36854553222656 581.1400089263916 169.36854553222656 581.1400089263916 234.44207000732422 549.4442138671875 234.44207000732422
547.943115234375 167.16896057128906 579.4860534667969 167.16896057128906 579.4860534667969 232.09292602539062 547.943115234375 232.09292602539062
547.6995849609375 165.03619384765625 578.6674842834473 165.03619384765625 578.6674842834473 228.55403900146484 547.6995849609375 228.55403900146484
547.4588623046875 165.83004760742188 577.7659397125244 165.83004760742188 577.7659397125244 228.18762969970703 547.4588623046875 228.18762969970703
548.0826416015625 164.88687133789062 577.5065059661865 164.88687133789062 577.5065059661865 228.1482048034668 548.0826416015625 228.1482048034668
547.8423461914062 163.2097930908203 577.5545196533203 163.2097930908203 577.5545196533203 227.31594848632812 547.8423461914062 227.31594848632812
547.8026123046875 160.99302673339844 577.3534812927246 160.99302673339844 577.3534812927246 227.42218017578125 547.8026123046875 227.42218017578125
547.730712890625 161.97543334960938 577.64208984375 161.97543334960938 577.64208984375 225.5741081237793 547.730712890625 225.5741081237793
548.1442260742188 161.0864715576172 577.5013179779053 161.0864715576172 577.5013179779053 225.3530044555664 548.1442260742188 225.3530044555664
548.61181640625 160.3114471435547 578.2938899993896 160.3114471435547 578.2938899993896 225.08486938476562 548.61181640625 225.08486938476562
550.1240844726562 158.3383331298828 579.9603462219238 158.3383331298828 579.9603462219238 223.88723754882812 550.1240844726562 223.88723754882812
552.4505004882812 157.9175567626953 581.8173637390137 157.9175567626953 581.8173637390137 224.32457733154297 552.4505004882812 224.32457733154297
553.0060424804688 156.8251495361328 582.384801864624 156.8251495361328 582.384801864624 222.69247436523438 553.0060424804688 222.69247436523438
553.9721069335938 155.5954132080078 583.0456275939941 155.5954132080078 583.0456275939941 222.33100128173828 553.9721069335938 222.33100128173828
554.9801025390625 156.1953582763672 584.3739776611328 156.1953582763672 584.3739776611328 219.54025650024414 554.9801025390625 219.54025650024414
556.4474487304688 154.3070068359375 585.6505069732666 154.3070068359375 585.6505069732666 219.67837524414062 556.4474487304688 219.67837524414062
557.4094848632812 152.00535583496094 586.4560966491699 152.00535583496094 586.4560966491699 217.4125518798828 557.4094848632812 217.4125518798828
557.8575439453125 150.8465576171875 587.0356941223145 150.8465576171875 587.0356941223145 216.71398162841797 557.8575439453125 216.71398162841797
559.1912841796875 151.53733825683594 588.2608737945557 151.53733825683594 588.2608737945557 216.27779388427734 559.1912841796875 216.27779388427734
559.12109375 151.46951293945312 589.1919212341309 151.46951293945312 589.1919212341309 216.677490234375 559.12109375 216.677490234375
542.2830810546875 152.80258178710938 574.737190246582 152.80258178710938 574.737190246582 215.30493927001953 542.2830810546875 215.30493927001953
531.1300048828125 153.0493621826172 565.1133766174316 153.0493621826172 565.1133766174316 216.00075912475586 531.1300048828125 216.00075912475586
516.5381469726562 150.93319702148438 549.332145690918 150.93319702148438 549.332145690918 215.52606964111328 516.5381469726562 215.52606964111328
502.3561096191406 151.11932373046875 535.8124237060547 151.11932373046875 535.8124237060547 215.6517791748047 502.3561096191406 215.6517791748047
491.685546875 147.9014434814453 526.0625534057617 147.9014434814453 526.0625534057617 215.06287384033203 491.685546875 215.06287384033203
469.39923095703125 145.93260192871094 504.32536697387695 145.93260192871094 504.32536697387695 215.43948364257812 469.39923095703125 215.43948364257812
452.4842224121094 143.1890411376953 487.0034294128418 143.1890411376953 487.0034294128418 213.1030044555664 452.4842224121094 213.1030044555664
430.4309997558594 148.9034881591797 464.3910903930664 148.9034881591797 464.3910903930664 213.449951171875 430.4309997558594 213.449951171875
411.7518615722656 150.578857421875 444.8768310546875 150.578857421875 444.8768310546875 212.4063606262207 411.7518615722656 212.4063606262207
393.09295654296875 146.3423614501953 428.23108673095703 146.3423614501953 428.23108673095703 211.1656723022461 393.09295654296875 211.1656723022461
383.7919006347656 148.81118774414062 417.4230270385742 148.81118774414062 417.4230270385742 211.99799728393555 383.7919006347656 211.99799728393555
368.31396484375 150.63845825195312 402.99510955810547 150.63845825195312 402.99510955810547 213.53133392333984 368.31396484375 213.53133392333984
359.52001953125 149.3061065673828 392.84069061279297 149.3061065673828 392.84069061279297 212.89034271240234 359.52001953125 212.89034271240234
343.1674499511719 147.90890502929688 376.6309623718262 147.90890502929688 376.6309623718262 211.1372299194336 343.1674499511719 211.1372299194336
318.0570068359375 145.4447479248047 349.4228267669678 145.4447479248047 349.4228267669678 212.65733337402344 318.0570068359375 212.65733337402344
301.5958557128906 147.64976501464844 334.11963272094727 147.64976501464844 334.11963272094727 208.7389907836914 301.5958557128906 208.7389907836914
285.37420654296875 143.76901245117188 316.8296413421631 143.76901245117188 316.8296413421631 209.34021759033203 285.37420654296875 209.34021759033203
268.6053161621094 144.84127807617188 299.9561405181885 144.84127807617188 299.9561405181885 209.95062255859375 268.6053161621094 209.95062255859375
253.4707489013672 145.19386291503906 284.47985458374023 145.19386291503906 284.47985458374023 206.01140594482422 253.4707489013672 206.01140594482422
253.6984405517578 144.10250854492188 284.07053565979004 144.10250854492188 284.07053565979004 205.2799072265625 253.6984405517578 205.2799072265625
255.24270629882812 144.3408966064453 283.2643985748291 144.3408966064453 283.2643985748291 204.6389389038086 255.24270629882812 204.6389389038086
256.2607727050781 146.193115234375 283.2812309265137 146.193115234375 283.2812309265137 205.23797607421875 256.2607727050781 205.23797607421875
256.52490234375 143.25689697265625 283.2480163574219 143.25689697265625 283.2480163574219 204.57674026489258 256.52490234375 204.57674026489258
257.4414367675781 144.60519409179688 283.9866180419922 144.60519409179688 283.9866180419922 203.9745101928711 257.4414367675781 203.9745101928711
258.1932067871094 142.85806274414062 285.6685428619385 142.85806274414062 285.6685428619385 202.28021240234375 258.1932067871094 202.28021240234375
259.6967468261719 138.24508666992188 286.7241096496582 138.24508666992188 286.7241096496582 201.2774658203125 259.6967468261719 201.2774658203125
260.76666259765625 140.0908660888672 287.7575988769531 140.0908660888672 287.7575988769531 201.56421279907227 260.76666259765625 201.56421279907227
260.75030517578125 139.1007843017578 288.4846897125244 139.1007843017578 288.4846897125244 200.1817398071289 260.75030517578125 200.1817398071289
261.1185607910156 138.361572265625 289.56958961486816 138.361572265625 289.56958961486816 199.2136344909668 261.1185607910156 199.2136344909668
262.77490234375 140.61428833007812 289.4756565093994 140.61428833007812 289.4756565093994 199.2936897277832 262.77490234375 199.2936897277832
245.38400268554688 138.37545776367188 275.40288162231445 138.37545776367188 275.40288162231445 195.89401245117188 245.38400268554688 195.89401245117188
219.1898956298828 140.27383422851562 247.6111946105957 140.27383422851562 247.6111946105957 201.17668914794922 219.1898956298828 201.17668914794922
186.48794555664062 134.5889129638672 215.28634071350098 134.5889129638672 215.28634071350098 195.1671371459961 186.48794555664062 195.1671371459961
159.5781707763672 141.74716186523438 187.92599868774414 141.74716186523438 187.92599868774414 202.49257278442383 159.5781707763672 202.49257278442383
153.25970458984375 134.35739135742188 181.54208374023438 134.35739135742188 181.54208374023438 195.48891067504883 153.25970458984375 195.48891067504883
155.82675170898438 140.78350830078125 184.2248420715332 140.78350830078125 184.2248420715332 196.09008026123047 155.82675170898438 196.09008026123047
158.15773010253906 136.0472412109375 184.8745994567871 136.0472412109375 184.8745994567871 194.1152114868164 158.15773010253906 194.1152114868164
158.72850036621094 136.04739379882812 185.84908485412598 136.04739379882812 185.84908485412598 192.7776985168457 158.72850036621094 192.7776985168457
158.88656616210938 134.89950561523438 185.43322372436523 134.89950561523438 185.43322372436523 194.41119384765625 158.88656616210938 194.41119384765625
159.90003967285156 134.20030212402344 186.3037166595459 134.20030212402344 186.3037166595459 193.2176170349121 159.90003967285156 193.2176170349121
160.98504638671875 135.03794860839844 186.43651962280273 135.03794860839844 186.43651962280273 193.02439880371094 160.98504638671875 193.02439880371094
160.81390380859375 133.90916442871094 187.28332138061523 133.90916442871094 187.28332138061523 191.15238189697266 160.81390380859375 191.15238189697266
161.61849975585938 132.934326171875 187.8877010345459 132.934326171875 187.8877010345459 188.92423629760742 161.61849975585938 188.92423629760742
163.0435028076172 132.59188842773438 187.60426139831543 132.59188842773438 187.60426139831543 190.16531372070312 163.0435028076172 190.16531372070312
164.18218994140625 135.22784423828125 188.3110466003418 135.22784423828125 188.3110466003418 190.23481369018555 164.18218994140625 190.23481369018555
164.22520446777344 135.1702423095703 188.65990829467773 135.1702423095703 188.65990829467773 190.94049453735352 164.22520446777344 190.94049453735352
165.31924438476562 134.566162109375 189.67464637756348 134.566162109375 189.67464637756348 190.68253326416016 165.31924438476562 190.68253326416016
165.34097290039062 134.551025390625 190.6439437866211 134.551025390625 190.6439437866211 190.6900749206543 165.34097290039062 190.6900749206543
166.181396484375 133.68267822265625 191.45831108093262 133.68267822265625 191.45831108093262 189.5627212524414 166.181396484375 189.5627212524414
166.9411163330078 129.7490234375 192.35604286193848 129.7490234375 192.35604286193848 187.52138137817383 166.9411163330078 187.52138137817383
167.65695190429688 132.7501983642578 194.2546730041504 132.7501983642578 194.2546730041504 187.3170394897461 167.65695190429688 187.3170394897461
170.13095092773438 131.9518280029297 196.12571334838867 131.9518280029297 196.12571334838867 187.1606903076172 170.13095092773438 187.1606903076172
170.93362426757812 129.69094848632812 197.50192832946777 129.69094848632812 197.50192832946777 186.21160888671875 170.93362426757812 186.21160888671875
171.91482543945312 127.78517150878906 198.3925895690918 127.78517150878906 198.3925895690918 184.75545501708984 171.91482543945312 184.75545501708984
173.1927947998047 128.8186492919922 198.9233055114746 128.8186492919922 198.9233055114746 182.5054588317871 173.1927947998047 182.5054588317871
173.4974822998047 128.79232788085938 199.43398094177246 128.79232788085938 199.43398094177246 182.67218780517578 173.4974822998047 182.67218780517578
173.94712829589844 152.15640258789062 200.71079063415527 152.15640258789062 200.71079063415527 209.50717163085938 173.94712829589844 209.50717163085938
176.99752807617188 177.26016235351562 202.14342880249023 177.26016235351562 202.14342880249023 234.9687614440918 176.99752807617188 234.9687614440918
176.90054321289062 194.79757690429688 202.51102256774902 194.79757690429688 202.51102256774902 251.6889419555664 176.90054321289062 251.6889419555664
179.56289672851562 210.4602813720703 203.91598510742188 210.4602813720703 203.91598510742188 269.223575592041 179.56289672851562 269.223575592041
179.5004119873047 214.90866088867188 204.95960235595703 214.90866088867188 204.95960235595703 271.40983963012695 179.5004119873047 271.40983963012695
179.37646484375 213.428955078125 205.1822624206543 213.428955078125 205.1822624206543 270.3563346862793 179.37646484375 270.3563346862793
179.885009765625 215.2831268310547 205.29419326782227 215.2831268310547 205.29419326782227 271.83582305908203 179.885009765625 271.83582305908203
180.32760620117188 215.611572265625 205.05344009399414 215.611572265625 205.05344009399414 271.890869140625 180.32760620117188 271.890869140625
180.36526489257812 217.7076416015625 204.6978702545166 217.7076416015625 204.6978702545166 271.9240837097168 180.36526489257812 271.9240837097168
180.76284790039062 216.5285186767578 206.26884651184082 216.5285186767578 206.26884651184082 270.0019073486328 180.76284790039062 270.0019073486328
181.95761108398438 213.3218231201172 207.90045166015625 213.3218231201172 207.90045166015625 269.3214454650879 181.95761108398438 269.3214454650879
182.9285430908203 214.6058349609375 208.86989784240723 214.6058349609375 208.86989784240723 269.11144256591797 182.9285430908203 269.11144256591797
183.03854370117188 213.1585235595703 209.14311599731445 213.1585235595703 209.14311599731445 268.6836471557617 183.03854370117188 268.6836471557617
185.4332733154297 212.0298309326172 211.2672576904297 212.0298309326172 211.2672576904297 267.66849517822266 185.4332733154297 267.66849517822266
186.57273864746094 212.3079071044922 212.82810020446777 212.3079071044922 212.82810020446777 266.94125747680664 186.57273864746094 266.94125747680664
188.57809448242188 212.5293731689453 214.99848556518555 212.5293731689453 214.99848556518555 267.5901412963867 188.57809448242188 267.5901412963867
190.33792114257812 211.6937713623047 216.36706924438477 211.6937713623047 216.36706924438477 265.1512680053711 190.33792114257812 265.1512680053711
192.31089782714844 212.633544921875 217.59775924682617 212.633544921875 217.59775924682617 265.04949951171875 192.31089782714844 265.04949951171875
195.03280639648438 214.57839965820312 218.70269393920898 214.57839965820312 218.70269393920898 262.7842903137207 195.03280639648438 262.7842903137207
196.19041442871094 212.20339965820312 220.67119789123535 212.20339965820312 220.67119789123535 263.5634536743164 196.19041442871094 263.5634536743164
198.29002380371094 213.1866912841797 223.2372703552246 213.1866912841797 223.2372703552246 262.9159851074219 198.29002380371094 262.9159851074219
199.81884765625 213.6525115966797 225.39675331115723 213.6525115966797 225.39675331115723 262.5808296203613 199.81884765625 262.5808296203613
