313.0 107.0 333.0 107.0 333.0 158.0 313.0 158.0
316.12774658203125 108.16990661621094 335.3365058898926 108.16990661621094 335.3365058898926 159.0460433959961 316.12774658203125 159.0460433959961
317.492919921875 107.87406158447266 336.59187507629395 107.87406158447266 336.59187507629395 159.86731719970703 317.492919921875 159.86731719970703
319.40570068359375 108.7403335571289 339.6410942077637 108.7403335571289 339.6410942077637 160.34059524536133 319.40570068359375 160.34059524536133
320.30609130859375 108.43858337402344 340.95001792907715 108.43858337402344 340.95001792907715 161.8223114013672 320.30609130859375 161.8223114013672
322.2325439453125 108.42799377441406 342.53113174438477 108.42799377441406 342.53113174438477 160.94287490844727 322.2325439453125 160.94287490844727
324.73419189453125 108.11109924316406 345.3378963470459 108.11109924316406 345.3378963470459 162.26681900024414 324.73419189453125 162.26681900024414
326.97625732421875 108.5118637084961 347.2296257019043 108.5118637084961 347.2296257019043 161.7877655029297 326.97625732421875 161.7877655029297
328.3207092285156 110.27310943603516 348.94165992736816 110.27310943603516 348.94165992736816 161.97598266601562 328.3207092285156 161.97598266601562
333.13995361328125 110.71171569824219 353.9722480773926 110.71171569824219 353.9722480773926 163.54269790649414 333.13995361328125 163.54269790649414
334.2729797363281 111.20451354980469 354.1129398345947 111.20451354980469 354.1129398345947 163.3992042541504 334.2729797363281 163.3992042541504
334.90057373046875 112.03385162353516 356.0412769317627 112.03385162353516 356.0412769317627 166.66560745239258 334.90057373046875 166.66560745239258
336.2606201171875 111.8121566772461 357.5119514465332 111.8121566772461 357.5119514465332 166.96844482421875 336.2606201171875 166.96844482421875
337.24066162109375 122.25789642333984 357.9664993286133 122.25789642333984 357.9664993286133 179.28716278076172 337.24066162109375 179.28716278076172
338.2198791503906 125.63277435302734 358.36994552612305 125.63277435302734 358.36994552612305 183.96226501464844 338.2198791503906 183.96226501464844
338.3414611816406 126.78813171386719 359.5138339996338 126.78813171386719 359.5138339996338 183.47750091552734 338.3414611816406 183.47750091552734
338.4791259765625 126.02433776855469 359.2214107513428 126.02433776855469 359.2214107513428 180.91802215576172 338.4791259765625 180.91802215576172
338.611328125 126.37681579589844 360.01382064819336 126.37681579589844 360.01382064819336 183.68465423583984 338.611328125 183.68465423583984
338.7269592285156 126.48173522949219 360.1756248474121 126.48173522949219 360.1756248474121 182.72533798217773 338.7269592285156 182.72533798217773
339.47393798828125 125.7550048828125 360.5192623138428 125.7550048828125 360.5192623138428 182.33913040161133 339.47393798828125 182.33913040161133
339.68304443359375 125.96324157714844 360.67611503601074 125.96324157714844 360.67611503601074 183.29461288452148 339.68304443359375 183.29461288452148
340.38409423828125 126.80899810791016 361.32068824768066 126.80899810791016 361.32068824768066 184.66631698608398 340.38409423828125 184.66631698608398
341.1135559082031 129.8479461669922 362.1808109283447 129.8479461669922 362.1808109283447 187.6318130493164 341.1135559082031 187.6318130493164
342.136474609375 140.46517944335938 363.2377395629883 140.46517944335938 363.2377395629883 199.55387115478516 342.136474609375 199.55387115478516
342.1822814941406 143.23989868164062 364.02940368652344 143.23989868164062 364.02940368652344 201.4348258972168 342.1822814941406 201.4348258972168
343.30950927734375 144.41845703125 365.13897132873535 144.41845703125 365.13897132873535 201.7035140991211 343.30950927734375 201.7035140991211
344.2657165527344 144.31411743164062 365.4275608062744 144.31411743164062 365.4275608062744 202.00784301757812 344.2657165527344 202.00784301757812
344.6573791503906 144.7352294921875 366.3709373474121 144.7352294921875 366.3709373474121 201.47755813598633 344.6573791503906 201.47755813598633
344.6507873535156 144.6138916015625 367.56096267700195 144.6138916015625 367.56096267700195 202.37560272216797 344.6507873535156 202.37560272216797
344.9266357421875 144.72486877441406 368.7988700866699 144.72486877441406 368.7988700866699 203.7459373474121 344.9266357421875 203.7459373474121
345.8878479003906 145.57022094726562 368.9237117767334 145.57022094726562 368.9237117767334 203.7931137084961 345.8878479003906 203.7931137084961
346.93609619140625 146.1414337158203 370.0605068206787 146.1414337158203 370.0605068206787 204.46653747558594 346.93609619140625 204.46653747558594
347.81939697265625 148.18899536132812 371.5018653869629 148.18899536132812 371.5018653869629 204.52556228637695 347.81939697265625 204.52556228637695
348.474609375 147.55372619628906 372.40481185913086 147.55372619628906 372.40481185913086 206.20359802246094 348.474609375 206.20359802246094
349.0276184082031 145.9367218017578 372.0638179779053 145.9367218017578 372.0638179779053 204.91275787353516 349.0276184082031 204.91275787353516
349.1886291503906 145.6260986328125 372.817569732666 145.6260986328125 372.817569732666 205.3383674621582 349.1886291503906 205.3383674621582
350.09197998046875 146.16928100585938 373.0455799102783 146.16928100585938 373.0455799102783 205.17999267578125 350.09197998046875 205.17999267578125
350.34783935546875 147.40206909179688 373.8603935241699 147.40206909179688 373.8603935241699 203.4524040222168 350.34783935546875 203.4524040222168
351.39892578125 146.44979858398438 375.483362197876 146.44979858398438 375.483362197876 205.19522094726562 351.39892578125 205.19522094726562
351.95941162109375 146.1275634765625 376.3082752227783 146.1275634765625 376.3082752227783 207.25007247924805 351.95941162109375 207.25007247924805
353.2234191894531 146.53164672851562 377.7110900878906 146.53164672851562 377.7110900878906 206.44846725463867 353.2234191894531 206.44846725463867
352.76861572265625 148.7243194580078 377.5869655609131 148.7243194580078 377.5869655609131 206.81484603881836 352.76861572265625 206.81484603881836
355.3311767578125 147.66639709472656 379.47729682922363 147.66639709472656 379.47729682922363 208.19213485717773 355.3311767578125 208.19213485717773
355.66986083984375 149.4820556640625 380.29067611694336 149.4820556640625 380.29067611694336 206.2200698852539 355.66986083984375 206.2200698852539
355.97039794921875 144.4425506591797 380.52606773376465 144.4425506591797 380.52606773376465 206.48633193969727 355.97039794921875 206.48633193969727
356.3130798339844 147.78781127929688 381.3289108276367 147.78781127929688 381.3289108276367 208.04674530029297 356.3130798339844 208.04674530029297
357.07525634765625 148.31344604492188 380.8428325653076 148.31344604492188 380.8428325653076 208.63485717773438 357.07525634765625 208.63485717773438
357.4721374511719 149.0305633544922 381.2657413482666 149.0305633544922 381.2657413482666 209.12606048583984 357.4721374511719 209.12606048583984
357.7697448730469 150.744384765625 380.8314037322998 150.744384765625 380.8314037322998 209.29749298095703 357.7697448730469 209.29749298095703
358.4227600097656 149.40469360351562 382.7519779205322 149.40469360351562 382.7519779205322 210.1485824584961 358.4227600097656 210.1485824584961
359.50445556640625 149.76092529296875 384.00867652893066 149.76092529296875 384.00867652893066 210.89958572387695 359.50445556640625 210.89958572387695
359.311279296875 152.9558868408203 385.3951988220215 152.9558868408203 385.3951988220215 208.91837310791016 359.311279296875 208.91837310791016
361.33172607421875 151.93295288085938 386.06091690063477 151.93295288085938 386.06091690063477 212.14434814453125 361.33172607421875 212.14434814453125
362.5623474121094 150.18527221679688 386.97357177734375 150.18527221679688 386.97357177734375 211.04409790039062 362.5623474121094 211.04409790039062
361.7164611816406 150.16632080078125 386.76440048217773 150.16632080078125 386.76440048217773 210.64690399169922 361.7164611816406 210.64690399169922
362.895263671875 150.2631378173828 387.6783618927002 150.2631378173828 387.6783618927002 211.12923431396484 362.895263671875 211.12923431396484
364.0908203125 150.2980499267578 389.0294437408447 150.2980499267578 389.0294437408447 210.45019149780273 364.0908203125 210.45019149780273
365.24017333984375 150.1246795654297 390.6557960510254 150.1246795654297 390.6557960510254 212.2261505126953 365.24017333984375 212.2261505126953
368.79205322265625 152.14170837402344 394.37881660461426 152.14170837402344 394.37881660461426 215.11530303955078 368.79205322265625 215.11530303955078
371.0230712890625 152.6298065185547 395.9239749908447 152.6298065185547 395.9239749908447 216.12709045410156 371.0230712890625 216.12709045410156
371.46942138671875 152.3370819091797 396.36075019836426 152.3370819091797 396.36075019836426 215.02259826660156 371.46942138671875 215.02259826660156
371.785400390625 152.64291381835938 396.45733070373535 152.64291381835938 396.45733070373535 214.62376022338867 371.785400390625 214.62376022338867
371.9095153808594 153.6715850830078 396.53637313842773 153.6715850830078 396.53637313842773 213.95541763305664 371.9095153808594 213.95541763305664
372.74066162109375 153.98995971679688 397.7969722747803 153.98995971679688 397.7969722747803 213.77780151367188 372.74066162109375 213.77780151367188
373.27154541015625 155.4556884765625 398.998987197876 155.4556884765625 398.998987197876 214.66987228393555 373.27154541015625 214.66987228393555
375.330322265625 152.73135375976562 400.44956398010254 152.73135375976562 400.44956398010254 216.78538513183594 375.330322265625 216.78538513183594
376.43109130859375 152.27207946777344 402.2172451019287 152.27207946777344 402.2172451019287 215.7459487915039 376.43109130859375 215.7459487915039
376.8706359863281 152.36947631835938 402.7577362060547 152.36947631835938 402.7577362060547 218.3815460205078 376.8706359863281 218.3815460205078
377.593017578125 154.2933349609375 403.917932510376 154.2933349609375 403.917932510376 218.36754608154297 377.593017578125 218.36754608154297
378.1258850097656 155.53236389160156 404.5756645202637 155.53236389160156 404.5756645202637 218.5282974243164 378.1258850097656 218.5282974243164
378.17626953125 155.9910430908203 405.1417636871338 155.9910430908203 405.1417636871338 219.32554626464844 378.17626953125 219.32554626464844
379.0166931152344 155.9891357421875 405.74314308166504 155.9891357421875 405.74314308166504 219.05970001220703 379.0166931152344 219.05970001220703
379.17535400390625 153.00454711914062 405.235897064209 153.00454711914062 405.235897064209 219.45891571044922 379.17535400390625 219.45891571044922
380.1019287109375 155.1463623046875 406.6627254486084 155.1463623046875 406.6627254486084 220.01428985595703 380.1019287109375 220.01428985595703
379.8789978027344 155.95834350585938 408.10435485839844 155.95834350585938 408.10435485839844 218.63213348388672 379.8789978027344 218.63213348388672
381.53607177734375 155.537353515625 410.07359886169434 155.537353515625 410.07359886169434 219.85125732421875 381.53607177734375 219.85125732421875
383.34600830078125 152.9099884033203 410.2971382141113 152.9099884033203 410.2971382141113 221.6353530883789 383.34600830078125 221.6353530883789
383.3041076660156 154.5598602294922 410.2894802093506 154.5598602294922 410.2894802093506 223.37254333496094 383.3041076660156 223.37254333496094
384.285888671875 153.7019500732422 411.71013259887695 153.7019500732422 411.71013259887695 220.48139190673828 384.285888671875 220.48139190673828
383.3048400878906 159.15725708007812 412.30766677856445 159.15725708007812 412.30766677856445 219.84941864013672 383.3048400878906 219.84941864013672
384.9434509277344 156.92575073242188 413.5977382659912 156.92575073242188 413.5977382659912 219.85721588134766 384.9434509277344 219.85721588134766
385.8196716308594 157.7164306640625 414.0996952056885 157.7164306640625 414.0996952056885 222.42974853515625 385.8196716308594 222.42974853515625
387.46514892578125 155.19126892089844 414.34186363220215 155.19126892089844 414.34186363220215 223.7268829345703 387.46514892578125 223.7268829345703
386.4806213378906 157.33961486816406 414.151086807251 157.33961486816406 414.151086807251 222.72942352294922 386.4806213378906 222.72942352294922
387.05072021484375 158.54983520507812 414.8936004638672 158.54983520507812 414.8936004638672 221.99913787841797 387.05072021484375 221.99913787841797
387.21649169921875 159.6497802734375 414.5167942047119 159.6497802734375 414.5167942047119 223.53558349609375 387.21649169921875 223.53558349609375
387.83050537109375 160.39907836914062 414.7633476257324 160.39907836914062 414.7633476257324 223.671875 387.83050537109375 223.671875
389.4455871582031 157.6716766357422 416.13011741638184 157.6716766357422 416.13011741638184 224.70171356201172 389.4455871582031 224.70171356201172
390.4646301269531 156.41268920898438 417.1863670349121 156.41268920898438 417.1863670349121 224.55310821533203 390.4646301269531 224.55310821533203
391.06024169921875 156.21640014648438 417.5660591125488 156.21640014648438 417.5660591125488 223.80622100830078 391.06024169921875 223.80622100830078
391.6390686035156 157.1842803955078 418.5282897949219 157.1842803955078 418.5282897949219 225.75177764892578 391.6390686035156 225.75177764892578
391.3414306640625 159.27987670898438 418.09169578552246 159.27987670898438 418.09169578552246 227.49303436279297 391.3414306640625 227.49303436279297
391.4502258300781 158.2425994873047 418.3079948425293 158.2425994873047 418.3079948425293 226.72989654541016 391.4502258300781 226.72989654541016
391.32489013671875 160.32850646972656 417.85693740844727 160.32850646972656 417.85693740844727 227.9852066040039 391.32489013671875 227.9852066040039
391.79522705078125 159.6597442626953 418.4209041595459 159.6597442626953 418.4209041595459 227.55520629882812 391.79522705078125 227.55520629882812
393.1553649902344 158.3065185546875 419.5289707183838 158.3065185546875 419.5289707183838 225.5592041015625 393.1553649902344 225.5592041015625
393.28717041015625 160.9280548095703 419.63376808166504 160.9280548095703 419.63376808166504 228.11186981201172 393.28717041015625 228.11186981201172
394.2696533203125 159.98587036132812 420.54600524902344 159.98587036132812 420.54600524902344 226.9905548095703 394.2696533203125 226.9905548095703
394.4385681152344 160.7035369873047 421.4779300689697 160.7035369873047 421.4779300689697 229.65389251708984 394.4385681152344 229.65389251708984
393.79437255859375 158.93502807617188 421.3190002441406 158.93502807617188 421.3190002441406 229.12281799316406 393.79437255859375 229.12281799316406
394.3633117675781 158.97640991210938 421.9361515045166 158.97640991210938 421.9361515045166 229.28713989257812 394.3633117675781 229.28713989257812
394.70880126953125 158.3572235107422 421.8634452819824 158.3572235107422 421.8634452819824 227.60155487060547 394.70880126953125 227.60155487060547
395.9294128417969 160.72201538085938 422.6304359436035 160.72201538085938 422.6304359436035 228.8096160888672 395.9294128417969 228.8096160888672
395.29718017578125 159.88949584960938 422.1990718841553 159.88949584960938 422.1990718841553 228.4893035888672 395.29718017578125 228.4893035888672
396.2174987792969 160.40298461914062 423.4409065246582 160.40298461914062 423.4409065246582 229.82264709472656 396.2174987792969 229.82264709472656
396.73626708984375 161.10659790039062 424.5540008544922 161.10659790039062 424.5540008544922 232.0417938232422 396.73626708984375 232.0417938232422
396.4744567871094 162.31007385253906 424.94946670532227 162.31007385253906 424.94946670532227 234.92131805419922 396.4744567871094 234.92131805419922
396.2197265625 159.5619354248047 424.4059638977051 159.5619354248047 424.4059638977051 231.4368133544922 396.2197265625 231.4368133544922
398.17901611328125 161.44412231445312 426.370361328125 161.44412231445312 426.370361328125 233.33202362060547 398.17901611328125 233.33202362060547
399.62164306640625 161.98403930664062 427.6787528991699 161.98403930664062 427.6787528991699 233.52964782714844 399.62164306640625 233.52964782714844
400.55694580078125 162.059814453125 429.03679275512695 162.059814453125 429.03679275512695 234.6833953857422 400.55694580078125 234.6833953857422
402.58544921875 161.92623901367188 430.74121475219727 161.92623901367188 430.74121475219727 233.7234115600586 402.58544921875 233.7234115600586
402.4165344238281 163.7852325439453 431.04461669921875 163.7852325439453 431.04461669921875 236.7868194580078 402.4165344238281 236.7868194580078
403.4427490234375 164.86764526367188 432.6747932434082 164.86764526367188 432.6747932434082 239.40933227539062 403.4427490234375 239.40933227539062
403.4559020996094 165.0350341796875 433.1176815032959 165.0350341796875 433.1176815032959 240.67254638671875 403.4559020996094 240.67254638671875
404.4547119140625 166.23526000976562 433.7602596282959 166.23526000976562 433.7602596282959 240.96437072753906 404.4547119140625 240.96437072753906
405.6431884765625 167.34732055664062 434.94874572753906 167.34732055664062 434.94874572753906 242.0764617919922 405.6431884765625 242.0764617919922
409.5634460449219 166.2305450439453 439.0336666107178 166.2305450439453 439.0336666107178 241.37957763671875 409.5634460449219 241.37957763671875
412.8396911621094 165.1145782470703 441.9304618835449 165.1145782470703 441.9304618835449 239.29601287841797 412.8396911621094 239.29601287841797
414.408447265625 166.17254638671875 443.55755043029785 166.17254638671875 443.55755043029785 240.5027313232422 414.408447265625 240.5027313232422
417.60693359375 168.7982177734375 447.01352882385254 168.7982177734375 447.01352882385254 243.7850112915039 417.60693359375 243.7850112915039
421.4369201660156 167.3598175048828 450.4818172454834 167.3598175048828 450.4818172454834 241.4242706298828 421.4369201660156 241.4242706298828
423.52703857421875 164.5863800048828 452.35096740722656 164.5863800048828 452.35096740722656 238.08737182617188 423.52703857421875 238.08737182617188
426.78277587890625 170.15029907226562 456.2544708251953 170.15029907226562 456.2544708251953 245.30309295654297 426.78277587890625 245.30309295654297
430.9180603027344 169.9543914794922 460.4492835998535 169.9543914794922 460.4492835998535 245.25897216796875 430.9180603027344 245.25897216796875
434.3348693847656 168.4109344482422 464.0917549133301 168.4109344482422 464.0917549133301 244.29095458984375 434.3348693847656 244.29095458984375
437.5061950683594 168.57225036621094 467.6330051422119 168.57225036621094 467.6330051422119 245.39557647705078 437.5061950683594 245.39557647705078
439.738037109375 172.10922241210938 470.2117004394531 172.10922241210938 470.2117004394531 249.81702423095703 439.738037109375 249.81702423095703
444.2157287597656 171.14732360839844 474.08628273010254 171.14732360839844 474.08628273010254 247.31719970703125 444.2157287597656 247.31719970703125
446.9710998535156 167.6912384033203 477.2397575378418 167.6912384033203 477.2397575378418 244.87628173828125 446.9710998535156 244.87628173828125
451.24322509765625 173.246826171875 484.2674217224121 173.246826171875 484.2674217224121 240.24755859375 451.24322509765625 240.24755859375
459.1338806152344 175.1468505859375 491.46873474121094 175.1468505859375 491.46873474121094 240.1630401611328 459.1338806152344 240.1630401611328
464.20172119140625 174.11538696289062 494.8175849914551 174.11538696289062 494.8175849914551 248.2941131591797 464.20172119140625 248.2941131591797
468.72161865234375 173.38294982910156 498.6298427581787 173.38294982910156 498.6298427581787 249.64888763427734 468.72161865234375 249.64888763427734
474.05224609375 176.53549194335938 504.8914737701416 176.53549194335938 504.8914737701416 255.1754913330078 474.05224609375 255.1754913330078
478.86444091796875 175.4562225341797 510.2667655944824 175.4562225341797 510.2667655944824 255.53211975097656 478.86444091796875 255.53211975097656
482.8882751464844 174.49127197265625 514.3063011169434 174.49127197265625 514.3063011169434 254.60721588134766 482.8882751464844 254.60721588134766
485.43255615234375 176.62521362304688 519.6972885131836 176.62521362304688 519.6972885131836 246.0219268798828 485.43255615234375 246.0219268798828
487.13751220703125 176.95957946777344 519.9100723266602 176.95957946777344 519.9100723266602 244.04513549804688 487.13751220703125 244.04513549804688
489.35479736328125 176.47373962402344 522.6487579345703 176.47373962402344 522.6487579345703 244.9923324584961 489.35479736328125 244.9923324584961
481.18792724609375 175.62997436523438 514.9216041564941 175.62997436523438 514.9216041564941 242.12498474121094 481.18792724609375 242.12498474121094
468.7802734375 176.2620391845703 502.64897537231445 176.2620391845703 502.64897537231445 250.48594665527344 468.7802734375 250.48594665527344
458.2811584472656 179.4430694580078 492.2095260620117 179.4430694580078 492.2095260620117 254.9700927734375 458.2811584472656 254.9700927734375
454.1468811035156 184.20289611816406 487.48838806152344 184.20289611816406 487.48838806152344 255.37657928466797 454.1468811035156 255.37657928466797
458.5563049316406 183.3376922607422 493.7411193847656 183.3376922607422 493.7411193847656 253.9726791381836 458.5563049316406 253.9726791381836
465.5400390625 183.29234313964844 499.7623825073242 183.29234313964844 499.7623825073242 257.33531951904297 465.5400390625 257.33531951904297
472.502685546875 181.84487915039062 502.6199436187744 181.84487915039062 502.6199436187744 253.681396484375 472.502685546875 253.681396484375
474.97589111328125 180.4762725830078 507.27307891845703 180.4762725830078 507.27307891845703 251.0648956298828 474.97589111328125 251.0648956298828
471.9503479003906 185.1918182373047 503.9970397949219 185.1918182373047 503.9970397949219 252.4565887451172 471.9503479003906 252.4565887451172
462.72796630859375 178.08399963378906 493.01123428344727 178.08399963378906 493.01123428344727 255.30632781982422 462.72796630859375 255.30632781982422
450.93560791015625 180.3005828857422 481.2308101654053 180.3005828857422 481.2308101654053 257.5533447265625 450.93560791015625 257.5533447265625
448.16046142578125 184.8276824951172 481.4427185058594 184.8276824951172 481.4427185058594 255.52608489990234 448.16046142578125 255.52608489990234
456.03106689453125 180.54385375976562 487.67426681518555 180.54385375976562 487.67426681518555 253.32740783691406 456.03106689453125 253.32740783691406
465.17218017578125 175.0666961669922 495.21912002563477 175.0666961669922 495.21912002563477 251.68638610839844 465.17218017578125 251.68638610839844
470.3572692871094 178.7318115234375 502.93363189697266 178.7318115234375 502.93363189697266 248.11026000976562 470.3572692871094 248.11026000976562
477.0694274902344 178.2268524169922 509.71213150024414 178.2268524169922 509.71213150024414 242.49375915527344 477.0694274902344 242.49375915527344
488.02020263671875 174.28207397460938 516.6050968170166 174.28207397460938 516.6050968170166 247.1735610961914 488.02020263671875 247.1735610961914
493.6241760253906 176.3046417236328 521.7660121917725 176.3046417236328 521.7660121917725 248.0663299560547 493.6241760253906 248.0663299560547
500.62969970703125 174.72604370117188 528.7247924804688 174.72604370117188 528.7247924804688 246.36853790283203 500.62969970703125 246.36853790283203
505.2821350097656 171.6156005859375 532.5397853851318 171.6156005859375 532.5397853851318 241.12261962890625 505.2821350097656 241.12261962890625
510.04156494140625 175.61178588867188 537.1929683685303 175.61178588867188 537.1929683685303 244.8478775024414 510.04156494140625 244.8478775024414
513.354248046875 178.96109008789062 544.0352268218994 178.96109008789062 544.0352268218994 237.02860260009766 513.354248046875 237.02860260009766
520.9854736328125 175.84078979492188 547.810733795166 175.84078979492188 547.810733795166 240.2936019897461 520.9854736328125 240.2936019897461
528.3241577148438 174.49948120117188 553.7801704406738 174.49948120117188 553.7801704406738 239.4123306274414 528.3241577148438 239.4123306274414
536.4732666015625 173.42929077148438 561.2154541015625 173.42929077148438 561.2154541015625 236.52188873291016 536.4732666015625 236.52188873291016
546.6443481445312 176.58705139160156 570.8737525939941 176.58705139160156 570.8737525939941 238.37206268310547 546.6443481445312 238.37206268310547
549.593994140625 180.25074768066406 577.6367740631104 180.25074768066406 577.6367740631104 229.43564224243164 549.593994140625 229.43564224243164
556.1070556640625 180.27455139160156 583.5040245056152 180.27455139160156 583.5040245056152 229.5334129333496 556.1070556640625 229.5334129333496
562.4284057617188 178.71951293945312 587.5577411651611 178.71951293945312 587.5577411651611 235.73096466064453 562.4284057617188 235.73096466064453
570.7627563476562 179.7530517578125 594.2086200714111 179.7530517578125 594.2086200714111 239.54003143310547 570.7627563476562 239.54003143310547
572.3182373046875 178.76539611816406 596.1265773773193 178.76539611816406 596.1265773773193 239.47669219970703 572.3182373046875 239.47669219970703
576.3244018554688 178.97000122070312 601.138952255249 178.97000122070312 601.138952255249 238.44298553466797 576.3244018554688 238.44298553466797
583.4044189453125 178.0392608642578 608.3693428039551 178.0392608642578 608.3693428039551 238.94982147216797 583.4044189453125 238.94982147216797
587.466796875 177.91390991210938 611.9727039337158 177.91390991210938 611.9727039337158 240.40401077270508 587.466796875 240.40401077270508
591.5068359375 177.9351348876953 615.8465938568115 177.9351348876953 615.8465938568115 240.0015525817871 591.5068359375 240.0015525817871
599.685546875 177.24742126464844 623.6085395812988 177.24742126464844 623.6085395812988 238.25109100341797 599.685546875 238.25109100341797
605.1258544921875 177.53842163085938 628.9999656677246 177.53842163085938 628.9999656677246 238.41744232177734 605.1258544921875 238.41744232177734
