435.0 127.0 450.0 127.0 450.0 165.0 435.0 165.0
434.667724609375 134.01953125 449.5128049850464 134.01953125 449.5128049850464 171.44944381713867 434.667724609375 171.44944381713867
434.28753662109375 139.00454711914062 448.7818555831909 139.00454711914062 448.7818555831909 174.9857406616211 434.28753662109375 174.9857406616211
435.21014404296875 148.13401794433594 449.81036853790283 148.13401794433594 449.81036853790283 182.7146224975586 435.21014404296875 182.7146224975586
434.6040954589844 151.9588165283203 449.9358081817627 151.9588165283203 449.9358081817627 186.9319190979004 434.6040954589844 186.9319190979004
433.80865478515625 153.33619689941406 448.3124542236328 153.33619689941406 448.3124542236328 190.81068801879883 433.80865478515625 190.81068801879883
434.0501403808594 147.1846466064453 449.3740005493164 147.1846466064453 449.3740005493164 185.2791748046875 434.0501403808594 185.2791748046875
432.6466369628906 142.7571563720703 448.21320629119873 142.7571563720703 448.21320629119873 182.19246292114258 432.6466369628906 182.19246292114258
431.83905029296875 139.0374298095703 447.43672466278076 139.0374298095703 447.43672466278076 178.8475112915039 431.83905029296875 178.8475112915039
430.7877502441406 137.88833618164062 446.993953704834 137.88833618164062 446.993953704834 177.7090835571289 430.7877502441406 177.7090835571289
429.57586669921875 135.66192626953125 446.0009517669678 135.66192626953125 446.0009517669678 174.12763595581055 429.57586669921875 174.12763595581055
430.1485290527344 130.13442993164062 446.182559967041 130.13442993164062 446.182559967041 170.40288543701172 430.1485290527344 170.40288543701172
429.0096130371094 127.75445556640625 444.8693313598633 127.75445556640625 444.8693313598633 166.6664810180664 429.0096130371094 166.6664810180664
428.4667053222656 122.41597747802734 444.9466381072998 122.41597747802734 444.9466381072998 162.36883544921875 428.4667053222656 162.36883544921875
428.23980712890625 117.86012268066406 444.46430015563965 117.86012268066406 444.46430015563965 159.15914154052734 428.23980712890625 159.15914154052734
426.5057678222656 122.48225402832031 442.70539474487305 122.48225402832031 442.70539474487305 162.16073989868164 426.5057678222656 162.16073989868164
426.06817626953125 127.79756927490234 441.63322162628174 127.79756927490234 441.63322162628174 168.52423095703125 426.06817626953125 168.52423095703125
421.58526611328125 133.04685974121094 439.13520431518555 133.04685974121094 439.13520431518555 172.79722213745117 421.58526611328125 172.79722213745117
423.58477783203125 138.49661254882812 440.43028831481934 138.49661254882812 440.43028831481934 178.50696182250977 423.58477783203125 178.50696182250977
424.42840576171875 142.222900390625 440.42090797424316 142.222900390625 440.42090797424316 184.36169052124023 424.42840576171875 184.36169052124023
423.95068359375 149.6024627685547 439.37873554229736 149.6024627685547 439.37873554229736 190.2380599975586 423.95068359375 190.2380599975586
421.9891052246094 154.8812713623047 438.6649589538574 154.8812713623047 438.6649589538574 197.12675094604492 421.9891052246094 197.12675094604492
421.94158935546875 160.46484375 437.2318239212036 160.46484375 437.2318239212036 202.56061172485352 421.94158935546875 202.56061172485352
419.137939453125 168.6196746826172 434.9323101043701 168.6196746826172 434.9323101043701 208.09343338012695 419.137939453125 208.09343338012695
416.3780212402344 171.53555297851562 433.1245880126953 171.53555297851562 433.1245880126953 213.47610473632812 416.3780212402344 213.47610473632812
414.7435607910156 173.2157745361328 430.63483905792236 173.2157745361328 430.63483905792236 213.02388763427734 414.7435607910156 213.02388763427734
411.1868591308594 172.04830932617188 428.410120010376 172.04830932617188 428.410120010376 212.49317169189453 411.1868591308594 212.49317169189453
409.49176025390625 172.8218536376953 426.31540298461914 172.8218536376953 426.31540298461914 212.8402976989746 409.49176025390625 212.8402976989746
407.21527099609375 172.70765686035156 423.6375617980957 172.70765686035156 423.6375617980957 214.07540130615234 407.21527099609375 214.07540130615234
405.7901306152344 176.649169921875 422.622371673584 176.649169921875 422.622371673584 214.54708099365234 405.7901306152344 214.54708099365234
402.500732421875 179.31777954101562 417.9144010543823 179.31777954101562 417.9144010543823 215.79899215698242 402.500732421875 215.79899215698242
399.5698547363281 176.98370361328125 415.7979145050049 176.98370361328125 415.7979145050049 215.6556282043457 399.5698547363281 215.6556282043457
396.534423828125 178.32620239257812 412.07086753845215 178.32620239257812 412.07086753845215 215.81338500976562 396.534423828125 215.81338500976562
392.43865966796875 177.37130737304688 409.10845375061035 177.37130737304688 409.10845375061035 217.76617431640625 392.43865966796875 217.76617431640625
391.1827697753906 176.89297485351562 407.48808670043945 176.89297485351562 407.48808670043945 218.19976806640625 391.1827697753906 218.19976806640625
387.1930236816406 180.52658081054688 402.975830078125 180.52658081054688 402.975830078125 219.10045623779297 387.1930236816406 219.10045623779297
384.15899658203125 181.37161254882812 400.31601333618164 181.37161254882812 400.31601333618164 219.90071868896484 384.15899658203125 219.90071868896484
381.30560302734375 181.0519561767578 397.46072006225586 181.0519561767578 397.46072006225586 219.8685646057129 381.30560302734375 219.8685646057129
379.29522705078125 182.43606567382812 394.86241912841797 182.43606567382812 394.86241912841797 221.13530731201172 379.29522705078125 221.13530731201172
375.6930236816406 181.30674743652344 392.22511863708496 181.30674743652344 392.22511863708496 221.71534729003906 375.6930236816406 221.71534729003906
374.00543212890625 182.02748107910156 390.47275733947754 182.02748107910156 390.47275733947754 222.0893783569336 374.00543212890625 222.0893783569336
369.19586181640625 181.06744384765625 385.8538398742676 181.06744384765625 385.8538398742676 222.4720230102539 369.19586181640625 222.4720230102539
366.48040771484375 183.34695434570312 383.28478622436523 183.34695434570312 383.28478622436523 223.6857795715332 366.48040771484375 223.6857795715332
365.14202880859375 181.94461059570312 381.71046447753906 181.94461059570312 381.71046447753906 223.91796493530273 365.14202880859375 223.91796493530273
361.01458740234375 184.71334838867188 377.5554714202881 184.71334838867188 377.5554714202881 222.85662841796875 361.01458740234375 222.85662841796875
358.48297119140625 183.33035278320312 375.3910713195801 183.33035278320312 375.3910713195801 223.9700698852539 358.48297119140625 223.9700698852539
355.87969970703125 186.964599609375 373.17333602905273 186.964599609375 373.17333602905273 226.76808166503906 355.87969970703125 226.76808166503906
353.4093933105469 183.90936279296875 370.20402336120605 183.90936279296875 370.20402336120605 225.28604125976562 353.4093933105469 225.28604125976562
352.0451354980469 183.2583770751953 368.5794219970703 183.2583770751953 368.5794219970703 225.14521026611328 352.0451354980469 225.14521026611328
349.80560302734375 188.73422241210938 365.28948974609375 188.73422241210938 365.28948974609375 227.05701446533203 349.80560302734375 227.05701446533203
347.6937255859375 186.2698974609375 363.8096160888672 186.2698974609375 363.8096160888672 226.09500122070312 347.6937255859375 226.09500122070312
345.3266906738281 185.23765563964844 361.3186893463135 185.23765563964844 361.3186893463135 224.95897674560547 345.3266906738281 224.95897674560547
342.56280517578125 191.63693237304688 358.88142013549805 191.63693237304688 358.88142013549805 226.9915885925293 342.56280517578125 226.9915885925293
340.34527587890625 186.5589141845703 356.04128551483154 186.5589141845703 356.04128551483154 226.32211303710938 340.34527587890625 226.32211303710938
338.6854553222656 188.16827392578125 354.25543212890625 188.16827392578125 354.25543212890625 227.61219024658203 338.6854553222656 227.61219024658203
334.03546142578125 191.42515563964844 349.53934955596924 191.42515563964844 349.53934955596924 228.79584503173828 334.03546142578125 228.79584503173828
333.4678955078125 191.8188934326172 348.85473918914795 191.8188934326172 348.85473918914795 230.7988739013672 333.4678955078125 230.7988739013672
330.0814208984375 194.28396606445312 345.0170192718506 194.28396606445312 345.0170192718506 229.68500518798828 330.0814208984375 229.68500518798828
324.87689208984375 196.9468231201172 340.2676954269409 196.9468231201172 340.2676954269409 233.19308853149414 324.87689208984375 233.19308853149414
323.5607604980469 195.56069946289062 339.3495969772339 195.56069946289062 339.3495969772339 232.2392234802246 323.5607604980469 232.2392234802246
320.25860595703125 195.2024383544922 335.9987087249756 195.2024383544922 335.9987087249756 233.91514587402344 320.25860595703125 233.91514587402344
317.359619140625 195.0657196044922 332.686243057251 195.0657196044922 332.686243057251 233.89313888549805 317.359619140625 233.89313888549805
315.86968994140625 193.61074829101562 331.18943786621094 193.61074829101562 331.18943786621094 232.4207534790039 315.86968994140625 232.4207534790039
312.289306640625 199.4033966064453 327.909405708313 199.4033966064453 327.909405708313 235.37893295288086 312.289306640625 235.37893295288086
310.6158142089844 197.06317138671875 325.8214168548584 197.06317138671875 325.8214168548584 234.87876510620117 310.6158142089844 234.87876510620117
307.06329345703125 196.8419189453125 322.6593265533447 196.8419189453125 322.6593265533447 235.1873550415039 307.06329345703125 235.1873550415039
303.7686462402344 198.99623107910156 318.9893493652344 198.99623107910156 318.9893493652344 237.5553207397461 303.7686462402344 237.5553207397461
301.2017517089844 200.6806640625 316.90820503234863 200.6806640625 316.90820503234863 238.9447364807129 301.2017517089844 238.9447364807129
299.305908203125 200.64744567871094 314.7018156051636 200.64744567871094 314.7018156051636 238.38590240478516 299.305908203125 238.38590240478516
296.091064453125 202.28573608398438 311.84091663360596 202.28573608398438 311.84091663360596 239.73009490966797 296.091064453125 239.73009490966797
293.37384033203125 202.88792419433594 308.95009899139404 202.88792419433594 308.95009899139404 240.67464447021484 293.37384033203125 240.67464447021484
289.8602600097656 204.35841369628906 305.12320137023926 204.35841369628906 305.12320137023926 241.94035720825195 289.8602600097656 241.94035720825195
287.844970703125 206.5575408935547 303.5202989578247 206.5575408935547 303.5202989578247 242.67759704589844 287.844970703125 242.67759704589844
283.35418701171875 209.16848754882812 298.7616910934448 209.16848754882812 298.7616910934448 244.90697479248047 283.35418701171875 244.90697479248047
281.7176818847656 206.17868041992188 297.132080078125 206.17868041992188 297.132080078125 244.288330078125 281.7176818847656 244.288330078125
280.4939270019531 206.8228759765625 295.63976764678955 206.8228759765625 295.63976764678955 245.06893157958984 280.4939270019531 245.06893157958984
276.9009094238281 206.5155029296875 292.4402160644531 206.5155029296875 292.4402160644531 244.70880126953125 276.9009094238281 244.70880126953125
274.92144775390625 208.72647094726562 290.6937770843506 208.72647094726562 290.6937770843506 244.42788696289062 274.92144775390625 244.42788696289062
281.42108154296875 209.3203887939453 298.54193115234375 209.3203887939453 298.54193115234375 245.34101486206055 281.42108154296875 245.34101486206055
283.9592590332031 210.7762908935547 300.44249153137207 210.7762908935547 300.44249153137207 249.94153594970703 283.9592590332031 249.94153594970703
287.63214111328125 213.21737670898438 305.5961227416992 213.21737670898438 305.5961227416992 248.05398559570312 287.63214111328125 248.05398559570312
295.96710205078125 211.11328125 313.29582023620605 211.11328125 313.29582023620605 249.47967910766602 295.96710205078125 249.47967910766602
297.91790771484375 213.33944702148438 315.35217475891113 213.33944702148438 315.35217475891113 250.92941665649414 297.91790771484375 250.92941665649414
300.9788818359375 214.9166259765625 319.31652641296387 214.9166259765625 319.31652641296387 250.57605361938477 300.9788818359375 250.57605361938477
305.8713073730469 212.6796875 325.08253479003906 212.6796875 325.08253479003906 247.9753761291504 305.8713073730469 247.9753761291504
313.1352233886719 211.3969268798828 330.5139789581299 211.3969268798828 330.5139789581299 253.17664337158203 313.1352233886719 253.17664337158203
318.4742431640625 215.692138671875 336.1729907989502 215.692138671875 336.1729907989502 252.2529067993164 318.4742431640625 252.2529067993164
321.77130126953125 217.2536163330078 340.9562587738037 217.2536163330078 340.9562587738037 253.3897476196289 321.77130126953125 253.3897476196289
327.82977294921875 218.6589813232422 346.0257682800293 218.6589813232422 346.0257682800293 255.79178619384766 327.82977294921875 255.79178619384766
329.6084899902344 221.50991821289062 348.2058696746826 221.50991821289062 348.2058696746826 257.2295722961426 329.6084899902344 257.2295722961426
335.3965148925781 217.9796905517578 353.49489402770996 217.9796905517578 353.49489402770996 255.84049224853516 335.3965148925781 255.84049224853516
338.50506591796875 217.63589477539062 356.37559509277344 217.63589477539062 356.37559509277344 258.2592964172363 338.50506591796875 258.2592964172363
345.68865966796875 220.3002471923828 363.9779243469238 220.3002471923828 363.9779243469238 258.9064483642578 345.68865966796875 258.9064483642578
348.66900634765625 219.7919921875 367.17610359191895 219.7919921875 367.17610359191895 257.8584098815918 348.66900634765625 257.8584098815918
352.1013488769531 225.1311798095703 372.35039138793945 225.1311798095703 372.35039138793945 262.2162551879883 352.1013488769531 262.2162551879883
358.3202819824219 222.0766143798828 377.9352970123291 222.0766143798828 377.9352970123291 259.730655670166 358.3202819824219 259.730655670166
365.0243225097656 222.4342498779297 384.1662254333496 222.4342498779297 384.1662254333496 260.2764434814453 365.0243225097656 260.2764434814453
368.78363037109375 221.1909942626953 387.86451721191406 221.1909942626953 387.86451721191406 257.6440734863281 368.78363037109375 257.6440734863281
375.12603759765625 223.1903076171875 394.35837173461914 223.1903076171875 394.35837173461914 262.52416610717773 375.12603759765625 262.52416610717773
377.73333740234375 225.43948364257812 396.29090881347656 225.43948364257812 396.29090881347656 263.63763427734375 377.73333740234375 263.63763427734375
381.4051208496094 225.41842651367188 399.76057052612305 225.41842651367188 399.76057052612305 264.6250534057617 381.4051208496094 264.6250534057617
385.259033203125 229.97509765625 404.1885166168213 229.97509765625 404.1885166168213 266.2448844909668 385.259033203125 266.2448844909668
389.118896484375 227.55471801757812 409.25536346435547 227.55471801757812 409.25536346435547 265.9585304260254 389.118896484375 265.9585304260254
392.8058166503906 228.914306640625 412.14487648010254 228.914306640625 412.14487648010254 266.55978775024414 392.8058166503906 266.55978775024414
396.1080017089844 226.63113403320312 416.0499324798584 226.63113403320312 416.0499324798584 269.33861541748047 396.1080017089844 269.33861541748047
399.64556884765625 225.9212188720703 420.08992767333984 225.9212188720703 420.08992767333984 266.43656158447266 399.64556884765625 266.43656158447266
404.7698974609375 229.6333465576172 424.99094009399414 229.6333465576172 424.99094009399414 270.7000503540039 404.7698974609375 270.7000503540039
405.7640075683594 232.08932495117188 426.5999221801758 232.08932495117188 426.5999221801758 269.8210029602051 405.7640075683594 269.8210029602051
412.44891357421875 226.242431640625 434.28980255126953 226.242431640625 434.28980255126953 266.6307182312012 412.44891357421875 266.6307182312012
416.61004638671875 229.863037109375 437.78093338012695 229.863037109375 437.78093338012695 269.4828567504883 416.61004638671875 269.4828567504883
420.86102294921875 225.7744598388672 439.6266212463379 225.7744598388672 439.6266212463379 273.31397247314453 420.86102294921875 273.31397247314453
422.7215270996094 231.3897247314453 443.9633255004883 231.3897247314453 443.9633255004883 270.71631622314453 422.7215270996094 270.71631622314453
429.19091796875 233.7690887451172 449.30223274230957 233.7690887451172 449.30223274230957 272.03635025024414 429.19091796875 272.03635025024414
429.5126037597656 235.2428436279297 450.13605308532715 235.2428436279297 450.13605308532715 274.135555267334 429.5126037597656 274.135555267334
435.4227600097656 235.7772979736328 455.47492027282715 235.7772979736328 455.47492027282715 274.56406021118164 435.4227600097656 274.56406021118164
440.02264404296875 235.14480590820312 460.7068729400635 235.14480590820312 460.7068729400635 273.9620933532715 440.02264404296875 273.9620933532715
444.3992614746094 233.9275360107422 463.960750579834 233.9275360107422 463.960750579834 278.22607803344727 444.3992614746094 278.22607803344727
447.50213623046875 235.98983764648438 467.57508850097656 235.98983764648438 467.57508850097656 276.7181930541992 447.50213623046875 276.7181930541992
451.72613525390625 237.9085235595703 473.24980545043945 237.9085235595703 473.24980545043945 276.9129409790039 451.72613525390625 276.9129409790039
454.130859375 238.708251953125 474.461706161499 238.708251953125 474.461706161499 279.0794906616211 454.130859375 279.0794906616211
458.050048828125 236.0976104736328 477.68457412719727 236.0976104736328 477.68457412719727 280.21593856811523 458.050048828125 280.21593856811523
460.4505310058594 240.502685546875 480.78219413757324 240.502685546875 480.78219413757324 281.84675216674805 460.4505310058594 281.84675216674805
465.427001953125 239.9149932861328 486.41038703918457 239.9149932861328 486.41038703918457 282.56166076660156 465.427001953125 282.56166076660156
468.80609130859375 241.0550079345703 489.35766792297363 241.0550079345703 489.35766792297363 283.5269889831543 468.80609130859375 283.5269889831543
471.6591796875 241.8930206298828 491.93579483032227 241.8930206298828 491.93579483032227 284.97010803222656 471.6591796875 284.97010803222656
476.5244140625 246.4608612060547 499.6477756500244 246.4608612060547 499.6477756500244 285.7768783569336 476.5244140625 285.7768783569336
478.30108642578125 247.4045867919922 500.08932876586914 247.4045867919922 500.08932876586914 289.13342666625977 478.30108642578125 289.13342666625977
482.9447326660156 246.121337890625 505.37012672424316 246.121337890625 505.37012672424316 287.42835235595703 482.9447326660156 287.42835235595703
485.7734375 245.8526153564453 508.0655326843262 245.8526153564453 508.0655326843262 289.7217597961426 485.7734375 289.7217597961426
490.8876953125 242.60385131835938 511.8235492706299 242.60385131835938 511.8235492706299 291.87939834594727 490.8876953125 291.87939834594727
496.44415283203125 245.8166046142578 517.2154941558838 245.8166046142578 517.2154941558838 287.8893814086914 496.44415283203125 287.8893814086914
498.83258056640625 248.7226104736328 520.0320625305176 248.7226104736328 520.0320625305176 290.4898338317871 498.83258056640625 290.4898338317871
494.79638671875 251.2357940673828 516.3972969055176 251.2357940673828 516.3972969055176 290.4024963378906 494.79638671875 290.4024963378906
492.33026123046875 252.7841339111328 512.5999755859375 252.7841339111328 512.5999755859375 292.6135711669922 492.33026123046875 292.6135711669922
485.9775390625 253.7805938720703 506.02675437927246 253.7805938720703 506.02675437927246 294.30017852783203 485.9775390625 294.30017852783203
482.880615234375 255.051513671875 505.1893482208252 255.051513671875 505.1893482208252 294.4858283996582 482.880615234375 294.4858283996582
479.77349853515625 254.7003936767578 500.58224296569824 254.7003936767578 500.58224296569824 295.3424758911133 479.77349853515625 295.3424758911133
473.16339111328125 256.9962463378906 494.2234649658203 256.9962463378906 494.2234649658203 295.10994720458984 473.16339111328125 295.10994720458984
471.13677978515625 256.8696594238281 491.91117095947266 256.8696594238281 491.91117095947266 296.5677146911621 471.13677978515625 296.5677146911621
467.12030029296875 256.6763000488281 488.47687911987305 256.6763000488281 488.47687911987305 298.0793037414551 467.12030029296875 298.0793037414551
462.3951721191406 258.417724609375 481.48875617980957 258.417724609375 481.48875617980957 299.17169189453125 462.3951721191406 299.17169189453125
457.92340087890625 260.31781005859375 478.13144302368164 260.31781005859375 478.13144302368164 298.8802185058594 457.92340087890625 298.8802185058594
453.37744140625 262.07366943359375 471.7146911621094 262.07366943359375 471.7146911621094 301.58856201171875 453.37744140625 301.58856201171875
450.38446044921875 259.45660400390625 469.32667541503906 259.45660400390625 469.32667541503906 301.0850296020508 450.38446044921875 301.0850296020508
445.14007568359375 262.1551818847656 465.5223693847656 262.1551818847656 465.5223693847656 302.1927261352539 445.14007568359375 302.1927261352539
440.1973571777344 263.2058410644531 460.74442863464355 263.2058410644531 460.74442863464355 303.3497123718262 440.1973571777344 303.3497123718262
438.45111083984375 262.21319580078125 457.8028926849365 262.21319580078125 457.8028926849365 303.2516746520996 438.45111083984375 303.2516746520996
432.54156494140625 264.29876708984375 452.8908290863037 264.29876708984375 452.8908290863037 302.99040603637695 432.54156494140625 302.99040603637695
428.0050354003906 263.3764953613281 447.66187477111816 263.3764953613281 447.66187477111816 306.11219787597656 428.0050354003906 306.11219787597656
426.15966796875 264.52752685546875 443.8797092437744 264.52752685546875 443.8797092437744 306.04647064208984 426.15966796875 306.04647064208984
422.43780517578125 263.120849609375 439.293270111084 263.120849609375 439.293270111084 306.61092376708984 422.43780517578125 306.61092376708984
419.83831787109375 263.70098876953125 435.51508808135986 263.70098876953125 435.51508808135986 308.2310562133789 419.83831787109375 308.2310562133789
422.33685302734375 251.22634887695312 441.0439338684082 251.22634887695312 441.0439338684082 298.6176338195801 422.33685302734375 298.6176338195801
375.43731689453125 267.44049072265625 394.3265380859375 267.44049072265625 394.3265380859375 315.29319763183594 375.43731689453125 315.29319763183594
375.6684265136719 273.87176513671875 394.31897163391113 273.87176513671875 394.31897163391113 315.9977684020996 375.6684265136719 315.9977684020996
377.4630126953125 276.13763427734375 396.102014541626 276.13763427734375 396.102014541626 322.42786407470703 377.4630126953125 322.42786407470703
377.32513427734375 277.00848388671875 395.6269588470459 277.00848388671875 395.6269588470459 321.82544708251953 377.32513427734375 321.82544708251953
377.23626708984375 274.2449035644531 395.22057342529297 274.2449035644531 395.22057342529297 319.51561737060547 377.23626708984375 319.51561737060547
376.8327941894531 273.03289794921875 394.61707878112793 273.03289794921875 394.61707878112793 317.6100654602051 376.8327941894531 317.6100654602051
376.0099182128906 271.5849304199219 394.41439628601074 271.5849304199219 394.41439628601074 316.9724006652832 376.0099182128906 316.9724006652832
376.3595275878906 278.65350341796875 395.2288360595703 278.65350341796875 395.2288360595703 319.0486183166504 376.3595275878906 319.0486183166504
374.06097412109375 274.2017517089844 392.3463306427002 274.2017517089844 392.3463306427002 319.1032485961914 374.06097412109375 319.1032485961914
370.02886962890625 273.6640625 389.05856704711914 273.6640625 389.05856704711914 318.74329376220703 370.02886962890625 318.74329376220703
367.08099365234375 278.080810546875 386.3446846008301 278.080810546875 386.3446846008301 317.67285919189453 367.08099365234375 317.67285919189453
369.47088623046875 277.498046875 389.55778884887695 277.498046875 389.55778884887695 319.08287811279297 369.47088623046875 319.08287811279297
372.80560302734375 278.851318359375 392.53136825561523 278.851318359375 392.53136825561523 321.4157409667969 372.80560302734375 321.4157409667969
374.35797119140625 283.5177001953125 396.2614402770996 283.5177001953125 396.2614402770996 323.00856018066406 374.35797119140625 323.00856018066406
379.20074462890625 283.17901611328125 399.6465587615967 283.17901611328125 399.6465587615967 323.7351760864258 379.20074462890625 323.7351760864258
382.4006652832031 280.8000183105469 402.10637855529785 280.8000183105469 402.10637855529785 323.20445251464844 382.4006652832031 323.20445251464844
386.9994201660156 283.5606384277344 406.1167411804199 283.5606384277344 406.1167411804199 323.57201766967773 386.9994201660156 323.57201766967773
376.94989013671875 283.4486389160156 396.4128303527832 283.4486389160156 396.4128303527832 332.7547836303711 376.94989013671875 332.7547836303711
382.53216552734375 281.3750305175781 402.04608154296875 281.3750305175781 402.04608154296875 330.81031036376953 382.53216552734375 330.81031036376953
388.40740966796875 280.3394470214844 408.5338382720947 280.3394470214844 408.5338382720947 328.13318634033203 388.40740966796875 328.13318634033203
397.51190185546875 285.0624694824219 416.69212341308594 285.0624694824219 416.69212341308594 333.65239334106445 397.51190185546875 333.65239334106445
399.4496154785156 287.0433044433594 420.16860008239746 287.0433044433594 420.16860008239746 332.8984909057617 399.4496154785156 332.8984909057617
402.761962890625 285.8681640625 422.70643615722656 285.8681640625 422.70643615722656 332.8487854003906 402.761962890625 332.8487854003906
403.63800048828125 291.20709228515625 425.32024002075195 291.20709228515625 425.32024002075195 334.4107360839844 403.63800048828125 334.4107360839844
405.1651916503906 292.8291931152344 427.5396270751953 292.8291931152344 427.5396270751953 334.25389862060547 405.1651916503906 334.25389862060547
411.32135009765625 291.4966735839844 431.5156841278076 291.4966735839844 431.5156841278076 334.03481674194336 411.32135009765625 334.03481674194336
412.92608642578125 292.0543212890625 434.270263671875 292.0543212890625 434.270263671875 336.6281509399414 412.92608642578125 336.6281509399414
413.3451232910156 290.27557373046875 435.0210247039795 290.27557373046875 435.0210247039795 337.6435127258301 413.3451232910156 337.6435127258301
416.646728515625 291.54241943359375 438.0234775543213 291.54241943359375 438.0234775543213 337.7792282104492 416.646728515625 337.7792282104492
418.72894287109375 294.4238586425781 440.2080783843994 294.4238586425781 440.2080783843994 337.0219078063965 418.72894287109375 337.0219078063965
420.1394958496094 290.6950988769531 440.7893238067627 290.6950988769531 440.7893238067627 339.3825988769531 420.1394958496094 339.3825988769531
423.1048889160156 297.64117431640625 444.4366970062256 297.64117431640625 444.4366970062256 339.0165367126465 423.1048889160156 339.0165367126465
426.6123046875 296.35284423828125 447.96337890625 296.35284423828125 447.96337890625 341.78256607055664 426.6123046875 341.78256607055664
426.893310546875 296.92523193359375 448.99226570129395 296.92523193359375 448.99226570129395 342.65553283691406 426.893310546875 342.65553283691406
429.3365173339844 299.022705078125 451.86379623413086 299.022705078125 451.86379623413086 343.7918586730957 429.3365173339844 343.7918586730957
433.46173095703125 302.3564758300781 455.1695556640625 302.3564758300781 455.1695556640625 344.1833267211914 433.46173095703125 344.1833267211914
433.84893798828125 301.76556396484375 456.9919242858887 301.76556396484375 456.9919242858887 346.5058364868164 433.84893798828125 346.5058364868164
438.27386474609375 301.7443542480469 459.39758491516113 301.7443542480469 459.39758491516113 348.0111312866211 438.27386474609375 348.0111312866211
441.3150939941406 304.300537109375 462.1507148742676 304.300537109375 462.1507148742676 349.59774017333984 441.3150939941406 349.59774017333984
443.4913024902344 305.2938537597656 465.2126808166504 305.2938537597656 465.2126808166504 348.6728630065918 443.4913024902344 348.6728630065918
444.89007568359375 297.6575012207031 466.3627529144287 297.6575012207031 466.3627529144287 352.0549736022949 444.89007568359375 352.0549736022949
447.87744140625 298.1830749511719 469.5786247253418 298.1830749511719 469.5786247253418 353.1594352722168 447.87744140625 353.1594352722168
448.53314208984375 310.6238708496094 472.8201904296875 310.6238708496094 472.8201904296875 356.38377380371094 448.53314208984375 356.38377380371094
453.84625244140625 309.1761474609375 477.1127071380615 309.1761474609375 477.1127071380615 359.2171936035156 453.84625244140625 359.2171936035156
458.61175537109375 309.37713623046875 481.0289611816406 309.37713623046875 481.0289611816406 355.9700698852539 458.61175537109375 355.9700698852539
459.4947204589844 310.27496337890625 481.97095680236816 310.27496337890625 481.97095680236816 356.37218856811523 459.4947204589844 356.37218856811523
460.61004638671875 313.6112060546875 484.7156620025635 313.6112060546875 484.7156620025635 359.279598236084 460.61004638671875 359.279598236084
464.098388671875 313.12335205078125 486.85100746154785 313.12335205078125 486.85100746154785 360.1226272583008 464.098388671875 360.1226272583008
465.16168212890625 315.90020751953125 487.4107093811035 315.90020751953125 487.4107093811035 360.40760040283203 465.16168212890625 360.40760040283203
467.932861328125 320.0576477050781 490.95093154907227 320.0576477050781 490.95093154907227 364.74616622924805 467.932861328125 364.74616622924805
471.50970458984375 317.453857421875 494.63489723205566 317.453857421875 494.63489723205566 362.92049407958984 471.50970458984375 362.92049407958984
472.50927734375 317.4084167480469 494.782283782959 317.4084167480469 494.782283782959 363.8782272338867 472.50927734375 363.8782272338867
475.06634521484375 318.8172607421875 499.2997570037842 318.8172607421875 499.2997570037842 364.9561233520508 475.06634521484375 364.9561233520508
477.01361083984375 317.28765869140625 499.27843284606934 317.28765869140625 499.27843284606934 367.0178337097168 477.01361083984375 367.0178337097168
481.0523376464844 319.7574768066406 502.2527828216553 319.7574768066406 502.2527828216553 366.0179862976074 481.0523376464844 366.0179862976074
481.5355529785156 321.36126708984375 504.1159019470215 321.36126708984375 504.1159019470215 369.9990005493164 481.5355529785156 369.9990005493164
486.82470703125 325.42254638671875 507.501033782959 325.42254638671875 507.501033782959 371.3190383911133 486.82470703125 371.3190383911133
486.6453552246094 323.4091796875 509.0070915222168 323.4091796875 509.0070915222168 370.4972610473633 486.6453552246094 370.4972610473633
487.3316345214844 324.8296203613281 509.8106861114502 324.8296203613281 509.8106861114502 373.12209701538086 487.3316345214844 373.12209701538086
493.151611328125 322.114501953125 514.4083080291748 322.114501953125 514.4083080291748 369.7467575073242 493.151611328125 369.7467575073242
493.4346618652344 325.8941345214844 514.7347526550293 325.8941345214844 514.7347526550293 371.7968101501465 493.4346618652344 371.7968101501465
495.8172912597656 328.76605224609375 516.1924514770508 328.76605224609375 516.1924514770508 376.66242599487305 495.8172912597656 376.66242599487305
497.27947998046875 331.86529541015625 519.4579334259033 331.86529541015625 519.4579334259033 376.170654296875 497.27947998046875 376.170654296875
499.72796630859375 332.31842041015625 521.1032581329346 332.31842041015625 521.1032581329346 376.9902153015137 499.72796630859375 376.9902153015137
500.09991455078125 331.3104248046875 521.3235015869141 331.3104248046875 521.3235015869141 379.5737533569336 500.09991455078125 379.5737533569336
502.3311462402344 331.9198303222656 524.7903118133545 331.9198303222656 524.7903118133545 378.20602798461914 502.3311462402344 378.20602798461914
503.3424377441406 335.1314697265625 525.3815441131592 335.1314697265625 525.3815441131592 382.9135551452637 503.3424377441406 382.9135551452637
504.86395263671875 334.84942626953125 525.7964458465576 334.84942626953125 525.7964458465576 383.8441619873047 504.86395263671875 383.8441619873047
506.3639221191406 336.154541015625 528.3436317443848 336.154541015625 528.3436317443848 383.7826156616211 506.3639221191406 383.7826156616211
507.9332580566406 336.83245849609375 530.0942497253418 336.83245849609375 530.0942497253418 385.4584274291992 507.9332580566406 385.4584274291992
510.55419921875 337.101318359375 532.3596591949463 337.101318359375 532.3596591949463 385.04197692871094 510.55419921875 385.04197692871094
511.7637634277344 335.06256103515625 533.3140506744385 335.06256103515625 533.3140506744385 385.1857376098633 511.7637634277344 385.1857376098633
512.4902954101562 341.037353515625 534.9113655090332 341.037353515625 534.9113655090332 388.6043510437012 512.4902954101562 388.6043510437012
514.7633056640625 340.039794921875 536.6332931518555 340.039794921875 536.6332931518555 391.36003494262695 514.7633056640625 391.36003494262695
517.916015625 341.2392578125 539.6103649139404 341.2392578125 539.6103649139404 392.26831436157227 517.916015625 392.26831436157227
518.014892578125 343.88128662109375 540.1499938964844 343.88128662109375 540.1499938964844 392.7390441894531 518.014892578125 392.7390441894531
519.7508544921875 342.1238098144531 542.2187442779541 342.1238098144531 542.2187442779541 392.78087615966797 519.7508544921875 392.78087615966797
523.2454223632812 342.36859130859375 543.6416683197021 342.36859130859375 543.6416683197021 393.2999687194824 523.2454223632812 393.2999687194824
522.262451171875 344.5498962402344 544.0921382904053 344.5498962402344 544.0921382904053 395.66585540771484 522.262451171875 395.66585540771484
523.4473876953125 346.75384521484375 545.4836540222168 346.75384521484375 545.4836540222168 400.23930740356445 523.4473876953125 400.23930740356445
524.68017578125 347.873291015625 547.9821853637695 347.873291015625 547.9821853637695 399.9683036804199 524.68017578125 399.9683036804199
524.6672973632812 348.374755859375 547.4928894042969 348.374755859375 547.4928894042969 403.6816635131836 524.6672973632812 403.6816635131836
525.1583251953125 347.76043701171875 547.2706394195557 347.76043701171875 547.2706394195557 403.4227104187012 525.1583251953125 403.4227104187012
526.3220825195312 348.3326721191406 549.8073329925537 348.3326721191406 549.8073329925537 403.4110794067383 526.3220825195312 403.4110794067383
526.8599243164062 350.46246337890625 550.0242671966553 350.46246337890625 550.0242671966553 406.46002197265625 526.8599243164062 406.46002197265625
528.5354614257812 354.23956298828125 551.1827621459961 354.23956298828125 551.1827621459961 405.9540824890137 528.5354614257812 405.9540824890137
528.9328002929688 353.9524230957031 552.2630748748779 353.9524230957031 552.2630748748779 403.8160171508789 528.9328002929688 403.8160171508789
530.6316528320312 355.19744873046875 553.2988166809082 355.19744873046875 553.2988166809082 408.5300178527832 530.6316528320312 408.5300178527832
531.74267578125 353.722900390625 553.6645431518555 353.722900390625 553.6645431518555 407.0221366882324 531.74267578125 407.0221366882324
532.9196166992188 352.5334777832031 555.1074829101562 352.5334777832031 555.1074829101562 405.26180267333984 532.9196166992188 405.26180267333984
533.5540161132812 356.5169372558594 554.8061618804932 356.5169372558594 554.8061618804932 407.4531478881836 533.5540161132812 407.4531478881836
532.3963012695312 357.25054931640625 555.1015014648438 357.25054931640625 555.1015014648438 410.01712799072266 532.3963012695312 410.01712799072266
533.2826538085938 360.6191711425781 555.472972869873 360.6191711425781 555.472972869873 411.6128845214844 533.2826538085938 411.6128845214844
533.328369140625 359.73760986328125 555.8869609832764 359.73760986328125 555.8869609832764 412.1610298156738 533.328369140625 412.1610298156738
533.5052490234375 356.6084899902344 556.8274631500244 356.6084899902344 556.8274631500244 411.6999931335449 533.5052490234375 411.6999931335449
534.2852172851562 359.8421630859375 558.2248439788818 359.8421630859375 558.2248439788818 412.81769943237305 534.2852172851562 412.81769943237305
533.7228393554688 358.71405029296875 557.8195152282715 358.71405029296875 557.8195152282715 413.2187614440918 533.7228393554688 413.2187614440918
534.5491333007812 362.14166259765625 560.5869445800781 362.14166259765625 560.5869445800781 414.04705810546875 534.5491333007812 414.04705810546875
523.3998413085938 366.100830078125 547.0146331787109 366.100830078125 547.0146331787109 415.7564582824707 523.3998413085938 415.7564582824707
517.8624267578125 365.4497985839844 541.7028484344482 365.4497985839844 541.7028484344482 411.75363540649414 517.8624267578125 411.75363540649414
509.685546875 365.04400634765625 536.2867641448975 365.04400634765625 536.2867641448975 416.20337677001953 509.685546875 416.20337677001953
501.7950134277344 365.6142578125 526.5288047790527 365.6142578125 526.5288047790527 413.86588287353516 501.7950134277344 413.86588287353516
496.29901123046875 370.60272216796875 521.5260066986084 370.60272216796875 521.5260066986084 415.2890739440918 496.29901123046875 415.2890739440918
485.79962158203125 368.8478088378906 511.6898994445801 368.8478088378906 511.6898994445801 417.81642150878906 485.79962158203125 417.81642150878906
478.28955078125 369.0537414550781 505.3549690246582 369.0537414550781 505.3549690246582 417.19392013549805 478.28955078125 417.19392013549805
466.25042724609375 370.44390869140625 491.5207405090332 370.44390869140625 491.5207405090332 420.30759048461914 466.25042724609375 420.30759048461914
461.7718200683594 369.08642578125 487.0680980682373 369.08642578125 487.0680980682373 419.32176971435547 461.7718200683594 419.32176971435547
447.4916076660156 374.059814453125 471.7152462005615 374.059814453125 471.7152462005615 422.8163146972656 447.4916076660156 422.8163146972656
444.009765625 374.4752502441406 468.2643413543701 374.4752502441406 468.2643413543701 425.3421096801758 444.009765625 425.3421096801758
432.4527282714844 373.63177490234375 456.8315181732178 373.63177490234375 456.8315181732178 425.5970458984375 432.4527282714844 425.5970458984375
424.8976135253906 373.3404235839844 449.4008903503418 373.3404235839844 449.4008903503418 426.1676216125488 424.8976135253906 426.1676216125488
413.8016662597656 374.64837646484375 440.14269638061523 374.64837646484375 440.14269638061523 423.7785339355469 413.8016662597656 423.7785339355469
406.4867248535156 372.9799499511719 431.8695011138916 372.9799499511719 431.8695011138916 425.8897705078125 406.4867248535156 425.8897705078125
400.5284423828125 375.44384765625 424.9510803222656 375.44384765625 424.9510803222656 427.99845123291016 400.5284423828125 427.99845123291016
391.9283752441406 377.78515625 417.0895366668701 377.78515625 417.0895366668701 432.3642272949219 391.9283752441406 432.3642272949219
384.06085205078125 377.40625 411.3593101501465 377.40625 411.3593101501465 432.6048583984375 384.06085205078125 432.6048583984375
371.5604248046875 376.1394348144531 398.64208602905273 376.1394348144531 398.64208602905273 432.1647529602051 371.5604248046875 432.1647529602051
365.3887023925781 378.2363586425781 392.5942573547363 378.2363586425781 392.5942573547363 430.9575080871582 365.3887023925781 430.9575080871582
356.8336486816406 379.92254638671875 385.2104740142822 379.92254638671875 385.2104740142822 432.95954513549805 356.8336486816406 432.95954513549805
345.9934387207031 382.68035888671875 373.1729393005371 382.68035888671875 373.1729393005371 437.9417037963867 345.9934387207031 437.9417037963867
341.0950622558594 383.30316162109375 370.9482364654541 383.30316162109375 370.9482364654541 436.9089775085449 341.0950622558594 436.9089775085449
327.802978515625 381.43780517578125 354.4633026123047 381.43780517578125 354.4633026123047 438.24047088623047 327.802978515625 438.24047088623047
323.0616455078125 376.1812438964844 350.0328369140625 376.1812438964844 350.0328369140625 433.1525650024414 323.0616455078125 433.1525650024414
312.88836669921875 375.0869445800781 342.3188228607178 375.0869445800781 342.3188228607178 431.65282440185547 312.88836669921875 431.65282440185547
301.6472473144531 372.34002685546875 329.63237953186035 372.34002685546875 329.63237953186035 427.5961685180664 301.6472473144531 427.5961685180664
297.07757568359375 368.3736877441406 322.66076469421387 368.3736877441406 322.66076469421387 425.3670959472656 297.07757568359375 425.3670959472656
281.35546875 362.65191650390625 310.79999351501465 362.65191650390625 310.79999351501465 414.72307205200195 281.35546875 414.72307205200195
277.50189208984375 358.3305969238281 305.17018699645996 358.3305969238281 305.17018699645996 410.72509002685547 277.50189208984375 410.72509002685547
269.94744873046875 355.4076232910156 297.38426208496094 355.4076232910156 297.38426208496094 410.1181106567383 269.94744873046875 410.1181106567383
258.14422607421875 347.8483581542969 285.2608299255371 347.8483581542969 285.2608299255371 402.88129806518555 258.14422607421875 402.88129806518555
250.46615600585938 349.29864501953125 277.6281280517578 349.29864501953125 277.6281280517578 404.05577850341797 250.46615600585938 404.05577850341797
239.59030151367188 338.830322265625 267.56848526000977 338.830322265625 267.56848526000977 395.50923919677734 239.59030151367188 395.50923919677734
233.7837677001953 337.8454284667969 263.419734954834 337.8454284667969 263.419734954834 392.5165901184082 233.7837677001953 392.5165901184082
219.00070190429688 333.06298828125 245.93996810913086 333.06298828125 245.93996810913086 391.4278259277344 219.00070190429688 391.4278259277344
214.5583953857422 328.7159729003906 241.74359703063965 328.7159729003906 241.74359703063965 385.1930351257324 214.5583953857422 385.1930351257324
205.01406860351562 323.911376953125 235.1466407775879 323.911376953125 235.1466407775879 381.0241470336914 205.01406860351562 381.0241470336914
193.45144653320312 319.82257080078125 221.57888793945312 319.82257080078125 221.57888793945312 380.78633880615234 193.45144653320312 380.78633880615234
189.6152801513672 323.2142333984375 217.20334815979004 323.2142333984375 217.20334815979004 380.31612396240234 189.6152801513672 380.31612396240234
172.7125244140625 324.42962646484375 201.80952835083008 324.42962646484375 201.80952835083008 381.7339096069336 172.7125244140625 381.7339096069336
167.05654907226562 323.68780517578125 195.4363136291504 323.68780517578125 195.4363136291504 381.1289978027344 167.05654907226562 381.1289978027344
161.75384521484375 324.902587890625 190.02742385864258 324.902587890625 190.02742385864258 383.0161552429199 161.75384521484375 383.0161552429199
147.55795288085938 322.2190856933594 176.66726303100586 322.2190856933594 176.66726303100586 381.8972053527832 147.55795288085938 381.8972053527832
142.55776977539062 326.64752197265625 169.45908546447754 326.64752197265625 169.45908546447754 383.9596633911133 142.55776977539062 383.9596633911133
132.52029418945312 327.9483947753906 161.90721702575684 327.9483947753906 161.90721702575684 387.9975166320801 132.52029418945312 387.9975166320801
119.87408447265625 330.9129333496094 149.80364990234375 330.9129333496094 149.80364990234375 388.31147384643555 119.87408447265625 388.31147384643555
115.04655456542969 330.9656677246094 141.63847732543945 330.9656677246094 141.63847732543945 387.9012985229492 115.04655456542969 387.9012985229492
114.8541030883789 328.8882141113281 139.58258628845215 328.8882141113281 139.58258628845215 387.7791442871094 114.8541030883789 387.7791442871094
114.47734069824219 330.7505798339844 138.73051071166992 330.7505798339844 138.73051071166992 387.95531463623047 114.47734069824219 387.95531463623047
114.59092712402344 331.1610412597656 137.2846164703369 331.1610412597656 137.2846164703369 387.8278007507324 114.59092712402344 387.8278007507324
112.72932434082031 331.05023193359375 138.00868606567383 331.05023193359375 138.00868606567383 390.08492279052734 112.72932434082031 390.08492279052734
112.71297454833984 333.347900390625 135.60754585266113 333.347900390625 135.60754585266113 390.54810333251953 112.71297454833984 390.54810333251953
108.3997802734375 335.3606262207031 131.62845420837402 335.3606262207031 131.62845420837402 392.0375556945801 108.3997802734375 392.0375556945801
106.85551452636719 334.8074645996094 132.10745239257812 334.8074645996094 132.10745239257812 392.3421821594238 106.85551452636719 392.3421821594238
104.86932373046875 335.91693115234375 129.55141067504883 335.91693115234375 129.55141067504883 392.99457931518555 104.86932373046875 392.99457931518555
102.87516784667969 336.9916076660156 128.34979820251465 336.9916076660156 128.34979820251465 393.6185417175293 102.87516784667969 393.6185417175293
103.80682373046875 331.62164306640625 130.3502311706543 331.62164306640625 130.3502311706543 389.55414962768555 103.80682373046875 389.55414962768555
102.0383071899414 336.37860107421875 125.44374465942383 336.37860107421875 125.44374465942383 391.2369499206543 102.0383071899414 391.2369499206543
98.39625549316406 337.7440490722656 122.64706230163574 337.7440490722656 122.64706230163574 394.25342559814453 98.39625549316406 394.25342559814453
99.86189270019531 334.0700988769531 124.76287460327148 334.0700988769531 124.76287460327148 392.1087760925293 99.86189270019531 392.1087760925293
95.84207916259766 336.5289001464844 120.15442276000977 336.5289001464844 120.15442276000977 392.55272674560547 95.84207916259766 392.55272674560547
93.07951354980469 339.25537109375 118.3164176940918 339.25537109375 118.3164176940918 395.4991989135742 93.07951354980469 395.4991989135742
93.74285125732422 339.99957275390625 119.40911483764648 339.99957275390625 119.40911483764648 397.1709976196289 93.74285125732422 397.1709976196289
93.2003173828125 340.0274353027344 115.58671569824219 340.0274353027344 115.58671569824219 396.0121765136719 93.2003173828125 396.0121765136719
92.01052856445312 338.59869384765625 114.64909934997559 338.59869384765625 114.64909934997559 397.7291145324707 92.01052856445312 397.7291145324707
89.47547912597656 338.29486083984375 113.95443344116211 338.29486083984375 113.95443344116211 396.30327224731445 89.47547912597656 396.30327224731445
87.32804107666016 339.3863220214844 111.54132080078125 339.3863220214844 111.54132080078125 398.8942756652832 87.32804107666016 398.8942756652832
84.6557846069336 342.94268798828125 109.8973274230957 342.94268798828125 109.8973274230957 401.70587158203125 84.6557846069336 401.70587158203125
84.48760986328125 339.24859619140625 110.16686630249023 339.24859619140625 110.16686630249023 399.4329605102539 84.48760986328125 399.4329605102539
82.96141052246094 342.6969909667969 106.08539009094238 342.6969909667969 106.08539009094238 399.9386100769043 82.96141052246094 399.9386100769043
82.56202697753906 343.3462219238281 106.33032989501953 343.3462219238281 106.33032989501953 401.1569404602051 82.56202697753906 401.1569404602051
76.32177734375 344.75579833984375 101.18893814086914 344.75579833984375 101.18893814086914 402.5494194030762 76.32177734375 402.5494194030762
77.44348907470703 344.080078125 101.07596778869629 344.080078125 101.07596778869629 404.06755447387695 77.44348907470703 404.06755447387695
76.76573181152344 344.51336669921875 103.1674747467041 344.51336669921875 103.1674747467041 402.07913970947266 76.76573181152344 402.07913970947266
73.05436706542969 346.02569580078125 98.59137916564941 346.02569580078125 98.59137916564941 403.3802604675293 73.05436706542969 403.3802604675293
69.99907684326172 349.2882080078125 94.76255989074707 349.2882080078125 94.76255989074707 402.50989532470703 69.99907684326172 402.50989532470703
71.53720092773438 346.3262939453125 96.36483001708984 346.3262939453125 96.36483001708984 403.1493110656738 71.53720092773438 403.1493110656738
68.27043151855469 345.2625427246094 94.40284729003906 345.2625427246094 94.40284729003906 404.00659942626953 68.27043151855469 404.00659942626953
66.2814712524414 346.476318359375 91.72647476196289 346.476318359375 91.72647476196289 404.47618865966797 66.2814712524414 404.47618865966797
66.10874938964844 346.534912109375 91.68249893188477 346.534912109375 91.68249893188477 404.62542724609375 66.10874938964844 404.62542724609375
64.23255920410156 346.19134521484375 90.13352012634277 346.19134521484375 90.13352012634277 403.6207160949707 64.23255920410156 403.6207160949707
63.46660614013672 345.31463623046875 88.53579521179199 345.31463623046875 88.53579521179199 403.7853202819824 63.46660614013672 403.7853202819824
63.04832077026367 344.1510009765625 88.02859306335449 344.1510009765625 88.02859306335449 403.9910583496094 63.04832077026367 403.9910583496094
61.93632888793945 344.15533447265625 87.79901885986328 344.15533447265625 87.79901885986328 403.00206756591797 61.93632888793945 403.00206756591797
59.2801513671875 347.18988037109375 85.92078018188477 347.18988037109375 85.92078018188477 403.3249206542969 59.2801513671875 403.3249206542969
60.150779724121094 346.217041015625 86.5057144165039 346.217041015625 86.5057144165039 402.7817611694336 60.150779724121094 402.7817611694336
60.73778533935547 344.95404052734375 87.42199516296387 344.95404052734375 87.42199516296387 402.86518478393555 60.73778533935547 402.86518478393555
57.932830810546875 345.37493896484375 83.93867874145508 345.37493896484375 83.93867874145508 401.2514877319336 57.932830810546875 401.2514877319336
58.681243896484375 343.3605041503906 83.41794204711914 343.3605041503906 83.41794204711914 403.7589530944824 58.681243896484375 403.7589530944824
57.71691131591797 340.8044128417969 85.19763374328613 340.8044128417969 85.19763374328613 401.36266326904297 57.71691131591797 401.36266326904297
57.57079315185547 341.3341979980469 83.58671188354492 341.3341979980469 83.58671188354492 400.27783203125 57.57079315185547 400.27783203125
55.52265548706055 342.9464111328125 82.66120147705078 342.9464111328125 82.66120147705078 401.6760940551758 55.52265548706055 401.6760940551758
58.22943878173828 341.1407775878906 85.16135787963867 341.1407775878906 85.16135787963867 400.5690498352051 58.22943878173828 400.5690498352051
56.7756233215332 341.0355529785156 83.94740295410156 341.0355529785156 83.94740295410156 401.0008125305176 56.7756233215332 401.0008125305176
56.58903884887695 339.56170654296875 82.26239395141602 339.56170654296875 82.26239395141602 399.8200798034668 56.58903884887695 399.8200798034668
