503.0 142.0 522.0 142.0 522.0 178.0 503.0 178.0
502.932861328125 143.01097106933594 522.3033924102783 143.01097106933594 522.3033924102783 178.6853485107422 502.932861328125 178.6853485107422
502.60308837890625 142.292724609375 521.9867553710938 142.292724609375 521.9867553710938 179.0196762084961 502.60308837890625 179.0196762084961
503.04345703125 142.99185180664062 522.2068672180176 142.99185180664062 522.2068672180176 179.34063720703125 503.04345703125 179.34063720703125
501.47802734375 142.9427490234375 520.8385715484619 142.9427490234375 520.8385715484619 179.62589645385742 501.47802734375 179.62589645385742
501.9747009277344 142.87344360351562 521.1343383789062 142.87344360351562 521.1343383789062 179.1759262084961 501.9747009277344 179.1759262084961
501.94378662109375 142.1707305908203 521.0799217224121 142.1707305908203 521.0799217224121 178.80905532836914 501.94378662109375 178.80905532836914
502.66668701171875 142.3772735595703 521.4301509857178 142.3772735595703 521.4301509857178 177.31468963623047 502.66668701171875 177.31468963623047
501.5757751464844 142.5972900390625 521.0750579833984 142.5972900390625 521.0750579833984 178.3397560119629 501.5757751464844 178.3397560119629
502.6438903808594 142.11746215820312 521.7097778320312 142.11746215820312 521.7097778320312 179.27751922607422 502.6438903808594 179.27751922607422
502.01873779296875 141.79812622070312 520.8496170043945 141.79812622070312 520.8496170043945 179.76841735839844 502.01873779296875 179.76841735839844
501.7247009277344 142.4005126953125 521.2002944946289 142.4005126953125 521.2002944946289 180.11289596557617 501.7247009277344 180.11289596557617
501.85272216796875 143.94271850585938 520.4988555908203 143.94271850585938 520.4988555908203 180.68685913085938 501.85272216796875 180.68685913085938
500.2939453125 143.16090393066406 519.8593254089355 143.16090393066406 519.8593254089355 180.12427139282227 500.2939453125 180.12427139282227
499.86053466796875 142.6237335205078 519.7213916778564 142.6237335205078 519.7213916778564 179.94459533691406 499.86053466796875 179.94459533691406
499.20672607421875 141.28729248046875 519.2939548492432 141.28729248046875 519.2939548492432 178.86448669433594 499.20672607421875 178.86448669433594
498.72698974609375 140.90432739257812 519.2183570861816 140.90432739257812 519.2183570861816 179.27930450439453 498.72698974609375 179.27930450439453
498.8770446777344 140.2328338623047 519.1871070861816 140.2328338623047 519.1871070861816 177.08400344848633 498.8770446777344 177.08400344848633
498.2115783691406 140.7792510986328 519.3895359039307 140.7792510986328 519.3895359039307 177.38440704345703 498.2115783691406 177.38440704345703
497.78900146484375 140.85519409179688 518.839319229126 140.85519409179688 518.839319229126 177.72844314575195 497.78900146484375 177.72844314575195
497.8468322753906 140.50308227539062 518.1817684173584 140.50308227539062 518.1817684173584 179.0324592590332 497.8468322753906 179.0324592590332
497.9208984375 140.759765625 518.0528507232666 140.759765625 518.0528507232666 178.34291458129883 497.9208984375 178.34291458129883
498.0322265625 140.7681427001953 518.5118808746338 140.7681427001953 518.5118808746338 177.33417510986328 498.0322265625 177.33417510986328
497.95751953125 141.00210571289062 517.7963256835938 141.00210571289062 517.7963256835938 177.24563598632812 497.95751953125 177.24563598632812
497.5994567871094 140.95013427734375 517.4211254119873 140.95013427734375 517.4211254119873 178.50699996948242 497.5994567871094 178.50699996948242
497.206298828125 140.18467712402344 517.4930210113525 140.18467712402344 517.4930210113525 177.38282012939453 497.206298828125 177.38282012939453
497.01708984375 140.28501892089844 516.6844749450684 140.28501892089844 516.6844749450684 176.40410232543945 497.01708984375 176.40410232543945
496.40496826171875 140.12548828125 516.9627532958984 140.12548828125 516.9627532958984 176.83885955810547 496.40496826171875 176.83885955810547
496.6361389160156 141.40621948242188 516.5359153747559 141.40621948242188 516.5359153747559 175.98638153076172 496.6361389160156 175.98638153076172
496.215576171875 140.9067840576172 516.4169864654541 140.9067840576172 516.4169864654541 176.58379745483398 496.215576171875 176.58379745483398
496.3536682128906 140.5912322998047 516.293046951294 140.5912322998047 516.293046951294 177.0954475402832 496.3536682128906 177.0954475402832
495.3785705566406 140.53854370117188 515.9305610656738 140.53854370117188 515.9305610656738 176.99275588989258 495.3785705566406 176.99275588989258
495.87139892578125 141.60009765625 515.6457138061523 141.60009765625 515.6457138061523 177.65267181396484 495.87139892578125 177.65267181396484
494.7025451660156 141.12509155273438 515.0494346618652 141.12509155273438 515.0494346618652 179.1820526123047 494.7025451660156 179.1820526123047
493.776123046875 140.90170288085938 514.3142204284668 140.90170288085938 514.3142204284668 178.92816925048828 493.776123046875 178.92816925048828
493.65106201171875 140.6054229736328 513.9286251068115 140.6054229736328 513.9286251068115 177.88906478881836 493.65106201171875 177.88906478881836
493.1048889160156 140.4447021484375 513.4856414794922 140.4447021484375 513.4856414794922 177.1708869934082 493.1048889160156 177.1708869934082
493.09100341796875 140.2925262451172 513.7225894927979 140.2925262451172 513.7225894927979 175.70453643798828 493.09100341796875 175.70453643798828
492.3706970214844 139.94631958007812 512.2768440246582 139.94631958007812 512.2768440246582 175.87128067016602 492.3706970214844 175.87128067016602
492.06658935546875 138.760009765625 512.699743270874 138.760009765625 512.699743270874 176.39551544189453 492.06658935546875 176.39551544189453
491.75177001953125 140.61233520507812 511.8881778717041 140.61233520507812 511.8881778717041 175.73353958129883 491.75177001953125 175.73353958129883
492.12591552734375 140.43443298339844 512.9993629455566 140.43443298339844 512.9993629455566 175.94501495361328 492.12591552734375 175.94501495361328
491.31781005859375 140.1928253173828 511.2003860473633 140.1928253173828 511.2003860473633 176.13235092163086 491.31781005859375 176.13235092163086
490.58404541015625 140.22802734375 510.52160263061523 140.22802734375 510.52160263061523 175.14892578125 490.58404541015625 175.14892578125
490.35693359375 141.08349609375 510.16711235046387 141.08349609375 510.16711235046387 176.2716293334961 490.35693359375 176.2716293334961
489.89129638671875 140.81346130371094 508.6407775878906 140.81346130371094 508.6407775878906 174.9032325744629 489.89129638671875 174.9032325744629
489.6357421875 140.36273193359375 508.50090980529785 140.36273193359375 508.50090980529785 174.95319366455078 489.6357421875 174.95319366455078
489.1560974121094 140.86093139648438 508.074031829834 140.86093139648438 508.074031829834 175.8814697265625 489.1560974121094 175.8814697265625
488.7135314941406 139.71923828125 507.58893966674805 139.71923828125 507.58893966674805 175.2749900817871 488.7135314941406 175.2749900817871
487.458251953125 139.59298706054688 506.50446701049805 139.59298706054688 506.50446701049805 175.6992950439453 487.458251953125 175.6992950439453
486.8553161621094 139.9232635498047 505.77903175354004 139.9232635498047 505.77903175354004 175.77872467041016 486.8553161621094 175.77872467041016
486.917724609375 138.91867065429688 505.9304313659668 138.91867065429688 505.9304313659668 174.94274139404297 486.917724609375 174.94274139404297
486.0860900878906 140.2615203857422 504.90920639038086 140.2615203857422 504.90920639038086 175.55595016479492 486.0860900878906 175.55595016479492
485.8373107910156 139.83737182617188 504.44952392578125 139.83737182617188 504.44952392578125 174.43518447875977 485.8373107910156 174.43518447875977
484.70623779296875 140.2415008544922 502.97901344299316 140.2415008544922 502.97901344299316 174.86359024047852 484.70623779296875 174.86359024047852
484.4444885253906 139.38192749023438 502.96397399902344 139.38192749023438 502.96397399902344 174.47146606445312 484.4444885253906 174.47146606445312
483.66925048828125 139.88760375976562 502.2299118041992 139.88760375976562 502.2299118041992 174.40751266479492 483.66925048828125 174.40751266479492
483.63665771484375 139.1987762451172 502.51566886901855 139.1987762451172 502.51566886901855 173.7663345336914 483.63665771484375 173.7663345336914
483.51336669921875 139.37237548828125 502.17165756225586 139.37237548828125 502.17165756225586 174.29948043823242 483.51336669921875 174.29948043823242
483.343017578125 139.39125061035156 501.8317451477051 139.39125061035156 501.8317451477051 174.42251205444336 483.343017578125 174.42251205444336
483.0675354003906 140.34017944335938 501.3761577606201 140.34017944335938 501.3761577606201 175.03018951416016 483.0675354003906 175.03018951416016
482.73223876953125 139.62734985351562 501.0610694885254 139.62734985351562 501.0610694885254 174.35564804077148 482.73223876953125 174.35564804077148
482.0481872558594 139.9427490234375 500.51695442199707 139.9427490234375 500.51695442199707 174.93618392944336 482.0481872558594 174.93618392944336
482.3832092285156 139.27537536621094 500.8890190124512 139.27537536621094 500.8890190124512 173.63710021972656 482.3832092285156 173.63710021972656
481.8201599121094 139.05148315429688 500.257381439209 139.05148315429688 500.257381439209 173.16631317138672 481.8201599121094 173.16631317138672
482.16192626953125 138.18936157226562 500.8877201080322 138.18936157226562 500.8877201080322 173.10009765625 482.16192626953125 173.10009765625
481.22967529296875 139.14413452148438 499.37688064575195 139.14413452148438 499.37688064575195 173.52829360961914 481.22967529296875 173.52829360961914
481.5880432128906 138.7654266357422 499.9994869232178 138.7654266357422 499.9994869232178 173.39257049560547 481.5880432128906 173.39257049560547
481.96624755859375 138.06973266601562 500.5554885864258 138.06973266601562 500.5554885864258 172.50855255126953 481.96624755859375 172.50855255126953
481.13909912109375 138.6119384765625 499.4422302246094 138.6119384765625 499.4422302246094 173.29154205322266 481.13909912109375 173.29154205322266
481.0146484375 138.99783325195312 499.0439262390137 138.99783325195312 499.0439262390137 173.15856170654297 481.0146484375 173.15856170654297
480.54254150390625 139.58670043945312 498.4360237121582 139.58670043945312 498.4360237121582 173.16881561279297 480.54254150390625 173.16881561279297
480.42425537109375 139.23391723632812 498.267147064209 139.23391723632812 498.267147064209 173.04149627685547 480.42425537109375 173.04149627685547
479.80047607421875 138.36697387695312 497.88102531433105 138.36697387695312 497.88102531433105 172.6248550415039 479.80047607421875 172.6248550415039
479.8233337402344 137.97299194335938 497.857364654541 137.97299194335938 497.857364654541 172.14273071289062 479.8233337402344 172.14273071289062
479.912109375 138.56065368652344 498.03531646728516 138.56065368652344 498.03531646728516 172.89935302734375 479.912109375 172.89935302734375
479.3211364746094 137.75900268554688 497.58792304992676 137.75900268554688 497.58792304992676 172.36974716186523 479.3211364746094 172.36974716186523
478.9605407714844 138.82073974609375 497.17305183410645 138.82073974609375 497.17305183410645 173.32864379882812 478.9605407714844 173.32864379882812
478.53021240234375 138.84576416015625 496.98170280456543 138.84576416015625 496.98170280456543 173.8064727783203 478.53021240234375 173.8064727783203
478.64373779296875 138.07315063476562 497.2255516052246 138.07315063476562 497.2255516052246 172.89638137817383 478.64373779296875 172.89638137817383
478.33282470703125 138.7139892578125 496.5984058380127 138.7139892578125 496.5984058380127 173.32244110107422 478.33282470703125 173.32244110107422
477.77001953125 138.31607055664062 495.9857482910156 138.31607055664062 495.9857482910156 172.7886734008789 477.77001953125 172.7886734008789
477.86334228515625 138.95303344726562 496.15077209472656 138.95303344726562 496.15077209472656 173.21160125732422 477.86334228515625 173.21160125732422
477.65838623046875 138.87261962890625 495.8434181213379 138.87261962890625 495.8434181213379 172.90767669677734 477.65838623046875 172.90767669677734
476.7786560058594 138.83993530273438 495.45008659362793 138.83993530273438 495.45008659362793 173.36983108520508 476.7786560058594 173.36983108520508
476.833984375 137.84375 495.437931060791 137.84375 495.437931060791 172.23433685302734 476.833984375 172.23433685302734
476.8805236816406 137.5675506591797 495.1164131164551 137.5675506591797 495.1164131164551 171.63613510131836 476.8805236816406 171.63613510131836
477.25579833984375 137.25088500976562 495.1906623840332 137.25088500976562 495.1906623840332 171.13026428222656 477.25579833984375 171.13026428222656
476.1534729003906 137.50975036621094 494.0383243560791 137.50975036621094 494.0383243560791 171.3968162536621 476.1534729003906 171.3968162536621
474.70550537109375 137.2084197998047 492.7596740722656 137.2084197998047 492.7596740722656 171.41629791259766 474.70550537109375 171.41629791259766
474.83984375 138.425537109375 492.86267471313477 138.425537109375 492.86267471313477 172.07530975341797 474.83984375 172.07530975341797
474.65887451171875 137.25709533691406 492.71265029907227 137.25709533691406 492.71265029907227 171.46422576904297 474.65887451171875 171.46422576904297
473.68914794921875 136.55859375 491.5841407775879 136.55859375 491.5841407775879 170.46487045288086 473.68914794921875 170.46487045288086
473.28021240234375 136.8929901123047 490.9819583892822 136.8929901123047 490.9819583892822 170.43311309814453 473.28021240234375 170.43311309814453
473.12420654296875 137.2379150390625 490.9419822692871 137.2379150390625 490.9419822692871 170.99788284301758 473.12420654296875 170.99788284301758
472.525146484375 136.783935546875 490.5624351501465 136.783935546875 490.5624351501465 170.95982360839844 472.525146484375 170.95982360839844
471.6739196777344 136.75714111328125 489.76102447509766 136.75714111328125 489.76102447509766 171.02741622924805 471.6739196777344 171.02741622924805
471.2137756347656 136.6160430908203 489.6363868713379 136.6160430908203 489.6363868713379 171.52201080322266 471.2137756347656 171.52201080322266
471.0045471191406 136.14735412597656 489.3769836425781 136.14735412597656 489.3769836425781 170.95825958251953 471.0045471191406 170.95825958251953
470.1993713378906 136.0816650390625 488.8790702819824 136.0816650390625 488.8790702819824 171.4747543334961 470.1993713378906 171.4747543334961
470.42041015625 136.532470703125 489.3132743835449 136.532470703125 489.3132743835449 171.32130432128906 470.42041015625 171.32130432128906
469.484619140625 136.9886016845703 487.7703227996826 136.9886016845703 487.7703227996826 171.63516998291016 469.484619140625 171.63516998291016
469.1278381347656 137.72557067871094 487.4318199157715 137.72557067871094 487.4318199157715 171.30451202392578 469.1278381347656 171.30451202392578
468.19464111328125 136.32554626464844 486.69863510131836 136.32554626464844 486.69863510131836 170.1577262878418 468.19464111328125 170.1577262878418
468.34014892578125 136.50637817382812 486.2986717224121 136.50637817382812 486.2986717224121 169.60371017456055 468.34014892578125 169.60371017456055
467.892578125 136.08975219726562 485.60476875305176 136.08975219726562 485.60476875305176 169.64967727661133 467.892578125 169.64967727661133
467.32208251953125 135.87966918945312 485.0946750640869 135.87966918945312 485.0946750640869 169.55403518676758 467.32208251953125 169.55403518676758
466.841796875 136.2633514404297 484.59336853027344 136.2633514404297 484.59336853027344 169.89788436889648 466.841796875 169.89788436889648
465.99932861328125 137.90370178222656 483.49423027038574 137.90370178222656 483.49423027038574 171.0519142150879 465.99932861328125 171.0519142150879
465.0767517089844 135.9120635986328 482.4826259613037 135.9120635986328 482.4826259613037 168.89159393310547 465.0767517089844 168.89159393310547
464.2400817871094 136.41629028320312 481.7202663421631 136.41629028320312 481.7202663421631 169.53662490844727 464.2400817871094 169.53662490844727
463.08441162109375 136.7190399169922 480.7747745513916 136.7190399169922 480.7747745513916 169.74081802368164 463.08441162109375 169.74081802368164
462.38006591796875 136.49398803710938 480.0028438568115 136.49398803710938 480.0028438568115 169.8844985961914 462.38006591796875 169.8844985961914
462.971435546875 136.52371215820312 480.3638153076172 136.52371215820312 480.3638153076172 169.47767639160156 462.971435546875 169.47767639160156
461.6022033691406 136.2522430419922 479.10590744018555 136.2522430419922 479.10590744018555 169.4171371459961 461.6022033691406 169.4171371459961
461.47283935546875 136.72592163085938 478.9986267089844 136.72592163085938 478.9986267089844 169.93265914916992 461.47283935546875 169.93265914916992
461.15362548828125 136.55221557617188 478.64055824279785 136.55221557617188 478.64055824279785 169.68533325195312 461.15362548828125 169.68533325195312
460.1835021972656 136.73043823242188 477.8284511566162 136.73043823242188 477.8284511566162 170.16295623779297 460.1835021972656 170.16295623779297
460.00347900390625 137.0154266357422 477.1749897003174 137.0154266357422 477.1749897003174 169.5509033203125 460.00347900390625 169.5509033203125
459.37664794921875 136.972412109375 476.6802291870117 136.972412109375 476.6802291870117 169.75812530517578 459.37664794921875 169.75812530517578
459.2181701660156 137.47134399414062 476.3952751159668 137.47134399414062 476.3952751159668 170.01741790771484 459.2181701660156 170.01741790771484
458.2726135253906 138.56500244140625 475.6556148529053 138.56500244140625 475.6556148529053 171.50119018554688 458.2726135253906 171.50119018554688
458.2655334472656 137.1194305419922 475.44943618774414 137.1194305419922 475.44943618774414 169.67838287353516 458.2655334472656 169.67838287353516
457.6100158691406 136.29928588867188 475.02270126342773 136.29928588867188 475.02270126342773 169.29172134399414 457.6100158691406 169.29172134399414
457.09197998046875 136.20620727539062 474.5891227722168 136.20620727539062 474.5891227722168 169.3586654663086 457.09197998046875 169.3586654663086
456.5392150878906 136.25119018554688 474.03503036499023 136.25119018554688 474.03503036499023 168.58847045898438 456.5392150878906 168.58847045898438
456.42852783203125 135.69696044921875 473.6552848815918 135.69696044921875 473.6552848815918 168.33710861206055 456.42852783203125 168.33710861206055
455.5614318847656 135.99853515625 472.76296043395996 135.99853515625 472.76296043395996 168.59088516235352 455.5614318847656 168.59088516235352
454.66986083984375 136.61709594726562 471.68819999694824 136.61709594726562 471.68819999694824 168.8623504638672 454.66986083984375 168.8623504638672
454.1298828125 136.74974060058594 471.48482513427734 136.74974060058594 471.48482513427734 169.63277053833008 454.1298828125 169.63277053833008
453.44061279296875 136.6040496826172 470.9322509765625 136.6040496826172 470.9322509765625 169.74607467651367 453.44061279296875 169.74607467651367
452.7593688964844 136.28457641601562 470.07165145874023 136.28457641601562 470.07165145874023 169.0867691040039 452.7593688964844 169.0867691040039
452.51702880859375 136.59092712402344 469.6826934814453 136.59092712402344 469.6826934814453 169.11531829833984 452.51702880859375 169.11531829833984
452.3780212402344 136.64111328125 469.4076404571533 136.64111328125 469.4076404571533 168.90773391723633 452.3780212402344 168.90773391723633
451.6016540527344 135.70106506347656 468.74391174316406 135.70106506347656 468.74391174316406 168.1811065673828 451.6016540527344 168.1811065673828
451.25482177734375 135.59365844726562 468.41282081604004 135.59365844726562 468.41282081604004 168.10352325439453 451.25482177734375 168.10352325439453
451.0843811035156 135.6263885498047 468.4986057281494 135.6263885498047 468.4986057281494 168.62173080444336 451.0843811035156 168.62173080444336
450.6224670410156 135.45413208007812 467.9389305114746 135.45413208007812 467.9389305114746 168.26424026489258 450.6224670410156 168.26424026489258
450.47857666015625 136.2293701171875 467.8336887359619 136.2293701171875 467.8336887359619 169.11270904541016 450.47857666015625 169.11270904541016
449.69317626953125 136.53518676757812 467.1757564544678 136.53518676757812 467.1757564544678 169.6600456237793 449.69317626953125 169.6600456237793
449.71209716796875 135.63394165039062 467.1494941711426 135.63394165039062 467.1494941711426 168.67318725585938 449.71209716796875 168.67318725585938
449.14794921875 136.35205078125 466.79197692871094 136.35205078125 466.79197692871094 169.7828025817871 449.14794921875 169.7828025817871
448.3919372558594 135.4160919189453 466.4481620788574 135.4160919189453 466.4481620788574 169.00280380249023 448.3919372558594 169.00280380249023
448.5209045410156 135.09042358398438 466.3414115905762 135.09042358398438 466.3414115905762 168.85556030273438 448.5209045410156 168.85556030273438
448.4756774902344 136.24969482421875 466.40890312194824 136.24969482421875 466.40890312194824 170.2284049987793 448.4756774902344 170.2284049987793
447.60736083984375 135.09979248046875 466.1997547149658 135.09979248046875 466.1997547149658 168.01830291748047 447.60736083984375 168.01830291748047
447.8612365722656 134.5066680908203 465.83296394348145 134.5066680908203 465.83296394348145 168.5583267211914 447.8612365722656 168.5583267211914
446.7662658691406 135.26287841796875 464.89064025878906 135.26287841796875 464.89064025878906 168.0154800415039 446.7662658691406 168.0154800415039
446.8827209472656 136.11062622070312 464.35575675964355 136.11062622070312 464.35575675964355 169.21739959716797 446.8827209472656 169.21739959716797
445.467041015625 135.595458984375 462.77385330200195 135.595458984375 462.77385330200195 168.3872833251953 445.467041015625 168.3872833251953
445.07464599609375 136.37313842773438 462.7368812561035 136.37313842773438 462.7368812561035 169.18010330200195 445.07464599609375 169.18010330200195
444.5985412597656 135.4851837158203 462.00611877441406 135.4851837158203 462.00611877441406 168.4679298400879 444.5985412597656 168.4679298400879
444.64306640625 134.50755310058594 461.9214496612549 134.50755310058594 461.9214496612549 167.24551010131836 444.64306640625 167.24551010131836
444.63372802734375 134.4755859375 461.6761131286621 134.4755859375 461.6761131286621 166.7663917541504 444.63372802734375 166.7663917541504
443.58599853515625 135.14517211914062 460.36467361450195 135.14517211914062 460.36467361450195 166.93632125854492 443.58599853515625 166.93632125854492
443.8382873535156 135.08477783203125 460.7908401489258 135.08477783203125 460.7908401489258 167.20538330078125 443.8382873535156 167.20538330078125
443.5528869628906 136.2727508544922 460.43153381347656 136.2727508544922 460.43153381347656 168.25332260131836 443.5528869628906 168.25332260131836
443.3365173339844 135.58633422851562 460.44167709350586 135.58633422851562 460.44167709350586 167.99608612060547 443.3365173339844 167.99608612060547
443.093505859375 135.6595001220703 460.17106437683105 135.6595001220703 460.17106437683105 168.01695251464844 443.093505859375 168.01695251464844
443.1480407714844 135.83474731445312 460.39957427978516 135.83474731445312 460.39957427978516 167.87137603759766 443.1480407714844 167.87137603759766
442.4278869628906 135.60232543945312 459.64662170410156 135.60232543945312 459.64662170410156 168.22726821899414 442.4278869628906 168.22726821899414
442.3168029785156 136.11854553222656 459.36157608032227 136.11854553222656 459.36157608032227 168.41387557983398 442.3168029785156 168.41387557983398
442.5052795410156 134.9588165283203 459.7581367492676 134.9588165283203 459.7581367492676 167.6484146118164 442.5052795410156 167.6484146118164
442.83306884765625 134.5170440673828 460.1991596221924 134.5170440673828 460.1991596221924 167.4211883544922 442.83306884765625 167.4211883544922
441.34698486328125 134.3304901123047 459.09715270996094 134.3304901123047 459.09715270996094 166.82147598266602 441.34698486328125 166.82147598266602
440.99365234375 134.7235107421875 458.30113792419434 134.7235107421875 458.30113792419434 166.39926719665527 440.99365234375 166.39926719665527
440.37469482421875 133.49996948242188 457.99865341186523 133.49996948242188 457.99865341186523 166.74310302734375 440.37469482421875 166.74310302734375
440.1290588378906 133.2843017578125 457.60252571105957 133.2843017578125 457.60252571105957 166.39189529418945 440.1290588378906 166.39189529418945
440.00567626953125 134.0468292236328 457.47147369384766 134.0468292236328 457.47147369384766 167.139892578125 440.00567626953125 167.139892578125
439.06768798828125 135.17733764648438 456.4857692718506 135.17733764648438 456.4857692718506 168.17998886108398 439.06768798828125 168.17998886108398
438.4491271972656 133.74502563476562 455.6715621948242 133.74502563476562 455.6715621948242 166.3769760131836 438.4491271972656 166.3769760131836
438.2018127441406 133.04705810546875 455.3319664001465 133.04705810546875 455.3319664001465 165.5041618347168 438.2018127441406 165.5041618347168
438.0103454589844 133.2752227783203 455.26709365844727 133.2752227783203 455.26709365844727 165.97218704223633 438.0103454589844 165.97218704223633
438.41949462890625 133.35885620117188 455.76589012145996 133.35885620117188 455.76589012145996 166.22568130493164 438.41949462890625 166.22568130493164
437.7767028808594 133.88772583007812 455.002986907959 133.88772583007812 455.002986907959 166.52697372436523 437.7767028808594 166.52697372436523
437.66632080078125 133.9571533203125 455.2208614349365 133.9571533203125 455.2208614349365 167.2183609008789 437.66632080078125 167.2183609008789
437.31427001953125 134.33700561523438 455.0408420562744 134.33700561523438 455.0408420562744 167.13667678833008 437.31427001953125 167.13667678833008
437.24932861328125 133.96885681152344 454.7577075958252 133.96885681152344 454.7577075958252 166.6642189025879 437.24932861328125 166.6642189025879
436.91473388671875 133.57699584960938 454.357702255249 133.57699584960938 454.357702255249 165.3369541168213 436.91473388671875 165.3369541168213
436.40521240234375 134.2728729248047 454.2284278869629 134.2728729248047 454.2284278869629 167.08098220825195 436.40521240234375 167.08098220825195
436.55963134765625 132.75189208984375 453.9619197845459 132.75189208984375 453.9619197845459 164.3575038909912 436.55963134765625 164.3575038909912
435.97882080078125 133.50265502929688 453.7671489715576 133.50265502929688 453.7671489715576 166.3402862548828 435.97882080078125 166.3402862548828
436.31884765625 133.15646362304688 453.82804107666016 133.15646362304688 453.82804107666016 166.3317527770996 436.31884765625 166.3317527770996
435.3981018066406 133.17691040039062 453.2053985595703 133.17691040039062 453.2053985595703 165.13338088989258 435.3981018066406 165.13338088989258
435.6351623535156 133.27548217773438 453.2561225891113 133.27548217773438 453.2561225891113 165.0651969909668 435.6351623535156 165.0651969909668
435.2965393066406 133.9732208251953 453.00061416625977 133.9732208251953 453.00061416625977 165.77709579467773 435.2965393066406 165.77709579467773
434.81085205078125 132.51397705078125 452.54233169555664 132.51397705078125 452.54233169555664 164.80631637573242 434.81085205078125 164.80631637573242
434.6626892089844 133.17401123046875 452.388463973999 133.17401123046875 452.388463973999 166.3860626220703 434.6626892089844 166.3860626220703
434.21771240234375 132.5772705078125 452.04322814941406 132.5772705078125 452.04322814941406 166.15482330322266 434.21771240234375 166.15482330322266
433.14532470703125 133.3902587890625 451.10797691345215 133.3902587890625 451.10797691345215 167.42472076416016 433.14532470703125 167.42472076416016
433.09649658203125 133.2797393798828 451.22881507873535 133.2797393798828 451.22881507873535 165.88542938232422 433.09649658203125 165.88542938232422
432.6319274902344 131.7795867919922 451.176721572876 131.7795867919922 451.176721572876 165.18335723876953 432.6319274902344 165.18335723876953
431.9776916503906 131.83580017089844 450.6654300689697 131.83580017089844 450.6654300689697 164.35731887817383 431.9776916503906 164.35731887817383
432.4901428222656 132.21755981445312 450.5322971343994 132.21755981445312 450.5322971343994 166.40265655517578 432.4901428222656 166.40265655517578
432.02020263671875 132.9698028564453 450.56090927124023 132.9698028564453 450.56090927124023 166.44328689575195 432.02020263671875 166.44328689575195
432.083984375 133.1485595703125 450.52232551574707 133.1485595703125 450.52232551574707 166.98129272460938 432.083984375 166.98129272460938
432.40106201171875 132.17538452148438 450.7972602844238 132.17538452148438 450.7972602844238 167.03129196166992 432.40106201171875 167.03129196166992
431.98553466796875 132.18975830078125 450.533052444458 132.18975830078125 450.533052444458 165.91509246826172 431.98553466796875 165.91509246826172
431.7113342285156 132.58193969726562 450.1765880584717 132.58193969726562 450.1765880584717 166.11377716064453 431.7113342285156 166.11377716064453
431.04498291015625 132.298828125 449.7420463562012 132.298828125 449.7420463562012 166.77437591552734 431.04498291015625 166.77437591552734
431.5353088378906 131.6822509765625 449.8149642944336 131.6822509765625 449.8149642944336 165.80622100830078 431.5353088378906 165.80622100830078
430.86187744140625 131.51809692382812 449.41322898864746 131.51809692382812 449.41322898864746 164.9139060974121 430.86187744140625 164.9139060974121
430.7398986816406 131.4266815185547 448.80666732788086 131.4266815185547 448.80666732788086 164.98439407348633 430.7398986816406 164.98439407348633
430.70098876953125 131.00318908691406 449.36451530456543 131.00318908691406 449.36451530456543 163.99653244018555 430.70098876953125 163.99653244018555
429.89813232421875 130.840576171875 448.09323501586914 130.840576171875 448.09323501586914 165.31545639038086 429.89813232421875 165.31545639038086
429.0791931152344 131.5117645263672 448.29027938842773 131.5117645263672 448.29027938842773 164.26410293579102 429.0791931152344 164.26410293579102
428.61773681640625 132.74330139160156 447.87878799438477 132.74330139160156 447.87878799438477 165.3430938720703 428.61773681640625 165.3430938720703
428.0406799316406 132.12619018554688 446.4549922943115 132.12619018554688 446.4549922943115 165.93537521362305 428.0406799316406 165.93537521362305
427.79437255859375 131.50924682617188 446.27123641967773 131.50924682617188 446.27123641967773 165.0379753112793 427.79437255859375 165.0379753112793
427.03973388671875 130.9870147705078 445.5635681152344 130.9870147705078 445.5635681152344 165.37572860717773 427.03973388671875 165.37572860717773
426.1902770996094 130.76071166992188 444.8070755004883 130.76071166992188 444.8070755004883 163.28058624267578 426.1902770996094 163.28058624267578
426.394775390625 130.7850799560547 444.40729331970215 130.7850799560547 444.40729331970215 164.91400527954102 426.394775390625 164.91400527954102
425.296630859375 129.88758850097656 443.5050582885742 129.88758850097656 443.5050582885742 164.38771438598633 425.296630859375 164.38771438598633
424.279052734375 130.90081787109375 442.5018081665039 130.90081787109375 442.5018081665039 165.4280891418457 424.279052734375 165.4280891418457
424.74688720703125 130.85101318359375 442.919490814209 130.85101318359375 442.919490814209 165.56036376953125 424.74688720703125 165.56036376953125
424.1067810058594 128.72158813476562 442.31982421875 128.72158813476562 442.31982421875 161.65241241455078 424.1067810058594 161.65241241455078
425.35955810546875 130.46023559570312 443.7179660797119 130.46023559570312 443.7179660797119 163.5245475769043 425.35955810546875 163.5245475769043
424.540771484375 130.74314880371094 442.6835079193115 130.74314880371094 442.6835079193115 164.4185562133789 424.540771484375 164.4185562133789
423.05328369140625 129.7743377685547 441.3272953033447 129.7743377685547 441.3272953033447 164.4418487548828 423.05328369140625 164.4418487548828
423.3017578125 130.6619415283203 441.66515350341797 130.6619415283203 441.66515350341797 164.30422592163086 423.3017578125 164.30422592163086
422.64849853515625 131.07083129882812 440.77932357788086 131.07083129882812 440.77932357788086 165.26835250854492 422.64849853515625 165.26835250854492
422.86114501953125 131.4739227294922 441.1240577697754 131.4739227294922 441.1240577697754 165.23029327392578 422.86114501953125 165.23029327392578
422.63238525390625 130.5130615234375 440.6455020904541 130.5130615234375 440.6455020904541 164.64311599731445 422.63238525390625 164.64311599731445
422.1465759277344 130.84115600585938 440.2402687072754 130.84115600585938 440.2402687072754 163.2972640991211 422.1465759277344 163.2972640991211
422.0174255371094 130.18386840820312 439.4767208099365 130.18386840820312 439.4767208099365 163.68952560424805 422.0174255371094 163.68952560424805
420.8392639160156 130.41891479492188 438.089786529541 130.41891479492188 438.089786529541 165.7985610961914 420.8392639160156 165.7985610961914
419.95245361328125 130.56509399414062 436.6403121948242 130.56509399414062 436.6403121948242 164.92515182495117 419.95245361328125 164.92515182495117
419.7022399902344 133.05055236816406 436.67068099975586 133.05055236816406 436.67068099975586 165.29082870483398 419.7022399902344 165.29082870483398
417.634033203125 136.22964477539062 434.9868221282959 136.22964477539062 434.9868221282959 165.34449768066406 417.634033203125 165.34449768066406
416.046630859375 136.13699340820312 432.72166442871094 136.13699340820312 432.72166442871094 165.38579177856445 416.046630859375 165.38579177856445
413.6039123535156 133.16275024414062 431.17887115478516 133.16275024414062 431.17887115478516 166.4626121520996 413.6039123535156 166.4626121520996
413.28118896484375 134.9415740966797 430.22031021118164 134.9415740966797 430.22031021118164 165.88640975952148 413.28118896484375 165.88640975952148
411.219970703125 133.69876098632812 428.78086280822754 133.69876098632812 428.78086280822754 165.37294960021973 411.219970703125 165.37294960021973
411.2679138183594 135.21437072753906 427.3002338409424 135.21437072753906 427.3002338409424 164.76233291625977 411.2679138183594 164.76233291625977
409.88409423828125 133.1627655029297 425.6311264038086 133.1627655029297 425.6311264038086 164.04484176635742 409.88409423828125 164.04484176635742
408.32232666015625 131.5 424.36342430114746 131.5 424.36342430114746 164.5355339050293 408.32232666015625 164.5355339050293
406.60809326171875 131.72824096679688 423.54272651672363 131.72824096679688 423.54272651672363 165.03483963012695 406.60809326171875 165.03483963012695
405.8601379394531 130.5663299560547 424.3200454711914 130.5663299560547 424.3200454711914 164.36518096923828 405.8601379394531 164.36518096923828
403.66064453125 129.57760620117188 422.7835636138916 129.57760620117188 422.7835636138916 164.29040908813477 403.66064453125 164.29040908813477
404.02703857421875 130.76307678222656 422.7791862487793 130.76307678222656 422.7791862487793 165.0016632080078 404.02703857421875 165.0016632080078
401.39349365234375 131.0313262939453 420.82978439331055 131.0313262939453 420.82978439331055 163.7472801208496 401.39349365234375 163.7472801208496
397.9604187011719 133.56846618652344 415.7925662994385 133.56846618652344 415.7925662994385 166.6412467956543 397.9604187011719 166.6412467956543
397.1263122558594 132.4171600341797 414.6290988922119 132.4171600341797 414.6290988922119 164.99736785888672 397.1263122558594 164.99736785888672
397.55194091796875 128.78237915039062 415.4187297821045 128.78237915039062 415.4187297821045 164.0196876525879 397.55194091796875 164.0196876525879
397.59405517578125 126.76573181152344 416.17877197265625 126.76573181152344 416.17877197265625 164.21621322631836 397.59405517578125 164.21621322631836
396.38067626953125 128.95628356933594 415.77030754089355 128.95628356933594 415.77030754089355 164.44328689575195 396.38067626953125 164.44328689575195
394.9687805175781 127.34578704833984 414.2619400024414 127.34578704833984 414.2619400024414 164.63726425170898 394.9687805175781 164.63726425170898
393.03607177734375 128.71029663085938 411.7405433654785 128.71029663085938 411.7405433654785 163.70745849609375 393.03607177734375 163.70745849609375
392.607177734375 128.61163330078125 411.1368751525879 128.61163330078125 411.1368751525879 163.955322265625 392.607177734375 163.955322265625
390.5315856933594 127.6824722290039 409.12424087524414 127.6824722290039 409.12424087524414 163.7585678100586 390.5315856933594 163.7585678100586
388.53729248046875 129.2952423095703 406.95232009887695 129.2952423095703 406.95232009887695 164.18387603759766 388.53729248046875 164.18387603759766
386.3977966308594 128.69515991210938 404.79366302490234 128.69515991210938 404.79366302490234 163.03418731689453 386.3977966308594 163.03418731689453
380.2127685546875 130.23507690429688 398.9030113220215 130.23507690429688 398.9030113220215 165.5391731262207 380.2127685546875 165.5391731262207
379.07574462890625 129.39297485351562 398.0575523376465 129.39297485351562 398.0575523376465 167.0136375427246 379.07574462890625 167.0136375427246
386.0230407714844 129.1256561279297 404.63393211364746 129.1256561279297 404.63393211364746 163.54806900024414 386.0230407714844 163.54806900024414
384.61865234375 128.0495147705078 403.65826416015625 128.0495147705078 403.65826416015625 163.46541595458984 384.61865234375 163.46541595458984
373.544189453125 130.7716064453125 393.0897445678711 130.7716064453125 393.0897445678711 167.31794357299805 373.544189453125 167.31794357299805
371.26812744140625 128.26870727539062 391.43039321899414 128.26870727539062 391.43039321899414 165.5271224975586 371.26812744140625 165.5271224975586
369.1863708496094 129.8931427001953 389.7352638244629 129.8931427001953 389.7352638244629 165.73299026489258 369.1863708496094 165.73299026489258
367.92596435546875 131.08535766601562 388.27077293395996 131.08535766601562 388.27077293395996 166.88779067993164 367.92596435546875 166.88779067993164
365.2489318847656 131.84103393554688 385.1627712249756 131.84103393554688 385.1627712249756 168.51870346069336 365.2489318847656 168.51870346069336
365.0960388183594 130.00430297851562 383.6712112426758 130.00430297851562 383.6712112426758 169.41234970092773 365.0960388183594 169.41234970092773
364.7308349609375 130.9390411376953 382.512882232666 130.9390411376953 382.512882232666 169.35260009765625 364.7308349609375 169.35260009765625
364.6276550292969 127.98968505859375 383.10280418395996 127.98968505859375 383.10280418395996 166.70316314697266 364.6276550292969 166.70316314697266
372.1849365234375 127.39714050292969 389.43949127197266 127.39714050292969 389.43949127197266 163.99510192871094 372.1849365234375 163.99510192871094
371.2890930175781 128.73655700683594 388.6779499053955 128.73655700683594 388.6779499053955 163.60602569580078 371.2890930175781 163.60602569580078
363.90374755859375 129.1490020751953 382.46115493774414 129.1490020751953 382.46115493774414 165.94364166259766 363.90374755859375 165.94364166259766
357.65997314453125 133.96607971191406 376.6942138671875 133.96607971191406 376.6942138671875 169.24293518066406 357.65997314453125 169.24293518066406
358.0186767578125 133.7460174560547 376.15617179870605 133.7460174560547 376.15617179870605 168.45368194580078 358.0186767578125 168.45368194580078
364.4350891113281 127.58036041259766 382.00837326049805 127.58036041259766 382.00837326049805 164.07471466064453 364.4350891113281 164.07471466064453
353.8960266113281 131.28738403320312 372.57312202453613 131.28738403320312 372.57312202453613 166.70946502685547 353.8960266113281 166.70946502685547
351.4783020019531 131.8348388671875 369.46137619018555 131.8348388671875 369.46137619018555 166.0174789428711 351.4783020019531 166.0174789428711
349.7848815917969 131.73397827148438 368.02689361572266 131.73397827148438 368.02689361572266 165.8828010559082 349.7848815917969 165.8828010559082
360.2684631347656 128.72930908203125 377.4810085296631 128.72930908203125 377.4810085296631 166.63964080810547 360.2684631347656 166.63964080810547
358.0406799316406 129.38412475585938 375.21471977233887 129.38412475585938 375.21471977233887 166.52674865722656 358.0406799316406 166.52674865722656
356.7930908203125 128.4155731201172 374.64122772216797 128.4155731201172 374.64122772216797 166.53807830810547 356.7930908203125 166.53807830810547
354.94964599609375 129.52877807617188 372.23607635498047 129.52877807617188 372.23607635498047 165.70237731933594 354.94964599609375 165.70237731933594
349.990234375 129.0959014892578 367.5652275085449 129.0959014892578 367.5652275085449 166.2248878479004 349.990234375 166.2248878479004
346.33660888671875 129.98828125 364.0971794128418 129.98828125 364.0971794128418 165.73387908935547 346.33660888671875 165.73387908935547
352.28118896484375 129.89645385742188 369.5272922515869 129.89645385742188 369.5272922515869 163.96036911010742 352.28118896484375 163.96036911010742
349.07318115234375 128.7506561279297 366.42524337768555 128.7506561279297 366.42524337768555 165.69086837768555 349.07318115234375 165.69086837768555
343.2159118652344 128.98794555664062 359.93283462524414 128.98794555664062 359.93283462524414 167.79153442382812 343.2159118652344 167.79153442382812
348.8685607910156 128.0017852783203 366.3682613372803 128.0017852783203 366.3682613372803 164.86593627929688 348.8685607910156 164.86593627929688
347.81011962890625 128.75657653808594 364.90908432006836 128.75657653808594 364.90908432006836 165.1708526611328 347.81011962890625 165.1708526611328
346.10504150390625 129.66494750976562 363.7641124725342 129.66494750976562 363.7641124725342 165.58842086791992 346.10504150390625 165.58842086791992
344.07989501953125 129.91949462890625 362.2202033996582 129.91949462890625 362.2202033996582 165.0686798095703 344.07989501953125 165.0686798095703
342.85418701171875 129.3675079345703 360.2467842102051 129.3675079345703 360.2467842102051 165.65650177001953 342.85418701171875 165.65650177001953
342.08221435546875 129.09886169433594 358.83402252197266 129.09886169433594 358.83402252197266 165.35979843139648 342.08221435546875 165.35979843139648
340.2831115722656 127.71805572509766 357.4273796081543 127.71805572509766 357.4273796081543 164.53518676757812 340.2831115722656 164.53518676757812
339.0819396972656 127.98677825927734 355.51018142700195 127.98677825927734 355.51018142700195 163.37146377563477 339.0819396972656 163.37146377563477
335.76336669921875 129.1992950439453 352.43199348449707 129.1992950439453 352.43199348449707 164.14394760131836 335.76336669921875 164.14394760131836
337.31256103515625 128.69293212890625 353.9099979400635 128.69293212890625 353.9099979400635 164.52349472045898 337.31256103515625 164.52349472045898
336.27667236328125 129.58450317382812 353.1562194824219 129.58450317382812 353.1562194824219 165.45801544189453 336.27667236328125 165.45801544189453
334.414306640625 130.91441345214844 350.57144927978516 130.91441345214844 350.57144927978516 166.19626998901367 334.414306640625 166.19626998901367
332.38092041015625 130.59359741210938 349.2337226867676 130.59359741210938 349.2337226867676 165.6561279296875 332.38092041015625 165.6561279296875
330.39495849609375 128.7890167236328 347.27723693847656 128.7890167236328 347.27723693847656 165.30873107910156 330.39495849609375 165.30873107910156
329.4620056152344 128.28726196289062 347.08568954467773 128.28726196289062 347.08568954467773 165.48506927490234 329.4620056152344 165.48506927490234
329.5416564941406 128.34075927734375 345.662748336792 128.34075927734375 345.662748336792 164.17988204956055 329.5416564941406 164.17988204956055
328.24517822265625 130.40164184570312 344.7997169494629 130.40164184570312 344.7997169494629 164.96378326416016 328.24517822265625 164.96378326416016
326.12872314453125 127.53963470458984 342.1223421096802 127.53963470458984 342.1223421096802 166.4321403503418 326.12872314453125 166.4321403503418
324.7972717285156 126.10819244384766 341.1270408630371 126.10819244384766 341.1270408630371 163.91463470458984 324.7972717285156 163.91463470458984
322.9486389160156 126.3656234741211 339.664155960083 126.3656234741211 339.664155960083 165.56104278564453 322.9486389160156 165.56104278564453
322.052490234375 125.37763977050781 339.52773666381836 125.37763977050781 339.52773666381836 165.96822357177734 322.052490234375 165.96822357177734
320.55389404296875 126.532470703125 338.63560485839844 126.532470703125 338.63560485839844 166.11758422851562 320.55389404296875 166.11758422851562
319.0751953125 128.2582244873047 337.3870391845703 128.2582244873047 337.3870391845703 166.5851287841797 319.0751953125 166.5851287841797
317.20904541015625 128.64907836914062 335.7332172393799 128.64907836914062 335.7332172393799 166.38665390014648 317.20904541015625 166.38665390014648
316.8485412597656 127.9007797241211 334.1159915924072 127.9007797241211 334.1159915924072 165.8497772216797 316.8485412597656 165.8497772216797
313.46807861328125 127.09568786621094 331.22693061828613 127.09568786621094 331.22693061828613 165.20330810546875 313.46807861328125 165.20330810546875
313.5902099609375 127.031982421875 330.5128879547119 127.031982421875 330.5128879547119 164.6763572692871 313.5902099609375 164.6763572692871
311.88690185546875 130.17835998535156 329.70290756225586 130.17835998535156 329.70290756225586 165.80187606811523 311.88690185546875 165.80187606811523
310.7076721191406 126.87518310546875 328.5393695831299 126.87518310546875 328.5393695831299 162.76033782958984 310.7076721191406 162.76033782958984
309.1512756347656 128.35682678222656 326.6475238800049 128.35682678222656 326.6475238800049 164.97687911987305 309.1512756347656 164.97687911987305
308.5886535644531 128.037353515625 326.66073989868164 128.037353515625 326.66073989868164 165.52069854736328 308.5886535644531 165.52069854736328
307.3536376953125 128.9934539794922 325.2546787261963 128.9934539794922 325.2546787261963 167.6121597290039 307.3536376953125 167.6121597290039
305.61358642578125 127.80949401855469 323.068078994751 127.80949401855469 323.068078994751 166.5233612060547 305.61358642578125 166.5233612060547
304.21484375 128.0732879638672 321.898738861084 128.0732879638672 321.898738861084 166.79743194580078 304.21484375 166.79743194580078
303.278076171875 128.6579132080078 321.4409656524658 128.6579132080078 321.4409656524658 165.5189971923828 303.278076171875 165.5189971923828
300.6615905761719 126.36827087402344 317.5623779296875 126.36827087402344 317.5623779296875 166.7903709411621 300.6615905761719 166.7903709411621
300.5043640136719 125.85466003417969 318.11475372314453 125.85466003417969 318.11475372314453 166.7238883972168 300.5043640136719 166.7238883972168
299.9302978515625 124.5989761352539 318.12517166137695 124.5989761352539 318.12517166137695 166.584716796875 299.9302978515625 166.584716796875
298.73260498046875 124.5541000366211 317.1776428222656 124.5541000366211 317.1776428222656 166.5354766845703 298.73260498046875 166.5354766845703
295.6936950683594 126.45558166503906 314.6751136779785 126.45558166503906 314.6751136779785 167.14447784423828 295.6936950683594 167.14447784423828
294.513671875 126.21533203125 314.37734603881836 126.21533203125 314.37734603881836 167.20311737060547 294.513671875 167.20311737060547
293.17889404296875 126.5506820678711 312.69456481933594 126.5506820678711 312.69456481933594 167.07538604736328 293.17889404296875 167.07538604736328
291.82745361328125 123.1646957397461 311.2233371734619 123.1646957397461 311.2233371734619 165.55372619628906 291.82745361328125 165.55372619628906
291.7367858886719 123.76921081542969 309.9885654449463 123.76921081542969 309.9885654449463 164.98162078857422 291.7367858886719 164.98162078857422
290.3484802246094 124.17137145996094 308.632360458374 124.17137145996094 308.632360458374 165.46511459350586 290.3484802246094 165.46511459350586
287.8474426269531 124.91307067871094 307.3262004852295 124.91307067871094 307.3262004852295 164.7931785583496 287.8474426269531 164.7931785583496
285.5181579589844 124.48875427246094 304.13073348999023 124.48875427246094 304.13073348999023 168.6649284362793 285.5181579589844 168.6649284362793
285.69873046875 124.96942138671875 304.6597499847412 124.96942138671875 304.6597499847412 167.78038787841797 285.69873046875 167.78038787841797
283.32440185546875 125.60416412353516 303.0623664855957 125.60416412353516 303.0623664855957 166.87767791748047 283.32440185546875 166.87767791748047
282.91107177734375 127.33052062988281 301.2584285736084 127.33052062988281 301.2584285736084 167.2999496459961 282.91107177734375 167.2999496459961
281.85333251953125 126.67852783203125 301.4818477630615 126.67852783203125 301.4818477630615 167.88151931762695 281.85333251953125 167.88151931762695
278.83990478515625 127.27034759521484 299.848690032959 127.27034759521484 299.848690032959 170.41310119628906 278.83990478515625 170.41310119628906
280.89996337890625 126.89031982421875 299.2793140411377 126.89031982421875 299.2793140411377 167.7026138305664 280.89996337890625 167.7026138305664
279.9981689453125 124.2441635131836 298.54211807250977 124.2441635131836 298.54211807250977 167.44810485839844 279.9981689453125 167.44810485839844
278.4593811035156 122.67491149902344 297.2048149108887 122.67491149902344 297.2048149108887 167.21390914916992 278.4593811035156 167.21390914916992
277.67523193359375 124.1105728149414 296.7807273864746 124.1105728149414 296.7807273864746 167.64124298095703 277.67523193359375 167.64124298095703
275.6171569824219 123.3325424194336 294.9398784637451 123.3325424194336 294.9398784637451 167.146484375 275.6171569824219 167.146484375
274.6715393066406 123.7474365234375 293.78857803344727 123.7474365234375 293.78857803344727 167.19229125976562 274.6715393066406 167.19229125976562
273.5592346191406 126.1669921875 293.87023162841797 126.1669921875 293.87023162841797 168.4413070678711 273.5592346191406 168.4413070678711
272.499267578125 124.72782135009766 292.7169075012207 124.72782135009766 292.7169075012207 170.3907470703125 272.499267578125 170.3907470703125
270.66522216796875 124.53458404541016 290.2839889526367 124.53458404541016 290.2839889526367 167.58686065673828 270.66522216796875 167.58686065673828
270.72955322265625 124.04557800292969 290.5295066833496 124.04557800292969 290.5295066833496 168.10686492919922 270.72955322265625 168.10686492919922
271.19512939453125 122.6815414428711 290.7173442840576 122.6815414428711 290.7173442840576 166.6053810119629 271.19512939453125 166.6053810119629
268.8062438964844 124.95115661621094 289.3638343811035 124.95115661621094 289.3638343811035 167.6792449951172 268.8062438964844 167.6792449951172
265.48870849609375 127.0614013671875 290.25893783569336 127.0614013671875 290.25893783569336 173.9943962097168 265.48870849609375 173.9943962097168
266.12554931640625 125.33226013183594 287.02144050598145 125.33226013183594 287.02144050598145 169.37052154541016 266.12554931640625 169.37052154541016
266.3898010253906 130.13720703125 287.520694732666 130.13720703125 287.520694732666 171.1794204711914 266.3898010253906 171.1794204711914
263.44842529296875 132.3904571533203 283.180850982666 132.3904571533203 283.180850982666 175.8489761352539 263.44842529296875 175.8489761352539
261.90008544921875 131.5230255126953 281.6859245300293 131.5230255126953 281.6859245300293 176.04978561401367 261.90008544921875 176.04978561401367
261.378173828125 130.38980102539062 281.5591869354248 130.38980102539062 281.5591869354248 175.52599334716797 261.378173828125 175.52599334716797
260.2866516113281 129.281982421875 280.59085273742676 129.281982421875 280.59085273742676 175.88466262817383 260.2866516113281 175.88466262817383
259.3255920410156 127.99153137207031 280.49792098999023 127.99153137207031 280.49792098999023 177.0189437866211 259.3255920410156 177.0189437866211
259.53057861328125 129.80517578125 280.5926208496094 129.80517578125 280.5926208496094 180.26144409179688 259.53057861328125 180.26144409179688
257.91424560546875 123.73819732666016 280.09074783325195 123.73819732666016 280.09074783325195 177.78407669067383 257.91424560546875 177.78407669067383
257.2761535644531 119.7781753540039 280.5191345214844 119.7781753540039 280.5191345214844 177.09754943847656 257.2761535644531 177.09754943847656
256.0832824707031 120.47743225097656 279.5548667907715 120.47743225097656 279.5548667907715 176.2007827758789 256.0832824707031 176.2007827758789
256.7986755371094 119.51971435546875 280.98044776916504 119.51971435546875 280.98044776916504 177.16212844848633 256.7986755371094 177.16212844848633
255.35696411132812 122.37525939941406 280.01830673217773 122.37525939941406 280.01830673217773 179.6318702697754 255.35696411132812 179.6318702697754
252.5305633544922 120.9957275390625 278.5052604675293 120.9957275390625 278.5052604675293 178.59196090698242 252.5305633544922 178.59196090698242
252.66552734375 121.00242614746094 278.2733516693115 121.00242614746094 278.2733516693115 178.11761093139648 252.66552734375 178.11761093139648
251.93240356445312 119.92481994628906 277.4955253601074 119.92481994628906 277.4955253601074 175.6879119873047 251.93240356445312 175.6879119873047
254.4267578125 119.04534912109375 279.9380626678467 119.04534912109375 279.9380626678467 173.99827194213867 254.4267578125 173.99827194213867
258.1110534667969 118.60526275634766 283.1823329925537 118.60526275634766 283.1823329925537 177.4958267211914 258.1110534667969 177.4958267211914
256.56658935546875 118.97218322753906 282.36997413635254 118.97218322753906 282.36997413635254 176.86706924438477 256.56658935546875 176.86706924438477
248.58059692382812 119.42166900634766 281.1180648803711 119.42166900634766 281.1180648803711 181.0715103149414 248.58059692382812 181.0715103149414
257.61639404296875 117.67384338378906 283.9010524749756 117.67384338378906 283.9010524749756 177.7774314880371 257.61639404296875 177.7774314880371
259.08856201171875 121.31782531738281 286.0745544433594 121.31782531738281 286.0745544433594 180.6706085205078 259.08856201171875 180.6706085205078
258.1687316894531 121.92695617675781 286.65809631347656 121.92695617675781 286.65809631347656 181.61291885375977 258.1687316894531 181.61291885375977
255.60037231445312 120.85273742675781 283.8409080505371 120.85273742675781 283.8409080505371 181.76376724243164 255.60037231445312 181.76376724243164
257.93389892578125 121.43067932128906 286.7974147796631 121.43067932128906 286.7974147796631 182.04074478149414 257.93389892578125 182.04074478149414
257.6946716308594 121.34920501708984 288.3463382720947 121.34920501708984 288.3463382720947 184.1339225769043 257.6946716308594 184.1339225769043
258.0877685546875 120.20722961425781 289.2149238586426 120.20722961425781 289.2149238586426 183.41955184936523 258.0877685546875 183.41955184936523
256.67626953125 120.39424896240234 288.25171852111816 120.39424896240234 288.25171852111816 182.93941497802734 256.67626953125 182.93941497802734
254.5225067138672 118.1885757446289 286.8304634094238 118.1885757446289 286.8304634094238 181.52099609375 254.5225067138672 181.52099609375
253.42971801757812 116.5046615600586 284.810733795166 116.5046615600586 284.810733795166 181.24799346923828 253.42971801757812 181.24799346923828
239.64932250976562 114.54423522949219 275.56241607666016 114.54423522949219 275.56241607666016 182.58998107910156 239.64932250976562 182.58998107910156
254.3723602294922 118.4705810546875 287.61201095581055 118.4705810546875 287.61201095581055 183.96268463134766 254.3723602294922 183.96268463134766
253.43154907226562 117.72184753417969 290.5227584838867 117.72184753417969 290.5227584838867 185.75106811523438 253.43154907226562 185.75106811523438
255.70016479492188 119.9799575805664 293.02075576782227 119.9799575805664 293.02075576782227 188.73931121826172 255.70016479492188 188.73931121826172
257.80169677734375 118.71065521240234 294.89079666137695 118.71065521240234 294.89079666137695 187.9051284790039 257.80169677734375 187.9051284790039
258.83544921875 120.2715072631836 297.09700775146484 120.2715072631836 297.09700775146484 191.08079528808594 258.83544921875 191.08079528808594
259.993408203125 120.1722183227539 297.6993942260742 120.1722183227539 297.6993942260742 191.93348693847656 259.993408203125 191.93348693847656
260.7196350097656 122.3235855102539 298.99938201904297 122.3235855102539 298.99938201904297 194.49773406982422 260.7196350097656 194.49773406982422
261.5442199707031 123.98406982421875 298.88365173339844 123.98406982421875 298.88365173339844 195.7115936279297 261.5442199707031 195.7115936279297
260.91387939453125 120.42039489746094 299.4739761352539 120.42039489746094 299.4739761352539 192.8161163330078 260.91387939453125 192.8161163330078
263.31146240234375 122.61949157714844 300.8063545227051 122.61949157714844 300.8063545227051 194.5296401977539 263.31146240234375 194.5296401977539
260.80474853515625 117.87586975097656 299.6573066711426 117.87586975097656 299.6573066711426 191.26261138916016 260.80474853515625 191.26261138916016
259.97076416015625 117.08558654785156 299.341552734375 117.08558654785156 299.341552734375 191.3348617553711 259.97076416015625 191.3348617553711
263.13287353515625 119.8681640625 302.06370544433594 119.8681640625 302.06370544433594 193.1540756225586 263.13287353515625 193.1540756225586
266.1171875 122.28614807128906 303.9997253417969 122.28614807128906 303.9997253417969 195.75564575195312 266.1171875 195.75564575195312
