18.0 143.0 43.0 143.0 43.0 232.0 18.0 232.0
19.694202423095703 140.2506103515625 44.603515625 140.2506103515625 44.603515625 229.38224029541016 19.694202423095703 229.38224029541016
21.509010314941406 140.88040161132812 46.177839279174805 140.88040161132812 46.177839279174805 230.1687774658203 21.509010314941406 230.1687774658203
22.78348731994629 138.56515502929688 47.407827377319336 138.56515502929688 47.407827377319336 226.7631378173828 22.78348731994629 226.7631378173828
22.412851333618164 138.99496459960938 47.41175079345703 138.99496459960938 47.41175079345703 227.99105072021484 22.412851333618164 227.99105072021484
23.841707229614258 138.62948608398438 47.58167839050293 138.62948608398438 47.58167839050293 228.3838348388672 23.841707229614258 228.3838348388672
24.681819915771484 136.99398803710938 47.98898887634277 136.99398803710938 47.98898887634277 227.37737274169922 24.681819915771484 227.37737274169922
25.11262321472168 137.37857055664062 48.96866035461426 137.37857055664062 48.96866035461426 228.16812896728516 25.11262321472168 228.16812896728516
27.1561336517334 135.8488311767578 50.49916076660156 135.8488311767578 50.49916076660156 227.4351348876953 27.1561336517334 227.4351348876953
28.547266006469727 136.02125549316406 53.60701942443848 136.02125549316406 53.60701942443848 226.4747543334961 28.547266006469727 226.4747543334961
31.230091094970703 136.58258056640625 55.74056625366211 136.58258056640625 55.74056625366211 224.03074645996094 31.230091094970703 224.03074645996094
34.42384338378906 135.11770629882812 59.01057434082031 135.11770629882812 59.01057434082031 224.77794647216797 34.42384338378906 224.77794647216797
36.56154251098633 139.00950622558594 61.346750259399414 139.00950622558594 61.346750259399414 224.5089569091797 36.56154251098633 224.5089569091797
38.577510833740234 135.08773803710938 62.91437911987305 135.08773803710938 62.91437911987305 222.79295349121094 38.577510833740234 222.79295349121094
40.27169418334961 133.39132690429688 64.3592529296875 133.39132690429688 64.3592529296875 222.41595458984375 40.27169418334961 222.41595458984375
42.42192840576172 133.8529815673828 66.09167861938477 133.8529815673828 66.09167861938477 222.2602996826172 42.42192840576172 222.2602996826172
43.42755889892578 135.71810913085938 67.85158920288086 135.71810913085938 67.85158920288086 223.6877670288086 43.42755889892578 223.6877670288086
44.39373779296875 136.3302764892578 68.57748222351074 136.3302764892578 68.57748222351074 223.8046417236328 44.39373779296875 223.8046417236328
46.823612213134766 136.25314331054688 70.158203125 136.25314331054688 70.158203125 222.94438934326172 46.823612213134766 222.94438934326172
47.539146423339844 136.63648986816406 70.40058517456055 136.63648986816406 70.40058517456055 222.1274642944336 47.539146423339844 222.1274642944336
49.369911193847656 135.04983520507812 72.10971450805664 135.04983520507812 72.10971450805664 221.40782165527344 49.369911193847656 221.40782165527344
50.287567138671875 136.1083221435547 72.84634017944336 136.1083221435547 72.84634017944336 219.8903045654297 50.287567138671875 219.8903045654297
50.63893508911133 134.81332397460938 73.03505325317383 134.81332397460938 73.03505325317383 219.2061309814453 50.63893508911133 219.2061309814453
50.740318298339844 132.12930297851562 74.67752838134766 132.12930297851562 74.67752838134766 217.9790267944336 50.740318298339844 217.9790267944336
51.150753021240234 131.4137725830078 73.27108001708984 131.4137725830078 73.27108001708984 219.1576156616211 51.150753021240234 219.1576156616211
51.5145378112793 130.73135375976562 74.53489685058594 130.73135375976562 74.53489685058594 216.33757781982422 51.5145378112793 216.33757781982422
53.80707550048828 132.99819946289062 75.60266304016113 132.99819946289062 75.60266304016113 217.61962127685547 53.80707550048828 217.61962127685547
55.2579345703125 133.61936950683594 77.33816528320312 133.61936950683594 77.33816528320312 217.18038940429688 55.2579345703125 217.18038940429688
57.5262336730957 132.88851928710938 80.56657218933105 132.88851928710938 80.56657218933105 214.9707794189453 57.5262336730957 214.9707794189453
59.876251220703125 131.89434814453125 82.87380027770996 131.89434814453125 82.87380027770996 214.98582458496094 59.876251220703125 214.98582458496094
62.7652587890625 132.49346923828125 86.12346839904785 132.49346923828125 86.12346839904785 215.51742553710938 62.7652587890625 215.51742553710938
64.8409194946289 133.4624481201172 88.26196479797363 133.4624481201172 88.26196479797363 218.01890563964844 64.8409194946289 218.01890563964844
65.4162368774414 131.32461547851562 88.85630416870117 131.32461547851562 88.85630416870117 215.39763641357422 65.4162368774414 215.39763641357422
67.37384033203125 130.43443298339844 90.65144729614258 130.43443298339844 90.65144729614258 215.28629302978516 67.37384033203125 215.28629302978516
69.65989685058594 131.77389526367188 93.01418685913086 131.77389526367188 93.01418685913086 214.91517639160156 69.65989685058594 214.91517639160156
70.30042266845703 134.08633422851562 93.71819877624512 134.08633422851562 93.71819877624512 217.45362854003906 70.30042266845703 217.45362854003906
70.99064636230469 135.5236053466797 94.52950477600098 135.5236053466797 94.52950477600098 219.32195281982422 70.99064636230469 219.32195281982422
72.6047592163086 135.23049926757812 95.92085647583008 135.23049926757812 95.92085647583008 218.23582458496094 72.6047592163086 218.23582458496094
74.30584716796875 133.34556579589844 97.25469017028809 133.34556579589844 97.25469017028809 215.04346466064453 74.30584716796875 215.04346466064453
77.38481903076172 131.88165283203125 99.83852767944336 131.88165283203125 99.83852767944336 211.81687927246094 77.38481903076172 211.81687927246094
78.76525115966797 137.3112030029297 101.09033584594727 137.3112030029297 101.09033584594727 216.78852081298828 78.76525115966797 216.78852081298828
80.17668151855469 146.25833129882812 102.34465408325195 146.25833129882812 102.34465408325195 225.17633056640625 80.17668151855469 225.17633056640625
81.38298034667969 150.2732696533203 103.79295349121094 150.2732696533203 103.79295349121094 230.05278778076172 81.38298034667969 230.05278778076172
80.7292251586914 155.8814697265625 103.11742782592773 155.8814697265625 103.11742782592773 235.58348083496094 80.7292251586914 235.58348083496094
81.91493225097656 155.94129943847656 104.30935096740723 155.94129943847656 104.30935096740723 235.66544342041016 81.91493225097656 235.66544342041016
85.63197326660156 156.65444946289062 107.87424659729004 156.65444946289062 107.87424659729004 235.8369598388672 85.63197326660156 235.8369598388672
88.54023742675781 156.2100372314453 110.36473083496094 156.2100372314453 110.36473083496094 233.9052505493164 88.54023742675781 233.9052505493164
89.36079406738281 155.70394897460938 110.90902328491211 155.70394897460938 110.90902328491211 232.41565704345703 89.36079406738281 232.41565704345703
91.38459014892578 155.00006103515625 113.04712677001953 155.00006103515625 113.04712677001953 232.1186981201172 91.38459014892578 232.1186981201172
93.14338684082031 154.29391479492188 114.91655349731445 154.29391479492188 114.91655349731445 231.80640411376953 93.14338684082031 231.80640411376953
93.7064437866211 156.59024047851562 115.78580474853516 156.59024047851562 115.78580474853516 235.19278717041016 93.7064437866211 235.19278717041016
95.11207580566406 155.7454833984375 117.37150001525879 155.7454833984375 117.37150001525879 234.9890594482422 95.11207580566406 234.9890594482422
96.71775817871094 158.35440063476562 118.82034683227539 158.35440063476562 118.82034683227539 237.03963470458984 96.71775817871094 237.03963470458984
98.80777740478516 157.70950317382812 120.88704872131348 157.70950317382812 120.88704872131348 236.3117218017578 98.80777740478516 236.3117218017578
100.04254913330078 157.26882934570312 122.14645767211914 157.26882934570312 122.14645767211914 235.95875549316406 100.04254913330078 235.95875549316406
100.56959533691406 164.7852325439453 122.3696174621582 164.7852325439453 122.3696174621582 242.39331817626953 100.56959533691406 242.39331817626953
101.29927062988281 166.18080139160156 123.5947036743164 166.18080139160156 123.5947036743164 245.55255126953125 101.29927062988281 245.55255126953125
101.68416595458984 170.71006774902344 124.24446868896484 170.71006774902344 124.24446868896484 251.0247573852539 101.68416595458984 251.0247573852539
101.96220397949219 172.50747680664062 124.72604751586914 172.50747680664062 124.72604751586914 253.5467758178711 101.96220397949219 253.5467758178711
102.68792724609375 168.7652587890625 125.35736465454102 168.7652587890625 125.35736465454102 249.46847534179688 102.68792724609375 249.46847534179688
103.78433990478516 173.06771850585938 125.91075134277344 173.06771850585938 125.91075134277344 253.0419921875 103.78433990478516 253.0419921875
103.66162109375 171.5308837890625 125.8546142578125 171.5308837890625 125.8546142578125 250.53795623779297 103.66162109375 250.53795623779297
104.21244049072266 170.93560791015625 126.32705688476562 170.93560791015625 126.32705688476562 249.66365814208984 104.21244049072266 249.66365814208984
105.09358215332031 172.3772430419922 127.2000617980957 172.3772430419922 127.2000617980957 251.07632446289062 105.09358215332031 251.07632446289062
106.6994857788086 171.65560913085938 128.78792572021484 171.65560913085938 128.78792572021484 250.29046630859375 106.6994857788086 250.29046630859375
108.37461853027344 170.69097900390625 130.68048286437988 170.69097900390625 130.68048286437988 250.09986877441406 108.37461853027344 250.09986877441406
110.9255142211914 170.51791381835938 133.13150215148926 170.51791381835938 133.13150215148926 249.5712432861328 110.9255142211914 249.5712432861328
110.95511627197266 170.1728973388672 133.17889213562012 170.1728973388672 133.17889213562012 249.28955078125 110.95511627197266 249.28955078125
111.7495346069336 169.47848510742188 134.1281852722168 169.47848510742188 134.1281852722168 249.14649200439453 111.7495346069336 249.14649200439453
114.37625885009766 169.5606231689453 136.70191955566406 169.5606231689453 136.70191955566406 249.03998565673828 114.37625885009766 249.03998565673828
115.13966369628906 166.73345947265625 136.75158309936523 166.73345947265625 136.75158309936523 245.87630462646484 115.13966369628906 245.87630462646484
114.94953918457031 164.80874633789062 136.37846755981445 164.80874633789062 136.37846755981445 243.66868591308594 114.94953918457031 243.66868591308594
115.21382141113281 164.68280029296875 137.01309204101562 164.68280029296875 137.01309204101562 242.34930419921875 115.21382141113281 242.34930419921875
116.3484115600586 164.82252502441406 138.42985725402832 164.82252502441406 138.42985725402832 243.43248748779297 116.3484115600586 243.43248748779297
115.8606948852539 165.9369659423828 137.90876960754395 165.9369659423828 137.90876960754395 244.42811584472656 115.8606948852539 244.42811584472656
117.19532775878906 163.38137817382812 139.24660682678223 163.38137817382812 139.24660682678223 242.25891876220703 117.19532775878906 242.25891876220703
117.42183685302734 164.6775665283203 139.5416603088379 164.6775665283203 139.5416603088379 243.42413330078125 117.42183685302734 243.42413330078125
118.400390625 165.36761474609375 140.80987739562988 165.36761474609375 140.80987739562988 244.7305450439453 118.400390625 244.7305450439453
120.61331939697266 164.3636474609375 143.0585880279541 164.3636474609375 143.0585880279541 244.26879119873047 120.61331939697266 244.26879119873047
120.83201599121094 162.3245849609375 143.49682998657227 162.3245849609375 143.49682998657227 243.0113067626953 120.83201599121094 243.0113067626953
124.67630767822266 163.6234130859375 146.94996070861816 163.6234130859375 146.94996070861816 242.9176025390625 124.67630767822266 242.9176025390625
139.4065399169922 162.059814453125 161.0395851135254 162.059814453125 161.0395851135254 239.07343292236328 139.4065399169922 239.07343292236328
146.01217651367188 161.61459350585938 167.38521194458008 161.61459350585938 167.38521194458008 237.70258331298828 146.01217651367188 237.70258331298828
151.6957244873047 162.84695434570312 173.19447326660156 162.84695434570312 173.19447326660156 239.3824920654297 151.6957244873047 239.3824920654297
163.99154663085938 162.63525390625 185.64628982543945 162.63525390625 185.64628982543945 239.7261199951172 163.99154663085938 239.7261199951172
171.3706512451172 161.5359344482422 193.3902530670166 161.5359344482422 193.3902530670166 239.92569732666016 171.3706512451172 239.92569732666016
180.78408813476562 164.5523681640625 202.69618606567383 164.5523681640625 202.69618606567383 242.55941772460938 180.78408813476562 242.55941772460938
188.83615112304688 161.19677734375 210.8570899963379 161.19677734375 210.8570899963379 239.59129333496094 188.83615112304688 239.59129333496094
196.80630493164062 162.00892639160156 218.67673301696777 162.00892639160156 218.67673301696777 239.86761474609375 196.80630493164062 239.86761474609375
204.6677703857422 159.37832641601562 226.59183502197266 159.37832641601562 226.59183502197266 237.42796325683594 204.6677703857422 237.42796325683594
214.4636688232422 157.55043029785156 236.33346557617188 157.55043029785156 236.33346557617188 235.40686798095703 214.4636688232422 235.40686798095703
211.42373657226562 157.71670532226562 233.37810134887695 157.71670532226562 233.37810134887695 235.87421417236328 211.42373657226562 235.87421417236328
213.36019897460938 156.95175170898438 235.46897888183594 156.95175170898438 235.46897888183594 235.65897369384766 213.36019897460938 235.65897369384766
212.89865112304688 157.86209106445312 235.09605979919434 157.86209106445312 235.09605979919434 236.1092071533203 212.89865112304688 236.1092071533203
213.7093048095703 157.42666625976562 235.6420955657959 157.42666625976562 235.6420955657959 235.50736236572266 213.7093048095703 235.50736236572266
224.3910369873047 157.8886260986328 246.30068397521973 157.8886260986328 246.30068397521973 235.88693237304688 224.3910369873047 235.88693237304688
229.54306030273438 157.39907836914062 251.3201026916504 157.39907836914062 251.3201026916504 234.92530822753906 229.54306030273438 234.92530822753906
237.3004913330078 157.2736358642578 259.09576988220215 157.2736358642578 259.09576988220215 234.8647918701172 237.3004913330078 234.8647918701172
249.96768188476562 156.67564392089844 271.72701835632324 156.67564392089844 271.72701835632324 234.13885498046875 249.96768188476562 234.13885498046875
258.27874755859375 156.09048461914062 279.8936405181885 156.09048461914062 279.8936405181885 233.0394744873047 258.27874755859375 233.0394744873047
268.7620544433594 155.24099731445312 290.40077209472656 155.24099731445312 290.40077209472656 232.27479553222656 268.7620544433594 232.27479553222656
282.17730712890625 155.80972290039062 303.55817794799805 155.80972290039062 303.55817794799805 231.9255828857422 282.17730712890625 231.9255828857422
292.40325927734375 154.38584899902344 313.9448432922363 154.38584899902344 313.9448432922363 231.0738525390625 292.40325927734375 231.0738525390625
306.38531494140625 155.97975158691406 328.23846435546875 155.97975158691406 328.23846435546875 233.7769317626953 306.38531494140625 233.7769317626953
315.710205078125 153.28111267089844 337.409725189209 153.28111267089844 337.409725189209 230.5313720703125 315.710205078125 230.5313720703125
322.6636657714844 153.98057556152344 344.5204200744629 153.98057556152344 344.5204200744629 231.79059600830078 322.6636657714844 231.79059600830078
334.50921630859375 152.42532348632812 356.1752815246582 152.42532348632812 356.1752815246582 229.5564956665039 334.50921630859375 229.5564956665039
338.8253173828125 152.30857849121094 360.4831829071045 152.30857849121094 360.4831829071045 229.41056060791016 338.8253173828125 229.41056060791016
343.6387023925781 152.0653839111328 365.6443901062012 152.0653839111328 365.6443901062012 230.40560913085938 343.6387023925781 230.40560913085938
343.59844970703125 149.57107543945312 365.35214614868164 149.57107543945312 365.35214614868164 227.01421356201172 343.59844970703125 227.01421356201172
343.72027587890625 148.15171813964844 365.51003074645996 148.15171813964844 365.51003074645996 225.7232208251953 343.72027587890625 225.7232208251953
343.7523193359375 150.53981018066406 365.1398048400879 150.53981018066406 365.1398048400879 226.67923736572266 343.7523193359375 226.67923736572266
345.43328857421875 150.96092224121094 366.6920509338379 150.96092224121094 366.6920509338379 226.64209747314453 345.43328857421875 226.64209747314453
343.79351806640625 151.32998657226562 364.88089179992676 151.32998657226562 364.88089179992676 227.1750030517578 343.79351806640625 227.1750030517578
345.20684814453125 151.71688842773438 366.13842010498047 151.71688842773438 366.13842010498047 227.14546966552734 345.20684814453125 227.14546966552734
346.0462951660156 151.09451293945312 366.9635772705078 151.09451293945312 366.9635772705078 225.56002044677734 346.0462951660156 225.56002044677734
347.5574645996094 150.02098083496094 367.9996643066406 150.02098083496094 367.9996643066406 222.79519653320312 347.5574645996094 222.79519653320312
346.8137512207031 153.3437957763672 367.2185916900635 153.3437957763672 367.2185916900635 225.98501586914062 346.8137512207031 225.98501586914062
347.12420654296875 150.7720947265625 367.475736618042 150.7720947265625 367.475736618042 223.22352600097656 347.12420654296875 223.22352600097656
347.3758544921875 150.1122589111328 367.93146896362305 150.1122589111328 367.93146896362305 223.29022216796875 347.3758544921875 223.29022216796875
346.73394775390625 152.6193389892578 367.40771102905273 152.6193389892578 367.40771102905273 226.2179183959961 346.73394775390625 226.2179183959961
347.75286865234375 151.72982788085938 368.5445365905762 151.72982788085938 368.5445365905762 225.74813842773438 347.75286865234375 225.74813842773438
348.6822509765625 151.103271484375 369.37116050720215 151.103271484375 369.37116050720215 226.34605407714844 348.6822509765625 226.34605407714844
349.8907165527344 151.01242065429688 370.32718086242676 151.01242065429688 370.32718086242676 226.88007354736328 349.8907165527344 226.88007354736328
349.7314758300781 148.5059814453125 370.01172637939453 148.5059814453125 370.01172637939453 224.9090118408203 349.7314758300781 224.9090118408203
350.5072937011719 148.82028198242188 369.9972801208496 148.82028198242188 369.9972801208496 223.6489715576172 350.5072937011719 223.6489715576172
349.93853759765625 145.17855834960938 369.9506950378418 145.17855834960938 369.9506950378418 220.863037109375 349.93853759765625 220.863037109375
350.38543701171875 144.6345672607422 369.9894561767578 144.6345672607422 369.9894561767578 221.40583038330078 350.38543701171875 221.40583038330078
350.54876708984375 143.01382446289062 369.24974632263184 143.01382446289062 369.24974632263184 221.69993591308594 350.54876708984375 221.69993591308594
351.65484619140625 145.9401092529297 372.0801372528076 145.9401092529297 372.0801372528076 222.5554428100586 351.65484619140625 222.5554428100586
351.12091064453125 146.41769409179688 371.07637786865234 146.41769409179688 371.07637786865234 220.7698745727539 351.12091064453125 220.7698745727539
351.9504699707031 147.59133911132812 371.68109703063965 147.59133911132812 371.68109703063965 220.5872039794922 351.9504699707031 220.5872039794922
352.7294006347656 147.35464477539062 371.9419937133789 147.35464477539062 371.9419937133789 221.21343231201172 352.7294006347656 221.21343231201172
354.35284423828125 147.87136840820312 373.8766098022461 147.87136840820312 373.8766098022461 219.86781311035156 354.35284423828125 219.86781311035156
355.9745178222656 146.89727783203125 375.74621200561523 146.89727783203125 375.74621200561523 219.6003646850586 355.9745178222656 219.6003646850586
356.1451110839844 147.5009307861328 376.174596786499 147.5009307861328 376.174596786499 218.8058853149414 356.1451110839844 218.8058853149414
356.2757568359375 145.10906982421875 376.2420654296875 145.10906982421875 376.2420654296875 216.1891098022461 356.2757568359375 216.1891098022461
356.3822021484375 147.2574005126953 376.6680164337158 147.2574005126953 376.6680164337158 219.4748764038086 356.3822021484375 219.4748764038086
357.6471862792969 145.95835876464844 377.9498291015625 145.95835876464844 377.9498291015625 218.2357406616211 357.6471862792969 218.2357406616211
358.0114440917969 146.0428009033203 378.1948356628418 146.0428009033203 378.1948356628418 217.89564514160156 358.0114440917969 217.89564514160156
358.0304260253906 146.3647918701172 378.3228759765625 146.3647918701172 378.3228759765625 218.6058807373047 358.0304260253906 218.6058807373047
359.1922607421875 148.09800720214844 379.15041732788086 148.09800720214844 379.15041732788086 219.14900970458984 359.1922607421875 219.14900970458984
359.22137451171875 147.1612091064453 379.4055976867676 147.1612091064453 379.4055976867676 219.01700592041016 359.22137451171875 219.01700592041016
359.5869445800781 145.09373474121094 379.46038818359375 145.09373474121094 379.46038818359375 216.27555084228516 359.5869445800781 216.27555084228516
359.6333312988281 144.18678283691406 379.5068168640137 144.18678283691406 379.5068168640137 215.93737030029297 359.6333312988281 215.93737030029297
359.774169921875 144.15675354003906 379.33232498168945 144.15675354003906 379.33232498168945 215.900390625 359.774169921875 215.900390625
359.41644287109375 144.98692321777344 378.4838466644287 144.98692321777344 378.4838466644287 215.53241729736328 359.41644287109375 215.53241729736328
359.4534912109375 143.94151306152344 379.44849014282227 143.94151306152344 379.44849014282227 214.97872161865234 359.4534912109375 214.97872161865234
360.3385314941406 144.64186096191406 379.5052146911621 144.64186096191406 379.5052146911621 215.99735260009766 360.3385314941406 215.99735260009766
360.49200439453125 144.10260009765625 380.22240829467773 144.10260009765625 380.22240829467773 215.68894958496094 360.49200439453125 215.68894958496094
361.0224304199219 141.2196044921875 381.7141799926758 141.2196044921875 381.7141799926758 215.1872787475586 361.0224304199219 215.1872787475586
361.18548583984375 137.62442016601562 381.83334732055664 137.62442016601562 381.83334732055664 213.36943817138672 361.18548583984375 213.36943817138672
362.72271728515625 141.2500457763672 383.5649642944336 141.2500457763672 383.5649642944336 213.67363739013672 362.72271728515625 213.67363739013672
362.68341064453125 141.41310119628906 382.6748695373535 141.41310119628906 382.6748695373535 211.62196350097656 362.68341064453125 211.62196350097656
362.72149658203125 140.1369171142578 383.4405155181885 140.1369171142578 383.4405155181885 213.20133209228516 362.72149658203125 213.20133209228516
362.4938049316406 137.62513732910156 382.7683811187744 137.62513732910156 382.7683811187744 210.47564697265625 362.4938049316406 210.47564697265625
362.3958740234375 138.1162109375 382.4101848602295 138.1162109375 382.4101848602295 210.5157012939453 362.3958740234375 210.5157012939453
362.7745361328125 136.4331512451172 382.45590591430664 136.4331512451172 382.45590591430664 209.86929321289062 362.7745361328125 209.86929321289062
362.68951416015625 136.16506958007812 382.8060760498047 136.16506958007812 382.8060760498047 209.36785888671875 362.68951416015625 209.36785888671875
362.877197265625 136.67327880859375 382.77055168151855 136.67327880859375 382.77055168151855 210.33384704589844 362.877197265625 210.33384704589844
363.4066162109375 136.9647216796875 382.85818099975586 136.9647216796875 382.85818099975586 209.5508270263672 363.4066162109375 209.5508270263672
363.21514892578125 137.5541229248047 382.9732780456543 137.5541229248047 382.9732780456543 210.27315521240234 363.21514892578125 210.27315521240234
364.02178955078125 134.9564971923828 382.9068241119385 134.9564971923828 382.9068241119385 209.8599090576172 364.02178955078125 209.8599090576172
364.39544677734375 137.14694213867188 383.6574287414551 137.14694213867188 383.6574287414551 209.32903289794922 364.39544677734375 209.32903289794922
364.71075439453125 136.92181396484375 385.3416061401367 136.92181396484375 385.3416061401367 207.14990997314453 364.71075439453125 207.14990997314453
365.9622802734375 134.02182006835938 384.3558044433594 134.02182006835938 384.3558044433594 206.7300262451172 365.9622802734375 206.7300262451172
366.8114929199219 137.1449737548828 385.03752517700195 137.1449737548828 385.03752517700195 207.08353424072266 366.8114929199219 207.08353424072266
366.57855224609375 138.3723907470703 385.9613800048828 138.3723907470703 385.9613800048828 206.26500701904297 366.57855224609375 206.26500701904297
366.5016174316406 137.44094848632812 385.96660804748535 137.44094848632812 385.96660804748535 206.63014221191406 366.5016174316406 206.63014221191406
367.1085510253906 136.6878204345703 385.41479110717773 136.6878204345703 385.41479110717773 208.29898071289062 367.1085510253906 208.29898071289062
366.219970703125 133.4473876953125 384.637170791626 133.4473876953125 384.637170791626 206.9815216064453 366.219970703125 206.9815216064453
366.6856994628906 135.9282989501953 385.2638912200928 135.9282989501953 385.2638912200928 205.90188598632812 366.6856994628906 205.90188598632812
367.0411071777344 136.84115600585938 385.0209617614746 136.84115600585938 385.0209617614746 206.1985855102539 367.0411071777344 206.1985855102539
366.14166259765625 135.34814453125 385.1129665374756 135.34814453125 385.1129665374756 205.9833526611328 366.14166259765625 205.9833526611328
366.70074462890625 132.50576782226562 384.7195129394531 132.50576782226562 384.7195129394531 207.69588470458984 366.70074462890625 207.69588470458984
366.09832763671875 134.00927734375 384.5839385986328 134.00927734375 384.5839385986328 206.91217803955078 366.09832763671875 206.91217803955078
367.36505126953125 134.1170196533203 385.447566986084 134.1170196533203 385.447566986084 205.9028778076172 367.36505126953125 205.9028778076172
367.3573303222656 136.80215454101562 385.35156059265137 136.80215454101562 385.35156059265137 206.17359924316406 367.3573303222656 206.17359924316406
366.53424072265625 135.20587158203125 386.5820064544678 135.20587158203125 386.5820064544678 203.221435546875 366.53424072265625 203.221435546875
365.82843017578125 133.65994262695312 384.85280418395996 133.65994262695312 384.85280418395996 203.17630767822266 365.82843017578125 203.17630767822266
364.769775390625 133.83486938476562 383.37606048583984 133.83486938476562 383.37606048583984 203.78083038330078 364.769775390625 203.78083038330078
363.49676513671875 134.8684844970703 381.587833404541 134.8684844970703 381.587833404541 204.2646255493164 363.49676513671875 204.2646255493164
363.07647705078125 134.10536193847656 381.5630989074707 134.10536193847656 381.5630989074707 202.1075897216797 363.07647705078125 202.1075897216797
363.0944519042969 131.59078979492188 380.05341720581055 131.59078979492188 380.05341720581055 203.9851303100586 363.0944519042969 203.9851303100586
362.222900390625 128.42330932617188 380.2311897277832 128.42330932617188 380.2311897277832 203.11956787109375 362.222900390625 203.11956787109375
362.1539306640625 130.38941955566406 379.7671604156494 130.38941955566406 379.7671604156494 201.17964935302734 362.1539306640625 201.17964935302734
361.0933532714844 128.971923828125 380.9719467163086 128.971923828125 380.9719467163086 200.68312072753906 361.0933532714844 200.68312072753906
361.83416748046875 129.61221313476562 380.86621856689453 129.61221313476562 380.86621856689453 201.64002227783203 361.83416748046875 201.64002227783203
362.52703857421875 131.72421264648438 381.59003829956055 131.72421264648438 381.59003829956055 201.97007751464844 362.52703857421875 201.97007751464844
362.7784118652344 129.56277465820312 382.7209987640381 129.56277465820312 382.7209987640381 199.8579864501953 362.7784118652344 199.8579864501953
365.37921142578125 130.63107299804688 383.79288482666016 130.63107299804688 383.79288482666016 199.10462188720703 365.37921142578125 199.10462188720703
365.67742919921875 128.79171752929688 383.6787796020508 128.79171752929688 383.6787796020508 198.78477478027344 365.67742919921875 198.78477478027344
366.76824951171875 129.41354370117188 384.0438175201416 129.41354370117188 384.0438175201416 198.04564666748047 366.76824951171875 198.04564666748047
366.2068176269531 128.9398956298828 383.9528217315674 128.9398956298828 383.9528217315674 197.73963928222656 366.2068176269531 197.73963928222656
366.7390441894531 129.01930236816406 384.5738048553467 129.01930236816406 384.5738048553467 197.6970977783203 366.7390441894531 197.6970977783203
366.22821044921875 133.41505432128906 383.81347465515137 133.41505432128906 383.81347465515137 197.46585083007812 366.22821044921875 197.46585083007812
366.7757873535156 131.99044799804688 384.3093070983887 131.99044799804688 384.3093070983887 197.91844177246094 366.7757873535156 197.91844177246094
367.2891540527344 132.65672302246094 383.9488945007324 132.65672302246094 383.9488945007324 196.54541778564453 367.2891540527344 196.54541778564453
367.4820251464844 130.21292114257812 384.4838752746582 130.21292114257812 384.4838752746582 195.82313537597656 367.4820251464844 195.82313537597656
366.75628662109375 128.4054718017578 383.90907287597656 128.4054718017578 383.90907287597656 196.3859405517578 366.75628662109375 196.3859405517578
367.01971435546875 129.39773559570312 384.69390869140625 129.39773559570312 384.69390869140625 196.1904754638672 367.01971435546875 196.1904754638672
365.93536376953125 127.5466079711914 384.86156845092773 127.5466079711914 384.86156845092773 196.5512924194336 365.93536376953125 196.5512924194336
366.4129333496094 127.48417663574219 384.0228958129883 127.48417663574219 384.0228958129883 197.494384765625 366.4129333496094 197.494384765625
366.78753662109375 128.3528594970703 384.41798400878906 128.3528594970703 384.41798400878906 197.4850616455078 366.78753662109375 197.4850616455078
366.16229248046875 127.54930114746094 384.64630699157715 127.54930114746094 384.64630699157715 197.66988372802734 366.16229248046875 197.66988372802734
367.06817626953125 129.12155151367188 385.1717987060547 129.12155151367188 385.1717987060547 197.90995025634766 367.06817626953125 197.90995025634766
367.43768310546875 130.8277587890625 385.4506664276123 130.8277587890625 385.4506664276123 196.2450942993164 367.43768310546875 196.2450942993164
367.73175048828125 128.381103515625 386.1447525024414 128.381103515625 386.1447525024414 195.68565368652344 367.73175048828125 195.68565368652344
368.3377380371094 127.699462890625 387.86630630493164 127.699462890625 387.86630630493164 195.17172241210938 368.3377380371094 195.17172241210938
369.57489013671875 126.8738784790039 387.779296875 126.8738784790039 387.779296875 195.50595092773438 369.57489013671875 195.50595092773438
370.5697326660156 129.55455017089844 389.3255977630615 129.55455017089844 389.3255977630615 195.0308609008789 370.5697326660156 195.0308609008789
370.39141845703125 128.89877319335938 388.5048885345459 128.89877319335938 388.5048885345459 193.83021545410156 370.39141845703125 193.83021545410156
370.9093017578125 127.2214126586914 388.7767562866211 127.2214126586914 388.7767562866211 193.2459945678711 370.9093017578125 193.2459945678711
371.83489990234375 128.75509643554688 389.12826919555664 128.75509643554688 389.12826919555664 194.181884765625 371.83489990234375 194.181884765625
373.09527587890625 128.8182373046875 389.8955879211426 128.8182373046875 389.8955879211426 195.4424591064453 373.09527587890625 195.4424591064453
373.0954284667969 128.37875366210938 390.6783027648926 128.37875366210938 390.6783027648926 194.63719940185547 373.0954284667969 194.63719940185547
373.5315856933594 128.80174255371094 391.152530670166 128.80174255371094 391.152530670166 194.35565185546875 373.5315856933594 194.35565185546875
375.11199951171875 128.29861450195312 391.0857267379761 128.29861450195312 391.0857267379761 194.21385192871094 375.11199951171875 194.21385192871094
375.09234619140625 129.61306762695312 391.7095432281494 129.61306762695312 391.7095432281494 193.5444107055664 375.09234619140625 193.5444107055664
374.6175842285156 128.4400177001953 392.61999320983887 128.4400177001953 392.61999320983887 191.4616241455078 374.6175842285156 191.4616241455078
374.6784362792969 128.6630401611328 392.6428031921387 128.6630401611328 392.6428031921387 190.54833602905273 374.6784362792969 190.54833602905273
375.3431701660156 125.96533203125 391.92994499206543 125.96533203125 391.92994499206543 191.83611297607422 375.3431701660156 191.83611297607422
375.24578857421875 126.8480224609375 392.1123161315918 126.8480224609375 392.1123161315918 191.63300323486328 375.24578857421875 191.63300323486328
375.69842529296875 125.92658996582031 393.88585090637207 125.92658996582031 393.88585090637207 192.9468994140625 375.69842529296875 192.9468994140625
375.181396484375 128.3230743408203 393.6070671081543 128.3230743408203 393.6070671081543 191.47348403930664 375.181396484375 191.47348403930664
375.5848693847656 128.0686798095703 394.2835292816162 128.0686798095703 394.2835292816162 192.58465576171875 375.5848693847656 192.58465576171875
376.2153015136719 127.79443359375 393.5134086608887 127.79443359375 393.5134086608887 192.29827880859375 376.2153015136719 192.29827880859375
376.6543884277344 127.1033935546875 395.02585220336914 127.1033935546875 395.02585220336914 192.12425231933594 376.6543884277344 192.12425231933594
377.62396240234375 125.65116882324219 396.89189529418945 125.65116882324219 396.89189529418945 191.4858169555664 377.62396240234375 191.4858169555664
378.1416931152344 124.41883850097656 396.35141372680664 124.41883850097656 396.35141372680664 192.48297119140625 378.1416931152344 192.48297119140625
378.72772216796875 122.90386962890625 396.871639251709 122.90386962890625 396.871639251709 189.2872314453125 378.72772216796875 189.2872314453125
379.2730407714844 122.17878723144531 396.9557399749756 122.17878723144531 396.9557399749756 188.741455078125 379.2730407714844 188.741455078125
379.3672180175781 122.14295959472656 396.21184158325195 122.14295959472656 396.21184158325195 188.25784301757812 379.3672180175781 188.25784301757812
380.2994079589844 123.50911712646484 396.3268623352051 123.50911712646484 396.3268623352051 188.90689849853516 380.2994079589844 188.90689849853516
380.5973815917969 124.9239730834961 396.9125270843506 124.9239730834961 396.9125270843506 187.87573623657227 380.5973815917969 187.87573623657227
380.61114501953125 124.44831848144531 397.40617752075195 124.44831848144531 397.40617752075195 189.57920837402344 380.61114501953125 189.57920837402344
380.4461975097656 124.66959381103516 396.5457515716553 124.66959381103516 396.5457515716553 188.09542846679688 380.4461975097656 188.09542846679688
380.5602722167969 124.64097595214844 397.3414421081543 124.64097595214844 397.3414421081543 188.66634368896484 380.5602722167969 188.66634368896484
380.0718078613281 123.743408203125 397.21413230895996 123.743408203125 397.21413230895996 186.8650016784668 380.0718078613281 186.8650016784668
380.2150573730469 123.31309509277344 396.85921478271484 123.31309509277344 396.85921478271484 186.18395614624023 380.2150573730469 186.18395614624023
380.16314697265625 121.58721923828125 397.1807689666748 121.58721923828125 397.1807689666748 187.70365142822266 380.16314697265625 187.70365142822266
379.2088317871094 122.0223159790039 397.1774311065674 122.0223159790039 397.1774311065674 187.17366790771484 379.2088317871094 187.17366790771484
379.41455078125 120.0645980834961 397.27306938171387 120.0645980834961 397.27306938171387 187.83280181884766 379.41455078125 187.83280181884766
379.2091979980469 122.2502670288086 397.4580307006836 122.2502670288086 397.4580307006836 187.8143081665039 379.2091979980469 187.8143081665039
379.57354736328125 121.4097671508789 397.7319145202637 121.4097671508789 397.7319145202637 188.74890899658203 379.57354736328125 188.74890899658203
379.7027893066406 121.0596694946289 397.93093490600586 121.0596694946289 397.93093490600586 187.51515197753906 379.7027893066406 187.51515197753906
380.12506103515625 121.99595642089844 398.4518394470215 121.99595642089844 398.4518394470215 186.3724822998047 380.12506103515625 186.3724822998047
380.55035400390625 120.81343078613281 398.4432716369629 120.81343078613281 398.4432716369629 186.3921127319336 380.55035400390625 186.3921127319336
380.5531005859375 121.47447204589844 398.90284538269043 121.47447204589844 398.90284538269043 185.55572509765625 380.5531005859375 185.55572509765625
380.5402526855469 120.27392578125 398.6403217315674 120.27392578125 398.6403217315674 184.9846954345703 380.5402526855469 184.9846954345703
380.1758728027344 119.91767883300781 398.9922924041748 119.91767883300781 398.9922924041748 185.36263275146484 380.1758728027344 185.36263275146484
381.090576171875 118.7690658569336 399.9226894378662 118.7690658569336 399.9226894378662 184.33133697509766 381.090576171875 184.33133697509766
379.57745361328125 119.34344482421875 397.645809173584 119.34344482421875 397.645809173584 186.53125 379.57745361328125 186.53125
380.0325622558594 121.48123931884766 398.75912857055664 121.48123931884766 398.75912857055664 186.55207061767578 380.0325622558594 186.55207061767578
379.142822265625 120.0335464477539 397.50168228149414 120.0335464477539 397.50168228149414 185.80010223388672 379.142822265625 185.80010223388672
378.7505798339844 120.79423522949219 397.50368881225586 120.79423522949219 397.50368881225586 184.67742538452148 378.7505798339844 184.67742538452148
378.52337646484375 120.60023498535156 397.4485321044922 120.60023498535156 397.4485321044922 185.74657440185547 378.52337646484375 185.74657440185547
376.8443298339844 118.1078109741211 395.2312183380127 118.1078109741211 395.2312183380127 184.0319366455078 376.8443298339844 184.0319366455078
377.0315856933594 118.389404296875 395.6195468902588 118.389404296875 395.6195468902588 183.3568344116211 377.0315856933594 183.3568344116211
376.6496887207031 117.26556396484375 395.6806468963623 117.26556396484375 395.6806468963623 184.8426513671875 376.6496887207031 184.8426513671875
376.54522705078125 118.02742004394531 396.14239501953125 118.02742004394531 396.14239501953125 183.73467254638672 376.54522705078125 183.73467254638672
375.73577880859375 119.96846771240234 392.9819393157959 119.96846771240234 392.9819393157959 184.85775756835938 375.73577880859375 184.85775756835938
376.4229736328125 121.62205505371094 393.3705024719238 121.62205505371094 393.3705024719238 184.97786712646484 376.4229736328125 184.97786712646484
376.4139709472656 116.06632995605469 393.38677406311035 116.06632995605469 393.38677406311035 184.07089233398438 376.4139709472656 184.07089233398438
377.22344970703125 114.60257720947266 395.8181571960449 114.60257720947266 395.8181571960449 184.57430267333984 377.22344970703125 184.57430267333984
378.25811767578125 116.74102783203125 395.3945426940918 116.74102783203125 395.3945426940918 184.21546936035156 378.25811767578125 184.21546936035156
378.95111083984375 114.93809509277344 396.80244064331055 114.93809509277344 396.80244064331055 182.67798614501953 378.95111083984375 182.67798614501953
380.16278076171875 114.92106628417969 397.17899894714355 114.92106628417969 397.17899894714355 182.606689453125 380.16278076171875 182.606689453125
380.0054626464844 117.85791015625 398.72043800354004 117.85791015625 398.72043800354004 180.6550178527832 380.0054626464844 180.6550178527832
380.8963317871094 116.17022705078125 398.95736503601074 116.17022705078125 398.95736503601074 181.2281723022461 380.8963317871094 181.2281723022461
381.368408203125 114.88092041015625 399.20190620422363 114.88092041015625 399.20190620422363 182.0885467529297 381.368408203125 182.0885467529297
381.8148498535156 114.72114562988281 399.6781768798828 114.72114562988281 399.6781768798828 182.36497497558594 381.8148498535156 182.36497497558594
383.3200378417969 113.51419830322266 400.04161071777344 113.51419830322266 400.04161071777344 183.48026275634766 383.3200378417969 183.48026275634766
383.5660400390625 114.06268310546875 400.044132232666 114.06268310546875 400.044132232666 181.90049743652344 383.5660400390625 181.90049743652344
384.02899169921875 115.19354248046875 400.4124183654785 115.19354248046875 400.4124183654785 180.16851806640625 384.02899169921875 180.16851806640625
382.9242858886719 112.739013671875 401.0084991455078 112.739013671875 401.0084991455078 179.5118179321289 382.9242858886719 179.5118179321289
382.1162109375 113.48405456542969 399.5407409667969 113.48405456542969 399.5407409667969 179.35370635986328 382.1162109375 179.35370635986328
382.68896484375 111.49249267578125 400.18845558166504 111.49249267578125 400.18845558166504 178.77932739257812 382.68896484375 178.77932739257812
382.2378234863281 110.65464782714844 399.2986183166504 110.65464782714844 399.2986183166504 179.123046875 382.2378234863281 179.123046875
382.6373291015625 111.22840881347656 399.173885345459 111.22840881347656 399.173885345459 179.03963470458984 382.6373291015625 179.03963470458984
383.62274169921875 111.817138671875 400.46141815185547 111.817138671875 400.46141815185547 180.94458770751953 383.62274169921875 180.94458770751953
383.87457275390625 109.9599838256836 400.507137298584 109.9599838256836 400.507137298584 180.08094024658203 383.87457275390625 180.08094024658203
384.978515625 111.76617431640625 401.38027000427246 111.76617431640625 401.38027000427246 178.72832489013672 384.978515625 178.72832489013672
384.96649169921875 111.02363586425781 402.104455947876 111.02363586425781 402.104455947876 176.65951538085938 384.96649169921875 176.65951538085938
386.6730041503906 109.61796569824219 404.1995372772217 109.61796569824219 404.1995372772217 175.15404510498047 386.6730041503906 175.15404510498047
387.8638610839844 112.14082336425781 405.3540897369385 112.14082336425781 405.3540897369385 174.35068130493164 387.8638610839844 174.35068130493164
388.6069030761719 112.0948715209961 406.35400772094727 112.0948715209961 406.35400772094727 175.94722747802734 388.6069030761719 175.94722747802734
388.596435546875 111.2600326538086 406.13341331481934 111.2600326538086 406.13341331481934 177.75965118408203 388.596435546875 177.75965118408203
389.4908447265625 110.16845703125 406.6264457702637 110.16845703125 406.6264457702637 176.73442840576172 389.4908447265625 176.73442840576172
389.92205810546875 108.83247375488281 406.30078506469727 108.83247375488281 406.30078506469727 176.4088134765625 389.92205810546875 176.4088134765625
390.95794677734375 109.37532043457031 407.2943058013916 109.37532043457031 407.2943058013916 176.15292358398438 390.95794677734375 176.15292358398438
391.1629333496094 109.59934997558594 407.70051193237305 109.59934997558594 407.70051193237305 175.49134063720703 391.1629333496094 175.49134063720703
389.9107666015625 110.5231704711914 407.2404670715332 110.5231704711914 407.2404670715332 173.2073211669922 389.9107666015625 173.2073211669922
390.728759765625 109.3776626586914 406.9410209655762 109.3776626586914 406.9410209655762 172.40261459350586 390.728759765625 172.40261459350586
381.084228515625 107.89521789550781 400.27094078063965 107.89521789550781 400.27094078063965 171.63162994384766 381.084228515625 171.63162994384766
368.00140380859375 111.31513977050781 387.2693214416504 111.31513977050781 387.2693214416504 176.04534149169922 368.00140380859375 176.04534149169922
360.43414306640625 111.57537841796875 378.89305114746094 111.57537841796875 378.89305114746094 177.2609100341797 360.43414306640625 177.2609100341797
355.32257080078125 110.58735656738281 373.451473236084 110.58735656738281 373.451473236084 175.1263198852539 355.32257080078125 175.1263198852539
345.13482666015625 110.38734436035156 363.2305488586426 110.38734436035156 363.2305488586426 174.8081817626953 345.13482666015625 174.8081817626953
338.10498046875 109.8485336303711 356.0146598815918 109.8485336303711 356.0146598815918 173.6070556640625 338.10498046875 173.6070556640625
328.78326416015625 112.5609130859375 348.2732181549072 112.5609130859375 348.2732181549072 169.29361724853516 328.78326416015625 169.29361724853516
322.65753173828125 111.78196716308594 340.46986198425293 111.78196716308594 340.46986198425293 175.1939353942871 322.65753173828125 175.1939353942871
313.7979431152344 109.1388931274414 331.98726081848145 109.1388931274414 331.98726081848145 173.89293670654297 313.7979431152344 173.89293670654297
308.14581298828125 109.48451232910156 326.40060806274414 109.48451232910156 326.40060806274414 174.4716567993164 308.14581298828125 174.4716567993164
297.390625 111.90193176269531 315.6091136932373 111.90193176269531 315.6091136932373 176.75982666015625 297.390625 176.75982666015625
286.4540710449219 111.3305892944336 305.04211044311523 111.3305892944336 305.04211044311523 172.6865463256836 286.4540710449219 172.6865463256836
281.70263671875 109.53621673583984 299.83195304870605 109.53621673583984 299.83195304870605 174.07666015625 281.70263671875 174.07666015625
270.1966552734375 108.6566390991211 288.77637100219727 108.6566390991211 288.77637100219727 172.43399047851562 270.1966552734375 172.43399047851562
259.3243103027344 108.90999603271484 278.1838684082031 108.90999603271484 278.1838684082031 172.78510665893555 259.3243103027344 172.78510665893555
246.9795379638672 109.2297592163086 266.2485523223877 109.2297592163086 266.2485523223877 172.78768920898438 246.9795379638672 172.78768920898438
240.29324340820312 107.50483703613281 258.9200019836426 107.50483703613281 258.9200019836426 173.81616973876953 240.29324340820312 173.81616973876953
227.65414428710938 109.03060150146484 246.7279930114746 109.03060150146484 246.7279930114746 170.49510955810547 227.65414428710938 170.49510955810547
215.0767822265625 111.3055419921875 233.70359420776367 111.3055419921875 233.70359420776367 174.00209426879883 215.0767822265625 174.00209426879883
201.50038146972656 112.27610778808594 220.17841148376465 112.27610778808594 220.17841148376465 171.17285537719727 201.50038146972656 171.17285537719727
192.78860473632812 114.1826400756836 213.0024528503418 114.1826400756836 213.0024528503418 170.18259048461914 192.78860473632812 170.18259048461914
184.51544189453125 112.285888671875 204.2882308959961 112.285888671875 204.2882308959961 170.49747467041016 184.51544189453125 170.49747467041016
178.2153778076172 111.60382080078125 197.74684143066406 111.60382080078125 197.74684143066406 168.79544067382812 178.2153778076172 168.79544067382812
168.87954711914062 109.0022201538086 188.43562507629395 109.0022201538086 188.43562507629395 169.99666595458984 168.87954711914062 169.99666595458984
163.96035766601562 109.69108581542969 182.59655952453613 109.69108581542969 182.59655952453613 169.1630630493164 163.96035766601562 169.1630630493164
155.49990844726562 108.81748962402344 173.9381561279297 108.81748962402344 173.9381561279297 171.06189727783203 155.49990844726562 171.06189727783203
147.8499755859375 108.8502426147461 165.99618911743164 108.8502426147461 165.99618911743164 173.4508285522461 147.8499755859375 173.4508285522461
138.0064697265625 109.64710998535156 156.55520629882812 109.64710998535156 156.55520629882812 173.2616310119629 138.0064697265625 173.2616310119629
128.39637756347656 109.8377914428711 146.40891456604004 109.8377914428711 146.40891456604004 173.96249389648438 128.39637756347656 173.96249389648438
115.43367767333984 107.81961822509766 133.43982696533203 107.81961822509766 133.43982696533203 171.92156982421875 115.43367767333984 171.92156982421875
108.16795349121094 110.82177734375 127.15255546569824 110.82177734375 127.15255546569824 170.86502838134766 108.16795349121094 170.86502838134766
98.49662780761719 109.65702819824219 116.65021133422852 109.65702819824219 116.65021133422852 171.99556732177734 98.49662780761719 171.99556732177734
86.67377471923828 109.92491149902344 104.66297721862793 109.92491149902344 104.66297721862793 170.81708145141602 86.67377471923828 170.81708145141602
81.66667938232422 111.7236099243164 99.23857498168945 111.7236099243164 99.23857498168945 174.2796173095703 81.66667938232422 174.2796173095703
76.11659240722656 109.82452392578125 93.58568572998047 109.82452392578125 93.58568572998047 172.01455688476562 76.11659240722656 172.01455688476562
64.58098602294922 111.74992370605469 82.60578727722168 111.74992370605469 82.60578727722168 170.3257179260254 64.58098602294922 170.3257179260254
60.13622283935547 111.43626403808594 78.26933097839355 111.43626403808594 78.26933097839355 172.7526092529297 60.13622283935547 172.7526092529297
50.248863220214844 111.7013168334961 69.92172431945801 111.7013168334961 69.92172431945801 170.08240127563477 50.248863220214844 170.08240127563477
45.46318054199219 110.96205139160156 63.524784088134766 110.96205139160156 63.524784088134766 175.2614288330078 45.46318054199219 175.2614288330078
39.092803955078125 111.60636138916016 57.08098793029785 111.60636138916016 57.08098793029785 172.30302810668945 39.092803955078125 172.30302810668945
40.994407653808594 111.2845230102539 58.395137786865234 111.2845230102539 58.395137786865234 172.1442527770996 40.994407653808594 172.1442527770996
41.15651321411133 109.0289306640625 58.555694580078125 109.0289306640625 58.555694580078125 171.7226333618164 41.15651321411133 171.7226333618164
41.64237594604492 109.7201919555664 59.0190372467041 109.7201919555664 59.0190372467041 171.72512435913086 41.64237594604492 171.72512435913086
42.55129623413086 110.2730941772461 59.122215270996094 110.2730941772461 59.122215270996094 169.89441299438477 42.55129623413086 169.89441299438477
43.14820098876953 108.4236068725586 59.88069152832031 108.4236068725586 59.88069152832031 169.7690887451172 43.14820098876953 169.7690887451172
43.71635818481445 110.22259521484375 59.68763065338135 110.22259521484375 59.68763065338135 169.8801383972168 43.71635818481445 169.8801383972168
43.11284637451172 109.9801254272461 59.45306587219238 109.9801254272461 59.45306587219238 168.99613571166992 43.11284637451172 168.99613571166992
42.427886962890625 110.78230285644531 58.87357711791992 110.78230285644531 58.87357711791992 168.95178985595703 42.427886962890625 168.95178985595703
42.20924758911133 108.70713806152344 58.24267768859863 108.70713806152344 58.24267768859863 169.26508331298828 42.20924758911133 169.26508331298828
42.20368194580078 109.89183044433594 57.52433490753174 109.89183044433594 57.52433490753174 167.68448638916016 42.20368194580078 167.68448638916016
42.38372802734375 107.40567779541016 58.37803649902344 107.40567779541016 58.37803649902344 167.12979888916016 42.38372802734375 167.12979888916016
42.615699768066406 107.0807876586914 58.58216857910156 107.0807876586914 58.58216857910156 167.67350006103516 42.615699768066406 167.67350006103516
42.11286163330078 108.95477294921875 57.81346893310547 108.95477294921875 57.81346893310547 169.66073608398438 42.11286163330078 169.66073608398438
42.835487365722656 108.46598815917969 58.66701030731201 108.46598815917969 58.66701030731201 169.0452537536621 42.835487365722656 169.0452537536621
42.72053909301758 107.93644714355469 59.291664123535156 107.93644714355469 59.291664123535156 170.6775360107422 42.72053909301758 170.6775360107422
42.84960174560547 109.08941650390625 59.111629486083984 109.08941650390625 59.111629486083984 169.78974151611328 42.84960174560547 169.78974151611328
43.592472076416016 110.4460220336914 59.26656532287598 110.4460220336914 59.26656532287598 169.5492935180664 43.592472076416016 169.5492935180664
43.56929397583008 108.8526611328125 59.91881561279297 108.8526611328125 59.91881561279297 167.39106369018555 43.56929397583008 167.39106369018555
44.501197814941406 109.2699203491211 60.53046226501465 109.2699203491211 60.53046226501465 168.80177307128906 44.501197814941406 168.80177307128906
44.957603454589844 107.6125717163086 61.17215919494629 107.6125717163086 61.17215919494629 168.71202087402344 44.957603454589844 168.71202087402344
44.8055534362793 107.82562255859375 60.92267417907715 107.82562255859375 60.92267417907715 167.35326385498047 44.8055534362793 167.35326385498047
45.44267272949219 107.97895812988281 61.47641372680664 107.97895812988281 61.47641372680664 169.37295150756836 45.44267272949219 169.37295150756836
44.976539611816406 105.40495300292969 61.97800827026367 105.40495300292969 61.97800827026367 169.3800392150879 44.976539611816406 169.3800392150879
45.58495330810547 109.63053131103516 62.3955192565918 109.63053131103516 62.3955192565918 169.18579864501953 45.58495330810547 169.18579864501953
46.46863555908203 108.29593658447266 62.87024116516113 108.29593658447266 62.87024116516113 170.0835952758789 46.46863555908203 170.0835952758789
46.555789947509766 108.31340026855469 62.8492431640625 108.31340026855469 62.8492431640625 167.42005157470703 46.555789947509766 167.42005157470703
45.74860763549805 107.6774673461914 61.97444534301758 107.6774673461914 61.97444534301758 166.35003662109375 45.74860763549805 166.35003662109375
44.94672393798828 107.78379821777344 61.497358322143555 107.78379821777344 61.497358322143555 166.63739395141602 44.94672393798828 166.63739395141602
45.60982894897461 104.8277359008789 61.720306396484375 104.8277359008789 61.720306396484375 167.01029205322266 45.60982894897461 167.01029205322266
45.57606887817383 104.5680923461914 61.608938217163086 104.5680923461914 61.608938217163086 169.1019287109375 45.57606887817383 169.1019287109375
44.81352615356445 103.12889099121094 61.65461730957031 103.12889099121094 61.65461730957031 168.5525894165039 44.81352615356445 168.5525894165039
45.861263275146484 102.9002914428711 62.10893249511719 102.9002914428711 62.10893249511719 169.0317840576172 45.861263275146484 169.0317840576172
45.810546875 106.31120300292969 61.97938346862793 106.31120300292969 61.97938346862793 167.8035125732422 45.810546875 167.8035125732422
46.20211410522461 106.7829360961914 62.68464279174805 106.7829360961914 62.68464279174805 168.7326202392578 46.20211410522461 168.7326202392578
47.026161193847656 107.52193450927734 63.39828681945801 107.52193450927734 63.39828681945801 168.2124137878418 47.026161193847656 168.2124137878418
47.8022575378418 105.82066345214844 64.81091499328613 105.82066345214844 64.81091499328613 167.88669204711914 47.8022575378418 167.88669204711914
48.3511848449707 105.38150787353516 65.22708129882812 105.38150787353516 65.22708129882812 165.19792556762695 48.3511848449707 165.19792556762695
49.479591369628906 103.62691497802734 66.36321640014648 103.62691497802734 66.36321640014648 164.5845069885254 49.479591369628906 164.5845069885254
49.959083557128906 103.1002197265625 66.32747268676758 103.1002197265625 66.32747268676758 165.24872970581055 49.959083557128906 165.24872970581055
51.49262237548828 105.30877685546875 67.1958417892456 105.30877685546875 67.1958417892456 165.69231033325195 51.49262237548828 165.69231033325195
51.03963088989258 105.11122131347656 67.86457443237305 105.11122131347656 67.86457443237305 165.3333511352539 51.03963088989258 165.3333511352539
51.981346130371094 106.60246276855469 68.90185165405273 106.60246276855469 68.90185165405273 166.12109756469727 51.981346130371094 166.12109756469727
52.725921630859375 105.44056701660156 68.59429454803467 105.44056701660156 68.59429454803467 164.90250396728516 52.725921630859375 164.90250396728516
53.22667694091797 107.14726257324219 68.9700517654419 107.14726257324219 68.9700517654419 164.16970443725586 53.22667694091797 164.16970443725586
52.62361526489258 103.8829345703125 69.55268287658691 103.8829345703125 69.55268287658691 162.95516967773438 52.62361526489258 162.95516967773438
52.642539978027344 104.53590393066406 69.69712448120117 104.53590393066406 69.69712448120117 163.29700469970703 52.642539978027344 163.29700469970703
52.752784729003906 101.99710845947266 68.64551258087158 101.99710845947266 68.64551258087158 163.94671249389648 52.752784729003906 163.94671249389648
52.608619689941406 101.30314636230469 68.4841537475586 101.30314636230469 68.4841537475586 165.0187110900879 52.608619689941406 165.0187110900879
53.0346794128418 100.43980407714844 68.87137031555176 100.43980407714844 68.87137031555176 164.9380111694336 53.0346794128418 164.9380111694336
52.43492889404297 101.0317611694336 69.27193832397461 101.0317611694336 69.27193832397461 164.6795883178711 52.43492889404297 164.6795883178711
52.650306701660156 105.90067291259766 69.2760124206543 105.90067291259766 69.2760124206543 164.5467987060547 52.650306701660156 164.5467987060547
53.74650192260742 102.43586730957031 71.03393173217773 102.43586730957031 71.03393173217773 164.78810119628906 53.74650192260742 164.78810119628906
55.24248123168945 100.64720916748047 72.17218017578125 100.64720916748047 72.17218017578125 163.95045471191406 55.24248123168945 163.95045471191406
55.770042419433594 102.09465026855469 72.10930633544922 102.09465026855469 72.10930633544922 162.74822616577148 55.770042419433594 162.74822616577148
57.17924880981445 102.4426498413086 73.05709934234619 102.4426498413086 73.05709934234619 162.53221130371094 57.17924880981445 162.53221130371094
58.20216751098633 100.65281677246094 73.78840446472168 100.65281677246094 73.78840446472168 163.41490173339844 58.20216751098633 163.41490173339844
58.500328063964844 101.63764953613281 74.30981254577637 101.63764953613281 74.30981254577637 162.6988868713379 58.500328063964844 162.6988868713379
58.31817626953125 103.31227111816406 73.9720811843872 103.31227111816406 73.9720811843872 164.02765274047852 58.31817626953125 164.02765274047852
58.93928909301758 102.80473327636719 75.31032943725586 102.80473327636719 75.31032943725586 164.1484603881836 58.93928909301758 164.1484603881836
59.06574249267578 103.08403015136719 74.66388702392578 103.08403015136719 74.66388702392578 163.07009506225586 59.06574249267578 163.07009506225586
58.830101013183594 100.90794372558594 74.77252388000488 100.90794372558594 74.77252388000488 161.0901641845703 58.830101013183594 161.0901641845703
57.62845993041992 99.90116882324219 73.82900428771973 99.90116882324219 73.82900428771973 162.44418716430664 57.62845993041992 162.44418716430664
57.6166877746582 99.82148742675781 73.7392578125 99.82148742675781 73.7392578125 162.18022918701172 57.6166877746582 162.18022918701172
57.6747932434082 97.04060363769531 74.01448822021484 97.04060363769531 74.01448822021484 162.1276092529297 57.6747932434082 162.1276092529297
57.957611083984375 99.55535125732422 74.50644111633301 99.55535125732422 74.50644111633301 161.6321563720703 57.957611083984375 161.6321563720703
57.76776123046875 100.39763641357422 74.82796669006348 100.39763641357422 74.82796669006348 163.04429244995117 57.76776123046875 163.04429244995117
57.88055419921875 100.81043243408203 74.62574768066406 100.81043243408203 74.62574768066406 163.48321151733398 57.88055419921875 163.48321151733398
59.48535919189453 99.44512939453125 76.12903785705566 99.44512939453125 76.12903785705566 162.346923828125 59.48535919189453 162.346923828125
59.98625564575195 98.70171356201172 77.28843307495117 98.70171356201172 77.28843307495117 161.66116333007812 59.98625564575195 161.66116333007812
60.83361053466797 96.65699768066406 77.37079238891602 96.65699768066406 77.37079238891602 160.54095077514648 60.83361053466797 160.54095077514648
60.3330078125 97.26246643066406 78.15077781677246 97.26246643066406 78.15077781677246 160.40821838378906 60.3330078125 160.40821838378906
61.9762077331543 97.96315002441406 78.73160552978516 97.96315002441406 78.73160552978516 162.26551818847656 61.9762077331543 162.26551818847656
61.65778732299805 97.06753540039062 78.59980773925781 97.06753540039062 78.59980773925781 162.94164276123047 61.65778732299805 162.94164276123047
62.393531799316406 96.59398651123047 79.25645065307617 96.59398651123047 79.25645065307617 161.59908294677734 62.393531799316406 161.59908294677734
62.87995147705078 97.23648834228516 79.57406234741211 97.23648834228516 79.57406234741211 160.07010650634766 62.87995147705078 160.07010650634766
61.846336364746094 98.76344299316406 79.61031723022461 98.76344299316406 79.61031723022461 160.46986389160156 61.846336364746094 160.46986389160156
61.05457305908203 96.31742858886719 78.14843940734863 96.31742858886719 78.14843940734863 159.7588348388672 61.05457305908203 159.7588348388672
61.273895263671875 94.45915222167969 78.45757484436035 94.45915222167969 78.45757484436035 160.42523956298828 61.273895263671875 160.42523956298828
61.09883499145508 95.34507751464844 77.99264144897461 95.34507751464844 77.99264144897461 160.46636962890625 61.09883499145508 160.46636962890625
61.0439338684082 95.96192932128906 77.48747253417969 95.96192932128906 77.48747253417969 160.5820083618164 61.0439338684082 160.5820083618164
61.305824279785156 97.99256896972656 77.74958801269531 97.99256896972656 77.74958801269531 161.23675155639648 61.305824279785156 161.23675155639648
61.59516525268555 97.95914459228516 78.60299682617188 97.95914459228516 78.60299682617188 159.74288940429688 61.59516525268555 159.74288940429688
62.494842529296875 96.18592071533203 79.60036849975586 96.18592071533203 79.60036849975586 160.16322326660156 62.494842529296875 160.16322326660156
62.25324630737305 97.11325073242188 79.07029151916504 97.11325073242188 79.07029151916504 159.35927200317383 62.25324630737305 159.35927200317383
63.75511932373047 94.31302642822266 79.58208465576172 94.31302642822266 79.58208465576172 159.3102264404297 63.75511932373047 159.3102264404297
63.059051513671875 96.63555908203125 79.06770133972168 96.63555908203125 79.06770133972168 159.48622512817383 63.059051513671875 159.48622512817383
60.93791961669922 94.05426025390625 77.78698348999023 94.05426025390625 77.78698348999023 157.90719604492188 60.93791961669922 157.90719604492188
60.64281463623047 93.06849670410156 76.93753433227539 93.06849670410156 76.93753433227539 157.46031188964844 60.64281463623047 157.46031188964844
61.06766891479492 94.24949645996094 77.29424095153809 94.24949645996094 77.29424095153809 158.36750030517578 61.06766891479492 158.36750030517578
60.8756103515625 96.75691986083984 78.02651596069336 96.75691986083984 78.02651596069336 158.3999137878418 60.8756103515625 158.3999137878418
60.75548553466797 95.77591705322266 78.18182754516602 95.77591705322266 78.18182754516602 158.12783813476562 60.75548553466797 158.12783813476562
61.147300720214844 96.2567138671875 78.85539054870605 96.2567138671875 78.85539054870605 159.39159393310547 61.147300720214844 159.39159393310547
61.20844268798828 94.34632873535156 78.23982429504395 94.34632873535156 78.23982429504395 157.2871856689453 61.20844268798828 157.2871856689453
61.96552658081055 95.06766510009766 78.71591186523438 95.06766510009766 78.71591186523438 157.15318298339844 61.96552658081055 157.15318298339844
62.47412872314453 93.89387512207031 79.6515121459961 93.89387512207031 79.6515121459961 156.93104553222656 62.47412872314453 156.93104553222656
62.3720817565918 93.94506072998047 79.01173400878906 93.94506072998047 79.01173400878906 155.7765121459961 62.3720817565918 155.7765121459961
62.410972595214844 93.16580200195312 79.17805099487305 93.16580200195312 79.17805099487305 156.42919158935547 62.410972595214844 156.42919158935547
62.857521057128906 95.50187683105469 79.7200698852539 95.50187683105469 79.7200698852539 158.18645858764648 62.857521057128906 158.18645858764648
62.53937530517578 93.65426635742188 79.61289596557617 93.65426635742188 79.61289596557617 157.65032958984375 62.53937530517578 157.65032958984375
62.78650665283203 94.03498077392578 79.89416885375977 94.03498077392578 79.89416885375977 156.22555541992188 62.78650665283203 156.22555541992188
62.3685302734375 94.21556091308594 79.7210807800293 94.21556091308594 79.7210807800293 157.48181915283203 62.3685302734375 157.48181915283203
61.71907424926758 94.93054962158203 78.9899959564209 94.93054962158203 78.9899959564209 157.1550064086914 61.71907424926758 157.1550064086914
61.4240608215332 93.9868392944336 78.12831115722656 93.9868392944336 78.12831115722656 156.48594284057617 61.4240608215332 156.48594284057617
61.34428024291992 92.106201171875 78.37826156616211 92.106201171875 78.37826156616211 155.5831527709961 61.34428024291992 155.5831527709961
61.4869384765625 91.70985412597656 78.59645652770996 91.70985412597656 78.59645652770996 156.2303237915039 61.4869384765625 156.2303237915039
61.453285217285156 93.29803466796875 78.81535148620605 93.29803466796875 78.81535148620605 156.9251708984375 61.453285217285156 156.9251708984375
61.37730026245117 95.49208068847656 78.68898963928223 95.49208068847656 78.68898963928223 157.56201934814453 61.37730026245117 157.56201934814453
62.023704528808594 93.9212417602539 79.11298942565918 93.9212417602539 79.11298942565918 156.20033264160156 62.023704528808594 156.20033264160156
62.11665725708008 94.1711196899414 79.0510482788086 94.1711196899414 79.0510482788086 156.34251403808594 62.11665725708008 156.34251403808594
62.4948616027832 93.5038070678711 79.6939754486084 93.5038070678711 79.6939754486084 154.5416374206543 62.4948616027832 154.5416374206543
62.47538375854492 92.21929931640625 79.82507133483887 92.21929931640625 79.82507133483887 155.40497970581055 62.47538375854492 155.40497970581055
62.875885009765625 92.00669860839844 79.83442306518555 92.00669860839844 79.83442306518555 154.74866485595703 62.875885009765625 154.74866485595703
62.865440368652344 92.52806854248047 80.0374813079834 92.52806854248047 80.0374813079834 155.08385467529297 62.865440368652344 155.08385467529297
62.80457305908203 90.45108795166016 79.40690040588379 90.45108795166016 79.40690040588379 155.45931243896484 62.80457305908203 155.45931243896484
63.228759765625 90.57952880859375 79.28218460083008 90.57952880859375 79.28218460083008 154.18426513671875 63.228759765625 154.18426513671875
63.1898307800293 92.4977035522461 79.24827766418457 92.4977035522461 79.24827766418457 155.93798828125 63.1898307800293 155.93798828125
62.825828552246094 92.08853912353516 80.0516128540039 92.08853912353516 80.0516128540039 155.06178665161133 62.825828552246094 155.06178665161133
62.52373123168945 93.02018737792969 79.64301681518555 93.02018737792969 79.64301681518555 155.23749542236328 62.52373123168945 155.23749542236328
61.023826599121094 93.20359802246094 78.59370994567871 93.20359802246094 78.59370994567871 155.12292861938477 61.023826599121094 155.12292861938477
60.78496170043945 92.91181182861328 77.99559020996094 92.91181182861328 77.99559020996094 154.6253433227539 60.78496170043945 154.6253433227539
60.038856506347656 91.82225036621094 77.97708320617676 91.82225036621094 77.97708320617676 154.92952728271484 60.038856506347656 154.92952728271484
60.637168884277344 92.60253143310547 78.41157722473145 92.60253143310547 78.41157722473145 154.77920532226562 60.637168884277344 154.77920532226562
60.9557991027832 93.5451889038086 78.62924575805664 93.5451889038086 78.62924575805664 156.4627227783203 60.9557991027832 156.4627227783203
60.97864532470703 93.08073425292969 78.5199203491211 93.08073425292969 78.5199203491211 155.52773666381836 60.97864532470703 155.52773666381836
61.36372756958008 92.08985900878906 78.92291069030762 92.08985900878906 78.92291069030762 154.60061264038086 61.36372756958008 154.60061264038086
61.52839279174805 90.3885498046875 79.27064323425293 90.3885498046875 79.27064323425293 153.08994674682617 61.52839279174805 153.08994674682617
61.18574905395508 88.65167999267578 78.92103958129883 88.65167999267578 78.92103958129883 152.76043701171875 61.18574905395508 152.76043701171875
61.400146484375 90.62821960449219 78.8880386352539 90.62821960449219 78.8880386352539 152.20627212524414 61.400146484375 152.20627212524414
61.34710693359375 92.29298400878906 78.59205627441406 92.29298400878906 78.59205627441406 153.68507385253906 61.34710693359375 153.68507385253906
62.14207077026367 92.90933990478516 79.11636543273926 92.90933990478516 79.11636543273926 153.7320327758789 62.14207077026367 153.7320327758789
61.539512634277344 93.14192199707031 78.62070655822754 93.14192199707031 78.62070655822754 152.98224258422852 61.539512634277344 152.98224258422852
60.72088623046875 91.57609558105469 77.63296890258789 91.57609558105469 77.63296890258789 151.63788604736328 60.72088623046875 151.63788604736328
60.692161560058594 91.55865478515625 77.81464576721191 91.55865478515625 77.81464576721191 152.5147590637207 60.692161560058594 152.5147590637207
60.01799774169922 90.50704956054688 76.94257354736328 90.50704956054688 76.94257354736328 151.71019744873047 60.01799774169922 151.71019744873047
60.468902587890625 90.81690979003906 77.43041610717773 90.81690979003906 77.43041610717773 152.72345352172852 60.468902587890625 152.72345352172852
59.86723709106445 89.57945251464844 77.6106948852539 89.57945251464844 77.6106948852539 151.59417343139648 59.86723709106445 151.59417343139648
60.48188018798828 89.2309341430664 77.87018203735352 89.2309341430664 77.87018203735352 151.13335800170898 60.48188018798828 151.13335800170898
60.219200134277344 90.81489562988281 77.4648551940918 90.81489562988281 77.4648551940918 152.20948791503906 60.219200134277344 152.20948791503906
60.36249542236328 88.29148864746094 77.62350654602051 88.29148864746094 77.62350654602051 149.83570098876953 60.36249542236328 149.83570098876953
60.9000129699707 90.5330581665039 78.3737621307373 90.5330581665039 78.3737621307373 151.6841697692871 60.9000129699707 151.6841697692871
60.96271514892578 88.25708770751953 78.27295112609863 88.25708770751953 78.27295112609863 150.08185577392578 60.96271514892578 150.08185577392578
60.733787536621094 89.29118347167969 77.78076171875 89.29118347167969 77.78076171875 151.02109146118164 60.733787536621094 151.02109146118164
61.00518798828125 90.45439147949219 78.25994873046875 90.45439147949219 78.25994873046875 151.94307708740234 61.00518798828125 151.94307708740234
60.897483825683594 90.38809204101562 78.18202590942383 90.38809204101562 78.18202590942383 151.9211311340332 60.897483825683594 151.9211311340332
60.43449783325195 90.72844696044922 77.77966690063477 90.72844696044922 77.77966690063477 152.30609512329102 60.43449783325195 152.30609512329102
59.730369567871094 89.07853698730469 77.02384376525879 89.07853698730469 77.02384376525879 150.64336776733398 59.730369567871094 150.64336776733398
59.30329132080078 89.26197814941406 76.54428100585938 89.26197814941406 76.54428100585938 150.63996124267578 59.30329132080078 150.63996124267578
59.4445915222168 89.02873992919922 76.8170394897461 89.02873992919922 76.8170394897461 150.8747100830078 59.4445915222168 150.8747100830078
59.94116973876953 87.44567108154297 77.49580764770508 87.44567108154297 77.49580764770508 149.94024658203125 59.94116973876953 149.94024658203125
60.478843688964844 87.72335052490234 78.13412475585938 87.72335052490234 78.13412475585938 150.5762176513672 60.478843688964844 150.5762176513672
60.428985595703125 87.64918518066406 77.99280166625977 87.64918518066406 77.99280166625977 150.1764373779297 60.428985595703125 150.1764373779297
61.26860427856445 85.9446792602539 78.65331077575684 85.9446792602539 78.65331077575684 147.8343048095703 61.26860427856445 147.8343048095703
61.37836456298828 87.41227722167969 78.95416450500488 87.41227722167969 78.95416450500488 149.98218536376953 61.37836456298828 149.98218536376953
60.8388786315918 86.36741638183594 78.61606407165527 86.36741638183594 78.61606407165527 149.65425872802734 60.8388786315918 149.65425872802734
61.69647979736328 87.48843383789062 79.23813438415527 87.48843383789062 79.23813438415527 149.93678665161133 61.69647979736328 149.93678665161133
61.78864669799805 88.53314971923828 79.26944732666016 88.53314971923828 79.26944732666016 150.7648696899414 61.78864669799805 150.7648696899414
61.42787551879883 88.55299377441406 78.75959014892578 88.55299377441406 78.75959014892578 150.25397109985352 61.42787551879883 150.25397109985352
61.8314208984375 86.75179290771484 79.02575874328613 86.75179290771484 79.02575874328613 147.96370697021484 61.8314208984375 147.96370697021484
62.05781173706055 87.01829528808594 78.94001579284668 87.01829528808594 78.94001579284668 147.11901092529297 62.05781173706055 147.11901092529297
61.32544708251953 86.27264404296875 78.15669059753418 86.27264404296875 78.15669059753418 146.19194412231445 61.32544708251953 146.19194412231445
61.2097053527832 87.92500305175781 78.07871437072754 87.92500305175781 78.07871437072754 147.97875213623047 61.2097053527832 147.97875213623047
61.62837600708008 88.2513427734375 78.1034164428711 88.2513427734375 78.1034164428711 146.9025650024414 61.62837600708008 146.9025650024414
61.95439529418945 88.28358459472656 78.45097351074219 88.28358459472656 78.45097351074219 147.01147842407227 61.95439529418945 147.01147842407227
61.67075729370117 88.46208190917969 77.88127899169922 88.46208190917969 77.88127899169922 146.17161560058594 61.67075729370117 146.17161560058594
61.30025100708008 86.75328826904297 77.71505737304688 86.75328826904297 77.71505737304688 145.19007873535156 61.30025100708008 145.19007873535156
61.324005126953125 87.69400024414062 77.86649703979492 87.69400024414062 77.86649703979492 146.58534622192383 61.324005126953125 146.58534622192383
61.663841247558594 87.83726501464844 78.2310676574707 87.83726501464844 78.2310676574707 146.81666564941406 61.663841247558594 146.81666564941406
61.65653610229492 87.1504898071289 78.14925956726074 87.1504898071289 78.14925956726074 145.86465454101562 61.65653610229492 145.86465454101562
61.408226013183594 87.06002807617188 77.86862564086914 87.06002807617188 77.86862564086914 145.65911865234375 61.408226013183594 145.65911865234375
60.57503128051758 86.9091796875 77.03341674804688 86.9091796875 77.03341674804688 145.5010986328125 60.57503128051758 145.5010986328125
59.785888671875 87.1443862915039 76.68049049377441 87.1443862915039 76.68049049377441 147.28923416137695 59.785888671875 147.28923416137695
59.017601013183594 85.84083557128906 76.14152526855469 85.84083557128906 76.14152526855469 146.80207061767578 59.017601013183594 146.80207061767578
58.91048049926758 85.26597595214844 76.26219177246094 85.26597595214844 76.26219177246094 147.0381317138672 58.91048049926758 147.0381317138672
58.352149963378906 85.18700408935547 75.68033599853516 85.18700408935547 75.68033599853516 146.87540817260742 58.352149963378906 146.87540817260742
57.17753982543945 84.49378967285156 74.74077796936035 84.49378967285156 74.74077796936035 147.01897811889648 57.17753982543945 147.01897811889648
57.350074768066406 84.17330169677734 75.21581840515137 84.17330169677734 75.21581840515137 147.77540588378906 57.350074768066406 147.77540588378906
57.01874542236328 82.4987564086914 75.06626510620117 82.4987564086914 75.06626510620117 146.63206481933594 57.01874542236328 146.63206481933594
56.259239196777344 82.05293273925781 74.33272552490234 82.05293273925781 74.33272552490234 146.3946075439453 56.259239196777344 146.3946075439453
57.05229568481445 83.24778747558594 75.33761596679688 83.24778747558594 75.33761596679688 147.04303741455078 57.05229568481445 147.04303741455078
56.3432502746582 83.1891860961914 74.56265640258789 83.1891860961914 74.56265640258789 148.05034637451172 56.3432502746582 148.05034637451172
56.98353958129883 82.52900695800781 75.17961883544922 82.52900695800781 75.17961883544922 147.30712890625 56.98353958129883 147.30712890625
55.92411422729492 82.01216125488281 74.18031120300293 82.01216125488281 74.18031120300293 147.00430297851562 55.92411422729492 147.00430297851562
58.307716369628906 82.5590591430664 76.57959747314453 82.5590591430664 76.57959747314453 147.6070327758789 58.307716369628906 147.6070327758789
56.60051345825195 82.84618377685547 74.80975151062012 82.84618377685547 74.80975151062012 147.671142578125 56.60051345825195 147.671142578125
57.59812545776367 83.16158294677734 75.53877258300781 83.16158294677734 75.53877258300781 147.03035736083984 57.59812545776367 147.03035736083984
57.359657287597656 83.09254455566406 75.27451705932617 83.09254455566406 75.27451705932617 146.86952209472656 57.359657287597656 146.86952209472656
57.88103103637695 84.57414245605469 75.79680252075195 84.57414245605469 75.79680252075195 148.35436248779297 57.88103103637695 148.35436248779297
57.5706787109375 83.90715026855469 75.33249282836914 83.90715026855469 75.33249282836914 147.13927841186523 57.5706787109375 147.13927841186523
59.002159118652344 82.60894775390625 76.4639778137207 82.60894775390625 76.4639778137207 144.77309036254883 59.002159118652344 144.77309036254883
57.54930877685547 83.42393493652344 75.11313056945801 83.42393493652344 75.11313056945801 145.9512062072754 57.54930877685547 145.9512062072754
57.24938201904297 83.47943878173828 74.78206253051758 83.47943878173828 74.78206253051758 145.89585876464844 57.24938201904297 145.89585876464844
57.2435302734375 84.36048126220703 74.75434494018555 84.36048126220703 74.75434494018555 146.69905471801758 57.2435302734375 146.69905471801758
56.708946228027344 82.03002166748047 74.35610008239746 82.03002166748047 74.35610008239746 144.8539581298828 56.708946228027344 144.8539581298828
55.48015594482422 83.5269546508789 73.72266578674316 83.5269546508789 73.72266578674316 143.61454010009766 55.48015594482422 143.61454010009766
56.09434127807617 82.17711639404297 73.90183448791504 82.17711639404297 73.90183448791504 145.5718536376953 56.09434127807617 145.5718536376953
55.626068115234375 81.50187683105469 73.3549747467041 81.50187683105469 73.3549747467041 144.61684799194336 55.626068115234375 144.61684799194336
54.79627227783203 82.5749740600586 73.56298446655273 82.5749740600586 73.56298446655273 143.66651916503906 54.79627227783203 143.66651916503906
54.752357482910156 82.3047103881836 73.48944282531738 82.3047103881836 73.48944282531738 146.8067398071289 54.752357482910156 146.8067398071289
54.798927307128906 81.31190490722656 72.77981185913086 81.31190490722656 72.77981185913086 145.32391357421875 54.798927307128906 145.32391357421875
53.20842361450195 80.88465881347656 71.15936088562012 80.88465881347656 71.15936088562012 141.85726165771484 53.20842361450195 141.85726165771484
52.87575149536133 83.58488464355469 70.41257667541504 83.58488464355469 70.41257667541504 143.60608673095703 52.87575149536133 143.60608673095703
52.320213317871094 83.72862243652344 70.12382698059082 83.72862243652344 70.12382698059082 143.73111724853516 52.320213317871094 143.73111724853516
52.0777473449707 82.5535659790039 69.94378471374512 82.5535659790039 69.94378471374512 142.90191650390625 52.0777473449707 142.90191650390625
50.953216552734375 83.40223693847656 68.21636009216309 83.40223693847656 68.21636009216309 144.1308135986328 50.953216552734375 144.1308135986328
50.828346252441406 80.6572265625 68.17787742614746 80.6572265625 68.17787742614746 142.4216194152832 50.828346252441406 142.4216194152832
49.85356903076172 82.89755249023438 67.30554389953613 82.89755249023438 67.30554389953613 145.02664947509766 49.85356903076172 145.02664947509766
48.6604118347168 81.85357666015625 66.37122917175293 81.85357666015625 66.37122917175293 139.13103103637695 48.6604118347168 139.13103103637695
47.974403381347656 81.15723419189453 64.92403030395508 81.15723419189453 64.92403030395508 141.97359085083008 47.974403381347656 141.97359085083008
47.27641677856445 82.16055297851562 64.12927627563477 82.16055297851562 64.12927627563477 142.15679931640625 47.27641677856445 142.15679931640625
46.60763931274414 81.52079772949219 63.644121170043945 81.52079772949219 63.644121170043945 142.1707420349121 46.60763931274414 142.1707420349121
44.900909423828125 81.12985229492188 61.86760330200195 81.12985229492188 61.86760330200195 141.53135299682617 44.900909423828125 141.53135299682617
44.22394561767578 81.9665298461914 61.36288642883301 81.9665298461914 61.36288642883301 141.14832305908203 44.22394561767578 141.14832305908203
43.00590896606445 79.75874328613281 60.088998794555664 79.75874328613281 60.088998794555664 140.53841400146484 43.00590896606445 140.53841400146484
43.266990661621094 79.39018249511719 60.2675838470459 79.39018249511719 60.2675838470459 140.37813568115234 43.266990661621094 140.37813568115234
43.03564453125 80.35482788085938 59.93582725524902 80.35482788085938 59.93582725524902 140.51955032348633 43.03564453125 140.51955032348633
43.36505889892578 80.64348602294922 60.46668243408203 80.64348602294922 60.46668243408203 141.5253448486328 43.36505889892578 141.5253448486328
43.269737243652344 79.63224792480469 60.349050521850586 79.63224792480469 60.349050521850586 140.43468856811523 43.269737243652344 140.43468856811523
43.91438293457031 82.01545715332031 60.995126724243164 82.01545715332031 60.995126724243164 142.82299041748047 43.91438293457031 142.82299041748047
43.83349609375 80.2950668334961 60.69476890563965 80.2950668334961 60.69476890563965 140.32127380371094 43.83349609375 140.32127380371094
43.12858963012695 79.7369384765625 60.1170597076416 79.7369384765625 60.1170597076416 139.35758209228516 43.12858963012695 139.35758209228516
43.065223693847656 80.32415008544922 59.8981876373291 80.32415008544922 59.8981876373291 140.24957656860352 43.065223693847656 140.24957656860352
42.510982513427734 80.316650390625 59.40616416931152 80.316650390625 59.40616416931152 140.46356964111328 42.510982513427734 140.46356964111328
42.026771545410156 80.79349517822266 58.978904724121094 80.79349517822266 58.978904724121094 141.1431655883789 42.026771545410156 141.1431655883789
42.59605407714844 80.81886291503906 59.55324935913086 80.81886291503906 59.55324935913086 141.18655014038086 42.59605407714844 141.18655014038086
42.762840270996094 80.0916519165039 59.28218650817871 80.0916519165039 59.28218650817871 139.55025100708008 42.762840270996094 139.55025100708008
41.280601501464844 81.94783020019531 57.89643478393555 81.94783020019531 57.89643478393555 140.4196434020996 41.280601501464844 140.4196434020996
40.896934509277344 80.55435943603516 57.54537582397461 80.55435943603516 57.54537582397461 138.57246780395508 40.896934509277344 138.57246780395508
41.04668426513672 79.95890808105469 57.14984130859375 79.95890808105469 57.14984130859375 138.4446792602539 41.04668426513672 138.4446792602539
40.87761688232422 78.54512023925781 56.97866439819336 78.54512023925781 56.97866439819336 137.61058807373047 40.87761688232422 137.61058807373047
40.74829864501953 79.35071563720703 57.2707405090332 79.35071563720703 57.2707405090332 138.1474380493164 40.74829864501953 138.1474380493164
40.36560821533203 80.53813934326172 56.573951721191406 80.53813934326172 56.573951721191406 138.83603286743164 40.36560821533203 138.83603286743164
40.60166549682617 80.11412048339844 56.89065170288086 80.11412048339844 56.89065170288086 138.10297393798828 40.60166549682617 138.10297393798828
41.098533630371094 79.1617431640625 57.6617431640625 79.1617431640625 57.6617431640625 138.12683868408203 41.098533630371094 138.12683868408203
41.46876907348633 79.45097351074219 57.636613845825195 79.45097351074219 57.636613845825195 137.0085792541504 41.46876907348633 137.0085792541504
41.45331573486328 80.34363555908203 57.61913299560547 80.34363555908203 57.61913299560547 137.89401245117188 41.45331573486328 137.89401245117188
41.31437683105469 78.83242797851562 57.694881439208984 78.83242797851562 57.694881439208984 137.14708709716797 41.31437683105469 137.14708709716797
41.18845748901367 79.38951110839844 57.70797157287598 79.38951110839844 57.70797157287598 138.19904327392578 41.18845748901367 138.19904327392578
41.44579315185547 78.94786071777344 57.90952491760254 78.94786071777344 57.90952491760254 137.55881118774414 41.44579315185547 137.55881118774414
40.705848693847656 78.19173431396484 57.68747138977051 78.19173431396484 57.68747138977051 138.64637756347656 40.705848693847656 138.64637756347656
40.83443832397461 77.03654479980469 58.15721321105957 77.03654479980469 58.15721321105957 138.70569229125977 40.83443832397461 138.70569229125977
40.83058166503906 77.7146224975586 58.24251174926758 77.7146224975586 58.24251174926758 138.88350677490234 40.83058166503906 138.88350677490234
40.74197006225586 77.3539810180664 58.15282440185547 77.3539810180664 58.15282440185547 138.60468292236328 40.74197006225586 138.60468292236328
40.38282775878906 77.27043151855469 57.612335205078125 77.27043151855469 57.612335205078125 138.45375061035156 40.38282775878906 138.45375061035156
40.61598587036133 78.08876037597656 58.168235778808594 78.08876037597656 58.168235778808594 138.59290313720703 40.61598587036133 138.59290313720703
