396.0 322.0 501.0 322.0 501.0 456.0 396.0 456.0
398.8757019042969 321.1486511230469 502.1601028442383 321.1486511230469 502.1601028442383 456.91510009765625 398.8757019042969 456.91510009765625
400.3591613769531 317.0235900878906 502.3960647583008 317.0235900878906 502.3960647583008 456.0614013671875 400.3591613769531 456.0614013671875
402.4530334472656 316.01934814453125 505.0810852050781 316.01934814453125 505.0810852050781 453.9167785644531 402.4530334472656 453.9167785644531
403.57025146484375 313.6115417480469 507.1136016845703 313.6115417480469 507.1136016845703 453.86279296875 403.57025146484375 453.86279296875
406.8702697753906 312.72271728515625 507.87035369873047 312.72271728515625 507.87035369873047 452.7842102050781 406.8702697753906 452.7842102050781
408.6427917480469 311.5956115722656 510.74205780029297 311.5956115722656 510.74205780029297 449.9223327636719 408.6427917480469 449.9223327636719
410.88702392578125 310.8545837402344 511.73899841308594 310.8545837402344 511.73899841308594 449.06170654296875 410.88702392578125 449.06170654296875
412.94677734375 307.0687561035156 512.6522369384766 307.0687561035156 512.6522369384766 448.0039825439453 412.94677734375 448.0039825439453
414.31622314453125 307.43438720703125 514.8849105834961 307.43438720703125 514.8849105834961 445.42738342285156 414.31622314453125 445.42738342285156
416.1509704589844 306.30926513671875 516.6786117553711 306.30926513671875 516.6786117553711 445.30686950683594 416.1509704589844 445.30686950683594
418.4444274902344 303.7685852050781 517.9058990478516 303.7685852050781 517.9058990478516 441.3290252685547 418.4444274902344 441.3290252685547
420.701416015625 304.12982177734375 519.8080825805664 304.12982177734375 519.8080825805664 439.00738525390625 420.701416015625 439.00738525390625
422.63494873046875 302.733154296875 521.3337860107422 302.733154296875 521.3337860107422 437.31898498535156 422.63494873046875 437.31898498535156
424.42230224609375 301.31097412109375 522.5865936279297 301.31097412109375 522.5865936279297 436.2554626464844 424.42230224609375 436.2554626464844
426.9319763183594 300.99224853515625 524.175178527832 300.99224853515625 524.175178527832 434.94427490234375 426.9319763183594 434.94427490234375
429.5127868652344 298.9054870605469 526.0473556518555 298.9054870605469 526.0473556518555 433.65675354003906 429.5127868652344 433.65675354003906
431.98480224609375 297.7032775878906 526.8785858154297 297.7032775878906 526.8785858154297 429.4447784423828 431.98480224609375 429.4447784423828
433.308837890625 295.8108825683594 528.5670394897461 295.8108825683594 528.5670394897461 426.83082580566406 433.308837890625 426.83082580566406
434.6796875 295.2964172363281 530.5025177001953 295.2964172363281 530.5025177001953 424.89373779296875 434.6796875 424.89373779296875
436.51507568359375 293.95086669921875 531.7236557006836 293.95086669921875 531.7236557006836 422.7632141113281 436.51507568359375 422.7632141113281
438.34832763671875 292.7379455566406 533.3083648681641 292.7379455566406 533.3083648681641 420.9288330078125 438.34832763671875 420.9288330078125
439.7314453125 292.449951171875 535.2750625610352 292.449951171875 535.2750625610352 421.6328582763672 439.7314453125 421.6328582763672
442.249755859375 290.9412536621094 536.2618865966797 290.9412536621094 536.2618865966797 417.4031219482422 442.249755859375 417.4031219482422
443.6570739746094 288.4443664550781 536.9722213745117 288.4443664550781 536.9722213745117 415.61866760253906 443.6570739746094 415.61866760253906
445.454833984375 288.76202392578125 538.2480392456055 288.76202392578125 538.2480392456055 414.45042419433594 445.454833984375 414.45042419433594
447.275146484375 285.99285888671875 539.319091796875 285.99285888671875 539.319091796875 412.4347915649414 447.275146484375 412.4347915649414
448.56182861328125 286.0605773925781 541.2741622924805 286.0605773925781 541.2741622924805 409.67750549316406 448.56182861328125 409.67750549316406
449.37469482421875 285.59100341796875 543.2625427246094 285.59100341796875 543.2625427246094 408.8923568725586 449.37469482421875 408.8923568725586
452.28973388671875 283.03570556640625 543.5700302124023 283.03570556640625 543.5700302124023 408.32044982910156 452.28973388671875 408.32044982910156
454.2217712402344 282.6502990722656 544.7927932739258 282.6502990722656 544.7927932739258 405.68846893310547 454.2217712402344 405.68846893310547
456.22088623046875 282.35321044921875 546.1474456787109 282.35321044921875 546.1474456787109 405.99778747558594 456.22088623046875 405.99778747558594
458.284912109375 280.99810791015625 547.1541748046875 280.99810791015625 547.1541748046875 402.1125717163086 458.284912109375 402.1125717163086
458.98223876953125 279.71270751953125 548.3741455078125 279.71270751953125 548.3741455078125 399.93619537353516 458.98223876953125 399.93619537353516
460.9419860839844 279.28936767578125 549.8259048461914 279.28936767578125 549.8259048461914 399.9827651977539 460.9419860839844 399.9827651977539
462.014404296875 277.6148376464844 551.1497650146484 277.6148376464844 551.1497650146484 398.8938293457031 462.014404296875 398.8938293457031
463.90625 276.6940002441406 551.0866241455078 276.6940002441406 551.0866241455078 395.2859191894531 463.90625 395.2859191894531
465.46856689453125 276.90667724609375 553.2007064819336 276.90667724609375 553.2007064819336 393.23604583740234 465.46856689453125 393.23604583740234
467.6902770996094 274.38714599609375 554.0250015258789 274.38714599609375 554.0250015258789 394.4143829345703 467.6902770996094 394.4143829345703
468.4247131347656 274.14154052734375 554.8324661254883 274.14154052734375 554.8324661254883 391.85890197753906 468.4247131347656 391.85890197753906
470.7823181152344 273.6752014160156 556.5745620727539 273.6752014160156 556.5745620727539 390.53699493408203 470.7823181152344 390.53699493408203
472.822265625 272.826904296875 557.767822265625 272.826904296875 557.767822265625 388.9840087890625 472.822265625 388.9840087890625
473.17388916015625 270.3111877441406 558.4988861083984 270.3111877441406 558.4988861083984 388.6863327026367 473.17388916015625 388.6863327026367
475.2752990722656 271.2930603027344 559.0266342163086 271.2930603027344 559.0266342163086 386.69041442871094 475.2752990722656 386.69041442871094
476.089111328125 268.77081298828125 560.2337951660156 268.77081298828125 560.2337951660156 383.51856994628906 476.089111328125 383.51856994628906
477.67242431640625 268.6502380371094 560.7250137329102 268.6502380371094 560.7250137329102 381.4334182739258 477.67242431640625 381.4334182739258
466.35302734375 270.8341979980469 559.3376083374023 270.8341979980469 559.3376083374023 376.79651641845703 466.35302734375 376.79651641845703
453.27606201171875 268.15997314453125 545.1950149536133 268.15997314453125 545.1950149536133 374.6765365600586 453.27606201171875 374.6765365600586
444.58245849609375 268.7315368652344 536.0353698730469 268.7315368652344 536.0353698730469 373.46864318847656 444.58245849609375 373.46864318847656
433.88677978515625 269.54827880859375 525.5917892456055 269.54827880859375 525.5917892456055 374.8135757446289 433.88677978515625 374.8135757446289
422.2413024902344 266.9969787597656 515.7445831298828 266.9969787597656 515.7445831298828 370.8772659301758 422.2413024902344 370.8772659301758
414.28955078125 266.437744140625 503.7961196899414 266.437744140625 503.7961196899414 372.62303161621094 414.28955078125 372.62303161621094
401.4339904785156 267.2268981933594 493.8347473144531 267.2268981933594 493.8347473144531 371.73168182373047 401.4339904785156 371.73168182373047
392.1542053222656 263.4017639160156 481.3526306152344 263.4017639160156 481.3526306152344 369.75511169433594 392.1542053222656 369.75511169433594
381.1202697753906 265.10113525390625 472.07640075683594 265.10113525390625 472.07640075683594 367.1315002441406 381.1202697753906 367.1315002441406
370.9400634765625 263.32373046875 458.96924591064453 263.32373046875 458.96924591064453 364.1342544555664 370.9400634765625 364.1342544555664
362.05950927734375 260.9684753417969 450.5035858154297 260.9684753417969 450.5035858154297 363.10096740722656 362.05950927734375 363.10096740722656
352.99652099609375 261.4187927246094 438.3473434448242 261.4187927246094 438.3473434448242 366.0948791503906 352.99652099609375 366.0948791503906
356.37359619140625 261.0190734863281 441.0240020751953 261.0190734863281 441.0240020751953 363.0035400390625 356.37359619140625 363.0035400390625
360.3988342285156 258.507080078125 441.67574310302734 258.507080078125 441.67574310302734 363.62638092041016 360.3988342285156 363.62638092041016
360.64422607421875 254.845703125 441.0026168823242 254.845703125 441.0026168823242 367.0295639038086 360.64422607421875 367.0295639038086
364.0133972167969 254.4730987548828 439.80857849121094 254.4730987548828 439.80857849121094 362.75186920166016 364.0133972167969 362.75186920166016
362.7355041503906 254.87094116210938 441.7951889038086 254.87094116210938 441.7951889038086 362.62818145751953 362.7355041503906 362.62818145751953
364.591064453125 254.301513671875 441.28418731689453 254.301513671875 441.28418731689453 362.45726013183594 364.591064453125 362.45726013183594
365.02374267578125 254.2336883544922 441.1139450073242 254.2336883544922 441.1139450073242 361.1527786254883 365.02374267578125 361.1527786254883
366.2406005859375 253.8865203857422 442.4440689086914 253.8865203857422 442.4440689086914 362.4836654663086 366.2406005859375 362.4836654663086
366.96160888671875 252.16018676757812 440.8204803466797 252.16018676757812 440.8204803466797 358.8352584838867 366.96160888671875 358.8352584838867
367.5431213378906 252.1103515625 443.8605041503906 252.1103515625 443.8605041503906 358.39498138427734 367.5431213378906 358.39498138427734
368.728515625 251.37173461914062 443.5318145751953 251.37173461914062 443.5318145751953 356.98792266845703 368.728515625 356.98792266845703
368.39306640625 251.2446746826172 444.6029281616211 251.2446746826172 444.6029281616211 356.5935745239258 368.39306640625 356.5935745239258
368.9755554199219 250.56497192382812 444.82923126220703 250.56497192382812 444.82923126220703 354.7516174316406 368.9755554199219 354.7516174316406
369.79345703125 249.2375946044922 444.61473083496094 249.2375946044922 444.61473083496094 354.519775390625 369.79345703125 354.519775390625
371.7558288574219 249.7417449951172 446.1521759033203 249.7417449951172 446.1521759033203 353.7522277832031 371.7558288574219 353.7522277832031
370.275634765625 246.812744140625 445.5435256958008 246.812744140625 445.5435256958008 351.3310775756836 370.275634765625 351.3310775756836
372.3000183105469 248.19580078125 446.55421447753906 248.19580078125 446.55421447753906 350.93890380859375 372.3000183105469 350.93890380859375
373.4488220214844 245.83737182617188 448.37084197998047 245.83737182617188 448.37084197998047 350.9713897705078 373.4488220214844 350.9713897705078
373.60906982421875 246.8561248779297 449.11656951904297 246.8561248779297 449.11656951904297 349.3516082763672 373.60906982421875 349.3516082763672
375.209228515625 245.875244140625 448.03438568115234 245.875244140625 448.03438568115234 347.85546112060547 375.209228515625 347.85546112060547
375.9832458496094 246.2191619873047 447.5928268432617 246.2191619873047 447.5928268432617 346.3043441772461 375.9832458496094 346.3043441772461
374.81829833984375 243.4028778076172 448.17811584472656 243.4028778076172 448.17811584472656 342.6286315917969 374.81829833984375 342.6286315917969
375.8639831542969 244.9734649658203 447.0094451904297 244.9734649658203 447.0094451904297 341.0005569458008 375.8639831542969 341.0005569458008
377.94036865234375 244.42465209960938 448.96498107910156 244.42465209960938 448.96498107910156 341.95521545410156 377.94036865234375 341.95521545410156
376.6661071777344 243.11227416992188 447.67244720458984 243.11227416992188 447.67244720458984 342.21546173095703 376.6661071777344 342.21546173095703
378.26226806640625 242.3140869140625 449.37046813964844 242.3140869140625 449.37046813964844 339.13636779785156 378.26226806640625 339.13636779785156
378.7347412109375 242.32223510742188 447.41416931152344 242.32223510742188 447.41416931152344 336.8528289794922 378.7347412109375 336.8528289794922
378.08154296875 240.4876251220703 446.4923782348633 240.4876251220703 446.4923782348633 336.8148498535156 378.08154296875 336.8148498535156
379.8829650878906 241.4346160888672 447.05933380126953 241.4346160888672 447.05933380126953 335.507080078125 379.8829650878906 335.507080078125
380.5953063964844 242.5040740966797 449.3614959716797 242.5040740966797 449.3614959716797 335.67547607421875 380.5953063964844 335.67547607421875
380.394775390625 237.639404296875 447.95426177978516 237.639404296875 447.95426177978516 332.62986755371094 380.394775390625 332.62986755371094
381.54730224609375 238.4327392578125 449.25269317626953 238.4327392578125 449.25269317626953 332.40296936035156 381.54730224609375 332.40296936035156
380.36651611328125 234.6457977294922 449.49391174316406 234.6457977294922 449.49391174316406 329.4270935058594 380.36651611328125 329.4270935058594
381.71478271484375 235.2641143798828 450.0965881347656 235.2641143798828 450.0965881347656 329.4460220336914 381.71478271484375 329.4460220336914
380.70343017578125 237.1342010498047 448.9161605834961 237.1342010498047 448.9161605834961 331.0652389526367 380.70343017578125 331.0652389526367
383.17950439453125 234.19223022460938 451.71295166015625 234.19223022460938 451.71295166015625 327.6213607788086 383.17950439453125 327.6213607788086
383.0977478027344 235.99642944335938 453.29066467285156 235.99642944335938 453.29066467285156 328.4475402832031 383.0977478027344 328.4475402832031
384.06634521484375 234.291259765625 452.86753845214844 234.291259765625 452.86753845214844 329.1922302246094 384.06634521484375 329.1922302246094
384.9605407714844 233.8472137451172 453.71522521972656 233.8472137451172 453.71522521972656 326.32188415527344 384.9605407714844 326.32188415527344
384.93798828125 233.61691284179688 453.17858123779297 233.61691284179688 453.17858123779297 326.3833465576172 384.93798828125 326.3833465576172
384.3741149902344 233.10910034179688 451.56290435791016 233.10910034179688 451.56290435791016 327.79530334472656 384.3741149902344 327.79530334472656
384.26715087890625 233.07888793945312 452.53015899658203 233.07888793945312 452.53015899658203 324.72618865966797 384.26715087890625 324.72618865966797
385.47076416015625 229.2258758544922 454.14147186279297 229.2258758544922 454.14147186279297 322.12060546875 385.47076416015625 322.12060546875
384.09210205078125 231.27041625976562 452.8993225097656 231.27041625976562 452.8993225097656 323.77296447753906 384.09210205078125 323.77296447753906
385.73211669921875 229.96456909179688 452.9213409423828 229.96456909179688 452.9213409423828 322.0696334838867 385.73211669921875 322.0696334838867
385.9568786621094 230.99209594726562 455.9983367919922 230.99209594726562 455.9983367919922 322.6143798828125 385.9568786621094 322.6143798828125
386.9788818359375 231.3387908935547 454.50921630859375 231.3387908935547 454.50921630859375 322.4018020629883 386.9788818359375 322.4018020629883
387.09539794921875 229.1733856201172 453.94213104248047 229.1733856201172 453.94213104248047 318.68053436279297 387.09539794921875 318.68053436279297
386.20941162109375 226.89035034179688 452.55887603759766 226.89035034179688 452.55887603759766 316.6728820800781 386.20941162109375 316.6728820800781
387.0359191894531 226.71224975585938 455.3528594970703 226.71224975585938 455.3528594970703 315.68407440185547 387.0359191894531 315.68407440185547
387.4540100097656 226.7176513671875 453.27071380615234 226.7176513671875 453.27071380615234 317.81536865234375 387.4540100097656 317.81536865234375
388.541748046875 226.5606689453125 455.9362258911133 226.5606689453125 455.9362258911133 316.33827209472656 388.541748046875 316.33827209472656
387.31549072265625 222.5296630859375 455.89688873291016 222.5296630859375 455.89688873291016 313.3979721069336 387.31549072265625 313.3979721069336
386.2333984375 222.0990753173828 455.4306182861328 222.0990753173828 455.4306182861328 313.77880096435547 386.2333984375 313.77880096435547
386.3289489746094 223.3406982421875 457.5287399291992 223.3406982421875 457.5287399291992 317.0840835571289 386.3289489746094 317.0840835571289
386.872314453125 222.1186981201172 456.4563217163086 222.1186981201172 456.4563217163086 315.8946990966797 386.872314453125 315.8946990966797
386.33489990234375 219.3782196044922 457.2380676269531 219.3782196044922 457.2380676269531 314.7577209472656 386.33489990234375 314.7577209472656
384.55340576171875 216.8967742919922 460.86951446533203 216.8967742919922 460.86951446533203 308.98860931396484 384.55340576171875 308.98860931396484
396.98846435546875 214.57333374023438 472.1299591064453 214.57333374023438 472.1299591064453 310.46824645996094 396.98846435546875 310.46824645996094
408.85003662109375 216.00405883789062 483.97379302978516 216.00405883789062 483.97379302978516 311.87632751464844 408.85003662109375 311.87632751464844
421.95318603515625 213.1697540283203 496.52210998535156 213.1697540283203 496.52210998535156 308.3339538574219 421.95318603515625 308.3339538574219
431.23297119140625 214.91653442382812 506.2469024658203 214.91653442382812 506.2469024658203 310.6486511230469 431.23297119140625 310.6486511230469
443.06744384765625 212.87802124023438 517.2841949462891 212.87802124023438 517.2841949462891 307.59278106689453 443.06744384765625 307.59278106689453
446.53375244140625 211.81430053710938 522.8833618164062 211.81430053710938 522.8833618164062 309.25099182128906 446.53375244140625 309.25099182128906
445.13720703125 213.29165649414062 519.8480911254883 213.29165649414062 519.8480911254883 309.47216033935547 445.13720703125 309.47216033935547
444.8353576660156 211.27450561523438 520.4014358520508 211.27450561523438 520.4014358520508 307.6846237182617 444.8353576660156 307.6846237182617
445.37530517578125 212.67715454101562 520.1068878173828 212.67715454101562 520.1068878173828 308.9771194458008 445.37530517578125 308.9771194458008
444.0372009277344 210.7923126220703 519.32666015625 210.7923126220703 519.32666015625 306.8760452270508 444.0372009277344 306.8760452270508
448.25103759765625 212.50845336914062 520.2714691162109 212.50845336914062 520.2714691162109 307.4680633544922 448.25103759765625 307.4680633544922
448.33746337890625 210.2541961669922 521.2431640625 210.2541961669922 521.2431640625 304.6249084472656 448.33746337890625 304.6249084472656
448.58856201171875 212.5346221923828 519.9870147705078 212.5346221923828 519.9870147705078 307.47998809814453 448.58856201171875 307.47998809814453
447.5948791503906 210.7821044921875 519.1338348388672 210.7821044921875 519.1338348388672 303.658447265625 447.5948791503906 303.658447265625
448.787841796875 212.14187622070312 517.6789703369141 212.14187622070312 517.6789703369141 306.4093246459961 448.787841796875 306.4093246459961
445.4773864746094 209.8848876953125 517.6323165893555 209.8848876953125 517.6323165893555 301.96834564208984 445.4773864746094 301.96834564208984
449.3011169433594 211.8804931640625 520.1678161621094 211.8804931640625 520.1678161621094 302.3199157714844 449.3011169433594 302.3199157714844
446.45953369140625 212.5643768310547 516.9790267944336 212.5643768310547 516.9790267944336 302.56070709228516 446.45953369140625 302.56070709228516
447.4234313964844 211.14968872070312 519.1582489013672 211.14968872070312 519.1582489013672 302.69700622558594 447.4234313964844 302.69700622558594
446.8560485839844 212.3123779296875 517.6443939208984 212.3123779296875 517.6443939208984 302.6518249511719 446.8560485839844 302.6518249511719
446.1934509277344 210.6291046142578 516.6501312255859 210.6291046142578 516.6501312255859 300.5452880859375 446.1934509277344 300.5452880859375
446.53662109375 212.4893341064453 515.6368865966797 212.4893341064453 515.6368865966797 300.67447662353516 446.53662109375 300.67447662353516
448.91912841796875 212.52175903320312 517.9769134521484 212.52175903320312 517.9769134521484 300.65269470214844 448.91912841796875 300.65269470214844
447.17279052734375 214.31069946289062 515.2243957519531 214.31069946289062 515.2243957519531 301.15755462646484 447.17279052734375 301.15755462646484
447.6686096191406 211.39657592773438 515.1033020019531 211.39657592773438 515.1033020019531 297.4561309814453 447.6686096191406 297.4561309814453
448.1825256347656 211.9499969482422 515.3182220458984 211.9499969482422 515.3182220458984 297.6279754638672 448.1825256347656 297.6279754638672
447.808349609375 214.0823211669922 514.4463119506836 214.0823211669922 514.4463119506836 299.1250991821289 447.808349609375 299.1250991821289
446.907958984375 213.9185028076172 512.4568710327148 213.9185028076172 512.4568710327148 297.5714416503906 446.907958984375 297.5714416503906
449.6944274902344 213.2779083251953 513.3982467651367 213.2779083251953 513.3982467651367 294.57615661621094 449.6944274902344 294.57615661621094
449.14312744140625 212.8633270263672 512.9628829956055 212.8633270263672 512.9628829956055 294.3095397949219 449.14312744140625 294.3095397949219
449.102294921875 213.152587890625 512.8497505187988 213.152587890625 512.8497505187988 294.50653076171875 449.102294921875 294.50653076171875
448.32196044921875 211.1600799560547 512.1632919311523 211.1600799560547 512.1632919311523 292.63382720947266 448.32196044921875 292.63382720947266
449.87249755859375 214.191162109375 513.8865432739258 214.191162109375 513.8865432739258 295.88531494140625 449.87249755859375 295.88531494140625
448.934814453125 212.0366973876953 513.0857543945312 212.0366973876953 513.0857543945312 293.90555572509766 448.934814453125 293.90555572509766
448.45513916015625 213.09707641601562 512.8347625732422 213.09707641601562 512.8347625732422 295.25777435302734 448.45513916015625 295.25777435302734
449.62957763671875 212.66378784179688 513.935905456543 212.66378784179688 513.935905456543 294.73094177246094 449.62957763671875 294.73094177246094
450.74517822265625 213.2752227783203 514.6720581054688 213.2752227783203 514.6720581054688 294.8581237792969 450.74517822265625 294.8581237792969
451.45623779296875 214.4959716796875 514.3688774108887 214.4959716796875 514.3688774108887 294.7845001220703 451.45623779296875 294.7845001220703
448.0352478027344 212.7104034423828 511.41035079956055 212.7104034423828 511.41035079956055 293.58912658691406 448.0352478027344 293.58912658691406
450.8651428222656 214.2375946044922 513.2939033508301 214.2375946044922 513.2939033508301 293.6579055786133 450.8651428222656 293.6579055786133
448.795654296875 210.7844696044922 511.97871017456055 210.7844696044922 511.97871017456055 291.41810607910156 448.795654296875 291.41810607910156
448.289794921875 203.90115356445312 512.6140365600586 203.90115356445312 512.6140365600586 285.9911575317383 448.289794921875 285.9911575317383
447.47833251953125 203.56556701660156 511.4759712219238 203.56556701660156 511.4759712219238 285.23876953125 447.47833251953125 285.23876953125
448.9303283691406 204.98214721679688 512.4939270019531 204.98214721679688 512.4939270019531 286.10143280029297 448.9303283691406 286.10143280029297
447.290283203125 205.624755859375 510.9056701660156 205.624755859375 510.9056701660156 286.8101348876953 447.290283203125 286.8101348876953
447.12384033203125 206.3616943359375 509.73297119140625 206.3616943359375 509.73297119140625 286.2628936767578 447.12384033203125 286.2628936767578
448.18060302734375 205.823974609375 510.3419723510742 205.823974609375 510.3419723510742 285.15374755859375 448.18060302734375 285.15374755859375
447.7886657714844 206.07662963867188 509.1436767578125 206.07662963867188 509.1436767578125 284.37733459472656 447.7886657714844 284.37733459472656
449.38018798828125 207.2013702392578 510.56218338012695 207.2013702392578 510.56218338012695 285.2812805175781 449.38018798828125 285.2812805175781
445.6019592285156 200.3675079345703 506.9237861633301 200.3675079345703 506.9237861633301 278.6258773803711 445.6019592285156 278.6258773803711
445.1014099121094 201.27137756347656 506.17845916748047 201.27137756347656 506.17845916748047 279.2173614501953 445.1014099121094 279.2173614501953
443.17572021484375 199.4340362548828 504.7587089538574 199.4340362548828 504.7587089538574 278.02569580078125 443.17572021484375 278.02569580078125
445.09210205078125 197.9652099609375 506.5229721069336 197.9652099609375 506.5229721069336 276.3627471923828 445.09210205078125 276.3627471923828
443.25543212890625 198.41909790039062 505.09846115112305 198.41909790039062 505.09846115112305 277.3426284790039 443.25543212890625 277.3426284790039
443.03948974609375 198.93482971191406 504.9851875305176 198.93482971191406 504.9851875305176 277.98938751220703 443.03948974609375 277.98938751220703
442.34857177734375 200.43972778320312 503.3312797546387 200.43972778320312 503.3312797546387 278.2653274536133 442.34857177734375 278.2653274536133
442.92822265625 197.94326782226562 504.3593559265137 197.94326782226562 504.3593559265137 276.3411407470703 442.92822265625 276.3411407470703
441.3929748535156 198.29129028320312 502.9810905456543 198.29129028320312 502.9810905456543 276.8895034790039 441.3929748535156 276.8895034790039
442.7989807128906 200.3822479248047 503.7710266113281 200.3822479248047 503.7710266113281 278.1942443847656 442.7989807128906 278.1942443847656
442.65765380859375 193.5668182373047 504.6829299926758 193.5668182373047 504.6829299926758 272.7229309082031 442.65765380859375 272.7229309082031
444.56793212890625 192.1778564453125 505.6843490600586 192.1778564453125 505.6843490600586 270.1740951538086 444.56793212890625 270.1740951538086
441.86700439453125 189.66317749023438 503.6012878417969 189.66317749023438 503.6012878417969 267.87867736816406 441.86700439453125 267.87867736816406
442.45452880859375 190.59060668945312 504.5888786315918 190.59060668945312 504.5888786315918 269.8859405517578 442.45452880859375 269.8859405517578
441.42877197265625 190.77001953125 502.6602363586426 190.77001953125 502.6602363586426 268.60455322265625 441.42877197265625 268.60455322265625
442.583251953125 191.3241424560547 503.8724899291992 191.3241424560547 503.8724899291992 269.20936584472656 442.583251953125 269.20936584472656
442.2562561035156 190.4506072998047 502.80656814575195 190.4506072998047 502.80656814575195 268.0281677246094 442.2562561035156 268.0281677246094
441.65301513671875 192.47506713867188 501.9615249633789 192.47506713867188 501.9615249633789 269.44026947021484 441.65301513671875 269.44026947021484
439.30877685546875 192.35531616210938 497.7682304382324 192.35531616210938 497.7682304382324 267.69957733154297 439.30877685546875 267.69957733154297
440.8265686035156 189.23289489746094 500.5663032531738 189.23289489746094 500.5663032531738 265.4722137451172 440.8265686035156 265.4722137451172
439.26312255859375 191.59103393554688 497.5540466308594 191.59103393554688 497.5540466308594 266.1248245239258 439.26312255859375 266.1248245239258
439.618896484375 191.73727416992188 497.3727340698242 191.73727416992188 497.3727340698242 266.9546661376953 439.618896484375 266.9546661376953
437.901123046875 195.371826171875 495.5542678833008 195.371826171875 495.5542678833008 268.9482650756836 437.901123046875 268.9482650756836
437.9319763183594 193.14340209960938 494.8671569824219 193.14340209960938 494.8671569824219 266.3377227783203 437.9319763183594 266.3377227783203
438.80206298828125 194.14161682128906 495.8689956665039 194.14161682128906 495.8689956665039 266.96993255615234 438.80206298828125 266.96993255615234
437.15576171875 192.46591186523438 494.35737228393555 192.46591186523438 494.35737228393555 266.0645523071289 437.15576171875 266.0645523071289
435.0262145996094 190.15467834472656 493.77967071533203 190.15467834472656 493.77967071533203 265.1353225708008 435.0262145996094 265.1353225708008
436.5931701660156 190.3839569091797 495.1319808959961 190.3839569091797 495.1319808959961 265.5281524658203 436.5931701660156 265.5281524658203
435.6182556152344 191.2373809814453 494.74730682373047 191.2373809814453 494.74730682373047 266.6973571777344 435.6182556152344 266.6973571777344
434.8753967285156 191.54403686523438 493.6669120788574 191.54403686523438 493.6669120788574 266.57324981689453 434.8753967285156 266.57324981689453
435.0013122558594 190.04440307617188 495.30545806884766 190.04440307617188 495.30545806884766 267.00402069091797 435.0013122558594 267.00402069091797
433.1123962402344 188.624267578125 494.1955261230469 188.624267578125 494.1955261230469 266.57801818847656 433.1123962402344 266.57801818847656
432.12921142578125 187.2938995361328 494.0438003540039 187.2938995361328 494.0438003540039 265.6387176513672 432.12921142578125 265.6387176513672
431.1864318847656 186.6818084716797 493.7701530456543 186.6818084716797 493.7701530456543 266.22308349609375 431.1864318847656 266.22308349609375
431.4925842285156 182.21849060058594 494.87157440185547 182.21849060058594 494.87157440185547 261.13538360595703 431.4925842285156 261.13538360595703
430.974365234375 184.29006958007812 493.16827392578125 184.29006958007812 493.16827392578125 263.28845977783203 430.974365234375 263.28845977783203
431.359619140625 184.12173461914062 493.0330619812012 184.12173461914062 493.0330619812012 261.12571716308594 431.359619140625 261.12571716308594
429.86773681640625 181.12420654296875 492.81439208984375 181.12420654296875 492.81439208984375 261.0183410644531 429.86773681640625 261.0183410644531
429.2953186035156 182.76463317871094 493.3331069946289 182.76463317871094 493.3331069946289 259.9360580444336 429.2953186035156 259.9360580444336
428.8106994628906 180.68484497070312 492.28947830200195 180.68484497070312 492.28947830200195 257.2668685913086 428.8106994628906 257.2668685913086
428.3136291503906 179.23947143554688 491.8076362609863 179.23947143554688 491.8076362609863 257.8274459838867 428.3136291503906 257.8274459838867
428.04180908203125 178.0663604736328 490.7260856628418 178.0663604736328 490.7260856628418 257.9531707763672 428.04180908203125 257.9531707763672
426.6705017089844 179.976318359375 489.2044486999512 179.976318359375 489.2044486999512 258.21630096435547 426.6705017089844 258.21630096435547
425.75439453125 179.08651733398438 489.5501518249512 179.08651733398438 489.5501518249512 259.224609375 425.75439453125 259.224609375
425.6021423339844 180.22486877441406 488.6390380859375 180.22486877441406 488.6390380859375 258.2795639038086 425.6021423339844 258.2795639038086
423.93829345703125 177.82272338867188 488.78702545166016 177.82272338867188 488.78702545166016 254.94046020507812 423.93829345703125 254.94046020507812
423.80419921875 178.43063354492188 487.6783218383789 178.43063354492188 487.6783218383789 257.1756896972656 423.80419921875 257.1756896972656
422.5399475097656 180.40719604492188 485.7757263183594 180.40719604492188 485.7757263183594 258.67681884765625 422.5399475097656 258.67681884765625
422.0265197753906 182.3697967529297 485.19881439208984 182.3697967529297 485.19881439208984 258.01129150390625 422.0265197753906 258.01129150390625
421.7225646972656 180.2377166748047 485.06627655029297 180.2377166748047 485.06627655029297 256.08744049072266 421.7225646972656 256.08744049072266
421.00738525390625 180.12864685058594 484.1309700012207 180.12864685058594 484.1309700012207 255.25892639160156 421.00738525390625 255.25892639160156
419.8894958496094 180.563232421875 483.30066680908203 180.563232421875 483.30066680908203 254.79007720947266 419.8894958496094 254.79007720947266
420.7859802246094 182.4820556640625 482.0214614868164 182.4820556640625 482.0214614868164 255.2252197265625 420.7859802246094 255.2252197265625
419.2542419433594 181.337158203125 480.2542533874512 181.337158203125 480.2542533874512 253.59366607666016 419.2542419433594 253.59366607666016
417.3807678222656 180.6370391845703 479.45877838134766 180.6370391845703 479.45877838134766 253.63224029541016 417.3807678222656 253.63224029541016
417.6895446777344 180.67733764648438 477.9289855957031 180.67733764648438 477.9289855957031 253.15943145751953 417.6895446777344 253.15943145751953
415.3534240722656 178.62417602539062 476.04069900512695 178.62417602539062 476.04069900512695 254.1043243408203 415.3534240722656 254.1043243408203
415.0018005371094 179.70474243164062 474.6569519042969 179.70474243164062 474.6569519042969 253.7553253173828 415.0018005371094 253.7553253173828
415.0918884277344 179.5659942626953 476.1638603210449 179.5659942626953 476.1638603210449 252.8387222290039 415.0918884277344 252.8387222290039
413.66888427734375 180.2815704345703 474.1270751953125 180.2815704345703 474.1270751953125 252.60823822021484 413.66888427734375 252.60823822021484
411.5357360839844 180.17626953125 472.2686996459961 180.17626953125 472.2686996459961 253.90025329589844 411.5357360839844 253.90025329589844
413.50714111328125 180.5259552001953 472.20035552978516 180.5259552001953 472.20035552978516 252.40276336669922 413.50714111328125 252.40276336669922
412.55670166015625 179.5179901123047 471.1781234741211 179.5179901123047 471.1781234741211 252.2830047607422 412.55670166015625 252.2830047607422
411.51361083984375 177.9954833984375 469.403564453125 177.9954833984375 469.403564453125 249.56109619140625 411.51361083984375 249.56109619140625
409.9725646972656 180.53050231933594 467.21602630615234 180.53050231933594 467.21602630615234 252.49850463867188 409.9725646972656 252.49850463867188
408.6693420410156 178.82266235351562 468.8208808898926 178.82266235351562 468.8208808898926 249.87934112548828 408.6693420410156 249.87934112548828
409.2004699707031 178.6058349609375 469.21976470947266 178.6058349609375 469.21976470947266 248.77313232421875 409.2004699707031 248.77313232421875
405.48321533203125 179.5255584716797 463.1197929382324 179.5255584716797 463.1197929382324 251.98931884765625 405.48321533203125 251.98931884765625
408.5652770996094 178.1502685546875 466.2731513977051 178.1502685546875 466.2731513977051 250.08087158203125 408.5652770996094 250.08087158203125
406.52740478515625 178.22799682617188 464.05753326416016 178.22799682617188 464.05753326416016 250.08547973632812 406.52740478515625 250.08547973632812
404.95904541015625 180.01284790039062 461.88330078125 180.01284790039062 461.88330078125 252.6591033935547 404.95904541015625 252.6591033935547
404.36151123046875 178.1643829345703 461.95824432373047 178.1643829345703 461.95824432373047 251.66883850097656 404.36151123046875 251.66883850097656
403.38787841796875 177.5283966064453 461.1592025756836 177.5283966064453 461.1592025756836 251.25566864013672 403.38787841796875 251.25566864013672
402.1041564941406 177.02310180664062 460.10155487060547 177.02310180664062 460.10155487060547 251.03888702392578 402.1041564941406 251.03888702392578
400.61187744140625 177.1031036376953 458.0594482421875 177.1031036376953 458.0594482421875 250.41719818115234 400.61187744140625 250.41719818115234
403.2659912109375 175.147705078125 461.8535346984863 175.147705078125 461.8535346984863 246.55335998535156 403.2659912109375 246.55335998535156
402.62744140625 175.8153076171875 460.0437126159668 175.8153076171875 460.0437126159668 249.0894546508789 402.62744140625 249.0894546508789
399.44622802734375 174.51329040527344 457.1229057312012 174.51329040527344 457.1229057312012 248.1197738647461 399.44622802734375 248.1197738647461
400.82098388671875 174.91976928710938 457.9063529968262 174.91976928710938 457.9063529968262 246.83876037597656 400.82098388671875 246.83876037597656
397.4871826171875 174.0869903564453 454.7347831726074 174.0869903564453 454.7347831726074 246.9229278564453 397.4871826171875 246.9229278564453
399.36993408203125 172.5992431640625 457.3431396484375 172.5992431640625 457.3431396484375 245.8025131225586 399.36993408203125 245.8025131225586
400.35882568359375 172.66299438476562 457.5079345703125 172.66299438476562 457.5079345703125 244.69385528564453 400.35882568359375 244.69385528564453
397.1824035644531 170.7913055419922 456.37390899658203 170.7913055419922 456.37390899658203 244.23451232910156 397.1824035644531 244.23451232910156
397.63079833984375 170.6795196533203 455.20178985595703 170.6795196533203 455.20178985595703 243.44223022460938 397.63079833984375 243.44223022460938
399.2179260253906 171.326416015625 457.44572830200195 171.326416015625 457.44572830200195 243.64698028564453 399.2179260253906 243.64698028564453
398.43231201171875 170.98550415039062 456.5524597167969 170.98550415039062 456.5524597167969 242.98776245117188 398.43231201171875 242.98776245117188
397.662353515625 170.83859252929688 455.47473907470703 170.83859252929688 455.47473907470703 242.166015625 397.662353515625 242.166015625
395.91656494140625 171.2373504638672 453.4179458618164 171.2373504638672 453.4179458618164 244.62014770507812 395.91656494140625 244.62014770507812
395.01824951171875 170.36087036132812 453.24174880981445 170.36087036132812 453.24174880981445 242.18939971923828 395.01824951171875 242.18939971923828
395.55950927734375 170.03030395507812 453.6565856933594 170.03030395507812 453.6565856933594 239.8873748779297 395.55950927734375 239.8873748779297
393.79473876953125 169.611572265625 451.2171516418457 169.611572265625 451.2171516418457 240.57706451416016 393.79473876953125 240.57706451416016
394.0896911621094 171.19216918945312 450.5293769836426 171.19216918945312 450.5293769836426 241.40967559814453 394.0896911621094 241.40967559814453
391.53521728515625 170.19497680664062 449.57466888427734 170.19497680664062 449.57466888427734 242.33826446533203 391.53521728515625 242.33826446533203
392.12066650390625 170.0142059326172 450.08599853515625 170.0142059326172 450.08599853515625 240.86239624023438 392.12066650390625 240.86239624023438
392.30718994140625 169.3478240966797 448.3373832702637 169.3478240966797 448.3373832702637 240.26300811767578 392.30718994140625 240.26300811767578
391.31976318359375 167.3991241455078 447.679931640625 167.3991241455078 447.679931640625 238.53421020507812 391.31976318359375 238.53421020507812
389.8478088378906 169.64590454101562 447.66393280029297 169.64590454101562 447.66393280029297 240.61597442626953 389.8478088378906 240.61597442626953
390.1719055175781 168.76431274414062 447.6131782531738 168.76431274414062 447.6131782531738 239.94119262695312 390.1719055175781 239.94119262695312
388.6370849609375 167.35989379882812 447.1726379394531 167.35989379882812 447.1726379394531 239.24002075195312 388.6370849609375 239.24002075195312
388.20623779296875 169.2894744873047 444.76663970947266 169.2894744873047 444.76663970947266 241.53753662109375 388.20623779296875 241.53753662109375
387.44940185546875 168.0828399658203 446.003173828125 168.0828399658203 446.003173828125 239.35932159423828 387.44940185546875 239.35932159423828
385.6994323730469 165.971435546875 444.0721321105957 165.971435546875 444.0721321105957 238.86810302734375 385.6994323730469 238.86810302734375
387.2265625 167.36651611328125 444.8643913269043 167.36651611328125 444.8643913269043 238.31044006347656 387.2265625 238.31044006347656
387.1133728027344 166.3365936279297 445.26959228515625 166.3365936279297 445.26959228515625 239.14480590820312 387.1133728027344 239.14480590820312
384.9544677734375 165.46267700195312 443.23400115966797 165.46267700195312 443.23400115966797 238.079833984375 384.9544677734375 238.079833984375
385.54425048828125 166.45632934570312 441.9784240722656 166.45632934570312 441.9784240722656 239.00249481201172 385.54425048828125 239.00249481201172
383.7623596191406 166.01739501953125 439.9085159301758 166.01739501953125 439.9085159301758 236.98008728027344 383.7623596191406 236.98008728027344
383.4608459472656 166.5167236328125 438.9780387878418 166.5167236328125 438.9780387878418 238.86124420166016 383.4608459472656 238.86124420166016
381.87982177734375 165.63589477539062 438.85411834716797 165.63589477539062 438.85411834716797 238.17356872558594 381.87982177734375 238.17356872558594
382.88555908203125 164.84048461914062 441.22246170043945 164.84048461914062 441.22246170043945 237.4596405029297 382.88555908203125 237.4596405029297
382.0440979003906 166.49325561523438 439.34288787841797 166.49325561523438 439.34288787841797 238.63992309570312 382.0440979003906 238.63992309570312
379.0540771484375 164.73391723632812 436.85516357421875 164.73391723632812 436.85516357421875 237.52468872070312 379.0540771484375 237.52468872070312
378.5420837402344 166.0089874267578 435.49702072143555 166.0089874267578 435.49702072143555 238.05614471435547 378.5420837402344 238.05614471435547
379.9711608886719 164.5792694091797 436.2944564819336 164.5792694091797 436.2944564819336 236.20893096923828 379.9711608886719 236.20893096923828
380.3793029785156 165.9953155517578 435.30164337158203 165.9953155517578 435.30164337158203 236.6336669921875 380.3793029785156 236.6336669921875
378.44268798828125 161.482421875 435.4899711608887 161.482421875 435.4899711608887 234.35037994384766 378.44268798828125 234.35037994384766
376.4225158691406 163.36471557617188 433.7862129211426 163.36471557617188 433.7862129211426 235.68069458007812 376.4225158691406 235.68069458007812
378.11810302734375 164.9849395751953 432.9259834289551 164.9849395751953 432.9259834289551 235.80399322509766 378.11810302734375 235.80399322509766
377.9513244628906 165.8199462890625 431.9697799682617 165.8199462890625 431.9697799682617 233.9318389892578 377.9513244628906 233.9318389892578
374.61834716796875 165.23397827148438 428.7927665710449 165.23397827148438 428.7927665710449 235.16638946533203 374.61834716796875 235.16638946533203
375.88470458984375 163.152099609375 430.14437103271484 163.152099609375 430.14437103271484 233.98118591308594 375.88470458984375 233.98118591308594
376.9855041503906 165.68423461914062 430.61603927612305 165.68423461914062 430.61603927612305 234.22860717773438 376.9855041503906 234.22860717773438
375.3081970214844 162.67819213867188 428.96052169799805 162.67819213867188 428.96052169799805 231.91603088378906 375.3081970214844 231.91603088378906
375.2308044433594 161.8307342529297 429.24474334716797 161.8307342529297 429.24474334716797 231.4808578491211 375.2308044433594 231.4808578491211
375.26495361328125 163.38092041015625 429.1716499328613 163.38092041015625 429.1716499328613 232.22329711914062 375.26495361328125 232.22329711914062
375.4010314941406 165.2366943359375 427.42822265625 165.2366943359375 427.42822265625 231.2430419921875 375.4010314941406 231.2430419921875
374.5688781738281 164.49203491210938 428.1262321472168 164.49203491210938 428.1262321472168 230.13893127441406 374.5688781738281 230.13893127441406
373.5694274902344 164.65679931640625 426.22797775268555 164.65679931640625 426.22797775268555 230.36357879638672 373.5694274902344 230.36357879638672
372.9697265625 165.9295196533203 424.9253730773926 165.9295196533203 424.9253730773926 232.48953247070312 372.9697265625 232.48953247070312
373.9469299316406 163.0791015625 425.3984565734863 163.0791015625 425.3984565734863 229.11837005615234 373.9469299316406 229.11837005615234
372.58746337890625 162.3444366455078 426.3878402709961 162.3444366455078 426.3878402709961 229.04766845703125 372.58746337890625 229.04766845703125
372.73419189453125 161.65945434570312 426.85009765625 161.65945434570312 426.85009765625 229.12090301513672 372.73419189453125 229.12090301513672
372.0458679199219 162.1868896484375 425.39128494262695 162.1868896484375 425.39128494262695 228.37451934814453 372.0458679199219 228.37451934814453
370.8058166503906 162.18551635742188 424.9192123413086 162.18551635742188 424.9192123413086 229.7396240234375 370.8058166503906 229.7396240234375
370.6328125 161.9285430908203 424.3104934692383 161.9285430908203 424.3104934692383 229.41417694091797 370.6328125 229.41417694091797
370.2509460449219 162.7462615966797 424.1174507141113 162.7462615966797 424.1174507141113 228.91697692871094 370.2509460449219 228.91697692871094
368.62347412109375 163.28549194335938 422.73035430908203 163.28549194335938 422.73035430908203 229.33352661132812 368.62347412109375 229.33352661132812
368.75347900390625 162.05332946777344 422.0898666381836 162.05332946777344 422.0898666381836 229.83154296875 368.75347900390625 229.83154296875
368.20068359375 160.3463897705078 421.77824783325195 160.3463897705078 421.77824783325195 228.74830627441406 368.20068359375 228.74830627441406
367.90765380859375 162.9020538330078 420.66987228393555 162.9020538330078 420.66987228393555 228.95703125 367.90765380859375 228.95703125
366.614990234375 160.4508056640625 420.31121826171875 160.4508056640625 420.31121826171875 228.41663360595703 366.614990234375 228.41663360595703
367.0932312011719 160.24545288085938 421.66682052612305 160.24545288085938 421.66682052612305 226.68609619140625 367.0932312011719 226.68609619140625
366.10382080078125 161.7872314453125 419.1238021850586 161.7872314453125 419.1238021850586 228.79420471191406 366.10382080078125 228.79420471191406
365.1490173339844 162.64903259277344 419.5182304382324 162.64903259277344 419.5182304382324 228.79722595214844 365.1490173339844 228.79722595214844
365.61358642578125 161.62625122070312 418.0875053405762 161.62625122070312 418.0875053405762 227.59809112548828 365.61358642578125 227.59809112548828
365.19671630859375 160.97787475585938 418.8564338684082 160.97787475585938 418.8564338684082 227.3813247680664 365.19671630859375 227.3813247680664
364.62408447265625 159.16378784179688 418.14351654052734 159.16378784179688 418.14351654052734 226.04450225830078 364.62408447265625 226.04450225830078
364.2343444824219 160.04067993164062 416.9877815246582 160.04067993164062 416.9877815246582 227.14896392822266 364.2343444824219 227.14896392822266
364.0000915527344 157.95791625976562 417.8515739440918 157.95791625976562 417.8515739440918 225.27953338623047 364.0000915527344 225.27953338623047
364.09283447265625 157.45144653320312 418.0730972290039 157.45144653320312 418.0730972290039 224.42794799804688 364.09283447265625 224.42794799804688
362.15380859375 159.93882751464844 416.7872085571289 159.93882751464844 416.7872085571289 225.79168701171875 362.15380859375 225.79168701171875
363.1910095214844 157.94979858398438 415.3356819152832 157.94979858398438 415.3356819152832 224.5279769897461 363.1910095214844 224.5279769897461
361.3786926269531 159.31829833984375 414.05388259887695 159.31829833984375 414.05388259887695 224.14356231689453 361.3786926269531 224.14356231689453
361.8922424316406 161.17575073242188 413.989013671875 161.17575073242188 413.989013671875 226.11031341552734 361.8922424316406 226.11031341552734
359.0906677246094 160.804443359375 411.259521484375 160.804443359375 411.259521484375 224.8037109375 359.0906677246094 224.8037109375
360.1984558105469 159.12997436523438 411.3191909790039 159.12997436523438 411.3191909790039 223.9814224243164 360.1984558105469 223.9814224243164
358.8531188964844 159.0572052001953 410.4536361694336 159.0572052001953 410.4536361694336 223.03038787841797 358.8531188964844 223.03038787841797
359.2272644042969 160.25271606445312 409.8228073120117 160.25271606445312 409.8228073120117 223.73796844482422 359.2272644042969 223.73796844482422
358.0047912597656 161.1785125732422 408.23197174072266 161.1785125732422 408.23197174072266 223.80269622802734 358.0047912597656 223.80269622802734
357.48834228515625 157.114501953125 408.6499328613281 157.114501953125 408.6499328613281 221.2958755493164 357.48834228515625 221.2958755493164
358.13818359375 159.7638397216797 407.7435531616211 159.7638397216797 407.7435531616211 221.60004043579102 358.13818359375 221.60004043579102
356.9383850097656 159.46597290039062 407.4769859313965 159.46597290039062 407.4769859313965 220.92461013793945 356.9383850097656 220.92461013793945
355.3582458496094 158.8914794921875 406.52015686035156 158.8914794921875 406.52015686035156 221.55891799926758 355.3582458496094 221.55891799926758
355.97991943359375 160.7091827392578 406.8219680786133 160.7091827392578 406.8219680786133 221.27863311767578 355.97991943359375 221.27863311767578
356.00360107421875 157.55027770996094 407.31830978393555 157.55027770996094 407.31830978393555 221.41746520996094 356.00360107421875 221.41746520996094
355.4569396972656 157.88963317871094 408.1277542114258 157.88963317871094 408.1277542114258 221.5332489013672 355.4569396972656 221.5332489013672
354.83428955078125 157.3452606201172 406.1002006530762 157.3452606201172 406.1002006530762 219.25286102294922 354.83428955078125 219.25286102294922
355.6681213378906 158.4837646484375 405.8042526245117 158.4837646484375 405.8042526245117 220.62435913085938 355.6681213378906 220.62435913085938
354.379638671875 159.20887756347656 404.1409225463867 159.20887756347656 404.1409225463867 219.99916076660156 354.379638671875 219.99916076660156
353.2294616699219 157.5219268798828 403.4196357727051 157.5219268798828 403.4196357727051 220.1102752685547 353.2294616699219 220.1102752685547
353.01751708984375 159.86581420898438 403.5105667114258 159.86581420898438 403.5105667114258 220.42991256713867 353.01751708984375 220.42991256713867
353.0306701660156 157.94290161132812 403.9736557006836 157.94290161132812 403.9736557006836 219.9209098815918 353.0306701660156 219.9209098815918
351.82733154296875 157.17593383789062 403.00156021118164 157.17593383789062 403.00156021118164 219.6104507446289 351.82733154296875 219.6104507446289
351.95233154296875 154.80209350585938 403.3354377746582 154.80209350585938 403.3354377746582 217.30501174926758 351.95233154296875 217.30501174926758
350.8154602050781 157.19094848632812 401.7701644897461 157.19094848632812 401.7701644897461 218.41791915893555 350.8154602050781 218.41791915893555
351.07843017578125 156.27432250976562 401.0610809326172 156.27432250976562 401.0610809326172 217.07147979736328 351.07843017578125 217.07147979736328
350.7770690917969 157.83187866210938 400.5903663635254 157.83187866210938 400.5903663635254 217.30440139770508 350.7770690917969 217.30440139770508
348.9617614746094 158.0692596435547 400.0545234680176 158.0692596435547 400.0545234680176 218.19947052001953 348.9617614746094 218.19947052001953
349.5193176269531 155.4347381591797 399.3614311218262 155.4347381591797 399.3614311218262 216.62427139282227 349.5193176269531 216.62427139282227
349.67059326171875 156.04220581054688 399.3543930053711 156.04220581054688 399.3543930053711 216.54674530029297 349.67059326171875 216.54674530029297
348.83294677734375 156.8026123046875 397.56859588623047 156.8026123046875 397.56859588623047 217.00054168701172 348.83294677734375 217.00054168701172
347.578369140625 159.14218139648438 396.80389404296875 159.14218139648438 396.80389404296875 219.07649612426758 347.578369140625 219.07649612426758
347.8421630859375 157.22927856445312 396.9986572265625 157.22927856445312 396.9986572265625 216.50449752807617 347.8421630859375 216.50449752807617
345.48919677734375 156.5554656982422 395.60533905029297 156.5554656982422 395.60533905029297 216.08800888061523 345.48919677734375 216.08800888061523
346.5661926269531 156.7338409423828 395.6840019226074 156.7338409423828 395.6840019226074 215.91399383544922 346.5661926269531 215.91399383544922
347.525634765625 154.7921600341797 396.38222885131836 154.7921600341797 396.38222885131836 214.5398178100586 347.525634765625 214.5398178100586
346.7722473144531 155.78152465820312 394.43497467041016 155.78152465820312 394.43497467041016 214.01337432861328 346.7722473144531 214.01337432861328
348.1825256347656 154.7029571533203 396.2804641723633 154.7029571533203 396.2804641723633 211.3033676147461 348.1825256347656 211.3033676147461
347.12994384765625 157.9548797607422 394.09857177734375 157.9548797607422 394.09857177734375 213.14746475219727 347.12994384765625 213.14746475219727
347.4292907714844 157.23236083984375 394.7089729309082 157.23236083984375 394.7089729309082 213.63213348388672 347.4292907714844 213.63213348388672
347.1805725097656 156.925537109375 394.52334213256836 156.925537109375 394.52334213256836 212.03582000732422 347.1805725097656 212.03582000732422
345.77978515625 155.6181640625 392.1904983520508 155.6181640625 392.1904983520508 212.83668899536133 345.77978515625 212.83668899536133
344.5481872558594 156.4803009033203 391.3714408874512 156.4803009033203 391.3714408874512 212.22793197631836 344.5481872558594 212.22793197631836
344.09857177734375 155.76693725585938 391.0443458557129 155.76693725585938 391.0443458557129 212.8654556274414 344.09857177734375 212.8654556274414
342.7221374511719 153.89291381835938 391.0522155761719 153.89291381835938 391.0522155761719 212.0221061706543 342.7221374511719 212.0221061706543
341.8152770996094 153.2936553955078 390.09643936157227 153.2936553955078 390.09643936157227 211.86695098876953 341.8152770996094 211.86695098876953
342.02972412109375 155.89190673828125 389.70576095581055 155.89190673828125 389.70576095581055 213.61110305786133 342.02972412109375 213.61110305786133
342.5033874511719 154.66929626464844 390.0612678527832 154.66929626464844 390.0612678527832 210.73566055297852 342.5033874511719 210.73566055297852
342.71221923828125 157.44577026367188 390.7471237182617 157.44577026367188 390.7471237182617 213.63155364990234 342.71221923828125 213.63155364990234
341.7010803222656 153.72434997558594 389.7707633972168 153.72434997558594 389.7707633972168 209.86767959594727 341.7010803222656 209.86767959594727
341.63922119140625 152.9999542236328 390.03807830810547 152.9999542236328 390.03807830810547 209.94881439208984 341.63922119140625 209.94881439208984
341.35479736328125 152.0032196044922 387.7028579711914 152.0032196044922 387.7028579711914 209.4301986694336 341.35479736328125 209.4301986694336
340.4792785644531 153.65432739257812 388.2200241088867 153.65432739257812 388.2200241088867 209.04403686523438 340.4792785644531 209.04403686523438
340.1112365722656 152.66217041015625 387.7539253234863 152.66217041015625 387.7539253234863 208.5403823852539 340.1112365722656 208.5403823852539
339.75616455078125 153.6215362548828 386.35530853271484 153.6215362548828 386.35530853271484 208.1582794189453 339.75616455078125 208.1582794189453
339.7610778808594 153.83987426757812 386.13212966918945 153.83987426757812 386.13212966918945 208.76012420654297 339.7610778808594 208.76012420654297
338.5001525878906 154.5893096923828 385.48955154418945 154.5893096923828 385.48955154418945 210.32977676391602 338.5001525878906 210.32977676391602
338.15814208984375 142.91360473632812 385.4105529785156 142.91360473632812 385.4105529785156 203.216796875 338.15814208984375 203.216796875
335.33697509765625 126.4299087524414 383.24506759643555 126.4299087524414 383.24506759643555 187.56988143920898 335.33697509765625 187.56988143920898
332.58465576171875 107.8902359008789 380.30506134033203 107.8902359008789 380.30506134033203 168.79067993164062 332.58465576171875 168.79067993164062
332.2942810058594 112.59257507324219 380.80291748046875 112.59257507324219 380.80291748046875 168.6921844482422 332.2942810058594 168.6921844482422
333.170654296875 111.51712799072266 380.7488594055176 111.51712799072266 380.7488594055176 167.22905349731445 333.170654296875 167.22905349731445
332.3285217285156 111.44246673583984 380.64274978637695 111.44246673583984 380.64274978637695 166.84579467773438 332.3285217285156 166.84579467773438
334.9525146484375 108.54713439941406 380.9434585571289 108.54713439941406 380.9434585571289 164.95978546142578 334.9525146484375 164.95978546142578
333.2115478515625 112.0601806640625 379.38912200927734 112.0601806640625 379.38912200927734 165.6571159362793 333.2115478515625 165.6571159362793
331.737060546875 110.0040512084961 378.6692008972168 110.0040512084961 378.6692008972168 164.56613540649414 331.737060546875 164.56613540649414
333.34442138671875 112.10858154296875 379.7232666015625 112.10858154296875 379.7232666015625 164.90567779541016 333.34442138671875 164.90567779541016
333.09027099609375 109.70677185058594 379.0914840698242 109.70677185058594 379.0914840698242 164.22015762329102 333.09027099609375 164.22015762329102
330.323486328125 111.07596588134766 376.42406845092773 111.07596588134766 376.42406845092773 165.4412078857422 330.323486328125 165.4412078857422
332.6062927246094 110.52168273925781 376.9927558898926 110.52168273925781 376.9927558898926 163.74879455566406 332.6062927246094 163.74879455566406
331.33746337890625 111.028564453125 375.93458557128906 111.028564453125 375.93458557128906 164.765380859375 331.33746337890625 164.765380859375
332.60595703125 110.95291900634766 376.6458206176758 110.95291900634766 376.6458206176758 163.0204963684082 332.60595703125 163.0204963684082
333.0354919433594 111.3706283569336 376.6847152709961 111.3706283569336 376.6847152709961 163.81791305541992 333.0354919433594 163.81791305541992
329.8247985839844 110.29732513427734 376.01744842529297 110.29732513427734 376.01744842529297 162.42678833007812 329.8247985839844 162.42678833007812
330.2349548339844 109.4111099243164 375.0738830566406 109.4111099243164 375.0738830566406 163.0618438720703 330.2349548339844 163.0618438720703
329.00347900390625 109.3906021118164 374.90740966796875 109.3906021118164 374.90740966796875 162.6747703552246 329.00347900390625 162.6747703552246
330.7756042480469 108.52870178222656 376.0613708496094 108.52870178222656 376.0613708496094 161.34865951538086 330.7756042480469 161.34865951538086
328.95428466796875 109.88435363769531 373.5671844482422 109.88435363769531 373.5671844482422 161.58636856079102 328.95428466796875 161.58636856079102
329.37042236328125 108.06988525390625 374.50179290771484 108.06988525390625 374.50179290771484 159.2065086364746 329.37042236328125 159.2065086364746
329.5392150878906 110.10795593261719 373.80766677856445 110.10795593261719 373.80766677856445 160.98551177978516 329.5392150878906 160.98551177978516
329.2033996582031 108.51170349121094 373.72608184814453 108.51170349121094 373.72608184814453 159.5516014099121 329.2033996582031 159.5516014099121
328.2254943847656 107.155029296875 372.8844680786133 107.155029296875 372.8844680786133 160.80421829223633 328.2254943847656 160.80421829223633
326.6402893066406 108.3530044555664 372.7465705871582 108.3530044555664 372.7465705871582 161.09407424926758 326.6402893066406 161.09407424926758
326.3846740722656 108.88541412353516 372.20746994018555 108.88541412353516 372.20746994018555 160.44487380981445 326.3846740722656 160.44487380981445
326.6890869140625 107.86412048339844 372.1506538391113 107.86412048339844 372.1506538391113 160.6899757385254 326.6890869140625 160.6899757385254
325.46380615234375 107.52476501464844 372.44937896728516 107.52476501464844 372.44937896728516 160.86162948608398 325.46380615234375 160.86162948608398
327.21697998046875 106.78865051269531 371.70923614501953 106.78865051269531 371.70923614501953 158.1761932373047 327.21697998046875 158.1761932373047
324.657958984375 106.5598373413086 371.46496200561523 106.5598373413086 371.46496200561523 159.12409591674805 324.657958984375 159.12409591674805
325.4034423828125 106.094482421875 371.45555877685547 106.094482421875 371.45555877685547 158.19560623168945 325.4034423828125 158.19560623168945
326.2449645996094 104.73310852050781 370.8046073913574 104.73310852050781 370.8046073913574 156.56415176391602 326.2449645996094 156.56415176391602
325.84429931640625 106.62449645996094 370.45622634887695 106.62449645996094 370.45622634887695 159.02759552001953 325.84429931640625 159.02759552001953
324.34808349609375 105.9714126586914 369.7109489440918 105.9714126586914 369.7109489440918 157.98334503173828 324.34808349609375 157.98334503173828
324.56201171875 105.51008605957031 370.26294326782227 105.51008605957031 370.26294326782227 157.75294494628906 324.56201171875 157.75294494628906
324.20343017578125 103.96073913574219 370.4942932128906 103.96073913574219 370.4942932128906 158.6774444580078 324.20343017578125 158.6774444580078
324.0497131347656 104.13752746582031 370.96396255493164 104.13752746582031 370.96396255493164 158.41949844360352 324.0497131347656 158.41949844360352
323.1151428222656 103.80369567871094 369.37313079833984 103.80369567871094 369.37313079833984 157.19201278686523 323.1151428222656 157.19201278686523
324.2939147949219 102.9909896850586 369.38060760498047 102.9909896850586 369.38060760498047 156.4960174560547 324.2939147949219 156.4960174560547
323.5008544921875 105.49336242675781 368.71696853637695 105.49336242675781 368.71696853637695 158.29379653930664 323.5008544921875 158.29379653930664
323.44976806640625 104.59651184082031 369.3095054626465 104.59651184082031 369.3095054626465 156.8638572692871 323.44976806640625 156.8638572692871
323.4606628417969 104.5619125366211 368.8765335083008 104.5619125366211 368.8765335083008 156.0006561279297 323.4606628417969 156.0006561279297
320.9278869628906 104.72566986083984 366.69095611572266 104.72566986083984 366.69095611572266 157.4166488647461 320.9278869628906 157.4166488647461
322.06439208984375 104.6621322631836 367.5474662780762 104.6621322631836 367.5474662780762 156.19592666625977 322.06439208984375 156.19592666625977
320.62701416015625 105.40534973144531 367.14209747314453 105.40534973144531 367.14209747314453 157.44886779785156 320.62701416015625 157.44886779785156
320.76861572265625 104.9184341430664 367.2251167297363 104.9184341430664 367.2251167297363 157.87273788452148 320.76861572265625 157.87273788452148
320.67156982421875 103.81893157958984 366.2988815307617 103.81893157958984 366.2988815307617 156.4795379638672 320.67156982421875 156.4795379638672
321.3177795410156 104.4403305053711 367.3745574951172 104.4403305053711 367.3745574951172 156.9118766784668 321.3177795410156 156.9118766784668
321.10626220703125 104.71318054199219 365.69996643066406 104.71318054199219 365.69996643066406 155.91867446899414 321.10626220703125 155.91867446899414
320.78472900390625 102.79667663574219 365.43233489990234 102.79667663574219 365.43233489990234 153.91434478759766 320.78472900390625 153.91434478759766
321.36065673828125 105.1968994140625 365.5647888183594 105.1968994140625 365.5647888183594 155.30908966064453 321.36065673828125 155.30908966064453
318.71331787109375 110.0626449584961 362.10277938842773 110.0626449584961 362.10277938842773 165.4359588623047 318.71331787109375 165.4359588623047
322.14508056640625 123.9498519897461 365.4450798034668 123.9498519897461 365.4450798034668 179.2089958190918 322.14508056640625 179.2089958190918
321.0397033691406 144.9777069091797 364.2707061767578 144.9777069091797 364.2707061767578 200.14879608154297 321.0397033691406 200.14879608154297
319.6180114746094 153.5504150390625 363.45494842529297 153.5504150390625 363.45494842529297 209.49478912353516 319.6180114746094 209.49478912353516
318.6651916503906 168.4160919189453 362.7248420715332 168.4160919189453 362.7248420715332 224.6446876525879 318.6651916503906 224.6446876525879
321.04779052734375 184.36483764648438 364.5150260925293 184.36483764648438 364.5150260925293 239.83739471435547 321.04779052734375 239.83739471435547
322.1031188964844 198.67440795898438 365.05020904541016 198.67440795898438 365.05020904541016 253.48316192626953 322.1031188964844 253.48316192626953
319.232666015625 191.7322998046875 361.1258773803711 191.7322998046875 361.1258773803711 245.30275344848633 319.232666015625 245.30275344848633
322.5091857910156 192.861572265625 363.9411506652832 192.861572265625 363.9411506652832 245.57212448120117 322.5091857910156 245.57212448120117
321.1994934082031 194.81124877929688 363.70926666259766 194.81124877929688 363.70926666259766 245.0885887145996 321.1994934082031 245.0885887145996
320.40472412109375 197.13442993164062 364.4135513305664 197.13442993164062 364.4135513305664 246.01783752441406 320.40472412109375 246.01783752441406
319.3661804199219 195.52908325195312 362.78011322021484 195.52908325195312 362.78011322021484 245.06631469726562 319.3661804199219 245.06631469726562
319.18975830078125 196.79263305664062 363.60652923583984 196.79263305664062 363.60652923583984 245.83668518066406 319.18975830078125 245.83668518066406
318.5276184082031 196.40805053710938 362.9629135131836 196.40805053710938 362.9629135131836 245.05472564697266 318.5276184082031 245.05472564697266
317.18603515625 195.55419921875 361.99643325805664 195.55419921875 361.99643325805664 245.50565719604492 317.18603515625 245.50565719604492
319.1703796386719 194.65707397460938 362.58434295654297 194.65707397460938 362.58434295654297 243.9332160949707 319.1703796386719 243.9332160949707
318.3075256347656 194.71449279785156 363.12299728393555 194.71449279785156 363.12299728393555 244.7077865600586 318.3075256347656 244.7077865600586
317.8056945800781 194.27891540527344 362.7839546203613 194.27891540527344 362.7839546203613 244.36044311523438 317.8056945800781 244.36044311523438
317.79168701171875 192.58843994140625 362.1023750305176 192.58843994140625 362.1023750305176 242.97573471069336 317.79168701171875 242.97573471069336
315.30340576171875 194.33058166503906 361.02077865600586 194.33058166503906 361.02077865600586 244.91503524780273 315.30340576171875 244.91503524780273
315.46966552734375 193.42019653320312 360.0190849304199 193.42019653320312 360.0190849304199 243.7999153137207 315.46966552734375 243.7999153137207
315.85479736328125 192.61239624023438 360.3610076904297 192.61239624023438 360.3610076904297 243.29402923583984 315.85479736328125 243.29402923583984
315.6292724609375 194.62265014648438 359.6084098815918 194.62265014648438 359.6084098815918 243.78604888916016 315.6292724609375 243.78604888916016
316.26214599609375 194.5374755859375 360.74327850341797 194.5374755859375 360.74327850341797 242.7569465637207 316.26214599609375 242.7569465637207
315.52679443359375 193.29238891601562 360.24974822998047 193.29238891601562 360.24974822998047 242.56531524658203 315.52679443359375 242.56531524658203
314.21954345703125 192.11212158203125 359.5849380493164 192.11212158203125 359.5849380493164 241.98524856567383 314.21954345703125 241.98524856567383
314.68475341796875 192.8170166015625 358.75859451293945 192.8170166015625 358.75859451293945 242.9369010925293 314.68475341796875 242.9369010925293
314.242431640625 194.06161499023438 359.06191635131836 194.06161499023438 359.06191635131836 242.48179244995117 314.242431640625 242.48179244995117
313.9603576660156 191.48037719726562 357.0271415710449 191.48037719726562 357.0271415710449 246.44189453125 313.9603576660156 246.44189453125
312.77655029296875 192.4915771484375 358.97482681274414 192.4915771484375 358.97482681274414 242.6382064819336 312.77655029296875 242.6382064819336
312.6956481933594 192.31407165527344 357.2359046936035 192.31407165527344 357.2359046936035 243.00281143188477 312.6956481933594 243.00281143188477
311.2611389160156 190.79635620117188 357.3647689819336 190.79635620117188 357.3647689819336 241.35907363891602 311.2611389160156 241.35907363891602
311.4941101074219 189.24429321289062 356.95372772216797 189.24429321289062 356.95372772216797 240.64326095581055 311.4941101074219 240.64326095581055
312.1003112792969 191.65872192382812 356.97642517089844 191.65872192382812 356.97642517089844 242.2729721069336 312.1003112792969 242.2729721069336
310.6159362792969 190.45529174804688 356.6696090698242 190.45529174804688 356.6696090698242 240.77727127075195 310.6159362792969 240.77727127075195
309.64178466796875 192.59625244140625 355.2387237548828 192.59625244140625 355.2387237548828 241.82704544067383 309.64178466796875 241.82704544067383
311.15350341796875 190.7692413330078 355.67557525634766 190.7692413330078 355.67557525634766 240.87261962890625 311.15350341796875 240.87261962890625
310.0550231933594 189.9098358154297 355.12632751464844 189.9098358154297 355.12632751464844 240.76110458374023 310.0550231933594 240.76110458374023
309.8611145019531 191.0260467529297 355.7462844848633 191.0260467529297 355.7462844848633 241.41172790527344 309.8611145019531 241.41172790527344
307.6004333496094 189.84469604492188 354.33922576904297 189.84469604492188 354.33922576904297 241.14423370361328 307.6004333496094 241.14423370361328
309.22845458984375 189.6533660888672 354.83226776123047 189.6533660888672 354.83226776123047 239.90637588500977 309.22845458984375 239.90637588500977
308.65740966796875 189.40798950195312 354.9464340209961 189.40798950195312 354.9464340209961 240.1646842956543 308.65740966796875 240.1646842956543
309.1850891113281 191.76841735839844 354.13988876342773 191.76841735839844 354.13988876342773 240.80428314208984 309.1850891113281 240.80428314208984
308.6055603027344 189.2047882080078 353.7325096130371 189.2047882080078 353.7325096130371 239.53418731689453 308.6055603027344 239.53418731689453
308.0530090332031 189.1697235107422 352.67994689941406 189.1697235107422 352.67994689941406 238.67099380493164 308.0530090332031 238.67099380493164
