420.0 287.0 452.0 287.0 452.0 377.0 420.0 377.0
417.04766845703125 288.030517578125 450.0537796020508 288.030517578125 450.0537796020508 377.43580627441406 417.04766845703125 377.43580627441406
415.69512939453125 290.3463439941406 448.7335510253906 290.3463439941406 448.7335510253906 378.1024856567383 415.69512939453125 378.1024856567383
414.302978515625 289.2103271484375 445.6003303527832 289.2103271484375 445.6003303527832 376.62129974365234 414.302978515625 376.62129974365234
413.6280212402344 289.2893371582031 443.3873634338379 289.2893371582031 443.3873634338379 375.5052795410156 413.6280212402344 375.5052795410156
412.4203186035156 286.6341857910156 441.79372787475586 286.6341857910156 441.79372787475586 374.93245697021484 412.4203186035156 374.93245697021484
410.42071533203125 284.54156494140625 440.9407501220703 284.54156494140625 440.9407501220703 372.43348693847656 410.42071533203125 372.43348693847656
407.96551513671875 284.58807373046875 439.60381507873535 284.58807373046875 439.60381507873535 373.57169342041016 407.96551513671875 373.57169342041016
405.5891418457031 283.03692626953125 437.0651340484619 283.03692626953125 437.0651340484619 374.1845245361328 405.5891418457031 374.1845245361328
405.3726501464844 284.17242431640625 437.13190269470215 284.17242431640625 437.13190269470215 373.0439453125 405.3726501464844 373.0439453125
402.4596252441406 286.0523376464844 433.63404273986816 286.0523376464844 433.63404273986816 372.4627227783203 402.4596252441406 372.4627227783203
400.8753967285156 287.4613342285156 432.1801338195801 287.4613342285156 432.1801338195801 371.7289047241211 400.8753967285156 371.7289047241211
399.23602294921875 287.61663818359375 430.6429080963135 287.61663818359375 430.6429080963135 370.6720428466797 399.23602294921875 370.6720428466797
399.47027587890625 285.7574768066406 430.32238388061523 285.7574768066406 430.32238388061523 370.9372863769531 399.47027587890625 370.9372863769531
396.9225769042969 286.2578430175781 427.24243545532227 286.2578430175781 427.24243545532227 371.5324249267578 396.9225769042969 371.5324249267578
396.74334716796875 285.8514709472656 427.0951805114746 285.8514709472656 427.0951805114746 371.2159881591797 396.74334716796875 371.2159881591797
394.7333984375 282.4147644042969 425.3503360748291 282.4147644042969 425.3503360748291 368.52488708496094 394.7333984375 368.52488708496094
392.4225158691406 281.43817138671875 422.9144535064697 281.43817138671875 422.9144535064697 371.2886505126953 392.4225158691406 371.2886505126953
391.4630432128906 282.7799377441406 422.51678466796875 282.7799377441406 422.51678466796875 370.1185836791992 391.4630432128906 370.1185836791992
390.1515197753906 282.9053649902344 421.09990882873535 282.9053649902344 421.09990882873535 369.9477081298828 390.1515197753906 369.9477081298828
387.9794616699219 282.8904724121094 418.77293968200684 282.8904724121094 418.77293968200684 369.4971237182617 387.9794616699219 369.4971237182617
387.8118896484375 282.4654235839844 418.614049911499 282.4654235839844 418.614049911499 369.09649658203125 387.8118896484375 369.09649658203125
387.03704833984375 284.04656982421875 417.720006942749 284.04656982421875 417.720006942749 370.34239196777344 387.03704833984375 370.34239196777344
386.495361328125 282.29254150390625 416.8548240661621 282.29254150390625 416.8548240661621 367.6785430908203 386.495361328125 367.6785430908203
385.84869384765625 281.4283752441406 416.8809814453125 281.4283752441406 416.8809814453125 368.7066879272461 385.84869384765625 368.7066879272461
384.5634765625 279.72650146484375 415.8455295562744 279.72650146484375 415.8455295562744 366.24615478515625 384.5634765625 366.24615478515625
383.10736083984375 278.71240234375 414.4325008392334 278.71240234375 414.4325008392334 366.8143615722656 383.10736083984375 366.8143615722656
381.7259521484375 277.56488037109375 413.2944984436035 277.56488037109375 413.2944984436035 366.3514175415039 381.7259521484375 366.3514175415039
380.088623046875 279.13031005859375 411.6851921081543 279.13031005859375 411.6851921081543 367.9956512451172 380.088623046875 367.9956512451172
379.6346130371094 280.2457580566406 411.0285224914551 280.2457580566406 411.0285224914551 368.54112243652344 379.6346130371094 368.54112243652344
376.4620056152344 278.64666748046875 407.8964958190918 278.64666748046875 407.8964958190918 367.05616760253906 376.4620056152344 367.05616760253906
377.5982360839844 277.63348388671875 409.4267463684082 277.63348388671875 409.4267463684082 367.15116119384766 377.5982360839844 367.15116119384766
375.70721435546875 277.85894775390625 408.0038375854492 277.85894775390625 408.0038375854492 368.69319915771484 375.70721435546875 368.69319915771484
373.4720153808594 274.83831787109375 405.37018394470215 274.83831787109375 405.37018394470215 365.01107025146484 373.4720153808594 365.01107025146484
372.4756774902344 273.82049560546875 403.655237197876 273.82049560546875 403.655237197876 365.53240966796875 372.4756774902344 365.53240966796875
370.4991149902344 272.3287048339844 402.44672775268555 272.3287048339844 402.44672775268555 361.98023986816406 370.4991149902344 361.98023986816406
368.6898193359375 272.60125732421875 400.7544479370117 272.60125732421875 400.7544479370117 362.0274887084961 368.6898193359375 362.0274887084961
367.85040283203125 272.670654296875 400.0465850830078 272.670654296875 400.0465850830078 361.20074462890625 367.85040283203125 361.20074462890625
367.66461181640625 273.69000244140625 400.03199768066406 273.69000244140625 400.03199768066406 361.17335510253906 367.66461181640625 361.17335510253906
366.55828857421875 275.79644775390625 399.1642074584961 275.79644775390625 399.1642074584961 359.10599517822266 366.55828857421875 359.10599517822266
367.6484069824219 276.1710205078125 399.49827003479004 276.1710205078125 399.49827003479004 362.3717575073242 367.6484069824219 362.3717575073242
367.80621337890625 274.5052795410156 399.6888122558594 274.5052795410156 399.6888122558594 362.10081481933594 367.80621337890625 362.10081481933594
366.62567138671875 273.52032470703125 399.01356506347656 273.52032470703125 399.01356506347656 360.02284240722656 366.62567138671875 360.02284240722656
365.9115905761719 273.0164489746094 397.3464050292969 273.0164489746094 397.3464050292969 361.42686462402344 365.9115905761719 361.42686462402344
366.97247314453125 271.4046936035156 398.32155990600586 271.4046936035156 398.32155990600586 359.5740051269531 366.97247314453125 359.5740051269531
364.33709716796875 271.28656005859375 395.5010528564453 271.28656005859375 395.5010528564453 358.9351806640625 364.33709716796875 358.9351806640625
365.1979064941406 272.05596923828125 396.8143367767334 272.05596923828125 396.8143367767334 360.9771728515625 365.1979064941406 360.9771728515625
362.82427978515625 271.4508361816406 394.7807197570801 271.4508361816406 394.7807197570801 361.3283233642578 362.82427978515625 361.3283233642578
363.106689453125 272.28326416015625 395.0131034851074 272.28326416015625 395.0131034851074 362.0200424194336 363.106689453125 362.0200424194336
358.544677734375 272.19659423828125 390.85450744628906 272.19659423828125 390.85450744628906 358.6250457763672 358.544677734375 358.6250457763672
358.70599365234375 270.2210388183594 389.7346382141113 270.2210388183594 389.7346382141113 359.2071838378906 358.70599365234375 359.2071838378906
357.2218017578125 268.1873474121094 388.845495223999 268.1873474121094 388.845495223999 358.5182342529297 357.2218017578125 358.5182342529297
357.61419677734375 267.428466796875 388.1349220275879 267.428466796875 388.1349220275879 355.88323974609375 357.61419677734375 355.88323974609375
355.042724609375 264.46514892578125 384.95500564575195 264.46514892578125 384.95500564575195 354.6236572265625 355.042724609375 354.6236572265625
354.07867431640625 264.44268798828125 383.3579807281494 264.44268798828125 383.3579807281494 352.5619888305664 354.07867431640625 352.5619888305664
354.50970458984375 265.59521484375 385.07554626464844 265.59521484375 385.07554626464844 351.34498596191406 354.50970458984375 351.34498596191406
352.63763427734375 266.4875183105469 383.8930015563965 266.4875183105469 383.8930015563965 351.21463775634766 352.63763427734375 351.21463775634766
353.0187072753906 268.2760925292969 383.6273193359375 268.2760925292969 383.6273193359375 351.78658294677734 353.0187072753906 351.78658294677734
352.1767578125 269.486328125 383.0962734222412 269.486328125 383.0962734222412 351.4134063720703 352.1767578125 351.4134063720703
353.8439636230469 266.6004333496094 383.91872787475586 266.6004333496094 383.91872787475586 351.1856689453125 353.8439636230469 351.1856689453125
351.6856994628906 265.1787414550781 382.18384742736816 265.1787414550781 382.18384742736816 350.9547576904297 351.6856994628906 350.9547576904297
352.2203369140625 263.94683837890625 382.5607204437256 263.94683837890625 382.5607204437256 349.2791442871094 352.2203369140625 349.2791442871094
349.719482421875 263.19390869140625 379.8857936859131 263.19390869140625 379.8857936859131 348.0366439819336 349.719482421875 348.0366439819336
349.09808349609375 263.2049255371094 379.44642639160156 263.2049255371094 379.44642639160156 348.55963134765625 349.09808349609375 348.55963134765625
348.02264404296875 264.06048583984375 378.81085777282715 264.06048583984375 378.81085777282715 350.65233612060547 348.02264404296875 350.65233612060547
345.12701416015625 264.48651123046875 376.85865211486816 264.48651123046875 376.85865211486816 348.58760833740234 345.12701416015625 348.58760833740234
345.9061279296875 262.43389892578125 376.94824600219727 262.43389892578125 376.94824600219727 349.7398681640625 345.9061279296875 349.7398681640625
345.072998046875 264.5547790527344 376.1902713775635 264.5547790527344 376.1902713775635 352.0721130371094 345.072998046875 352.0721130371094
343.6984558105469 261.59051513671875 375.6613655090332 261.59051513671875 375.6613655090332 351.48619079589844 343.6984558105469 351.48619079589844
339.84197998046875 260.31280517578125 371.27552223205566 260.31280517578125 371.27552223205566 350.1925506591797 339.84197998046875 350.1925506591797
337.9757385253906 253.02334594726562 369.650598526001 253.02334594726562 369.650598526001 346.64881896972656 337.9757385253906 346.64881896972656
336.85504150390625 253.01968383789062 366.9339542388916 253.01968383789062 366.9339542388916 345.1597900390625 336.85504150390625 345.1597900390625
335.3162841796875 252.1376953125 365.80824279785156 252.1376953125 365.80824279785156 344.31297302246094 335.3162841796875 344.31297302246094
334.32794189453125 252.02938842773438 365.8912353515625 252.02938842773438 365.8912353515625 341.88402557373047 334.32794189453125 341.88402557373047
332.61260986328125 254.18368530273438 364.77162170410156 254.18368530273438 364.77162170410156 343.2056198120117 332.61260986328125 343.2056198120117
331.69146728515625 255.12271118164062 364.54027557373047 255.12271118164062 364.54027557373047 342.3518829345703 331.69146728515625 342.3518829345703
331.2395935058594 255.7969970703125 365.0914115905762 255.7969970703125 365.0914115905762 341.84352111816406 331.2395935058594 341.84352111816406
331.2547912597656 255.30612182617188 364.2018051147461 255.30612182617188 364.2018051147461 342.80958557128906 331.2547912597656 342.80958557128906
329.9630432128906 255.50033569335938 362.6159858703613 255.50033569335938 362.6159858703613 343.0640182495117 329.9630432128906 343.0640182495117
331.1697082519531 253.49386596679688 363.10833168029785 253.49386596679688 363.10833168029785 343.32122802734375 331.1697082519531 343.32122802734375
329.2117919921875 253.1466827392578 361.9971694946289 253.1466827392578 361.9971694946289 343.94022369384766 329.2117919921875 343.94022369384766
328.83135986328125 250.1137237548828 361.95076751708984 250.1137237548828 361.95076751708984 343.2620391845703 328.83135986328125 343.2620391845703
328.00836181640625 251.4020233154297 361.57669830322266 251.4020233154297 361.57669830322266 345.8129425048828 328.00836181640625 345.8129425048828
325.783447265625 252.333740234375 359.43970108032227 252.333740234375 359.43970108032227 345.0926818847656 325.783447265625 345.0926818847656
323.46185302734375 254.7142333984375 357.28211212158203 254.7142333984375 357.28211212158203 345.866943359375 323.46185302734375 345.866943359375
323.0504455566406 252.5151824951172 356.54732513427734 252.5151824951172 356.54732513427734 346.0632019042969 323.0504455566406 346.0632019042969
320.8499450683594 249.71096801757812 354.20430755615234 249.71096801757812 354.20430755615234 343.73973083496094 320.8499450683594 343.73973083496094
320.0928955078125 247.71719360351562 352.3007926940918 247.71719360351562 352.3007926940918 342.6670227050781 320.0928955078125 342.6670227050781
319.5582275390625 245.71420288085938 351.0557041168213 245.71420288085938 351.0557041168213 341.22728729248047 319.5582275390625 341.22728729248047
318.77349853515625 242.8348846435547 350.05202865600586 242.8348846435547 350.05202865600586 337.7577209472656 318.77349853515625 337.7577209472656
317.23370361328125 242.3680877685547 347.971134185791 242.3680877685547 347.971134185791 333.7665100097656 317.23370361328125 333.7665100097656
315.25341796875 242.7021942138672 346.5257110595703 242.7021942138672 346.5257110595703 330.6822509765625 315.25341796875 330.6822509765625
314.02044677734375 244.81704711914062 345.734655380249 244.81704711914062 345.734655380249 331.7987747192383 314.02044677734375 331.7987747192383
312.809326171875 245.5391082763672 346.12493896484375 245.5391082763672 346.12493896484375 332.36094665527344 312.809326171875 332.36094665527344
310.6033630371094 247.5455780029297 345.20613861083984 247.5455780029297 345.20613861083984 333.21475982666016 310.6033630371094 333.21475982666016
310.6546630859375 249.55502319335938 344.39048767089844 249.55502319335938 344.39048767089844 333.1784133911133 310.6546630859375 333.1784133911133
314.0523986816406 250.9822540283203 349.470947265625 250.9822540283203 349.470947265625 335.03438568115234 314.0523986816406 335.03438568115234
319.1346130371094 247.03878784179688 352.3333511352539 247.03878784179688 352.3333511352539 334.60069274902344 319.1346130371094 334.60069274902344
324.7611999511719 244.9567108154297 357.0651550292969 244.9567108154297 357.0651550292969 335.8115692138672 324.7611999511719 335.8115692138672
326.42449951171875 248.4505157470703 358.6601448059082 248.4505157470703 358.6601448059082 336.9072799682617 326.42449951171875 336.9072799682617
330.37310791015625 246.19070434570312 362.56644439697266 246.19070434570312 362.56644439697266 336.7344512939453 330.37310791015625 336.7344512939453
331.8441467285156 246.4719696044922 364.6835517883301 246.4719696044922 364.6835517883301 335.7313537597656 331.8441467285156 335.7313537597656
335.6626892089844 247.1626434326172 368.30926513671875 247.1626434326172 368.30926513671875 338.9811325073242 335.6626892089844 338.9811325073242
340.6016540527344 247.9149627685547 372.8904571533203 247.9149627685547 372.8904571533203 338.7272186279297 340.6016540527344 338.7272186279297
343.27532958984375 244.974365234375 375.44214630126953 244.974365234375 375.44214630126953 335.44354248046875 343.27532958984375 335.44354248046875
344.73626708984375 245.6153106689453 376.8787612915039 245.6153106689453 376.8787612915039 334.362060546875 344.73626708984375 334.362060546875
350.07318115234375 241.31607055664062 381.9085941314697 241.31607055664062 381.9085941314697 330.85316467285156 350.07318115234375 330.85316467285156
352.63592529296875 239.8381805419922 384.4702491760254 239.8381805419922 384.4702491760254 329.37220764160156 352.63592529296875 329.37220764160156
355.99151611328125 238.52841186523438 388.03132247924805 238.52841186523438 388.03132247924805 328.6403579711914 355.99151611328125 328.6403579711914
357.75250244140625 236.9547576904297 390.8746223449707 236.9547576904297 390.8746223449707 327.4954376220703 357.75250244140625 327.4954376220703
361.40240478515625 233.89871215820312 394.1708526611328 233.89871215820312 394.1708526611328 326.05995178222656 361.40240478515625 326.05995178222656
365.98590087890625 235.7232666015625 399.03073501586914 235.7232666015625 399.03073501586914 328.66182708740234 365.98590087890625 328.66182708740234
366.9355163574219 235.88818359375 400.56654357910156 235.88818359375 400.56654357910156 327.4665832519531 366.9355163574219 327.4665832519531
370.18115234375 236.13369750976562 403.61693954467773 236.13369750976562 403.61693954467773 330.1718292236328 370.18115234375 330.1718292236328
375.2037658691406 235.39425659179688 409.2349281311035 235.39425659179688 409.2349281311035 329.0736541748047 375.2037658691406 329.0736541748047
380.41400146484375 234.79867553710938 414.4170913696289 234.79867553710938 414.4170913696289 330.43233489990234 380.41400146484375 330.43233489990234
383.1510009765625 233.23422241210938 417.78123474121094 233.23422241210938 417.78123474121094 328.51136779785156 383.1510009765625 328.51136779785156
387.065673828125 234.50137329101562 421.3227119445801 234.50137329101562 421.3227119445801 330.84925079345703 387.065673828125 330.84925079345703
390.02593994140625 231.5797576904297 424.3389663696289 231.5797576904297 424.3389663696289 328.0850830078125 390.02593994140625 328.0850830078125
392.8064880371094 233.3239288330078 428.1377487182617 233.3239288330078 428.1377487182617 332.6930389404297 392.8064880371094 332.6930389404297
396.36041259765625 231.85366821289062 431.90304946899414 231.85366821289062 431.90304946899414 331.81726837158203 396.36041259765625 331.81726837158203
397.96795654296875 230.02566528320312 434.2800102233887 230.02566528320312 434.2800102233887 332.1532516479492 397.96795654296875 332.1532516479492
403.42889404296875 230.8372344970703 439.61980056762695 230.8372344970703 439.61980056762695 332.62408447265625 403.42889404296875 332.62408447265625
405.46405029296875 230.71743774414062 441.7264289855957 230.71743774414062 441.7264289855957 330.67369079589844 405.46405029296875 330.67369079589844
411.38702392578125 227.45687866210938 448.1256637573242 227.45687866210938 448.1256637573242 330.7842254638672 411.38702392578125 330.7842254638672
416.5064392089844 227.5498504638672 453.4620246887207 227.5498504638672 453.4620246887207 330.6264114379883 416.5064392089844 330.6264114379883
417.33428955078125 222.13076782226562 455.53937911987305 222.13076782226562 455.53937911987305 324.04503631591797 417.33428955078125 324.04503631591797
419.0384826660156 223.23403930664062 458.7585105895996 223.23403930664062 458.7585105895996 323.3268508911133 419.0384826660156 323.3268508911133
423.90338134765625 219.96347045898438 463.8264045715332 219.96347045898438 463.8264045715332 321.30127716064453 423.90338134765625 321.30127716064453
426.90570068359375 226.454833984375 467.79489517211914 226.454833984375 467.79489517211914 321.57286071777344 426.90570068359375 321.57286071777344
427.72174072265625 223.28207397460938 466.6735076904297 223.28207397460938 466.6735076904297 320.1968231201172 427.72174072265625 320.1968231201172
430.17852783203125 226.779296875 466.75228118896484 226.779296875 466.75228118896484 321.84557342529297 430.17852783203125 321.84557342529297
428.8706970214844 225.86288452148438 466.2793960571289 225.86288452148438 466.2793960571289 322.2579345703125 428.8706970214844 322.2579345703125
428.79449462890625 224.8025665283203 465.4395294189453 224.8025665283203 465.4395294189453 320.1562271118164 428.79449462890625 320.1562271118164
428.11871337890625 223.5698699951172 463.72261810302734 223.5698699951172 463.72261810302734 321.4515075683594 428.11871337890625 321.4515075683594
427.27532958984375 223.6537628173828 463.7401657104492 223.6537628173828 463.7401657104492 319.06483459472656 427.27532958984375 319.06483459472656
428.73223876953125 224.59201049804688 464.5443916320801 224.59201049804688 464.5443916320801 320.0230026245117 428.73223876953125 320.0230026245117
427.58111572265625 226.8254852294922 461.67557525634766 226.8254852294922 461.67557525634766 320.51570892333984 427.58111572265625 320.51570892333984
426.6851501464844 227.07125854492188 462.33763885498047 227.07125854492188 462.33763885498047 320.39256286621094 426.6851501464844 320.39256286621094
426.1385803222656 224.7647247314453 460.6370162963867 224.7647247314453 460.6370162963867 319.29581451416016 426.1385803222656 319.29581451416016
425.42132568359375 226.30764770507812 460.94615936279297 226.30764770507812 460.94615936279297 320.51808166503906 425.42132568359375 320.51808166503906
426.4330139160156 219.52926635742188 463.9225616455078 219.52926635742188 463.9225616455078 320.10457611083984 426.4330139160156 320.10457611083984
425.74639892578125 218.31411743164062 460.30259704589844 218.31411743164062 460.30259704589844 317.2226028442383 425.74639892578125 317.2226028442383
424.27947998046875 218.7288055419922 454.8279056549072 218.7288055419922 454.8279056549072 316.43540954589844 424.27947998046875 316.43540954589844
422.3876037597656 210.19580078125 454.84102630615234 210.19580078125 454.84102630615234 309.01954650878906 422.3876037597656 309.01954650878906
420.8565368652344 210.95858764648438 452.9627380371094 210.95858764648438 452.9627380371094 307.2886428833008 420.8565368652344 307.2886428833008
419.6690368652344 213.498046875 451.9871063232422 213.498046875 451.9871063232422 306.32645416259766 419.6690368652344 306.32645416259766
418.1532287597656 213.662109375 451.1308174133301 213.662109375 451.1308174133301 307.62669372558594 418.1532287597656 307.62669372558594
417.79473876953125 219.31704711914062 449.216552734375 219.31704711914062 449.216552734375 307.3420867919922 417.79473876953125 307.3420867919922
417.2998046875 215.4447784423828 448.65435218811035 215.4447784423828 448.65435218811035 306.6520080566406 417.2998046875 306.6520080566406
416.9671936035156 215.3920135498047 447.4822425842285 215.3920135498047 447.4822425842285 307.83621978759766 416.9671936035156 307.83621978759766
415.868408203125 220.75027465820312 447.2332820892334 220.75027465820312 447.2332820892334 309.1016616821289 415.868408203125 309.1016616821289
413.45477294921875 213.9354705810547 446.84740447998047 213.9354705810547 446.84740447998047 305.66297149658203 413.45477294921875 305.66297149658203
413.8744201660156 216.5680694580078 445.9071159362793 216.5680694580078 445.9071159362793 307.6708984375 413.8744201660156 307.6708984375
412.12847900390625 215.4872283935547 444.5037307739258 215.4872283935547 444.5037307739258 307.8681640625 412.12847900390625 307.8681640625
410.6905822753906 218.8277130126953 443.2407913208008 218.8277130126953 443.2407913208008 311.3585968017578 410.6905822753906 311.3585968017578
410.615234375 218.9434051513672 443.635555267334 218.9434051513672 443.635555267334 312.1163558959961 410.615234375 312.1163558959961
408.1385498046875 218.305908203125 439.917236328125 218.305908203125 439.917236328125 307.2553253173828 408.1385498046875 307.2553253173828
407.5881652832031 216.92236328125 439.20118713378906 216.92236328125 439.20118713378906 308.7455139160156 407.5881652832031 308.7455139160156
406.33380126953125 217.6817169189453 436.7575874328613 217.6817169189453 436.7575874328613 307.3875427246094 406.33380126953125 307.3875427246094
404.0950927734375 217.20425415039062 434.7433624267578 217.20425415039062 434.7433624267578 304.6438751220703 404.0950927734375 304.6438751220703
402.1953125 218.73709106445312 433.8768310546875 218.73709106445312 433.8768310546875 305.79771423339844 402.1953125 305.79771423339844
401.7891540527344 215.8501434326172 433.53793716430664 215.8501434326172 433.53793716430664 304.45092010498047 401.7891540527344 304.45092010498047
400.8864440917969 216.5149688720703 432.51642417907715 216.5149688720703 432.51642417907715 305.5389862060547 400.8864440917969 305.5389862060547
396.7569274902344 214.2140655517578 428.2281036376953 214.2140655517578 428.2281036376953 301.6770553588867 396.7569274902344 301.6770553588867
395.18194580078125 215.8106689453125 426.73695945739746 215.8106689453125 426.73695945739746 302.75672149658203 395.18194580078125 302.75672149658203
392.91363525390625 214.5283660888672 425.1888542175293 214.5283660888672 425.1888542175293 301.75611877441406 392.91363525390625 301.75611877441406
392.55328369140625 216.155029296875 423.01012229919434 216.155029296875 423.01012229919434 300.9340591430664 392.55328369140625 300.9340591430664
390.19305419921875 215.98239135742188 420.84014320373535 215.98239135742188 420.84014320373535 298.5828094482422 390.19305419921875 298.5828094482422
389.6427307128906 218.48046875 418.42010498046875 218.48046875 418.42010498046875 297.94535064697266 389.6427307128906 297.94535064697266
389.0857849121094 216.73233032226562 417.69524574279785 216.73233032226562 417.69524574279785 296.7344665527344 389.0857849121094 296.7344665527344
386.95977783203125 217.45181274414062 416.6469669342041 217.45181274414062 416.6469669342041 297.0868377685547 386.95977783203125 297.0868377685547
385.6318359375 218.1825408935547 414.744441986084 218.1825408935547 414.744441986084 298.64959716796875 385.6318359375 298.64959716796875
384.14593505859375 217.45834350585938 413.3772830963135 217.45834350585938 413.3772830963135 298.8447723388672 384.14593505859375 298.8447723388672
382.04351806640625 220.4290008544922 411.54394912719727 220.4290008544922 411.54394912719727 301.5553665161133 382.04351806640625 301.5553665161133
381.14556884765625 217.263916015625 411.928503036499 217.263916015625 411.928503036499 303.13047790527344 381.14556884765625 303.13047790527344
377.233154296875 220.34249877929688 406.56460189819336 220.34249877929688 406.56460189819336 300.46346282958984 377.233154296875 300.46346282958984
375.6196594238281 220.19711303710938 404.7973442077637 220.19711303710938 404.7973442077637 302.0709915161133 375.6196594238281 302.0709915161133
373.61895751953125 219.1728057861328 402.4973258972168 219.1728057861328 402.4973258972168 300.1650848388672 373.61895751953125 300.1650848388672
371.99249267578125 218.22714233398438 400.6845302581787 218.22714233398438 400.6845302581787 296.6126937866211 371.99249267578125 296.6126937866211
371.3824157714844 217.232177734375 398.71913146972656 217.232177734375 398.71913146972656 297.1434020996094 371.3824157714844 297.1434020996094
368.2279357910156 214.087890625 396.05006408691406 214.087890625 396.05006408691406 293.9136505126953 368.2279357910156 293.9136505126953
367.86322021484375 211.91195678710938 394.45362854003906 211.91195678710938 394.45362854003906 290.5017623901367 367.86322021484375 290.5017623901367
367.58868408203125 214.6952362060547 394.21059226989746 214.6952362060547 394.21059226989746 293.9694290161133 367.58868408203125 293.9694290161133
364.7239990234375 217.1731414794922 391.80451583862305 217.1731414794922 391.80451583862305 296.1266326904297 364.7239990234375 296.1266326904297
363.37591552734375 216.7350616455078 390.1181831359863 216.7350616455078 390.1181831359863 295.1708984375 363.37591552734375 295.1708984375
361.55499267578125 218.2570343017578 389.2281894683838 218.2570343017578 389.2281894683838 295.17484283447266 361.55499267578125 295.17484283447266
361.3389587402344 218.6286163330078 388.4878787994385 218.6286163330078 388.4878787994385 295.74818420410156 361.3389587402344 295.74818420410156
366.8145446777344 217.064697265625 393.90952491760254 217.064697265625 393.90952491760254 295.11383056640625 366.8145446777344 295.11383056640625
367.9728698730469 215.602294921875 395.7874240875244 215.602294921875 395.7874240875244 293.8306884765625 367.9728698730469 293.8306884765625
372.3814392089844 216.52413940429688 399.70608139038086 216.52413940429688 399.70608139038086 294.6591339111328 372.3814392089844 294.6591339111328
371.9368591308594 213.35354614257812 399.28907203674316 213.35354614257812 399.28907203674316 290.28160858154297 371.9368591308594 290.28160858154297
377.2287902832031 217.0769500732422 403.77077293395996 217.0769500732422 403.77077293395996 293.9153366088867 377.2287902832031 293.9153366088867
380.97955322265625 215.2475128173828 407.5320739746094 215.2475128173828 407.5320739746094 289.92645263671875 380.97955322265625 289.92645263671875
382.99249267578125 218.57766723632812 409.470645904541 218.57766723632812 409.470645904541 293.0474395751953 382.99249267578125 293.0474395751953
383.47247314453125 218.2729034423828 409.4844169616699 218.2729034423828 409.4844169616699 291.0815200805664 383.47247314453125 291.0815200805664
382.9762268066406 218.5698699951172 409.18846130371094 218.5698699951172 409.18846130371094 292.29175567626953 382.9762268066406 292.29175567626953
388.0761413574219 219.135498046875 413.79186630249023 219.135498046875 413.79186630249023 293.31673431396484 388.0761413574219 293.31673431396484
390.6516418457031 217.9823760986328 416.4676628112793 217.9823760986328 416.4676628112793 290.5899200439453 390.6516418457031 290.5899200439453
394.6202087402344 216.26669311523438 421.0063667297363 216.26669311523438 421.0063667297363 289.21016693115234 394.6202087402344 289.21016693115234
396.8089904785156 213.85238647460938 421.6611022949219 213.85238647460938 421.6611022949219 284.37217712402344 396.8089904785156 284.37217712402344
395.7342224121094 214.3012237548828 422.7971839904785 214.3012237548828 422.7971839904785 283.237548828125 395.7342224121094 283.237548828125
398.6840515136719 213.62606811523438 424.8356990814209 213.62606811523438 424.8356990814209 284.33702087402344 398.6840515136719 284.33702087402344
399.35821533203125 215.1302490234375 427.3599739074707 215.1302490234375 427.3599739074707 284.7685089111328 399.35821533203125 284.7685089111328
403.49493408203125 216.1806640625 430.6208839416504 216.1806640625 430.6208839416504 285.7841567993164 403.49493408203125 285.7841567993164
401.26708984375 212.3025665283203 427.8683834075928 212.3025665283203 427.8683834075928 284.52239990234375 401.26708984375 284.52239990234375
401.4894104003906 216.1985626220703 427.3910160064697 216.1985626220703 427.3910160064697 285.5666046142578 401.4894104003906 285.5666046142578
399.917236328125 212.895751953125 424.62054443359375 212.895751953125 424.62054443359375 285.7597885131836 399.917236328125 285.7597885131836
396.99420166015625 212.80307006835938 423.44110679626465 212.80307006835938 423.44110679626465 283.8529357910156 396.99420166015625 283.8529357910156
396.59539794921875 211.1197509765625 422.104736328125 211.1197509765625 422.104736328125 284.66634368896484 396.59539794921875 284.66634368896484
394.3542175292969 212.12460327148438 419.7362976074219 212.12460327148438 419.7362976074219 285.0119094848633 394.3542175292969 285.0119094848633
393.7314147949219 212.6114501953125 420.21263694763184 212.6114501953125 420.21263694763184 287.4881134033203 393.7314147949219 287.4881134033203
391.47747802734375 212.0074462890625 416.72235679626465 212.0074462890625 416.72235679626465 288.1816711425781 391.47747802734375 288.1816711425781
389.2234802246094 213.76937866210938 414.9978828430176 213.76937866210938 414.9978828430176 287.42149353027344 389.2234802246094 287.42149353027344
388.4212341308594 213.68701171875 413.84814071655273 213.68701171875 413.84814071655273 288.652099609375 388.4212341308594 288.652099609375
386.9167785644531 211.19003295898438 410.93604850769043 211.19003295898438 410.93604850769043 287.4643020629883 386.9167785644531 287.4643020629883
385.1156005859375 211.0613250732422 409.1502494812012 211.0613250732422 409.1502494812012 286.3311462402344 385.1156005859375 286.3311462402344
383.0308837890625 207.72775268554688 406.70043182373047 207.72775268554688 406.70043182373047 283.5404510498047 383.0308837890625 283.5404510498047
381.5160217285156 208.3827362060547 405.20298767089844 208.3827362060547 405.20298767089844 281.9351043701172 381.5160217285156 281.9351043701172
378.11785888671875 209.47940063476562 403.0886173248291 209.47940063476562 403.0886173248291 279.61668395996094 378.11785888671875 279.61668395996094
375.3857421875 209.746337890625 400.6997528076172 209.746337890625 400.6997528076172 279.9106674194336 375.3857421875 279.9106674194336
373.76519775390625 210.9968719482422 399.61764907836914 210.9968719482422 399.61764907836914 281.36856842041016 373.76519775390625 281.36856842041016
372.415283203125 213.3179168701172 398.51548767089844 213.3179168701172 398.51548767089844 280.9015197753906 372.415283203125 280.9015197753906
370.22821044921875 213.2801513671875 396.83960342407227 213.2801513671875 396.83960342407227 279.7177047729492 370.22821044921875 279.7177047729492
370.52947998046875 214.1585235595703 394.9331855773926 214.1585235595703 394.9331855773926 280.37635803222656 370.52947998046875 280.37635803222656
368.3954772949219 211.22470092773438 394.14434242248535 211.22470092773438 394.14434242248535 280.63059997558594 368.3954772949219 280.63059997558594
366.9834289550781 208.306640625 391.6068534851074 208.306640625 391.6068534851074 279.8845443725586 366.9834289550781 279.8845443725586
365.04132080078125 209.137939453125 390.52326583862305 209.137939453125 390.52326583862305 279.87171936035156 365.04132080078125 279.87171936035156
362.1885681152344 208.6097412109375 387.8829402923584 208.6097412109375 387.8829402923584 278.1217803955078 362.1885681152344 278.1217803955078
360.92425537109375 211.43408203125 385.1870231628418 211.43408203125 385.1870231628418 280.18668365478516 360.92425537109375 280.18668365478516
359.14495849609375 211.8888702392578 384.56396484375 211.8888702392578 384.56396484375 282.50574493408203 359.14495849609375 282.50574493408203
357.117431640625 211.79574584960938 382.41858863830566 211.79574584960938 382.41858863830566 282.4105911254883 357.117431640625 282.4105911254883
356.0068054199219 212.894287109375 381.23518562316895 212.894287109375 381.23518562316895 282.9976577758789 356.0068054199219 282.9976577758789
355.2240905761719 210.93106079101562 379.7037925720215 210.93106079101562 379.7037925720215 282.2191467285156 355.2240905761719 282.2191467285156
354.39337158203125 210.63717651367188 378.78610610961914 210.63717651367188 378.78610610961914 281.7779541015625 354.39337158203125 281.7779541015625
351.47845458984375 207.9792022705078 374.9646282196045 207.9792022705078 374.9646282196045 278.4079895019531 351.47845458984375 278.4079895019531
349.9322814941406 206.7160186767578 372.7252311706543 206.7160186767578 372.7252311706543 276.21437072753906 349.9322814941406 276.21437072753906
347.5435791015625 205.17636108398438 372.26977157592773 205.17636108398438 372.26977157592773 273.74989318847656 347.5435791015625 273.74989318847656
345.2079162597656 204.54415893554688 369.8725471496582 204.54415893554688 369.8725471496582 271.15113830566406 345.2079162597656 271.15113830566406
342.48150634765625 203.9912872314453 368.48065185546875 203.9912872314453 368.48065185546875 270.1821594238281 342.48150634765625 270.1821594238281
340.10858154296875 207.0329132080078 365.50458335876465 207.0329132080078 365.50458335876465 271.7771301269531 340.10858154296875 271.7771301269531
339.2535400390625 207.31124877929688 364.5744972229004 207.31124877929688 364.5744972229004 273.0396270751953 339.2535400390625 273.0396270751953
338.3570251464844 207.1476593017578 363.6476078033447 207.1476593017578 363.6476078033447 273.34268951416016 338.3570251464844 273.34268951416016
336.65789794921875 206.94400024414062 361.992919921875 206.94400024414062 361.992919921875 275.3612976074219 336.65789794921875 275.3612976074219
336.0401916503906 205.351806640625 360.19762992858887 205.351806640625 360.19762992858887 274.78052520751953 336.0401916503906 274.78052520751953
333.76629638671875 204.23953247070312 358.2659168243408 204.23953247070312 358.2659168243408 274.7234191894531 333.76629638671875 274.7234191894531
332.5439453125 202.02493286132812 357.670597076416 202.02493286132812 357.670597076416 273.53929138183594 332.5439453125 273.53929138183594
332.2995910644531 202.1019744873047 357.96812438964844 202.1019744873047 357.96812438964844 273.46815490722656 332.2995910644531 273.46815490722656
329.12347412109375 202.44190979003906 354.71737480163574 202.44190979003906 354.71737480163574 273.35265350341797 329.12347412109375 273.35265350341797
326.0624084472656 207.5406036376953 352.6266059875488 207.5406036376953 352.6266059875488 274.2225341796875 326.0624084472656 274.2225341796875
325.0525207519531 206.8916015625 350.8669319152832 206.8916015625 350.8669319152832 276.91707611083984 325.0525207519531 276.91707611083984
324.32781982421875 207.4396514892578 350.40540504455566 207.4396514892578 350.40540504455566 274.88006591796875 324.32781982421875 274.88006591796875
323.16192626953125 205.85885620117188 347.5733070373535 205.85885620117188 347.5733070373535 275.05126190185547 323.16192626953125 275.05126190185547
323.053466796875 205.16818237304688 345.2963981628418 205.16818237304688 345.2963981628418 275.25172424316406 323.053466796875 275.25172424316406
321.1416931152344 201.60501098632812 343.42935943603516 201.60501098632812 343.42935943603516 274.59522247314453 321.1416931152344 274.59522247314453
319.3302307128906 201.5118408203125 342.38219833374023 201.5118408203125 342.38219833374023 271.48839569091797 319.3302307128906 271.48839569091797
318.2364807128906 199.31382751464844 340.69821548461914 199.31382751464844 340.69821548461914 269.7704849243164 318.2364807128906 269.7704849243164
316.66156005859375 202.17755126953125 338.6917839050293 202.17755126953125 338.6917839050293 267.62904357910156 316.66156005859375 267.62904357910156
313.8385314941406 202.32546997070312 337.12426376342773 202.32546997070312 337.12426376342773 267.10203552246094 313.8385314941406 267.10203552246094
312.12200927734375 202.0440673828125 335.7625427246094 202.0440673828125 335.7625427246094 267.9374313354492 312.12200927734375 267.9374313354492
310.0176696777344 201.94715881347656 334.57422065734863 201.94715881347656 334.57422065734863 268.34751892089844 310.0176696777344 268.34751892089844
310.46746826171875 200.48553466796875 333.6593990325928 200.48553466796875 333.6593990325928 267.9724655151367 310.46746826171875 267.9724655151367
308.5146179199219 199.63174438476562 332.69664573669434 199.63174438476562 332.69664573669434 270.8408966064453 308.5146179199219 270.8408966064453
307.2781066894531 199.69223022460938 331.61524200439453 199.69223022460938 331.61524200439453 270.71935272216797 307.2781066894531 270.71935272216797
306.85223388671875 197.5167999267578 331.4611701965332 197.5167999267578 331.4611701965332 269.88270568847656 306.85223388671875 269.88270568847656
304.71820068359375 200.02706909179688 329.5089683532715 200.02706909179688 329.5089683532715 268.09203338623047 304.71820068359375 268.09203338623047
303.561279296875 200.015625 328.6150188446045 200.015625 328.6150188446045 268.9163360595703 303.561279296875 268.9163360595703
303.20025634765625 200.2515869140625 327.81364822387695 200.2515869140625 327.81364822387695 270.8592987060547 303.20025634765625 270.8592987060547
301.433837890625 200.95114135742188 326.3330383300781 200.95114135742188 326.3330383300781 270.4110870361328 301.433837890625 270.4110870361328
301.4991760253906 200.37741088867188 325.4080467224121 200.37741088867188 325.4080467224121 271.9712219238281 301.4991760253906 271.9712219238281
300.66314697265625 199.1072235107422 324.62904357910156 199.1072235107422 324.62904357910156 270.2645568847656 300.66314697265625 270.2645568847656
300.63336181640625 197.40048217773438 323.8044948577881 197.40048217773438 323.8044948577881 270.7274627685547 300.63336181640625 270.7274627685547
299.74261474609375 195.5406951904297 322.110689163208 195.5406951904297 322.110689163208 267.9544677734375 299.74261474609375 267.9544677734375
298.24310302734375 192.71543884277344 321.5384101867676 192.71543884277344 321.5384101867676 266.41771697998047 298.24310302734375 266.41771697998047
295.8304443359375 193.3975067138672 319.74177169799805 193.3975067138672 319.74177169799805 263.5133819580078 295.8304443359375 263.5133819580078
295.56036376953125 194.67868041992188 318.7331886291504 194.67868041992188 318.7331886291504 264.81935119628906 295.56036376953125 264.81935119628906
294.09295654296875 196.147705078125 317.3139190673828 196.147705078125 317.3139190673828 262.22962951660156 294.09295654296875 262.22962951660156
293.8382263183594 195.8058319091797 316.7362461090088 195.8058319091797 316.7362461090088 262.9784851074219 293.8382263183594 262.9784851074219
293.03497314453125 195.49856567382812 316.1844234466553 195.49856567382812 316.1844234466553 264.1167984008789 293.03497314453125 264.1167984008789
292.834228515625 194.9249725341797 315.3820095062256 194.9249725341797 315.3820095062256 265.3809051513672 292.834228515625 265.3809051513672
291.78509521484375 194.3778076171875 315.6116542816162 194.3778076171875 315.6116542816162 265.8857727050781 291.78509521484375 265.8857727050781
291.13946533203125 192.1597442626953 314.6934757232666 192.1597442626953 314.6934757232666 266.11839294433594 291.13946533203125 266.11839294433594
290.2718200683594 190.957275390625 313.5957908630371 190.957275390625 313.5957908630371 266.00392150878906 290.2718200683594 266.00392150878906
289.4322814941406 191.8363037109375 314.1047477722168 191.8363037109375 314.1047477722168 266.0270462036133 289.4322814941406 266.0270462036133
288.1558532714844 194.35401916503906 312.53135681152344 194.35401916503906 312.53135681152344 265.5071258544922 288.1558532714844 265.5071258544922
287.2877197265625 193.37881469726562 312.2175712585449 193.37881469726562 312.2175712585449 265.45154571533203 287.2877197265625 265.45154571533203
286.9963684082031 195.91232299804688 311.10644340515137 195.91232299804688 311.10644340515137 266.2938919067383 286.9963684082031 266.2938919067383
286.21722412109375 193.09701538085938 309.95874404907227 193.09701538085938 309.95874404907227 267.4286346435547 286.21722412109375 267.4286346435547
285.7533264160156 192.24465942382812 309.2993698120117 192.24465942382812 309.2993698120117 266.0244140625 285.7533264160156 266.0244140625
284.864501953125 190.02760314941406 308.23179817199707 190.02760314941406 308.23179817199707 265.04884338378906 284.864501953125 265.04884338378906
284.68695068359375 188.3333740234375 307.40565490722656 188.3333740234375 307.40565490722656 265.78443908691406 284.68695068359375 265.78443908691406
284.3708190917969 189.5369110107422 305.62063217163086 189.5369110107422 305.62063217163086 262.93092346191406 284.3708190917969 262.93092346191406
283.861328125 189.9996795654297 305.47687339782715 189.9996795654297 305.47687339782715 261.32250213623047 283.861328125 261.32250213623047
282.591064453125 189.24853515625 304.1452579498291 189.24853515625 304.1452579498291 259.81107330322266 282.591064453125 259.81107330322266
281.0009765625 190.9265594482422 304.82448959350586 190.9265594482422 304.82448959350586 257.82205963134766 281.0009765625 257.82205963134766
280.2120361328125 192.86170959472656 304.1325569152832 192.86170959472656 304.1325569152832 257.0754699707031 280.2120361328125 257.0754699707031
279.80023193359375 193.5057373046875 304.11176109313965 193.5057373046875 304.11176109313965 257.0116500854492 279.80023193359375 257.0116500854492
278.72369384765625 192.45252990722656 303.3304042816162 192.45252990722656 303.3304042816162 257.4998779296875 278.72369384765625 257.4998779296875
278.8471984863281 193.13497924804688 303.1977825164795 193.13497924804688 303.1977825164795 257.8675842285156 278.8471984863281 257.8675842285156
279.02679443359375 191.4752960205078 303.15570640563965 191.4752960205078 303.15570640563965 259.51346588134766 279.02679443359375 259.51346588134766
277.76263427734375 191.7062530517578 302.0809154510498 191.7062530517578 302.0809154510498 259.1445083618164 277.76263427734375 259.1445083618164
276.5887756347656 189.01559448242188 300.50022888183594 189.01559448242188 300.50022888183594 257.4278869628906 276.5887756347656 257.4278869628906
276.68572998046875 192.36605834960938 300.23477935791016 192.36605834960938 300.23477935791016 257.59716033935547 276.68572998046875 257.59716033935547
275.40655517578125 190.3283233642578 299.62440299987793 190.3283233642578 299.62440299987793 256.54093170166016 275.40655517578125 256.54093170166016
275.17584228515625 193.61453247070312 298.9687900543213 193.61453247070312 298.9687900543213 258.08255767822266 275.17584228515625 258.08255767822266
274.83453369140625 193.30844116210938 299.0439147949219 193.30844116210938 299.0439147949219 259.1261749267578 274.83453369140625 259.1261749267578
274.1892395019531 193.902587890625 298.0714282989502 193.902587890625 298.0714282989502 257.83643341064453 274.1892395019531 257.83643341064453
273.38397216796875 189.84716796875 297.2952079772949 189.84716796875 297.2952079772949 256.54036712646484 273.38397216796875 256.54036712646484
273.3293762207031 188.65872192382812 295.1809997558594 188.65872192382812 295.1809997558594 257.2285614013672 273.3293762207031 257.2285614013672
272.8855895996094 186.1046600341797 294.70449447631836 186.1046600341797 294.70449447631836 257.48572540283203 272.8855895996094 257.48572540283203
271.8282775878906 187.0470733642578 292.95649337768555 187.0470733642578 292.95649337768555 253.8067855834961 271.8282775878906 253.8067855834961
270.515869140625 186.50540161132812 292.3840751647949 186.50540161132812 292.3840751647949 252.2853240966797 270.515869140625 252.2853240966797
268.4420166015625 187.65625 291.1176929473877 187.65625 291.1176929473877 250.56945037841797 268.4420166015625 250.56945037841797
267.45440673828125 189.46829223632812 291.41250228881836 189.46829223632812 291.41250228881836 250.3741226196289 267.45440673828125 250.3741226196289
266.7268981933594 192.10733032226562 290.93297576904297 192.10733032226562 290.93297576904297 251.01309967041016 266.7268981933594 251.01309967041016
266.90643310546875 192.0034942626953 289.98071479797363 192.0034942626953 289.98071479797363 250.84466934204102 266.90643310546875 250.84466934204102
266.4893493652344 189.71144104003906 290.396671295166 189.71144104003906 290.396671295166 252.2467269897461 266.4893493652344 252.2467269897461
265.5153503417969 191.1970672607422 289.0333614349365 191.1970672607422 289.0333614349365 252.01702117919922 265.5153503417969 252.01702117919922
265.1736145019531 188.34153747558594 288.0585422515869 188.34153747558594 288.0585422515869 252.12920761108398 265.1736145019531 252.12920761108398
263.9355163574219 187.96755981445312 287.09455490112305 187.96755981445312 287.09455490112305 250.74039840698242 263.9355163574219 250.74039840698242
264.1991271972656 185.81689453125 287.270112991333 185.81689453125 287.270112991333 250.7040252685547 264.1991271972656 250.7040252685547
260.9488525390625 187.45095825195312 285.12987327575684 187.45095825195312 285.12987327575684 249.3709602355957 260.9488525390625 249.3709602355957
261.18682861328125 186.64781188964844 284.9566249847412 186.64781188964844 284.9566249847412 253.50035095214844 261.18682861328125 253.50035095214844
259.157958984375 189.28146362304688 284.0129108428955 189.28146362304688 284.0129108428955 253.3934783935547 259.157958984375 253.3934783935547
261.2362976074219 187.3727569580078 285.0457286834717 187.3727569580078 285.0457286834717 254.33676147460938 261.2362976074219 254.33676147460938
258.13507080078125 187.79576110839844 281.8875980377197 187.79576110839844 281.8875980377197 254.59971618652344 258.13507080078125 254.59971618652344
256.96112060546875 184.89395141601562 280.0684013366699 184.89395141601562 280.0684013366699 250.8567352294922 256.96112060546875 250.8567352294922
256.5523986816406 184.02642822265625 279.1070671081543 184.02642822265625 279.1070671081543 250.5516586303711 256.5523986816406 250.5516586303711
255.79043579101562 183.27589416503906 277.39156341552734 183.27589416503906 277.39156341552734 250.1588363647461 255.79043579101562 250.1588363647461
254.68087768554688 180.8510284423828 275.67983627319336 180.8510284423828 275.67983627319336 249.2852325439453 254.68087768554688 249.2852325439453
252.8397216796875 182.18331909179688 274.783447265625 182.18331909179688 274.783447265625 246.40357971191406 252.8397216796875 246.40357971191406
251.482666015625 184.0866241455078 274.2025566101074 184.0866241455078 274.2025566101074 246.28506088256836 251.482666015625 246.28506088256836
250.22640991210938 184.7110137939453 273.490909576416 184.7110137939453 273.490909576416 248.31158065795898 250.22640991210938 248.31158065795898
249.980224609375 186.04150390625 272.8893699645996 186.04150390625 272.8893699645996 246.58930587768555 249.980224609375 246.58930587768555
256.21038818359375 185.4743194580078 279.26731300354004 185.4743194580078 279.26731300354004 250.32189178466797 256.21038818359375 250.32189178466797
258.5042419433594 185.329833984375 281.5361728668213 185.329833984375 281.5361728668213 250.1071014404297 258.5042419433594 250.1071014404297
263.38525390625 183.9563446044922 285.86425399780273 183.9563446044922 285.86425399780273 247.17849349975586 263.38525390625 247.17849349975586
266.0437927246094 185.08804321289062 288.36510848999023 185.08804321289062 288.36510848999023 247.8667106628418 266.0437927246094 247.8667106628418
268.76678466796875 183.35494995117188 291.32190895080566 183.35494995117188 291.32190895080566 245.29464721679688 268.76678466796875 245.29464721679688
272.4100341796875 182.6924285888672 295.33338165283203 182.6924285888672 295.33338165283203 247.164306640625 272.4100341796875 247.164306640625
274.19146728515625 182.1675262451172 298.044771194458 182.1675262451172 298.044771194458 244.51978302001953 274.19146728515625 244.51978302001953
279.8984069824219 182.60287475585938 302.72961044311523 182.60287475585938 302.72961044311523 246.8155975341797 279.8984069824219 246.8155975341797
281.9840087890625 185.6862030029297 305.65296363830566 185.6862030029297 305.65296363830566 249.3623809814453 281.9840087890625 249.3623809814453
285.9833068847656 183.709228515625 308.8787536621094 183.709228515625 308.8787536621094 248.1026382446289 285.9833068847656 248.1026382446289
287.1976013183594 184.47421264648438 309.97035217285156 184.47421264648438 309.97035217285156 248.5225372314453 287.1976013183594 248.5225372314453
291.0611572265625 181.73924255371094 313.6002616882324 181.73924255371094 313.6002616882324 244.7672462463379 291.0611572265625 244.7672462463379
295.987548828125 182.12106323242188 318.55236625671387 182.12106323242188 318.55236625671387 245.5845832824707 295.987548828125 245.5845832824707
296.4537048339844 179.90060424804688 317.5367183685303 179.90060424804688 317.5367183685303 241.9026870727539 296.4537048339844 241.9026870727539
294.02764892578125 177.8051300048828 315.14148139953613 177.8051300048828 315.14148139953613 242.20348358154297 294.02764892578125 242.20348358154297
292.92242431640625 178.2687530517578 313.92689323425293 178.2687530517578 313.92689323425293 240.25268173217773 292.92242431640625 240.25268173217773
292.7037353515625 179.47654724121094 315.2272071838379 179.47654724121094 315.2272071838379 240.70179748535156 292.7037353515625 240.70179748535156
291.0076599121094 181.30886840820312 312.6761646270752 181.30886840820312 312.6761646270752 240.23190307617188 291.0076599121094 240.23190307617188
289.81195068359375 181.50006103515625 312.2079029083252 181.50006103515625 312.2079029083252 244.48863983154297 289.81195068359375 244.48863983154297
288.00335693359375 182.76040649414062 311.3949394226074 182.76040649414062 311.3949394226074 241.06379318237305 288.00335693359375 241.06379318237305
286.96417236328125 183.11740112304688 311.18042373657227 183.11740112304688 311.18042373657227 241.2639389038086 286.96417236328125 241.2639389038086
286.38189697265625 182.39266967773438 309.89746475219727 182.39266967773438 309.89746475219727 242.20584869384766 286.38189697265625 242.20584869384766
287.119140625 180.83287048339844 309.69482612609863 180.83287048339844 309.69482612609863 243.01630020141602 287.119140625 243.01630020141602
284.789306640625 182.41725158691406 306.70525550842285 182.41725158691406 306.70525550842285 242.54700088500977 284.789306640625 242.54700088500977
284.1202087402344 178.90487670898438 306.48301124572754 178.90487670898438 306.48301124572754 241.59171295166016 284.1202087402344 241.59171295166016
281.9818115234375 179.5221405029297 304.42345428466797 179.5221405029297 304.42345428466797 240.79234313964844 281.9818115234375 240.79234313964844
279.9072265625 180.7924346923828 302.83978271484375 180.7924346923828 302.83978271484375 242.64104461669922 279.9072265625 242.64104461669922
280.94873046875 180.07766723632812 303.9150810241699 180.07766723632812 303.9150810241699 243.50553512573242 280.94873046875 243.50553512573242
279.95526123046875 181.30123901367188 302.2149028778076 181.30123901367188 302.2149028778076 243.90644454956055 279.95526123046875 243.90644454956055
278.4905700683594 182.3958740234375 300.81544494628906 182.3958740234375 300.81544494628906 243.65885162353516 278.4905700683594 243.65885162353516
278.1855163574219 182.39495849609375 299.788724899292 182.39495849609375 299.788724899292 243.1539535522461 278.1855163574219 243.1539535522461
276.6776428222656 180.63841247558594 298.2800540924072 180.63841247558594 298.2800540924072 243.11551666259766 276.6776428222656 243.11551666259766
273.638916015625 178.15609741210938 294.84357261657715 178.15609741210938 294.84357261657715 241.18202590942383 273.638916015625 241.18202590942383
273.3603515625 178.06472778320312 292.91411781311035 178.06472778320312 292.91411781311035 240.1599235534668 273.3603515625 240.1599235534668
271.09747314453125 177.50503540039062 292.25129318237305 177.50503540039062 292.25129318237305 237.95486450195312 271.09747314453125 237.95486450195312
269.1097412109375 178.84144592285156 290.2414970397949 178.84144592285156 290.2414970397949 236.92967987060547 269.1097412109375 236.92967987060547
267.8987731933594 180.18136596679688 289.8315544128418 180.18136596679688 289.8315544128418 237.55843353271484 267.8987731933594 237.55843353271484
266.75933837890625 179.24783325195312 290.10311126708984 179.24783325195312 290.10311126708984 238.36099243164062 266.75933837890625 238.36099243164062
265.6649169921875 179.2577667236328 288.9698295593262 179.2577667236328 288.9698295593262 239.99436950683594 265.6649169921875 239.99436950683594
264.8818359375 181.05105590820312 287.7505474090576 181.05105590820312 287.7505474090576 239.67409133911133 264.8818359375 239.67409133911133
264.3748779296875 179.5155029296875 287.1423511505127 179.5155029296875 287.1423511505127 240.1910400390625 264.3748779296875 240.1910400390625
263.0140686035156 177.95838928222656 285.852237701416 177.95838928222656 285.852237701416 238.5249900817871 263.0140686035156 238.5249900817871
262.0912170410156 178.3085479736328 284.97296714782715 178.3085479736328 284.97296714782715 237.17681121826172 262.0912170410156 237.17681121826172
261.02642822265625 177.8268585205078 283.6386661529541 177.8268585205078 283.6386661529541 236.6540184020996 261.02642822265625 236.6540184020996
261.2252502441406 177.40585327148438 283.2360382080078 177.40585327148438 283.2360382080078 239.3111686706543 261.2252502441406 239.3111686706543
259.249755859375 178.86795043945312 280.7900733947754 178.86795043945312 280.7900733947754 239.45008087158203 259.249755859375 239.45008087158203
259.3475036621094 180.29190063476562 280.7994155883789 180.29190063476562 280.7994155883789 240.62538528442383 259.3475036621094 240.62538528442383
257.0563049316406 179.65780639648438 278.45899963378906 179.65780639648438 278.45899963378906 239.85287475585938 257.0563049316406 239.85287475585938
255.4613800048828 179.36341857910156 277.22694206237793 179.36341857910156 277.22694206237793 239.4983139038086 255.4613800048828 239.4983139038086
255.4241180419922 177.8738555908203 276.6394958496094 177.8738555908203 276.6394958496094 237.89930725097656 255.4241180419922 237.89930725097656
253.34719848632812 177.04443359375 274.718318939209 177.04443359375 274.718318939209 237.94646453857422 253.34719848632812 237.94646453857422
252.8533172607422 175.6620330810547 274.0761203765869 175.6620330810547 274.0761203765869 236.8319549560547 252.8533172607422 236.8319549560547
250.3939208984375 174.31065368652344 270.78129386901855 174.31065368652344 270.78129386901855 233.85361099243164 250.3939208984375 233.85361099243164
249.20950317382812 175.5473175048828 270.1182804107666 175.5473175048828 270.1182804107666 232.94660186767578 249.20950317382812 232.94660186767578
247.3091278076172 175.50515747070312 269.03101539611816 175.50515747070312 269.03101539611816 234.64986419677734 247.3091278076172 234.64986419677734
246.2678985595703 176.71788024902344 268.3137149810791 176.71788024902344 268.3137149810791 234.06118392944336 246.2678985595703 234.06118392944336
245.447021484375 178.1759490966797 268.1032905578613 178.1759490966797 268.1032905578613 234.57976531982422 245.447021484375 234.57976531982422
244.6703643798828 177.49095153808594 266.62845611572266 177.49095153808594 266.62845611572266 236.11898040771484 244.6703643798828 236.11898040771484
244.0965576171875 178.18479919433594 265.8801784515381 178.18479919433594 265.8801784515381 237.52772521972656 244.0965576171875 237.52772521972656
243.78665161132812 176.47393798828125 264.91052627563477 176.47393798828125 264.91052627563477 235.88480758666992 243.78665161132812 235.88480758666992
242.70791625976562 176.5767059326172 263.9411563873291 176.5767059326172 263.9411563873291 235.18622589111328 242.70791625976562 235.18622589111328
242.02517700195312 175.9693145751953 263.4145336151123 175.9693145751953 263.4145336151123 236.1268539428711 242.02517700195312 236.1268539428711
240.0710906982422 175.57833862304688 261.65991592407227 175.57833862304688 261.65991592407227 234.30188751220703 240.0710906982422 234.30188751220703
239.6083526611328 175.01968383789062 260.8045234680176 175.01968383789062 260.8045234680176 234.63389205932617 239.6083526611328 234.63389205932617
238.71029663085938 176.0113525390625 260.0283508300781 176.0113525390625 260.0283508300781 235.96835327148438 238.71029663085938 235.96835327148438
238.17050170898438 175.7512969970703 259.5574607849121 175.7512969970703 259.5574607849121 235.90209197998047 238.17050170898438 235.90209197998047
235.96029663085938 177.2296600341797 257.22711753845215 177.2296600341797 257.22711753845215 237.0425682067871 235.96029663085938 237.0425682067871
236.09719848632812 177.23529052734375 257.21487617492676 177.23529052734375 257.21487617492676 236.62873077392578 236.09719848632812 236.62873077392578
234.85556030273438 176.8449249267578 255.49859046936035 176.8449249267578 255.49859046936035 234.90342712402344 234.85556030273438 234.90342712402344
235.2951202392578 177.22427368164062 255.71128273010254 177.22427368164062 255.71128273010254 234.64470672607422 235.2951202392578 234.64470672607422
234.4580841064453 175.8572540283203 255.06579971313477 175.8572540283203 255.06579971313477 233.8164291381836 234.4580841064453 233.8164291381836
234.0351104736328 175.81863403320312 254.40476608276367 175.81863403320312 254.40476608276367 233.1082649230957 234.0351104736328 233.1082649230957
232.38027954101562 175.38519287109375 252.3451747894287 175.38519287109375 252.3451747894287 231.53643798828125 232.38027954101562 231.53643798828125
232.52285766601562 173.9055938720703 252.3756446838379 173.9055938720703 252.3756446838379 229.7415313720703 232.52285766601562 229.7415313720703
232.2248992919922 176.43698120117188 251.74309921264648 176.43698120117188 251.74309921264648 231.33189010620117 232.2248992919922 231.33189010620117
230.56234741210938 177.418212890625 250.40110778808594 177.418212890625 250.40110778808594 233.2146987915039 230.56234741210938 233.2146987915039
230.5017547607422 177.39181518554688 250.0654640197754 177.39181518554688 250.0654640197754 232.41472625732422 230.5017547607422 232.41472625732422
229.6413116455078 178.0282745361328 249.0838108062744 178.0282745361328 249.0838108062744 232.7102813720703 229.6413116455078 232.7102813720703
229.2882843017578 177.1011199951172 248.67964553833008 177.1011199951172 248.67964553833008 231.6393051147461 229.2882843017578 231.6393051147461
229.7001953125 176.06442260742188 248.9861240386963 176.06442260742188 248.9861240386963 230.30607223510742 229.7001953125 230.30607223510742
230.2389678955078 174.41305541992188 249.28722763061523 174.41305541992188 249.28722763061523 227.98625946044922 230.2389678955078 227.98625946044922
228.7515106201172 175.5281524658203 247.87878799438477 175.5281524658203 247.87878799438477 229.32359313964844 228.7515106201172 229.32359313964844
227.88314819335938 174.12034606933594 247.17620468139648 174.12034606933594 247.17620468139648 228.3820343017578 227.88314819335938 228.3820343017578
228.5380859375 174.66578674316406 247.6814022064209 174.66578674316406 247.6814022064209 228.50633239746094 228.5380859375 228.50633239746094
227.36380004882812 176.05352783203125 246.42673110961914 176.05352783203125 246.42673110961914 229.66798782348633 227.36380004882812 229.66798782348633
228.5390167236328 177.3724365234375 247.6951026916504 177.3724365234375 247.6951026916504 231.24889373779297 228.5390167236328 231.24889373779297
226.98049926757812 175.96685791015625 245.96870803833008 175.96685791015625 245.96870803833008 229.37116241455078 226.98049926757812 229.37116241455078
226.62362670898438 178.46214294433594 245.7203369140625 178.46214294433594 245.7203369140625 232.1716079711914 226.62362670898438 232.1716079711914
226.63534545898438 175.1797637939453 245.97185707092285 175.1797637939453 245.97185707092285 229.56366729736328 226.63534545898438 229.56366729736328
225.78305053710938 174.2744140625 245.34897232055664 174.2744140625 245.34897232055664 229.30353927612305 225.78305053710938 229.30353927612305
224.6894989013672 174.19375610351562 244.29528427124023 174.19375610351562 244.29528427124023 229.33499908447266 224.6894989013672 229.33499908447266
224.48129272460938 173.81455993652344 244.0279083251953 173.81455993652344 244.0279083251953 228.78939056396484 224.48129272460938 228.78939056396484
224.2926788330078 172.77981567382812 244.05958557128906 172.77981567382812 244.05958557128906 228.37421417236328 224.2926788330078 228.37421417236328
224.35501098632812 171.505859375 244.46237182617188 171.505859375 244.46237182617188 228.05778121948242 224.35501098632812 228.05778121948242
224.3356475830078 173.3349151611328 244.31508445739746 173.3349151611328 244.31508445739746 229.5270538330078 224.3356475830078 229.5270538330078
224.27328491210938 174.6008758544922 244.4442253112793 174.6008758544922 244.4442253112793 231.3316192626953 224.27328491210938 231.3316192626953
224.0314483642578 173.196533203125 244.10364723205566 173.196533203125 244.10364723205566 229.64956665039062 224.0314483642578 229.64956665039062
224.70669555664062 173.4831085205078 244.75178146362305 173.4831085205078 244.75178146362305 229.85988998413086 224.70669555664062 229.85988998413086
225.14663696289062 172.8179168701172 244.90534782409668 172.8179168701172 244.90534782409668 228.38926696777344 225.14663696289062 228.38926696777344
224.16146850585938 171.83518981933594 243.81721305847168 171.83518981933594 243.81721305847168 227.11695098876953 224.16146850585938 227.11695098876953
223.44021606445312 171.82908630371094 242.79546737670898 171.82908630371094 242.79546737670898 226.2657127380371 223.44021606445312 226.2657127380371
223.1305694580078 171.2504425048828 242.56096076965332 171.2504425048828 242.56096076965332 225.89839935302734 223.1305694580078 225.89839935302734
222.85000610351562 171.65478515625 242.36976051330566 171.65478515625 242.36976051330566 226.5540771484375 222.85000610351562 226.5540771484375
223.52084350585938 172.97129821777344 243.28433227539062 172.97129821777344 243.28433227539062 228.55608749389648 223.52084350585938 228.55608749389648
223.260986328125 173.34710693359375 242.83227920532227 173.34710693359375 242.83227920532227 228.3913459777832 223.260986328125 228.3913459777832
223.6960906982422 173.927490234375 243.30187797546387 173.927490234375 243.30187797546387 229.06874465942383 223.6960906982422 229.06874465942383
222.83544921875 172.84854125976562 242.93847274780273 172.84854125976562 242.93847274780273 229.38827514648438 222.83544921875 229.38827514648438
221.58203125 171.8307342529297 241.6790714263916 171.8307342529297 241.6790714263916 228.35363388061523 221.58203125 228.35363388061523
220.58740234375 170.38648986816406 240.8229217529297 170.38648986816406 240.8229217529297 227.29885482788086 220.58740234375 227.29885482788086
220.71658325195312 170.42294311523438 240.98891830444336 170.42294311523438 240.98891830444336 227.4388542175293 220.71658325195312 227.4388542175293
221.48703002929688 169.21865844726562 241.94627380371094 169.21865844726562 241.94627380371094 226.76024627685547 221.48703002929688 226.76024627685547
219.9131317138672 168.47314453125 240.4649543762207 168.47314453125 240.4649543762207 226.27510833740234 219.9131317138672 226.27510833740234
219.97543334960938 169.10678100585938 240.5793342590332 169.10678100585938 240.5793342590332 227.05521774291992 219.97543334960938 227.05521774291992
218.2134246826172 170.7096405029297 238.8087215423584 170.7096405029297 238.8087215423584 228.63388442993164 218.2134246826172 228.63388442993164
220.17886352539062 169.91152954101562 240.7070770263672 169.91152954101562 240.7070770263672 227.64710235595703 220.17886352539062 227.64710235595703
218.92636108398438 170.39772033691406 239.66566848754883 170.39772033691406 239.66566848754883 228.72699356079102 218.92636108398438 228.72699356079102
219.5604705810547 168.89694213867188 240.38474082946777 168.89694213867188 240.38474082946777 227.46517181396484 219.5604705810547 227.46517181396484
218.7006378173828 169.135009765625 239.19652938842773 169.135009765625 239.19652938842773 226.7796745300293 218.7006378173828 226.7796745300293
219.5283966064453 168.69540405273438 239.87486267089844 168.69540405273438 239.87486267089844 225.9198112487793 219.5283966064453 225.9198112487793
218.8043212890625 168.4734344482422 239.15618896484375 168.4734344482422 239.15618896484375 225.7130355834961 218.8043212890625 225.7130355834961
217.56900024414062 170.06869506835938 238.3770809173584 170.06869506835938 238.3770809173584 225.24052810668945 217.56900024414062 225.24052810668945
218.0604705810547 168.6393280029297 238.4001007080078 168.6393280029297 238.4001007080078 225.8445167541504 218.0604705810547 225.8445167541504
217.84219360351562 170.0592803955078 238.0826530456543 170.0592803955078 238.0826530456543 226.9855499267578 217.84219360351562 226.9855499267578
217.9043426513672 169.38438415527344 237.9579734802246 169.38438415527344 237.9579734802246 225.78519439697266 217.9043426513672 225.78519439697266
218.06411743164062 170.32278442382812 238.24453353881836 170.32278442382812 238.24453353881836 227.08018112182617 218.06411743164062 227.08018112182617
217.399658203125 170.26760864257812 237.47997856140137 170.26760864257812 237.47997856140137 225.75302124023438 217.399658203125 225.75302124023438
217.09951782226562 168.21160888671875 237.2072811126709 168.21160888671875 237.2072811126709 224.7646598815918 217.09951782226562 224.7646598815918
216.3157196044922 167.6961669921875 236.62062644958496 167.6961669921875 236.62062644958496 224.8036880493164 216.3157196044922 224.8036880493164
215.6721954345703 167.34405517578125 235.91190719604492 167.34405517578125 235.91190719604492 224.2682113647461 215.6721954345703 224.2682113647461
214.49801635742188 168.5903778076172 235.14755630493164 168.5903778076172 235.14755630493164 226.66717910766602 214.49801635742188 226.66717910766602
214.391845703125 168.1742706298828 235.1083469390869 168.1742706298828 235.1083469390869 226.43939590454102 214.391845703125 226.43939590454102
213.12857055664062 169.46054077148438 234.57708168029785 169.46054077148438 234.57708168029785 223.41949462890625 213.12857055664062 223.41949462890625
214.3502197265625 170.29537963867188 235.0482578277588 170.29537963867188 235.0482578277588 226.12799835205078 214.3502197265625 226.12799835205078
213.54196166992188 169.84364318847656 234.48521041870117 169.84364318847656 234.48521041870117 225.0937843322754 213.54196166992188 225.0937843322754
213.56918334960938 170.90805053710938 233.8679313659668 170.90805053710938 233.8679313659668 226.09180450439453 213.56918334960938 226.09180450439453
213.94308471679688 168.58175659179688 233.61658096313477 168.58175659179688 233.61658096313477 224.3607177734375 213.94308471679688 224.3607177734375
214.2921905517578 168.00570678710938 234.85662460327148 168.00570678710938 234.85662460327148 223.41342163085938 214.2921905517578 223.41342163085938
213.5285186767578 166.9691619873047 234.09210586547852 166.9691619873047 234.09210586547852 222.92404556274414 213.5285186767578 222.92404556274414
213.62625122070312 166.16543579101562 234.3008689880371 166.16543579101562 234.3008689880371 221.9321517944336 213.62625122070312 221.9321517944336
213.9183349609375 167.63832092285156 234.01174545288086 167.63832092285156 234.01174545288086 222.6465606689453 213.9183349609375 222.6465606689453
213.36318969726562 170.19662475585938 233.3801612854004 170.19662475585938 233.3801612854004 223.38680267333984 213.36318969726562 223.38680267333984
213.15255737304688 168.09292602539062 232.6605167388916 168.09292602539062 232.6605167388916 222.95903778076172 213.15255737304688 222.95903778076172
213.0632781982422 167.90234375 233.00929260253906 167.90234375 233.00929260253906 222.46168899536133 213.0632781982422 222.46168899536133
212.60888671875 167.384765625 232.5144386291504 167.384765625 232.5144386291504 223.36909866333008 212.60888671875 223.36909866333008
211.67819213867188 167.13499450683594 231.74567222595215 167.13499450683594 231.74567222595215 223.5747528076172 211.67819213867188 223.5747528076172
211.09326171875 165.9264678955078 230.9517879486084 165.9264678955078 230.9517879486084 221.7785415649414 211.09326171875 221.7785415649414
210.5934295654297 165.18728637695312 230.31658744812012 165.18728637695312 230.31658744812012 220.65863800048828 210.5934295654297 220.65863800048828
210.94802856445312 164.71401977539062 230.60662460327148 164.71401977539062 230.60662460327148 219.02654266357422 210.94802856445312 219.02654266357422
209.84579467773438 165.7109375 229.5417137145996 165.7109375 229.5417137145996 219.61002731323242 209.84579467773438 219.61002731323242
208.9044647216797 166.4337615966797 229.08928871154785 166.4337615966797 229.08928871154785 218.75426483154297 208.9044647216797 218.75426483154297
208.7194061279297 166.80203247070312 229.0585880279541 166.80203247070312 229.0585880279541 219.28593063354492 208.7194061279297 219.28593063354492
208.87109375 167.98333740234375 229.33721923828125 167.98333740234375 229.33721923828125 220.00783157348633 208.87109375 220.00783157348633
208.3155059814453 166.9996795654297 227.82813453674316 166.9996795654297 227.82813453674316 220.3299217224121 208.3155059814453 220.3299217224121
208.2551727294922 165.7884979248047 227.78002548217773 165.7884979248047 227.78002548217773 220.70212173461914 208.2551727294922 220.70212173461914
208.6156768798828 164.7620849609375 228.0781650543213 164.7620849609375 228.0781650543213 219.50030517578125 208.6156768798828 219.50030517578125
207.61758422851562 163.5038604736328 227.32133102416992 163.5038604736328 227.32133102416992 218.9206199645996 207.61758422851562 218.9206199645996
207.50143432617188 164.5450439453125 226.96246719360352 164.5450439453125 226.96246719360352 219.27916717529297 207.50143432617188 219.27916717529297
206.8477783203125 165.09109497070312 226.24573135375977 165.09109497070312 226.24573135375977 219.64780807495117 206.8477783203125 219.64780807495117
207.11376953125 166.01025390625 226.61688995361328 166.01025390625 226.61688995361328 220.86274337768555 207.11376953125 220.86274337768555
206.22708129882812 165.32815551757812 225.9600830078125 165.32815551757812 225.9600830078125 220.82718658447266 206.22708129882812 220.82718658447266
205.9559783935547 164.28939819335938 225.93906021118164 164.28939819335938 225.93906021118164 220.49178314208984 205.9559783935547 220.49178314208984
204.1597900390625 165.73220825195312 224.86679077148438 165.73220825195312 224.86679077148438 219.5426254272461 204.1597900390625 219.5426254272461
204.26626586914062 164.31521606445312 224.74248886108398 164.31521606445312 224.74248886108398 218.61191940307617 204.26626586914062 218.61191940307617
203.43527221679688 163.54635620117188 224.07558822631836 163.54635620117188 224.07558822631836 217.54072952270508 203.43527221679688 217.54072952270508
203.28363037109375 163.42794799804688 223.34965133666992 163.42794799804688 223.34965133666992 216.61458587646484 203.28363037109375 216.61458587646484
201.94552612304688 163.23573303222656 222.82614517211914 163.23573303222656 222.82614517211914 214.91875457763672 201.94552612304688 214.91875457763672
202.20016479492188 164.42811584472656 222.33173751831055 164.42811584472656 222.33173751831055 217.73093032836914 202.20016479492188 217.73093032836914
203.33226013183594 164.41297912597656 222.72141647338867 164.41297912597656 222.72141647338867 218.94494247436523 203.33226013183594 218.94494247436523
190.46417236328125 169.28892517089844 209.75483322143555 169.28892517089844 209.75483322143555 223.54387664794922 190.46417236328125 223.54387664794922
202.09983825683594 164.3799591064453 221.2139835357666 164.3799591064453 221.2139835357666 218.13845443725586 202.09983825683594 218.13845443725586
199.3723907470703 167.00970458984375 219.76507949829102 167.00970458984375 219.76507949829102 216.64571380615234 199.3723907470703 216.64571380615234
198.12741088867188 162.0505828857422 217.1289939880371 162.0505828857422 217.1289939880371 215.49249649047852 198.12741088867188 215.49249649047852
198.4182891845703 163.05470275878906 218.30633163452148 163.05470275878906 218.30633163452148 214.24884796142578 198.4182891845703 214.24884796142578
197.0712127685547 160.80783081054688 215.8606834411621 160.80783081054688 215.8606834411621 213.65317916870117 197.0712127685547 213.65317916870117
196.88876342773438 162.33505249023438 215.38218307495117 162.33505249023438 215.38218307495117 214.34775924682617 196.88876342773438 214.34775924682617
195.04788208007812 162.56167602539062 213.6718521118164 162.56167602539062 213.6718521118164 214.94155883789062 195.04788208007812 214.94155883789062
194.13821411132812 162.39266967773438 213.05486869812012 162.39266967773438 213.05486869812012 215.5957260131836 194.13821411132812 215.5957260131836
194.36752319335938 163.19857788085938 213.4537868499756 163.19857788085938 213.4537868499756 216.878662109375 194.36752319335938 216.878662109375
191.64599609375 161.81301879882812 210.57970809936523 161.81301879882812 210.57970809936523 215.06404876708984 191.64599609375 215.06404876708984
192.4228515625 162.1259002685547 211.33130264282227 162.1259002685547 211.33130264282227 215.30588150024414 192.4228515625 215.30588150024414
190.99136352539062 161.531982421875 210.09258651733398 161.531982421875 210.09258651733398 215.2541389465332 190.99136352539062 215.2541389465332
188.5999755859375 162.1420440673828 207.94063568115234 162.1420440673828 207.94063568115234 216.53761291503906 188.5999755859375 216.53761291503906
188.33584594726562 160.79208374023438 208.1146640777588 160.79208374023438 208.1146640777588 216.41997146606445 188.33584594726562 216.41997146606445
186.7344970703125 159.59742736816406 206.92389297485352 159.59742736816406 206.92389297485352 214.1466522216797 186.7344970703125 214.1466522216797
186.1968994140625 159.7937469482422 206.32008743286133 159.7937469482422 206.32008743286133 216.39017486572266 186.1968994140625 216.39017486572266
184.40699768066406 160.3451385498047 204.98031997680664 160.3451385498047 204.98031997680664 215.66210174560547 184.40699768066406 215.66210174560547
184.39785766601562 160.8778533935547 204.2667636871338 160.8778533935547 204.2667636871338 216.75911712646484 184.39785766601562 216.75911712646484
183.49691772460938 159.95645141601562 203.19443130493164 159.95645141601562 203.19443130493164 215.35567092895508 183.49691772460938 215.35567092895508
182.65203857421875 160.48251342773438 202.545259475708 160.48251342773438 202.545259475708 216.43215942382812 182.65203857421875 216.43215942382812
181.7400665283203 159.94888305664062 201.62556266784668 159.94888305664062 201.62556266784668 215.87680053710938 181.7400665283203 215.87680053710938
181.45913696289062 161.13156127929688 201.3752040863037 161.13156127929688 201.3752040863037 216.44091796875 181.45913696289062 216.44091796875
180.65896606445312 159.4358367919922 200.41923904418945 159.4358367919922 200.41923904418945 215.01155853271484 180.65896606445312 215.01155853271484
179.6287078857422 159.15699768066406 199.59799766540527 159.15699768066406 199.59799766540527 213.5671043395996 179.6287078857422 213.5671043395996
178.66986083984375 159.41732788085938 198.56854820251465 159.41732788085938 198.56854820251465 215.3823356628418 178.66986083984375 215.3823356628418
177.76144409179688 160.6938934326172 197.48683738708496 160.6938934326172 197.48683738708496 216.17151260375977 177.76144409179688 216.17151260375977
177.20816040039062 162.51649475097656 196.56092262268066 162.51649475097656 196.56092262268066 216.94608306884766 177.20816040039062 216.94608306884766
176.42221069335938 160.29568481445312 195.5129909515381 160.29568481445312 195.5129909515381 213.98845291137695 176.42221069335938 213.98845291137695
176.4579315185547 160.75628662109375 195.57361793518066 160.75628662109375 195.57361793518066 214.51909637451172 176.4579315185547 214.51909637451172
175.50955200195312 160.70437622070312 194.69546699523926 160.70437622070312 194.69546699523926 214.66470336914062 175.50955200195312 214.66470336914062
174.58883666992188 159.5972900390625 193.55740356445312 159.5972900390625 193.55740356445312 212.94632720947266 174.58883666992188 212.94632720947266
172.70310974121094 158.6687469482422 191.7893886566162 158.6687469482422 191.7893886566162 211.47705459594727 172.70310974121094 211.47705459594727
173.0399169921875 157.72067260742188 191.77034759521484 157.72067260742188 191.77034759521484 210.39995574951172 173.0399169921875 210.39995574951172
171.58987426757812 158.26077270507812 190.4649486541748 158.26077270507812 190.4649486541748 211.34687042236328 171.58987426757812 211.34687042236328
170.43348693847656 158.57412719726562 188.9666404724121 158.57412719726562 188.9666404724121 210.69856643676758 170.43348693847656 210.69856643676758
169.76150512695312 158.7998504638672 188.21587944030762 158.7998504638672 188.21587944030762 210.7027244567871 169.76150512695312 210.7027244567871
169.0851593017578 158.72384643554688 187.68552780151367 158.72384643554688 187.68552780151367 211.0373306274414 169.0851593017578 211.0373306274414
167.98655700683594 159.93629455566406 186.4358901977539 159.93629455566406 186.4358901977539 211.82498931884766 167.98655700683594 211.82498931884766
166.27603149414062 158.2646026611328 184.54815292358398 158.2646026611328 184.54815292358398 209.65489959716797 166.27603149414062 209.65489959716797
165.90786743164062 157.8531494140625 184.0923614501953 157.8531494140625 184.0923614501953 208.9969940185547 165.90786743164062 208.9969940185547
164.24862670898438 157.294677734375 182.27094841003418 157.294677734375 182.27094841003418 207.98241424560547 164.24862670898438 207.98241424560547
162.20298767089844 157.16256713867188 180.52236366271973 157.16256713867188 180.52236366271973 208.68577194213867 162.20298767089844 208.68577194213867
161.30499267578125 158.5800323486328 179.3958854675293 158.5800323486328 179.3958854675293 209.46062850952148 161.30499267578125 209.46062850952148
159.96163940429688 158.72805786132812 178.10669136047363 158.72805786132812 178.10669136047363 209.7609748840332 159.96163940429688 209.7609748840332
158.78125 159.92630004882812 177.1077117919922 159.92630004882812 177.1077117919922 211.46943283081055 158.78125 211.46943283081055
157.56857299804688 159.5649871826172 175.6665439605713 159.5649871826172 175.6665439605713 210.4654884338379 157.56857299804688 210.4654884338379
156.07382202148438 159.96920776367188 174.2493782043457 159.96920776367188 174.2493782043457 211.08791732788086 156.07382202148438 211.08791732788086
155.1226348876953 159.16209411621094 173.35207748413086 159.16209411621094 173.35207748413086 210.43235778808594 155.1226348876953 210.43235778808594
154.6160125732422 158.61219787597656 172.38865852355957 158.61219787597656 172.38865852355957 208.59772491455078 154.6160125732422 208.59772491455078
153.7581024169922 157.0373992919922 171.67897415161133 157.0373992919922 171.67897415161133 207.43981552124023 153.7581024169922 207.43981552124023
152.6444854736328 157.32456970214844 170.60693740844727 157.32456970214844 170.60693740844727 207.84392547607422 152.6444854736328 207.84392547607422
150.60696411132812 157.6355438232422 168.51531600952148 157.6355438232422 168.51531600952148 208.00274276733398 150.60696411132812 208.00274276733398
150.13595581054688 158.99624633789062 168.19559860229492 158.99624633789062 168.19559860229492 209.78894805908203 150.13595581054688 209.78894805908203
149.02130126953125 158.36671447753906 167.04668045043945 158.36671447753906 167.04668045043945 209.06305694580078 149.02130126953125 209.06305694580078
148.8419952392578 159.14601135253906 166.91981506347656 159.14601135253906 166.91981506347656 209.9898452758789 148.8419952392578 209.9898452758789
147.21142578125 159.15512084960938 165.49105072021484 159.15512084960938 165.49105072021484 210.56653594970703 147.21142578125 210.56653594970703
146.54278564453125 160.24134826660156 164.58105850219727 160.24134826660156 164.58105850219727 210.9739532470703 146.54278564453125 210.9739532470703
146.63571166992188 159.319580078125 164.3667049407959 159.319580078125 164.3667049407959 209.1879653930664 146.63571166992188 209.1879653930664
145.68955993652344 159.19256591796875 163.1501922607422 159.19256591796875 163.1501922607422 208.30055618286133 145.68955993652344 208.30055618286133
145.35275268554688 158.18690490722656 162.61347198486328 158.18690490722656 162.61347198486328 206.7326431274414 145.35275268554688 206.7326431274414
144.73902893066406 158.572509765625 161.9705696105957 158.572509765625 161.9705696105957 207.03618240356445 144.73902893066406 207.03618240356445
143.51751708984375 160.7963409423828 160.69355392456055 160.7963409423828 160.69355392456055 209.10390853881836 143.51751708984375 209.10390853881836
142.42308044433594 159.2489776611328 159.7872257232666 159.2489776611328 159.7872257232666 208.08559799194336 142.42308044433594 208.08559799194336
142.74588012695312 159.12136840820312 160.06377792358398 159.12136840820312 160.06377792358398 207.8279151916504 142.74588012695312 207.8279151916504
141.1619873046875 162.34173583984375 158.6848602294922 162.34173583984375 158.6848602294922 211.62477111816406 141.1619873046875 211.62477111816406
140.70565795898438 162.67630004882812 158.23967933654785 162.67630004882812 158.23967933654785 211.99069213867188 140.70565795898438 211.99069213867188
140.1280059814453 160.23316955566406 157.46927070617676 160.23316955566406 157.46927070617676 209.00543212890625 140.1280059814453 209.00543212890625
139.93960571289062 157.89642333984375 157.42534065246582 157.89642333984375 157.42534065246582 207.07500839233398 139.93960571289062 207.07500839233398
139.98312377929688 158.0828857421875 157.3622531890869 158.0828857421875 157.3622531890869 206.9616470336914 139.98312377929688 206.9616470336914
139.5860137939453 159.43319702148438 156.8526668548584 159.43319702148438 156.8526668548584 207.9956169128418 139.5860137939453 207.9956169128418
138.41200256347656 158.01287841796875 155.85541534423828 158.01287841796875 155.85541534423828 207.07243728637695 138.41200256347656 207.07243728637695
136.85342407226562 155.83865356445312 154.2891502380371 155.83865356445312 154.2891502380371 204.8765869140625 136.85342407226562 204.8765869140625
135.90237426757812 157.07080078125 153.4268341064453 157.07080078125 153.4268341064453 206.3582992553711 135.90237426757812 206.3582992553711
136.51998901367188 159.93209838867188 154.11989974975586 159.93209838867188 154.11989974975586 209.43179321289062 136.51998901367188 209.43179321289062
135.1934356689453 159.0370330810547 152.83727645874023 159.0370330810547 152.83727645874023 208.66028213500977 135.1934356689453 208.66028213500977
134.9065399169922 157.99923706054688 152.5414161682129 157.99923706054688 152.5414161682129 207.59727096557617 134.9065399169922 207.59727096557617
134.19525146484375 159.40907287597656 151.54198265075684 159.40907287597656 151.54198265075684 208.19670486450195 134.19525146484375 208.19670486450195
133.86001586914062 158.00979614257812 151.1538543701172 158.00979614257812 151.1538543701172 206.64866638183594 133.86001586914062 206.64866638183594
132.89801025390625 156.99996948242188 150.3438205718994 156.99996948242188 150.3438205718994 206.0662612915039 132.89801025390625 206.0662612915039
132.7803955078125 158.3160858154297 150.2751693725586 158.3160858154297 150.2751693725586 207.52008819580078 132.7803955078125 207.52008819580078
131.4840850830078 155.27621459960938 149.22330284118652 155.27621459960938 149.22330284118652 205.1677131652832 131.4840850830078 205.1677131652832
131.22129821777344 155.89266967773438 149.00519371032715 155.89266967773438 149.00519371032715 205.90982818603516 131.22129821777344 205.90982818603516
131.4369354248047 156.11000061035156 148.87530136108398 156.11000061035156 148.87530136108398 205.1553611755371 131.4369354248047 205.1553611755371
130.830322265625 156.35354614257812 148.22928619384766 156.35354614257812 148.22928619384766 205.28808975219727 130.830322265625 205.28808975219727
129.5495147705078 157.3185272216797 146.68734169006348 157.3185272216797 146.68734169006348 205.51862335205078 129.5495147705078 205.51862335205078
129.4465789794922 158.46372985839844 146.84672164916992 158.46372985839844 146.84672164916992 207.40158462524414 129.4465789794922 207.40158462524414
129.37191772460938 158.188720703125 146.82427787780762 158.188720703125 146.82427787780762 207.2734375 129.37191772460938 207.2734375
129.4678192138672 158.44537353515625 146.87606048583984 158.44537353515625 146.87606048583984 207.406005859375 129.4678192138672 207.406005859375
129.8072052001953 155.74148559570312 147.56320762634277 155.74148559570312 147.56320762634277 205.6801986694336 129.8072052001953 205.6801986694336
135.0614776611328 157.03823852539062 152.7570037841797 157.03823852539062 152.7570037841797 206.8068618774414 135.0614776611328 206.8068618774414
138.10833740234375 154.3009796142578 155.95679473876953 154.3009796142578 155.95679473876953 204.49971771240234 138.10833740234375 204.49971771240234
141.90518188476562 156.05812072753906 159.7991428375244 156.05812072753906 159.7991428375244 206.38483810424805 141.90518188476562 206.38483810424805
146.01712036132812 155.12026977539062 163.96988105773926 155.12026977539062 163.96988105773926 205.61235809326172 146.01712036132812 205.61235809326172
150.42127990722656 156.04141235351562 168.13461875915527 156.04141235351562 168.13461875915527 205.86012649536133 150.42127990722656 205.86012649536133
153.72027587890625 155.5890655517578 171.22765922546387 155.5890655517578 171.22765922546387 204.82852935791016 153.72027587890625 204.82852935791016
158.76869201660156 156.3900146484375 175.94501113891602 156.3900146484375 175.94501113891602 204.69836044311523 158.76869201660156 204.69836044311523
161.094970703125 155.24510192871094 178.1892433166504 155.24510192871094 178.1892433166504 203.32269287109375 161.094970703125 203.32269287109375
165.0805206298828 156.02035522460938 182.16363906860352 156.02035522460938 182.16363906860352 204.06657028198242 165.0805206298828 204.06657028198242
169.98609924316406 156.02633666992188 187.23168182373047 156.02633666992188 187.23168182373047 204.52947998046875 169.98609924316406 204.52947998046875
173.2025604248047 156.1172332763672 190.63788986206055 156.1172332763672 190.63788986206055 205.15404510498047 173.2025604248047 205.15404510498047
177.63348388671875 154.82852172851562 195.08839988708496 154.82852172851562 195.08839988708496 203.9204216003418 177.63348388671875 203.9204216003418
181.38818359375 154.45252990722656 198.82265090942383 154.45252990722656 198.82265090942383 203.48691177368164 181.38818359375 203.48691177368164
178.88009643554688 154.9319305419922 196.29386138916016 154.9319305419922 196.29386138916016 203.90808486938477 178.88009643554688 203.90808486938477
179.0466766357422 153.8248748779297 196.50732803344727 153.8248748779297 196.50732803344727 202.9328956604004 179.0466766357422 202.9328956604004
179.2744140625 154.9149169921875 196.60124588012695 154.9149169921875 196.60124588012695 203.64656829833984 179.2744140625 203.64656829833984
178.06849670410156 153.90237426757812 195.3354549407959 153.90237426757812 195.3354549407959 202.46562957763672 178.06849670410156 202.46562957763672
177.45529174804688 154.93502807617188 194.76846504211426 154.93502807617188 194.76846504211426 203.6282615661621 177.45529174804688 203.6282615661621
177.34732055664062 154.35922241210938 194.84139823913574 154.35922241210938 194.84139823913574 203.56124877929688 177.34732055664062 203.56124877929688
176.90744018554688 154.11520385742188 194.31621170043945 154.11520385742188 194.31621170043945 203.07730865478516 176.90744018554688 203.07730865478516
177.55392456054688 154.66873168945312 194.74653244018555 154.66873168945312 194.74653244018555 203.02288055419922 177.55392456054688 203.02288055419922
177.23915100097656 155.2681121826172 194.67746543884277 155.2681121826172 194.67746543884277 204.3133087158203 177.23915100097656 204.3133087158203
175.71356201171875 154.99386596679688 193.58739852905273 154.99386596679688 193.58739852905273 205.2639617919922 175.71356201171875 205.2639617919922
175.2861785888672 153.5821075439453 193.1251106262207 153.5821075439453 193.1251106262207 203.75403213500977 175.2861785888672 203.75403213500977
175.70587158203125 152.5885772705078 193.479248046875 152.5885772705078 193.479248046875 202.57612991333008 175.70587158203125 202.57612991333008
174.78379821777344 152.54312133789062 192.72641563415527 152.54312133789062 192.72641563415527 203.00666427612305 174.78379821777344 203.00666427612305
173.3297882080078 152.16600036621094 191.21142768859863 152.16600036621094 191.21142768859863 202.4580421447754 173.3297882080078 202.4580421447754
173.12266540527344 154.2218475341797 190.84500312805176 154.2218475341797 190.84500312805176 204.06584930419922 173.12266540527344 204.06584930419922
172.59634399414062 153.4764862060547 189.86400604248047 153.4764862060547 189.86400604248047 202.0417137145996 172.59634399414062 202.0417137145996
172.161376953125 154.01425170898438 189.6906623840332 154.01425170898438 189.6906623840332 203.31529998779297 172.161376953125 203.31529998779297
172.01242065429688 154.25088500976562 189.5429916381836 154.25088500976562 189.5429916381836 203.55554580688477 172.01242065429688 203.55554580688477
171.3710479736328 153.25625610351562 188.9998435974121 153.25625610351562 188.9998435974121 202.8371810913086 171.3710479736328 202.8371810913086
170.75741577148438 151.96090698242188 188.32010078430176 151.96090698242188 188.32010078430176 201.35589218139648 170.75741577148438 201.35589218139648
169.8258819580078 152.38235473632812 187.46119689941406 152.38235473632812 187.46119689941406 201.9816131591797 169.8258819580078 201.9816131591797
169.9047088623047 150.93344116210938 187.28958702087402 150.93344116210938 187.28958702087402 199.82835006713867 169.9047088623047 199.82835006713867
168.62332153320312 151.2647247314453 185.9350299835205 151.2647247314453 185.9350299835205 199.95384216308594 168.62332153320312 199.95384216308594
167.44784545898438 151.95175170898438 185.2063694000244 151.95175170898438 185.2063694000244 201.89754104614258 167.44784545898438 201.89754104614258
167.2095489501953 152.4040985107422 185.21907424926758 152.4040985107422 185.21907424926758 203.05582427978516 167.2095489501953 203.05582427978516
166.1559295654297 152.44100952148438 184.34995651245117 152.44100952148438 184.34995651245117 203.61164474487305 166.1559295654297 203.61164474487305
165.43896484375 151.3275909423828 183.82754135131836 151.3275909423828 183.82754135131836 203.04540252685547 165.43896484375 203.04540252685547
163.70706176757812 151.45181274414062 182.11526107788086 151.45181274414062 182.11526107788086 203.22481536865234 163.70706176757812 203.22481536865234
163.2755584716797 151.10667419433594 181.69636726379395 151.10667419433594 181.69636726379395 202.9151382446289 163.2755584716797 202.9151382446289
161.9940185546875 149.31680297851562 180.25289916992188 149.31680297851562 180.25289916992188 200.66984939575195 161.9940185546875 200.66984939575195
161.64108276367188 149.8308563232422 180.14097785949707 149.8308563232422 180.14097785949707 201.86175155639648 161.64108276367188 201.86175155639648
160.7474365234375 149.2327423095703 179.39152145385742 149.2327423095703 179.39152145385742 201.6691665649414 160.7474365234375 201.6691665649414
159.63351440429688 150.20034790039062 178.30925941467285 150.20034790039062 178.30925941467285 202.7258186340332 159.63351440429688 202.7258186340332
158.85983276367188 150.87545776367188 177.58734512329102 150.87545776367188 177.58734512329102 203.5465202331543 158.85983276367188 203.5465202331543
158.41160583496094 150.12013244628906 177.2085304260254 150.12013244628906 177.2085304260254 202.98642349243164 158.41160583496094 202.98642349243164
157.29989624023438 150.30323791503906 176.0522003173828 150.30323791503906 176.0522003173828 203.0440330505371 157.29989624023438 203.0440330505371
156.4028778076172 149.64271545410156 175.20930671691895 149.64271545410156 175.20930671691895 202.5357322692871 156.4028778076172 202.5357322692871
155.49644470214844 149.333984375 174.3050880432129 149.333984375 174.3050880432129 202.23322677612305 155.49644470214844 202.23322677612305
155.40223693847656 148.56138610839844 174.0251808166504 148.56138610839844 174.0251808166504 200.93835067749023 155.40223693847656 200.93835067749023
154.6865997314453 147.2597198486328 173.4390048980713 147.2597198486328 173.4390048980713 200.00079727172852 154.6865997314453 200.00079727172852
153.6348114013672 147.6735076904297 172.26865768432617 147.6735076904297 172.26865768432617 200.08113861083984 153.6348114013672 200.08113861083984
152.4475860595703 148.51930236816406 171.18876266479492 148.51930236816406 171.18876266479492 201.2288055419922 152.4475860595703 201.2288055419922
151.95458984375 149.03684997558594 170.58368682861328 149.03684997558594 170.58368682861328 201.43112564086914 151.95458984375 201.43112564086914
151.11404418945312 149.2810821533203 169.85884284973145 149.2810821533203 169.85884284973145 202.00077056884766 151.11404418945312 202.00077056884766
149.94403076171875 150.02078247070312 168.54897499084473 150.02078247070312 168.54897499084473 202.34712982177734 149.94403076171875 202.34712982177734
149.14601135253906 148.24960327148438 167.8910255432129 148.24960327148438 167.8910255432129 200.96989822387695 149.14601135253906 200.96989822387695
147.5359649658203 148.9075164794922 166.36506462097168 148.9075164794922 166.36506462097168 201.8643035888672 147.5359649658203 201.8643035888672
146.95135498046875 147.0355224609375 165.50960159301758 147.0355224609375 165.50960159301758 199.23053741455078 146.95135498046875 199.23053741455078
145.93560791015625 147.96725463867188 164.3059482574463 147.96725463867188 164.3059482574463 199.6337776184082 145.93560791015625 199.6337776184082
145.08627319335938 146.6267547607422 163.08505630493164 146.6267547607422 163.08505630493164 197.24827194213867 145.08627319335938 197.24827194213867
144.00625610351562 148.63198852539062 161.70080947875977 148.63198852539062 161.70080947875977 198.39785766601562 144.00625610351562 198.39785766601562
