598.0 321.0 629.0 321.0 629.0 408.0 598.0 408.0
596.0109252929688 318.501220703125 627.9426975250244 318.501220703125 627.9426975250244 406.11627197265625 596.0109252929688 406.11627197265625
593.3119506835938 319.680908203125 624.8230934143066 319.680908203125 624.8230934143066 402.4917526245117 593.3119506835938 402.4917526245117
591.1370849609375 320.27685546875 623.1085395812988 320.27685546875 623.1085395812988 404.1132354736328 591.1370849609375 404.1132354736328
590.6170654296875 319.27142333984375 622.7395706176758 319.27142333984375 622.7395706176758 404.56288146972656 590.6170654296875 404.56288146972656
587.4725341796875 322.56219482421875 619.6066780090332 322.56219482421875 619.6066780090332 412.74510192871094 587.4725341796875 412.74510192871094
585.253662109375 320.423583984375 619.0718574523926 320.423583984375 619.0718574523926 403.4279098510742 585.253662109375 403.4279098510742
583.8308715820312 316.98779296875 617.0001678466797 316.98779296875 617.0001678466797 402.34098052978516 583.8308715820312 402.34098052978516
580.5 314.4322204589844 614.455940246582 314.4322204589844 614.455940246582 398.74231719970703 580.5 398.74231719970703
579.7266845703125 313.05950927734375 612.8532028198242 313.05950927734375 612.8532028198242 400.6926803588867 579.7266845703125 400.6926803588867
577.7611694335938 311.52105712890625 610.5830993652344 311.52105712890625 610.5830993652344 401.1999969482422 577.7611694335938 401.1999969482422
575.0283203125 316.4152526855469 609.986873626709 316.4152526855469 609.986873626709 402.0590591430664 575.0283203125 402.0590591430664
574.6848754882812 312.98992919921875 608.3046035766602 312.98992919921875 608.3046035766602 403.95677185058594 574.6848754882812 403.95677185058594
570.9254150390625 313.0636901855469 605.5583381652832 313.0636901855469 605.5583381652832 400.5816421508789 570.9254150390625 400.5816421508789
569.6907958984375 310.9956359863281 603.4471549987793 310.9956359863281 603.4471549987793 402.49366760253906 569.6907958984375 402.49366760253906
566.8065795898438 310.7540588378906 602.1973648071289 310.7540588378906 602.1973648071289 396.6217346191406 566.8065795898438 396.6217346191406
565.7073974609375 307.3659973144531 599.484977722168 307.3659973144531 599.484977722168 402.1611328125 565.7073974609375 402.1611328125
565.5478515625 310.9094543457031 601.3475151062012 310.9094543457031 601.3475151062012 402.0691452026367 565.5478515625 402.0691452026367
562.2918701171875 311.4075927734375 596.9189682006836 311.4075927734375 596.9189682006836 408.5868682861328 562.2918701171875 408.5868682861328
561.8922729492188 312.0020446777344 597.7841987609863 312.0020446777344 597.7841987609863 404.5684356689453 561.8922729492188 404.5684356689453
560.8895263671875 308.08709716796875 596.2554054260254 308.08709716796875 596.2554054260254 401.6752700805664 560.8895263671875 401.6752700805664
560.4074096679688 306.872314453125 595.9770431518555 306.872314453125 595.9770431518555 399.5207977294922 560.4074096679688 399.5207977294922
558.4093627929688 306.2021484375 594.5991821289062 306.2021484375 594.5991821289062 402.15169525146484 558.4093627929688 402.15169525146484
559.02001953125 306.2654724121094 595.1465225219727 306.2654724121094 595.1465225219727 400.0665740966797 559.02001953125 400.0665740966797
557.9039306640625 304.5087585449219 593.0043106079102 304.5087585449219 593.0043106079102 400.3109664916992 557.9039306640625 400.3109664916992
556.4925537109375 305.70489501953125 592.3363876342773 305.70489501953125 592.3363876342773 401.6142807006836 556.4925537109375 401.6142807006836
556.6668701171875 303.6082763671875 592.0982666015625 303.6082763671875 592.0982666015625 398.8534393310547 556.6668701171875 398.8534393310547
554.2774658203125 301.2923583984375 590.6980285644531 301.2923583984375 590.6980285644531 396.2642822265625 554.2774658203125 396.2642822265625
546.5579833984375 305.4199523925781 582.2281608581543 305.4199523925781 582.2281608581543 404.2534713745117 546.5579833984375 404.2534713745117
541.1508178710938 305.3658752441406 577.3230171203613 305.3658752441406 577.3230171203613 406.88145446777344 541.1508178710938 406.88145446777344
542.31005859375 299.21112060546875 578.4510269165039 299.21112060546875 578.4510269165039 400.6390686035156 542.31005859375 400.6390686035156
540.6144409179688 300.43438720703125 578.0549545288086 300.43438720703125 578.0549545288086 394.1877899169922 540.6144409179688 394.1877899169922
538.3555297851562 301.45733642578125 574.8107681274414 301.45733642578125 574.8107681274414 403.7672576904297 538.3555297851562 403.7672576904297
535.190673828125 299.3680114746094 573.054313659668 299.3680114746094 573.054313659668 394.77342224121094 535.190673828125 394.77342224121094
534.92578125 298.47039794921875 571.5334167480469 298.47039794921875 571.5334167480469 391.3315658569336 534.92578125 391.3315658569336
534.6546630859375 298.82586669921875 571.8498458862305 298.82586669921875 571.8498458862305 396.96751403808594 534.6546630859375 396.96751403808594
532.8955688476562 297.37060546875 569.362117767334 297.37060546875 569.362117767334 394.8223114013672 532.8955688476562 394.8223114013672
528.8585205078125 297.0955810546875 564.5877265930176 297.0955810546875 564.5877265930176 396.15765380859375 528.8585205078125 396.15765380859375
530.6033935546875 294.68353271484375 567.9466171264648 294.68353271484375 567.9466171264648 389.2593994140625 530.6033935546875 389.2593994140625
527.9786376953125 294.60064697265625 564.6893615722656 294.60064697265625 564.6893615722656 394.0597915649414 527.9786376953125 394.0597915649414
527.2635498046875 289.39971923828125 563.443229675293 289.39971923828125 563.443229675293 383.7750015258789 527.2635498046875 383.7750015258789
525.5631103515625 288.35919189453125 561.1268501281738 288.35919189453125 561.1268501281738 384.0525894165039 525.5631103515625 384.0525894165039
523.5729370117188 292.73333740234375 559.1889114379883 292.73333740234375 559.1889114379883 390.3276824951172 523.5729370117188 390.3276824951172
521.7852783203125 292.6551513671875 556.9009628295898 292.6551513671875 556.9009628295898 388.2947540283203 521.7852783203125 388.2947540283203
515.430419921875 295.11431884765625 550.8534393310547 295.11431884765625 550.8534393310547 394.52735900878906 515.430419921875 394.52735900878906
514.5281372070312 293.2420959472656 548.0283164978027 293.2420959472656 548.0283164978027 388.7016296386719 514.5281372070312 388.7016296386719
512.8736572265625 290.71868896484375 546.9766578674316 290.71868896484375 546.9766578674316 385.9386978149414 512.8736572265625 385.9386978149414
511.11773681640625 292.8190612792969 546.3869552612305 292.8190612792969 546.3869552612305 391.1311798095703 511.11773681640625 391.1311798095703
509.83502197265625 291.368896484375 544.8635940551758 291.368896484375 544.8635940551758 385.7059555053711 509.83502197265625 385.7059555053711
508.9384765625 294.1689453125 543.6258316040039 294.1689453125 543.6258316040039 385.1636734008789 508.9384765625 385.1636734008789
507.41204833984375 292.9930114746094 541.3938331604004 292.9930114746094 541.3938331604004 382.82299041748047 507.41204833984375 382.82299041748047
506.80291748046875 292.4002380371094 541.2990531921387 292.4002380371094 541.2990531921387 383.4735641479492 506.80291748046875 383.4735641479492
505.20294189453125 293.6148376464844 539.687816619873 293.6148376464844 539.687816619873 386.17955017089844 505.20294189453125 386.17955017089844
502.5164489746094 292.9677429199219 536.5270614624023 292.9677429199219 536.5270614624023 384.20274353027344 502.5164489746094 384.20274353027344
500.49676513671875 289.7569885253906 535.5380935668945 289.7569885253906 535.5380935668945 381.22264862060547 500.49676513671875 381.22264862060547
498.86199951171875 290.4660339355469 532.6303558349609 290.4660339355469 532.6303558349609 383.39842224121094 498.86199951171875 383.39842224121094
497.81201171875 289.54779052734375 529.8642578125 289.54779052734375 529.8642578125 381.16100311279297 497.81201171875 381.16100311279297
495.86541748046875 289.7549743652344 528.7245864868164 289.7549743652344 528.7245864868164 379.3146209716797 495.86541748046875 379.3146209716797
493.52880859375 289.4781188964844 527.0225105285645 289.4781188964844 527.0225105285645 380.37962341308594 493.52880859375 380.37962341308594
491.66778564453125 286.1444396972656 525.592845916748 286.1444396972656 525.592845916748 376.46409606933594 491.66778564453125 376.46409606933594
489.25030517578125 288.52435302734375 521.9768295288086 288.52435302734375 521.9768295288086 378.94522857666016 489.25030517578125 378.94522857666016
489.84027099609375 287.3350524902344 521.7256717681885 287.3350524902344 521.7256717681885 375.14269256591797 489.84027099609375 375.14269256591797
487.810546875 287.52947998046875 519.4548091888428 287.52947998046875 519.4548091888428 376.5679168701172 487.810546875 376.5679168701172
485.6273498535156 286.38140869140625 517.4226036071777 286.38140869140625 517.4226036071777 373.89054107666016 485.6273498535156 373.89054107666016
483.98284912109375 285.5741271972656 516.4413986206055 285.5741271972656 516.4413986206055 373.4107666015625 483.98284912109375 373.4107666015625
482.47918701171875 287.2462463378906 514.1399383544922 287.2462463378906 514.1399383544922 371.8594741821289 482.47918701171875 371.8594741821289
481.3994140625 286.2030944824219 512.7502841949463 286.2030944824219 512.7502841949463 371.5636444091797 481.3994140625 371.5636444091797
479.55743408203125 288.46954345703125 510.30376052856445 288.46954345703125 510.30376052856445 371.39939880371094 479.55743408203125 371.39939880371094
478.36199951171875 285.2526550292969 511.1772689819336 285.2526550292969 511.1772689819336 368.0229034423828 478.36199951171875 368.0229034423828
476.49688720703125 283.02777099609375 508.73469161987305 283.02777099609375 508.73469161987305 369.9070281982422 476.49688720703125 369.9070281982422
475.52630615234375 281.93719482421875 507.55176162719727 281.93719482421875 507.55176162719727 367.9477081298828 475.52630615234375 367.9477081298828
475.2975158691406 281.47686767578125 506.4724521636963 281.47686767578125 506.4724521636963 371.1787872314453 475.2975158691406 371.1787872314453
472.3154296875 282.34454345703125 501.5724678039551 282.34454345703125 501.5724678039551 374.4077377319336 472.3154296875 374.4077377319336
471.2989196777344 284.7587890625 501.93028831481934 284.7587890625 501.93028831481934 372.89378356933594 471.2989196777344 372.89378356933594
469.658203125 284.4708557128906 499.7053565979004 284.4708557128906 499.7053565979004 371.4332962036133 469.658203125 371.4332962036133
467.26849365234375 283.505859375 497.9404182434082 283.505859375 497.9404182434082 371.37415313720703 467.26849365234375 371.37415313720703
466.109130859375 281.3566589355469 496.16900062561035 281.3566589355469 496.16900062561035 367.1647186279297 466.109130859375 367.1647186279297
466.29931640625 279.69195556640625 495.75205993652344 279.69195556640625 495.75205993652344 365.28623962402344 466.29931640625 365.28623962402344
463.52471923828125 277.32354736328125 491.59182357788086 277.32354736328125 491.59182357788086 365.0295104980469 463.52471923828125 365.0295104980469
462.158203125 279.28485107421875 491.0522117614746 279.28485107421875 491.0522117614746 363.33055114746094 462.158203125 363.33055114746094
459.2034606933594 279.99755859375 488.26745986938477 279.99755859375 488.26745986938477 364.0247344970703 459.2034606933594 364.0247344970703
458.0374450683594 279.9739685058594 487.6420383453369 279.9739685058594 487.6420383453369 364.51673126220703 458.0374450683594 364.51673126220703
456.13177490234375 280.2118835449219 485.1377258300781 280.2118835449219 485.1377258300781 366.98238372802734 456.13177490234375 366.98238372802734
453.7430725097656 279.2733459472656 483.6601448059082 279.2733459472656 483.6601448059082 365.7486343383789 453.7430725097656 365.7486343383789
453.30596923828125 279.35650634765625 483.73291397094727 279.35650634765625 483.73291397094727 364.74829864501953 453.30596923828125 364.74829864501953
452.85467529296875 277.2987976074219 483.33348655700684 277.2987976074219 483.33348655700684 362.8361511230469 452.85467529296875 362.8361511230469
451.9241638183594 275.56903076171875 482.2880401611328 275.56903076171875 482.2880401611328 361.57765197753906 451.9241638183594 361.57765197753906
448.95245361328125 275.618408203125 478.9508361816406 275.618408203125 478.9508361816406 362.81919860839844 448.95245361328125 362.81919860839844
448.33160400390625 276.96136474609375 477.5792236328125 276.96136474609375 477.5792236328125 364.7726364135742 448.33160400390625 364.7726364135742
446.66064453125 274.84912109375 474.3661651611328 274.84912109375 474.3661651611328 365.06807708740234 446.66064453125 365.06807708740234
443.6781311035156 276.0080261230469 471.8611488342285 276.0080261230469 471.8611488342285 363.1764678955078 443.6781311035156 363.1764678955078
441.1649475097656 275.08123779296875 469.912052154541 275.08123779296875 469.912052154541 362.22727966308594 441.1649475097656 362.22727966308594
439.6219177246094 275.18267822265625 468.7472629547119 275.18267822265625 468.7472629547119 359.14756774902344 439.6219177246094 359.14756774902344
437.820068359375 276.2085266113281 467.2339897155762 276.2085266113281 467.2339897155762 363.15650939941406 437.820068359375 363.15650939941406
435.9307556152344 275.52130126953125 466.4080047607422 275.52130126953125 466.4080047607422 362.0423126220703 435.9307556152344 362.0423126220703
435.20831298828125 273.9813232421875 465.61744117736816 273.9813232421875 465.61744117736816 360.8367919921875 435.20831298828125 360.8367919921875
435.30487060546875 274.1751403808594 465.2526607513428 274.1751403808594 465.2526607513428 362.4907531738281 435.30487060546875 362.4907531738281
433.304443359375 272.2571716308594 463.40752029418945 272.2571716308594 463.40752029418945 360.37317657470703 433.304443359375 360.37317657470703
430.4032287597656 275.60028076171875 460.351016998291 275.60028076171875 460.351016998291 362.61531829833984 430.4032287597656 362.61531829833984
428.89520263671875 274.56512451171875 457.4516353607178 274.56512451171875 457.4516353607178 359.6390838623047 428.89520263671875 359.6390838623047
428.0481872558594 271.3925476074219 457.9508819580078 271.3925476074219 457.9508819580078 354.81300354003906 428.0481872558594 354.81300354003906
427.01593017578125 268.50152587890625 455.2619285583496 268.50152587890625 455.2619285583496 355.6081314086914 427.01593017578125 355.6081314086914
424.9896545410156 271.20025634765625 452.89348220825195 271.20025634765625 452.89348220825195 354.071044921875 424.9896545410156 354.071044921875
424.31231689453125 269.819580078125 453.60246658325195 269.819580078125 453.60246658325195 354.0440216064453 424.31231689453125 354.0440216064453
421.8758850097656 272.3182678222656 451.3579349517822 272.3182678222656 451.3579349517822 357.0155715942383 421.8758850097656 357.0155715942383
420.0723571777344 269.51177978515625 449.35630798339844 269.51177978515625 449.35630798339844 354.7358169555664 420.0723571777344 354.7358169555664
418.9029235839844 270.86065673828125 447.6910514831543 270.86065673828125 447.6910514831543 353.16941833496094 418.9029235839844 353.16941833496094
417.54217529296875 270.6473388671875 446.1634063720703 270.6473388671875 446.1634063720703 351.5002899169922 417.54217529296875 351.5002899169922
416.05059814453125 272.0503845214844 444.1984043121338 272.0503845214844 444.1984043121338 352.03551483154297 416.05059814453125 352.03551483154297
414.6122131347656 271.24749755859375 442.9574394226074 271.24749755859375 442.9574394226074 352.9694061279297 414.6122131347656 352.9694061279297
413.19342041015625 270.88677978515625 441.0692195892334 270.88677978515625 441.0692195892334 348.9779739379883 413.19342041015625 348.9779739379883
413.94622802734375 271.7348327636719 441.2341766357422 271.7348327636719 441.2341766357422 348.9386749267578 413.94622802734375 348.9386749267578
410.70623779296875 270.5987854003906 438.70774841308594 270.5987854003906 438.70774841308594 346.2248764038086 410.70623779296875 346.2248764038086
409.4552307128906 271.5177001953125 437.2557010650635 271.5177001953125 437.2557010650635 347.6865692138672 409.4552307128906 347.6865692138672
408.7379455566406 269.614990234375 438.3072872161865 269.614990234375 438.3072872161865 346.9965057373047 408.7379455566406 346.9965057373047
407.2562561035156 269.7519226074219 436.320068359375 269.7519226074219 436.320068359375 348.658203125 407.2562561035156 348.658203125
406.9402770996094 269.09527587890625 435.2473564147949 269.09527587890625 435.2473564147949 347.7552261352539 406.9402770996094 347.7552261352539
404.26019287109375 267.03167724609375 433.5338897705078 267.03167724609375 433.5338897705078 347.4845428466797 404.26019287109375 347.4845428466797
401.6983337402344 267.344970703125 431.4980773925781 267.344970703125 431.4980773925781 345.8878479003906 401.6983337402344 345.8878479003906
400.231201171875 268.22943115234375 429.87005615234375 268.22943115234375 429.87005615234375 347.15740966796875 400.231201171875 347.15740966796875
398.39361572265625 268.20574951171875 427.92099380493164 268.20574951171875 427.92099380493164 347.35111236572266 398.39361572265625 347.35111236572266
395.2160949707031 267.66302490234375 425.4880485534668 267.66302490234375 425.4880485534668 347.241455078125 395.2160949707031 347.241455078125
393.6445007324219 266.7021179199219 424.1399173736572 266.7021179199219 424.1399173736572 345.80330657958984 393.6445007324219 345.80330657958984
393.9261169433594 266.16217041015625 423.222412109375 266.16217041015625 423.222412109375 343.7566604614258 393.9261169433594 343.7566604614258
393.0451354980469 265.09991455078125 421.7290897369385 265.09991455078125 421.7290897369385 345.33849334716797 393.0451354980469 345.33849334716797
393.44097900390625 263.38470458984375 421.6939334869385 263.38470458984375 421.6939334869385 342.15472412109375 393.44097900390625 342.15472412109375
390.59747314453125 264.29547119140625 419.9335136413574 264.29547119140625 419.9335136413574 346.6256790161133 390.59747314453125 346.6256790161133
388.7652893066406 263.8895263671875 417.6413764953613 263.8895263671875 417.6413764953613 344.9288864135742 388.7652893066406 344.9288864135742
382.2386474609375 265.2267150878906 411.11379051208496 265.2267150878906 411.11379051208496 346.263427734375 382.2386474609375 346.263427734375
391.9844665527344 259.915283203125 420.444091796875 259.915283203125 420.444091796875 339.7858657836914 391.9844665527344 339.7858657836914
385.26025390625 268.73712158203125 413.4668216705322 268.73712158203125 413.4668216705322 347.8975067138672 385.26025390625 347.8975067138672
374.095458984375 267.50244140625 402.2024841308594 267.50244140625 402.2024841308594 346.38346099853516 374.095458984375 346.38346099853516
378.16571044921875 271.1767272949219 406.6266212463379 271.1767272949219 406.6266212463379 351.05091857910156 378.16571044921875 351.05091857910156
375.959228515625 261.24359130859375 404.042200088501 261.24359130859375 404.042200088501 340.05711364746094 375.959228515625 340.05711364746094
373.7876892089844 263.2457275390625 401.0639228820801 263.2457275390625 401.0639228820801 342.3872375488281 373.7876892089844 342.3872375488281
375.830810546875 264.7535705566406 401.5624198913574 264.7535705566406 401.5624198913574 343.43540954589844 375.830810546875 343.43540954589844
374.60137939453125 263.6737060546875 400.7932586669922 263.6737060546875 400.7932586669922 340.58646392822266 374.60137939453125 340.58646392822266
374.6802978515625 265.8036804199219 400.24934577941895 265.8036804199219 400.24934577941895 340.0365753173828 374.6802978515625 340.0365753173828
371.4772033691406 260.5824890136719 397.7380676269531 260.5824890136719 397.7380676269531 338.24781036376953 371.4772033691406 338.24781036376953
371.76690673828125 260.8381042480469 397.68921852111816 260.8381042480469 397.68921852111816 337.5365524291992 371.76690673828125 337.5365524291992
372.2691345214844 260.65826416015625 397.00586891174316 260.65826416015625 397.00586891174316 338.28575134277344 372.2691345214844 338.28575134277344
372.46356201171875 258.42608642578125 396.0103454589844 258.42608642578125 396.0103454589844 334.60650634765625 372.46356201171875 334.60650634765625
371.6982421875 260.5782165527344 395.090389251709 260.5782165527344 395.090389251709 333.91561126708984 371.6982421875 333.91561126708984
371.62957763671875 261.041015625 394.71707916259766 261.041015625 394.71707916259766 332.8401336669922 371.62957763671875 332.8401336669922
364.9912109375 259.3915100097656 388.1651725769043 259.3915100097656 388.1651725769043 331.34657287597656 364.9912109375 331.34657287597656
360.9347229003906 261.2876281738281 384.676851272583 261.2876281738281 384.676851272583 334.50691986083984 360.9347229003906 334.50691986083984
360.4000549316406 261.4076843261719 384.34648513793945 261.4076843261719 384.34648513793945 333.8810348510742 360.4000549316406 333.8810348510742
357.9969787597656 256.75457763671875 382.06875228881836 256.75457763671875 382.06875228881836 335.9213409423828 357.9969787597656 335.9213409423828
357.7631530761719 257.92926025390625 382.0927677154541 257.92926025390625 382.0927677154541 333.0635757446289 357.7631530761719 333.0635757446289
356.8369140625 258.8687744140625 381.0369987487793 258.8687744140625 381.0369987487793 336.8752670288086 356.8369140625 336.8752670288086
355.82904052734375 259.121826171875 381.103422164917 259.121826171875 381.103422164917 334.29164123535156 355.82904052734375 334.29164123535156
355.80596923828125 261.072998046875 381.04736328125 261.072998046875 381.04736328125 336.24371337890625 355.80596923828125 336.24371337890625
353.77593994140625 260.0135803222656 379.514461517334 260.0135803222656 379.514461517334 332.6865234375 353.77593994140625 332.6865234375
352.17315673828125 260.2721862792969 377.77180671691895 260.2721862792969 377.77180671691895 331.45777893066406 352.17315673828125 331.45777893066406
350.66851806640625 260.0810546875 376.64885330200195 260.0810546875 376.64885330200195 331.6485366821289 350.66851806640625 331.6485366821289
348.4429626464844 261.62640380859375 375.2496700286865 261.62640380859375 375.2496700286865 330.41500091552734 348.4429626464844 330.41500091552734
348.87652587890625 258.35943603515625 375.2376823425293 258.35943603515625 375.2376823425293 331.06346130371094 348.87652587890625 331.06346130371094
347.37994384765625 256.6177978515625 373.32636070251465 256.6177978515625 373.32636070251465 329.43519592285156 347.37994384765625 329.43519592285156
345.1690368652344 256.6856994628906 371.26585388183594 256.6856994628906 371.26585388183594 328.9782943725586 345.1690368652344 328.9782943725586
344.89373779296875 255.50198364257812 371.52373123168945 255.50198364257812 371.52373123168945 330.23780059814453 344.89373779296875 330.23780059814453
343.2369384765625 259.998779296875 370.009521484375 259.998779296875 370.009521484375 331.2511215209961 343.2369384765625 331.2511215209961
342.22930908203125 260.49615478515625 369.0145835876465 260.49615478515625 369.0145835876465 330.27195739746094 342.22930908203125 330.27195739746094
341.64398193359375 257.41485595703125 368.47413635253906 257.41485595703125 368.47413635253906 330.92962646484375 341.64398193359375 330.92962646484375
340.096923828125 256.30706787109375 367.55321884155273 256.30706787109375 367.55321884155273 329.8056640625 340.096923828125 329.8056640625
338.32757568359375 256.58953857421875 365.7924385070801 256.58953857421875 365.7924385070801 331.55674743652344 338.32757568359375 331.55674743652344
337.5122375488281 256.80780029296875 365.1340389251709 256.80780029296875 365.1340389251709 332.0979995727539 337.5122375488281 332.0979995727539
337.05828857421875 255.5557861328125 364.36566734313965 255.5557861328125 364.36566734313965 330.20530700683594 337.05828857421875 330.20530700683594
335.1744079589844 253.8256378173828 362.365421295166 253.8256378173828 362.365421295166 328.1428451538086 335.1744079589844 328.1428451538086
333.77935791015625 255.4791259765625 361.16603088378906 255.4791259765625 361.16603088378906 325.67273712158203 333.77935791015625 325.67273712158203
332.2812805175781 256.69500732421875 359.12245178222656 256.69500732421875 359.12245178222656 326.8654327392578 332.2812805175781 326.8654327392578
333.60540771484375 252.2110595703125 360.39198875427246 252.2110595703125 360.39198875427246 325.3226089477539 333.60540771484375 325.3226089477539
330.99395751953125 254.16885375976562 358.8240547180176 254.16885375976562 358.8240547180176 326.2834701538086 330.99395751953125 326.2834701538086
329.67547607421875 254.50546264648438 356.96767807006836 254.50546264648438 356.96767807006836 326.60784912109375 329.67547607421875 326.60784912109375
328.3724670410156 256.29046630859375 357.1721076965332 256.29046630859375 357.1721076965332 327.51611328125 328.3724670410156 327.51611328125
327.1307067871094 256.7791442871094 356.4182376861572 256.7791442871094 356.4182376861572 325.6189270019531 327.1307067871094 325.6189270019531
326.8874206542969 255.43698120117188 354.96373558044434 255.43698120117188 354.96373558044434 327.9882354736328 326.8874206542969 327.9882354736328
325.525634765625 255.22146606445312 354.513147354126 255.22146606445312 354.513147354126 326.27784729003906 325.525634765625 326.27784729003906
324.37408447265625 251.5288848876953 353.0030403137207 251.5288848876953 353.0030403137207 327.50565338134766 324.37408447265625 327.50565338134766
323.62872314453125 251.6312713623047 352.1005153656006 251.6312713623047 352.1005153656006 325.41062927246094 323.62872314453125 325.41062927246094
322.4029235839844 250.12344360351562 351.30259704589844 250.12344360351562 351.30259704589844 326.47190856933594 322.4029235839844 326.47190856933594
321.6124267578125 249.8951873779297 349.919713973999 249.8951873779297 349.919713973999 326.7738342285156 321.6124267578125 326.7738342285156
320.31439208984375 250.69442749023438 348.2060661315918 250.69442749023438 348.2060661315918 326.5699005126953 320.31439208984375 326.5699005126953
318.8510437011719 252.16702270507812 347.25983810424805 252.16702270507812 347.25983810424805 326.7595443725586 318.8510437011719 326.7595443725586
316.02362060546875 250.52322387695312 344.818058013916 250.52322387695312 344.818058013916 326.5415802001953 316.02362060546875 326.5415802001953
315.60565185546875 251.089111328125 344.7933597564697 251.089111328125 344.7933597564697 325.44337463378906 315.60565185546875 325.44337463378906
313.94891357421875 251.07754516601562 343.50050926208496 251.07754516601562 343.50050926208496 325.0296173095703 313.94891357421875 325.0296173095703
312.2499694824219 248.68417358398438 342.3358955383301 248.68417358398438 342.3358955383301 327.2735137939453 312.2499694824219 327.2735137939453
311.2741394042969 248.69412231445312 342.1791343688965 248.69412231445312 342.1791343688965 325.0244598388672 311.2741394042969 325.0244598388672
310.4576110839844 250.40066528320312 341.02765464782715 250.40066528320312 341.02765464782715 326.44651794433594 310.4576110839844 326.44651794433594
309.6517639160156 251.49685668945312 340.838830947876 251.49685668945312 340.838830947876 326.0015411376953 309.6517639160156 326.0015411376953
309.0072326660156 251.4383087158203 338.5546054840088 251.4383087158203 338.5546054840088 325.6820755004883 309.0072326660156 325.6820755004883
306.592529296875 250.8845672607422 337.12598037719727 250.8845672607422 337.12598037719727 324.16697692871094 306.592529296875 324.16697692871094
305.9171447753906 250.959716796875 336.6210231781006 250.959716796875 336.6210231781006 323.7097702026367 305.9171447753906 323.7097702026367
306.35260009765625 248.91830444335938 334.9827117919922 248.91830444335938 334.9827117919922 324.5225372314453 306.35260009765625 324.5225372314453
304.52423095703125 245.01724243164062 333.66848373413086 245.01724243164062 333.66848373413086 322.17688751220703 304.52423095703125 322.17688751220703
303.28173828125 246.33224487304688 332.1806449890137 246.33224487304688 332.1806449890137 321.84566497802734 303.28173828125 321.84566497802734
301.47564697265625 243.8840789794922 330.55218505859375 243.8840789794922 330.55218505859375 323.62364959716797 301.47564697265625 323.62364959716797
301.9771423339844 245.1478271484375 331.04594802856445 245.1478271484375 331.04594802856445 322.75929260253906 301.9771423339844 322.75929260253906
299.39556884765625 242.0335235595703 327.8269557952881 242.0335235595703 327.8269557952881 321.82486724853516 299.39556884765625 321.82486724853516
297.132080078125 243.0354461669922 326.53229904174805 243.0354461669922 326.53229904174805 320.7136001586914 297.132080078125 320.7136001586914
295.6798095703125 247.8023681640625 324.9322109222412 247.8023681640625 324.9322109222412 320.64551544189453 295.6798095703125 320.64551544189453
295.8257141113281 245.93734741210938 323.66187477111816 245.93734741210938 323.66187477111816 320.87669372558594 295.8257141113281 320.87669372558594
295.3595275878906 246.27456665039062 322.39716148376465 246.27456665039062 322.39716148376465 320.1099090576172 295.3595275878906 320.1099090576172
293.78973388671875 246.5116424560547 320.6952667236328 246.5116424560547 320.6952667236328 319.6497573852539 293.78973388671875 319.6497573852539
294.8506164550781 242.81948852539062 322.22170066833496 242.81948852539062 322.22170066833496 319.3254928588867 294.8506164550781 319.3254928588867
292.13360595703125 243.0958709716797 318.7564277648926 243.0958709716797 318.7564277648926 319.5326385498047 292.13360595703125 319.5326385498047
292.2935791015625 246.47048950195312 318.0796089172363 246.47048950195312 318.0796089172363 320.90122985839844 292.2935791015625 320.90122985839844
291.63494873046875 246.32791137695312 318.28948974609375 246.32791137695312 318.28948974609375 320.70738220214844 291.63494873046875 320.70738220214844
291.3323974609375 242.272705078125 318.09569931030273 242.272705078125 318.09569931030273 317.81031036376953 291.3323974609375 317.81031036376953
290.7040100097656 244.86264038085938 316.92483139038086 244.86264038085938 316.92483139038086 318.59363555908203 290.7040100097656 318.59363555908203
290.40936279296875 243.1260986328125 316.57403564453125 243.1260986328125 316.57403564453125 316.55602264404297 290.40936279296875 316.55602264404297
287.8998718261719 241.81411743164062 314.3167533874512 241.81411743164062 314.3167533874512 315.9518585205078 287.8998718261719 315.9518585205078
288.6623840332031 243.302978515625 314.5297794342041 243.302978515625 314.5297794342041 315.89862060546875 288.6623840332031 315.89862060546875
287.0323791503906 242.8084259033203 312.76828384399414 242.8084259033203 312.76828384399414 315.03504180908203 287.0323791503906 315.03504180908203
286.69158935546875 242.34683227539062 312.0085697174072 242.34683227539062 312.0085697174072 314.0635223388672 286.69158935546875 314.0635223388672
286.76239013671875 242.3017578125 311.9178123474121 242.3017578125 311.9178123474121 312.4039764404297 286.76239013671875 312.4039764404297
285.11151123046875 243.2962188720703 310.1195373535156 243.2962188720703 310.1195373535156 313.4800720214844 285.11151123046875 313.4800720214844
284.84417724609375 241.6745147705078 309.5976505279541 241.6745147705078 309.5976505279541 311.1439743041992 284.84417724609375 311.1439743041992
283.5362854003906 242.0806121826172 307.84839248657227 242.0806121826172 307.84839248657227 310.31139373779297 283.5362854003906 310.31139373779297
283.8856506347656 241.0075225830078 308.05609703063965 241.0075225830078 308.05609703063965 308.84073638916016 283.8856506347656 308.84073638916016
282.5965270996094 243.22860717773438 307.0344486236572 243.22860717773438 307.0344486236572 311.8124771118164 282.5965270996094 311.8124771118164
281.8258972167969 243.9838104248047 305.9754581451416 243.9838104248047 305.9754581451416 311.7584228515625 281.8258972167969 311.7584228515625
282.17083740234375 241.43423461914062 306.3582649230957 241.43423461914062 306.3582649230957 309.31512451171875 282.17083740234375 309.31512451171875
279.3041687011719 241.3446502685547 303.1064567565918 241.3446502685547 303.1064567565918 308.14466857910156 279.3041687011719 308.14466857910156
278.15765380859375 242.8854522705078 302.16228675842285 242.8854522705078 302.16228675842285 310.2533416748047 278.15765380859375 310.2533416748047
277.22076416015625 243.34426879882812 300.8698310852051 243.34426879882812 300.8698310852051 309.71427154541016 277.22076416015625 309.71427154541016
275.8797912597656 241.7432098388672 299.4427852630615 241.7432098388672 299.4427852630615 307.8716506958008 275.8797912597656 307.8716506958008
276.1628112792969 240.4759063720703 300.1787357330322 240.4759063720703 300.1787357330322 307.8754653930664 276.1628112792969 307.8754653930664
273.8985900878906 240.8578643798828 298.1610336303711 240.8578643798828 298.1610336303711 308.9492645263672 273.8985900878906 308.9492645263672
273.1398010253906 239.80960083007812 297.3313503265381 239.80960083007812 297.3313503265381 307.70203399658203 273.1398010253906 307.70203399658203
271.9587707519531 238.4293975830078 296.5329532623291 238.4293975830078 296.5329532623291 307.3956832885742 271.9587707519531 307.3956832885742
269.71807861328125 238.3467254638672 294.5803508758545 238.3467254638672 294.5803508758545 308.12152099609375 269.71807861328125 308.12152099609375
269.8490295410156 236.41812133789062 294.66504669189453 236.41812133789062 294.66504669189453 306.06310272216797 269.8490295410156 306.06310272216797
267.6243896484375 238.07839965820312 292.5563716888428 238.07839965820312 292.5563716888428 308.04884338378906 267.6243896484375 308.04884338378906
266.72723388671875 236.57470703125 291.9635314941406 236.57470703125 291.9635314941406 307.3992004394531 266.72723388671875 307.3992004394531
265.5716247558594 236.9347686767578 291.2526054382324 236.9347686767578 291.2526054382324 309.00724029541016 265.5716247558594 309.00724029541016
264.28564453125 235.79415893554688 290.47856521606445 235.79415893554688 290.47856521606445 308.2305145263672 264.28564453125 308.2305145263672
264.2131042480469 239.0864715576172 291.0005760192871 239.0864715576172 291.0005760192871 307.41748046875 264.2131042480469 307.41748046875
263.1603088378906 237.24966430664062 289.6877746582031 237.24966430664062 289.6877746582031 309.39659118652344 263.1603088378906 309.39659118652344
262.5520324707031 236.35189819335938 288.7414207458496 236.35189819335938 288.7414207458496 310.1156463623047 262.5520324707031 310.1156463623047
262.8450012207031 235.4267578125 289.6352844238281 235.4267578125 289.6352844238281 307.8619384765625 262.8450012207031 307.8619384765625
262.2137145996094 233.87088012695312 288.7721862792969 233.87088012695312 288.7721862792969 306.20164489746094 262.2137145996094 306.20164489746094
261.818115234375 233.37075805664062 287.8510856628418 233.37075805664062 287.8510856628418 305.50818634033203 261.818115234375 305.50818634033203
259.80950927734375 237.880126953125 285.6398677825928 237.880126953125 285.6398677825928 311.4361343383789 259.80950927734375 311.4361343383789
258.6073303222656 235.13980102539062 285.1458339691162 235.13980102539062 285.1458339691162 309.8654479980469 258.6073303222656 309.8654479980469
258.0774841308594 234.56094360351562 284.07012367248535 234.56094360351562 284.07012367248535 310.1455764770508 258.0774841308594 310.1455764770508
255.96011352539062 235.14541625976562 282.8433952331543 235.14541625976562 282.8433952331543 309.1648864746094 255.96011352539062 309.1648864746094
254.8455352783203 235.16470336914062 281.94834899902344 235.16470336914062 281.94834899902344 309.4086685180664 254.8455352783203 309.4086685180664
255.274169921875 235.4134979248047 282.6494941711426 235.4134979248047 282.6494941711426 308.18333435058594 255.274169921875 308.18333435058594
253.49154663085938 230.7206268310547 281.2672004699707 230.7206268310547 281.2672004699707 307.81262969970703 253.49154663085938 307.81262969970703
252.1609649658203 231.870361328125 279.69248390197754 231.870361328125 279.69248390197754 308.3147735595703 252.1609649658203 308.3147735595703
250.72705078125 231.31948852539062 277.7588996887207 231.31948852539062 277.7588996887207 307.18310546875 250.72705078125 307.18310546875
249.5848846435547 232.28665161132812 276.6254024505615 232.28665161132812 276.6254024505615 308.1746063232422 249.5848846435547 308.1746063232422
248.87716674804688 233.6970672607422 275.7359733581543 233.6970672607422 275.7359733581543 309.07505798339844 248.87716674804688 309.07505798339844
248.91915893554688 233.3001251220703 275.7522220611572 233.3001251220703 275.7522220611572 308.6058654785156 248.91915893554688 308.6058654785156
246.8804168701172 230.74191284179688 274.1284370422363 230.74191284179688 274.1284370422363 306.26200103759766 246.8804168701172 306.26200103759766
246.27694702148438 230.86373901367188 273.4789066314697 230.86373901367188 273.4789066314697 306.16146087646484 246.27694702148438 306.16146087646484
247.24697875976562 232.5921630859375 274.1314239501953 232.5921630859375 274.1314239501953 308.04209899902344 247.24697875976562 308.04209899902344
245.4241943359375 233.4893341064453 271.79591369628906 233.4893341064453 271.79591369628906 307.50032806396484 245.4241943359375 307.50032806396484
244.04092407226562 231.1578369140625 270.2308235168457 231.1578369140625 270.2308235168457 304.6585693359375 244.04092407226562 304.6585693359375
241.52102661132812 232.6927032470703 267.19394874572754 232.6927032470703 267.19394874572754 304.7457962036133 241.52102661132812 304.7457962036133
241.5043182373047 232.3120880126953 267.00511932373047 232.3120880126953 267.00511932373047 303.72225189208984 241.5043182373047 303.72225189208984
239.6233367919922 231.3268280029297 265.12692642211914 231.3268280029297 265.12692642211914 302.6141052246094 239.6233367919922 302.6141052246094
238.51596069335938 230.9020538330078 263.8887519836426 230.9020538330078 263.8887519836426 302.1095886230469 238.51596069335938 302.1095886230469
237.68746948242188 231.8527374267578 263.39610862731934 231.8527374267578 263.39610862731934 301.8117904663086 237.68746948242188 301.8117904663086
237.48941040039062 231.0075225830078 262.7079792022705 231.0075225830078 262.7079792022705 301.5576705932617 237.48941040039062 301.5576705932617
235.7534637451172 230.5598907470703 260.89763832092285 230.5598907470703 260.89763832092285 301.1258239746094 235.7534637451172 301.1258239746094
235.9457550048828 229.5342254638672 260.4760112762451 229.5342254638672 260.4760112762451 298.3772277832031 235.9457550048828 298.3772277832031
235.3367919921875 232.24789428710938 260.0635242462158 232.24789428710938 260.0635242462158 301.64229583740234 235.3367919921875 301.64229583740234
234.58786010742188 232.39620971679688 260.1694679260254 232.39620971679688 260.1694679260254 302.0930862426758 234.58786010742188 302.0930862426758
233.0478057861328 229.6549530029297 258.5133304595947 229.6549530029297 258.5133304595947 300.8105239868164 233.0478057861328 300.8105239868164
232.5587615966797 230.6255645751953 257.7093620300293 230.6255645751953 257.7093620300293 301.2095260620117 232.5587615966797 301.2095260620117
232.47537231445312 227.6634521484375 258.0274543762207 227.6634521484375 258.0274543762207 299.37415313720703 232.47537231445312 299.37415313720703
230.6058807373047 230.0963592529297 256.10153579711914 230.0963592529297 256.10153579711914 300.2462615966797 230.6058807373047 300.2462615966797
230.1778564453125 230.2534942626953 255.56254768371582 230.2534942626953 255.56254768371582 300.51537322998047 230.1778564453125 300.51537322998047
229.30917358398438 228.5856475830078 254.83777236938477 228.5856475830078 254.83777236938477 300.2304382324219 229.30917358398438 300.2304382324219
228.91983032226562 230.9239044189453 255.46617126464844 230.9239044189453 255.46617126464844 297.7997741699219 228.91983032226562 297.7997741699219
226.97787475585938 230.11428833007812 254.00957679748535 230.11428833007812 254.00957679748535 297.53477478027344 226.97787475585938 297.53477478027344
225.0016632080078 225.7447052001953 251.66799926757812 225.7447052001953 251.66799926757812 295.7193145751953 225.0016632080078 295.7193145751953
226.2090301513672 226.6532745361328 251.9115753173828 226.6532745361328 251.9115753173828 298.78624725341797 226.2090301513672 298.78624725341797
223.40982055664062 228.3384552001953 249.00552368164062 228.3384552001953 249.00552368164062 300.1715774536133 223.40982055664062 300.1715774536133
225.4693145751953 225.93130493164062 250.73710823059082 225.93130493164062 250.73710823059082 296.8441619873047 225.4693145751953 296.8441619873047
224.0816650390625 228.5756378173828 250.01703453063965 228.5756378173828 250.01703453063965 296.0296096801758 224.0816650390625 296.0296096801758
223.5651397705078 228.3113555908203 249.38027000427246 228.3113555908203 249.38027000427246 296.5129089355469 223.5651397705078 296.5129089355469
222.8105926513672 227.54574584960938 248.4685573577881 227.54574584960938 248.4685573577881 294.7673034667969 222.8105926513672 294.7673034667969
222.44943237304688 226.95516967773438 247.05981826782227 226.95516967773438 247.05981826782227 296.02305603027344 222.44943237304688 296.02305603027344
223.1210174560547 225.6316680908203 247.88593292236328 225.6316680908203 247.88593292236328 294.2330856323242 223.1210174560547 294.2330856323242
221.1409454345703 225.55270385742188 245.90399169921875 225.55270385742188 245.90399169921875 295.0490264892578 221.1409454345703 295.0490264892578
220.23974609375 225.84365844726562 244.59292030334473 225.84365844726562 244.59292030334473 294.189697265625 220.23974609375 294.189697265625
219.22525024414062 226.5344696044922 243.55739974975586 226.5344696044922 243.55739974975586 294.8215026855469 219.22525024414062 294.8215026855469
219.51113891601562 228.68026733398438 243.44488143920898 228.68026733398438 243.44488143920898 295.84918212890625 219.51113891601562 295.84918212890625
217.67373657226562 227.1903839111328 241.6253433227539 227.1903839111328 241.6253433227539 294.40943908691406 217.67373657226562 294.40943908691406
216.5859832763672 226.9855499267578 240.44749641418457 226.9855499267578 240.44749641418457 293.9517593383789 216.5859832763672 293.9517593383789
214.67086791992188 227.17660522460938 238.53701400756836 227.17660522460938 238.53701400756836 294.1558151245117 214.67086791992188 294.1558151245117
214.69876098632812 225.71597290039062 238.70014572143555 225.71597290039062 238.70014572143555 293.07472229003906 214.69876098632812 293.07472229003906
213.48049926757812 226.77432250976562 237.42378044128418 226.77432250976562 237.42378044128418 293.97000885009766 213.48049926757812 293.97000885009766
213.09494018554688 227.26962280273438 236.73116493225098 227.26962280273438 236.73116493225098 293.6035690307617 213.09494018554688 293.6035690307617
212.27749633789062 227.9151153564453 235.70179557800293 227.9151153564453 235.70179557800293 293.654296875 212.27749633789062 293.654296875
210.1217498779297 227.20571899414062 233.56607246398926 227.20571899414062 233.56607246398926 293.00109100341797 210.1217498779297 293.00109100341797
210.4172821044922 226.7859649658203 233.84428024291992 226.7859649658203 233.84428024291992 292.53271484375 210.4172821044922 292.53271484375
209.3640899658203 225.84091186523438 233.04991722106934 225.84091186523438 233.04991722106934 292.3140563964844 209.3640899658203 292.3140563964844
208.79171752929688 224.9339599609375 232.20272827148438 224.9339599609375 232.20272827148438 290.63584899902344 208.79171752929688 290.63584899902344
206.2816925048828 225.94717407226562 229.5663890838623 225.94717407226562 229.5663890838623 291.29457092285156 206.2816925048828 291.29457092285156
207.17044067382812 225.25595092773438 230.26688766479492 225.25595092773438 230.26688766479492 290.0750274658203 207.17044067382812 290.0750274658203
204.74497985839844 224.7165985107422 227.6539707183838 224.7165985107422 227.6539707183838 289.0095901489258 204.74497985839844 289.0095901489258
204.0010986328125 224.8243408203125 226.8969612121582 224.8243408203125 226.8969612121582 289.0804901123047 204.0010986328125 289.0804901123047
204.72769165039062 226.8951873779297 227.77477645874023 226.8951873779297 227.77477645874023 291.57574462890625 204.72769165039062 291.57574462890625
202.74142456054688 224.84902954101562 225.30972290039062 224.84902954101562 225.30972290039062 288.1859016418457 202.74142456054688 288.1859016418457
202.6611328125 224.5186004638672 225.18304061889648 224.5186004638672 225.18304061889648 287.7252769470215 202.6611328125 287.7252769470215
200.58685302734375 225.4114532470703 223.46783256530762 225.4114532470703 223.46783256530762 289.62584686279297 200.58685302734375 289.62584686279297
200.1557159423828 223.26687622070312 223.13268661499023 223.26687622070312 223.13268661499023 287.7506637573242 200.1557159423828 287.7506637573242
199.46047973632812 223.5989990234375 222.1228427886963 223.5989990234375 222.1228427886963 287.1998519897461 199.46047973632812 287.1998519897461
197.96304321289062 224.1777801513672 220.54309463500977 224.1777801513672 220.54309463500977 287.5476303100586 197.96304321289062 287.5476303100586
196.9775390625 224.8094940185547 219.66580772399902 224.8094940185547 219.66580772399902 288.4830551147461 196.9775390625 288.4830551147461
196.68174743652344 224.083251953125 219.41091918945312 224.083251953125 219.41091918945312 287.8716049194336 196.68174743652344 287.8716049194336
195.91409301757812 223.95712280273438 218.49856567382812 223.95712280273438 218.49856567382812 287.3393783569336 195.91409301757812 287.3393783569336
195.12477111816406 223.17575073242188 217.56649208068848 223.17575073242188 217.56649208068848 286.1573791503906 195.12477111816406 286.1573791503906
194.41012573242188 223.59463500976562 216.59000968933105 223.59463500976562 216.59000968933105 285.8414306640625 194.41012573242188 285.8414306640625
194.614013671875 222.6882781982422 216.7280616760254 222.6882781982422 216.7280616760254 284.7503089904785 194.614013671875 284.7503089904785
192.52130126953125 221.7967529296875 215.3235034942627 221.7967529296875 215.3235034942627 285.7900581359863 192.52130126953125 285.7900581359863
191.5612030029297 220.3690643310547 213.82952308654785 220.3690643310547 213.82952308654785 282.86405181884766 191.5612030029297 282.86405181884766
191.57168579101562 224.48239135742188 213.81984519958496 224.48239135742188 213.81984519958496 286.9207992553711 191.57168579101562 286.9207992553711
190.88507080078125 224.74331665039062 212.9698543548584 224.74331665039062 212.9698543548584 286.72321701049805 190.88507080078125 286.72321701049805
189.10263061523438 222.43423461914062 211.25580215454102 222.43423461914062 211.25580215454102 284.6060600280762 189.10263061523438 284.6060600280762
187.53541564941406 223.5926055908203 209.62014389038086 223.5926055908203 209.62014389038086 285.5723533630371 187.53541564941406 285.5723533630371
187.98348999023438 219.84329223632812 209.49734115600586 219.84329223632812 209.49734115600586 280.2209053039551 187.98348999023438 280.2209053039551
187.23492431640625 222.17123413085938 208.7923927307129 222.17123413085938 208.7923927307129 282.6712532043457 187.23492431640625 282.6712532043457
185.4805145263672 222.7494659423828 207.26853561401367 222.7494659423828 207.26853561401367 283.89652252197266 185.4805145263672 283.89652252197266
185.21295166015625 222.69107055664062 206.8404369354248 222.69107055664062 206.8404369354248 283.3875923156738 185.21295166015625 283.3875923156738
183.52000427246094 224.11972045898438 204.79698753356934 224.11972045898438 204.79698753356934 283.8325729370117 183.52000427246094 283.8325729370117
182.4486846923828 221.63491821289062 204.08252906799316 221.63491821289062 204.08252906799316 282.34928131103516 182.4486846923828 282.34928131103516
181.52598571777344 221.7743377685547 203.17461013793945 221.7743377685547 203.17461013793945 282.53017807006836 181.52598571777344 282.53017807006836
181.45111083984375 222.37289428710938 203.01493453979492 222.37289428710938 203.01493453979492 282.89073944091797 181.45111083984375 282.89073944091797
179.4600067138672 222.29519653320312 201.09930801391602 222.29519653320312 201.09930801391602 283.02486419677734 179.4600067138672 283.02486419677734
180.0688934326172 220.6677703857422 201.37988090515137 220.6677703857422 201.37988090515137 280.4760398864746 180.0688934326172 280.4760398864746
179.56314086914062 220.5663604736328 200.8439483642578 220.5663604736328 200.8439483642578 280.28993225097656 179.56314086914062 280.28993225097656
178.4569091796875 222.0692901611328 199.6944694519043 222.0692901611328 199.6944694519043 281.6714859008789 178.4569091796875 281.6714859008789
177.244140625 221.978515625 198.92083358764648 221.978515625 198.92083358764648 282.81311798095703 177.244140625 282.81311798095703
176.57955932617188 219.1302947998047 198.62212562561035 219.1302947998047 198.62212562561035 280.99170303344727 176.57955932617188 280.99170303344727
175.5670623779297 220.5983123779297 197.28717422485352 220.5983123779297 197.28717422485352 281.5547637939453 175.5670623779297 281.5547637939453
174.78448486328125 219.80203247070312 196.48354530334473 219.80203247070312 196.48354530334473 280.69940185546875 174.78448486328125 280.69940185546875
174.93565368652344 221.381103515625 196.4619903564453 221.381103515625 196.4619903564453 281.79373931884766 174.93565368652344 281.79373931884766
174.30184936523438 221.3842010498047 196.10272598266602 221.3842010498047 196.10272598266602 282.5673179626465 174.30184936523438 282.5673179626465
173.5973358154297 217.7784423828125 195.61056900024414 217.7784423828125 195.61056900024414 279.5575180053711 173.5973358154297 279.5575180053711
173.39041137695312 221.1441650390625 195.4182643890381 221.1441650390625 195.4182643890381 282.96427154541016 173.39041137695312 282.96427154541016
172.82601928710938 219.0592498779297 194.6755485534668 219.0592498779297 194.6755485534668 280.37889862060547 172.82601928710938 280.37889862060547
173.85647583007812 220.36715698242188 195.35550498962402 220.36715698242188 195.35550498962402 280.7031440734863 173.85647583007812 280.7031440734863
171.9488525390625 222.4196319580078 193.5497875213623 222.4196319580078 193.5497875213623 283.04161834716797 171.9488525390625 283.04161834716797
170.60745239257812 219.20458984375 192.36337089538574 219.20458984375 192.36337089538574 280.26153564453125 170.60745239257812 280.26153564453125
170.1366424560547 218.9973602294922 191.71667098999023 218.9973602294922 191.71667098999023 279.56068420410156 170.1366424560547 279.56068420410156
169.7958221435547 221.0596466064453 191.2123737335205 221.0596466064453 191.2123737335205 281.16417694091797 169.7958221435547 281.16417694091797
169.1171417236328 217.73257446289062 190.62022590637207 217.73257446289062 190.62022590637207 278.0799560546875 169.1171417236328 278.0799560546875
167.1211700439453 220.15957641601562 188.27750205993652 220.15957641601562 188.27750205993652 279.5338134765625 167.1211700439453 279.5338134765625
166.96817016601562 220.96035766601562 187.94956398010254 220.96035766601562 187.94956398010254 279.84363555908203 166.96817016601562 279.84363555908203
165.036865234375 218.20150756835938 186.42197036743164 218.20150756835938 186.42197036743164 278.21778106689453 165.036865234375 278.21778106689453
164.7990264892578 219.5460662841797 186.31439208984375 219.5460662841797 186.31439208984375 279.9279098510742 164.7990264892578 279.9279098510742
163.815673828125 217.49755859375 185.31163024902344 217.49755859375 185.31163024902344 277.8249320983887 163.815673828125 277.8249320983887
164.6102294921875 218.4353790283203 185.87494277954102 218.4353790283203 185.87494277954102 278.11377716064453 164.6102294921875 278.11377716064453
162.9528045654297 216.91683959960938 184.0465965270996 216.91683959960938 184.0465965270996 276.11555099487305 162.9528045654297 276.11555099487305
161.93630981445312 218.56845092773438 183.52015686035156 218.56845092773438 183.52015686035156 279.1424751281738 161.93630981445312 279.1424751281738
161.13784790039062 216.85647583007812 182.73983001708984 216.85647583007812 182.73983001708984 277.4813919067383 161.13784790039062 277.4813919067383
160.66693115234375 218.05615234375 182.11310958862305 218.05615234375 182.11310958862305 278.24381256103516 160.66693115234375 278.24381256103516
161.62741088867188 218.7252655029297 182.93770217895508 218.7252655029297 182.93770217895508 278.5315628051758 161.62741088867188 278.5315628051758
159.8998260498047 217.13265991210938 181.08810997009277 217.13265991210938 181.08810997009277 276.59654998779297 159.8998260498047 276.59654998779297
159.18997192382812 215.86911010742188 180.6076316833496 215.86911010742188 180.6076316833496 275.97673416137695 159.18997192382812 275.97673416137695
159.8130645751953 214.754150390625 181.2656021118164 214.754150390625 181.2656021118164 274.95965576171875 159.8130645751953 274.95965576171875
158.56692504882812 215.73403930664062 180.15349960327148 215.73403930664062 180.15349960327148 276.3157157897949 158.56692504882812 276.3157157897949
158.59915161132812 215.6975555419922 180.27996253967285 215.6975555419922 180.27996253967285 276.54370498657227 158.59915161132812 276.54370498657227
156.9424591064453 216.06265258789062 178.6813907623291 216.06265258789062 178.6813907623291 277.0719108581543 156.9424591064453 277.0719108581543
156.37802124023438 216.43026733398438 177.8150863647461 216.43026733398438 177.8150863647461 276.5923538208008 156.37802124023438 276.5923538208008
154.28146362304688 215.8679656982422 175.37896919250488 215.8679656982422 175.37896919250488 275.0770950317383 154.28146362304688 275.0770950317383
154.5583038330078 215.16372680664062 175.84453773498535 215.16372680664062 175.84453773498535 274.90251541137695 154.5583038330078 274.90251541137695
153.66903686523438 214.1734161376953 175.1478385925293 214.1734161376953 175.1478385925293 274.45264053344727 153.66903686523438 274.45264053344727
154.18698120117188 213.68099975585938 175.31171035766602 213.68099975585938 175.31171035766602 272.9665412902832 154.18698120117188 272.9665412902832
153.98936462402344 214.1482696533203 175.0532932281494 214.1482696533203 175.0532932281494 273.26317977905273 153.98936462402344 273.26317977905273
153.41249084472656 215.58065795898438 174.54710960388184 215.58065795898438 174.54710960388184 274.89395904541016 153.41249084472656 274.89395904541016
151.24534606933594 212.2649383544922 172.67226028442383 212.2649383544922 172.67226028442383 272.39855575561523 151.24534606933594 272.39855575561523
151.93362426757812 214.68637084960938 173.4663028717041 214.68637084960938 173.4663028717041 275.1168098449707 151.93362426757812 275.1168098449707
150.6437225341797 212.1732940673828 172.0686149597168 212.1732940673828 172.0686149597168 272.3012351989746 150.6437225341797 272.3012351989746
150.01455688476562 211.7340850830078 171.6395606994629 211.7340850830078 171.6395606994629 272.4236373901367 150.01455688476562 272.4236373901367
149.34188842773438 211.3837890625 170.9865894317627 211.3837890625 170.9865894317627 272.1286201477051 149.34188842773438 272.1286201477051
149.75543212890625 211.8793182373047 171.27091598510742 211.8793182373047 171.27091598510742 272.2615089416504 149.75543212890625 272.2615089416504
148.9829559326172 210.7330322265625 170.17640113830566 210.7330322265625 170.17640113830566 270.2114372253418 148.9829559326172 270.2114372253418
148.51715087890625 209.50186157226562 169.43732261657715 209.50186157226562 169.43732261657715 268.2133369445801 148.51715087890625 268.2133369445801
147.1421661376953 209.2183837890625 168.16372871398926 209.2183837890625 168.16372871398926 268.21440505981445 147.1421661376953 268.21440505981445
146.6527099609375 210.3116912841797 167.69544219970703 210.3116912841797 167.69544219970703 269.3671226501465 146.6527099609375 269.3671226501465
144.86892700195312 209.3087921142578 165.8572483062744 209.3087921142578 165.8572483062744 268.21152114868164 144.86892700195312 268.21152114868164
