125.0 125.0 143.0 125.0 143.0 159.0 125.0 159.0
122.8567886352539 127.10443115234375 141.53933906555176 127.10443115234375 141.53933906555176 157.21169090270996 122.8567886352539 157.21169090270996
124.73008728027344 126.46016693115234 143.31802368164062 126.46016693115234 143.31802368164062 157.4314193725586 124.73008728027344 157.4314193725586
125.4200439453125 126.2823715209961 143.58131790161133 126.2823715209961 143.58131790161133 157.90602493286133 125.4200439453125 157.90602493286133
126.84798431396484 126.93193054199219 144.21154022216797 126.93193054199219 144.21154022216797 159.51299667358398 126.84798431396484 159.51299667358398
126.56058502197266 126.30958557128906 144.13188362121582 126.30958557128906 144.13188362121582 158.94033813476562 126.56058502197266 158.94033813476562
126.1554946899414 126.89839935302734 143.7979907989502 126.89839935302734 143.7979907989502 158.06882858276367 126.1554946899414 158.06882858276367
126.27656555175781 127.5415267944336 143.57249450683594 127.5415267944336 143.57249450683594 157.40189933776855 126.27656555175781 157.40189933776855
125.57711029052734 126.92536926269531 143.55667877197266 126.92536926269531 143.55667877197266 157.8252716064453 125.57711029052734 157.8252716064453
127.30796813964844 125.74427795410156 144.26407051086426 125.74427795410156 144.26407051086426 159.2352409362793 127.30796813964844 159.2352409362793
126.42900085449219 126.5892333984375 144.17676162719727 126.5892333984375 144.17676162719727 159.3158187866211 126.42900085449219 159.3158187866211
127.30509948730469 126.0286865234375 144.49673461914062 126.0286865234375 144.49673461914062 159.76713943481445 127.30509948730469 159.76713943481445
127.42716979980469 125.76460266113281 144.33687210083008 125.76460266113281 144.33687210083008 159.23457717895508 127.42716979980469 159.23457717895508
127.3275375366211 127.32505798339844 144.67828941345215 127.32505798339844 144.67828941345215 158.66200637817383 127.3275375366211 158.66200637817383
128.0141143798828 126.26075744628906 145.0938320159912 126.26075744628906 145.0938320159912 159.800537109375 128.0141143798828 159.800537109375
128.13528442382812 127.47784423828125 144.59042930603027 127.47784423828125 144.59042930603027 158.96388626098633 128.13528442382812 158.96388626098633
128.1781463623047 126.9744873046875 144.73117446899414 126.9744873046875 144.73117446899414 157.94328689575195 128.1781463623047 157.94328689575195
128.90731811523438 127.12325286865234 145.76999282836914 127.12325286865234 145.76999282836914 158.74914360046387 128.90731811523438 158.74914360046387
129.39915466308594 125.42733001708984 145.9303798675537 125.42733001708984 145.9303798675537 158.57016372680664 129.39915466308594 158.57016372680664
128.02066040039062 126.9082260131836 145.00109481811523 126.9082260131836 145.00109481811523 158.36083602905273 128.02066040039062 158.36083602905273
129.0404052734375 125.02061462402344 145.48427772521973 125.02061462402344 145.48427772521973 158.87311553955078 129.0404052734375 158.87311553955078
128.66561889648438 126.62922668457031 145.2049503326416 126.62922668457031 145.2049503326416 158.5336513519287 128.66561889648438 158.5336513519287
130.69448852539062 126.82331848144531 147.48325729370117 126.82331848144531 147.48325729370117 160.38116836547852 130.69448852539062 160.38116836547852
130.834228515625 125.71012878417969 148.0199089050293 125.71012878417969 148.0199089050293 159.38623809814453 130.834228515625 159.38623809814453
132.0108184814453 126.25604248046875 149.13147926330566 126.25604248046875 149.13147926330566 160.16182327270508 132.0108184814453 160.16182327270508
131.70816040039062 125.05097961425781 149.61499786376953 125.05097961425781 149.61499786376953 158.87499237060547 131.70816040039062 158.87499237060547
132.95205688476562 126.03010559082031 150.32534217834473 126.03010559082031 150.32534217834473 160.80843353271484 132.95205688476562 160.80843353271484
134.17977905273438 126.98486328125 151.84891891479492 126.98486328125 151.84891891479492 160.9383544921875 134.17977905273438 160.9383544921875
135.56285095214844 127.55091857910156 152.56970405578613 127.55091857910156 152.56970405578613 161.4403419494629 135.56285095214844 161.4403419494629
136.72262573242188 127.1844482421875 152.25840950012207 127.1844482421875 152.25840950012207 160.01480865478516 136.72262573242188 160.01480865478516
137.65310668945312 126.99576568603516 152.6354522705078 126.99576568603516 152.6354522705078 159.43608856201172 137.65310668945312 159.43608856201172
139.20919799804688 126.5306625366211 154.44131755828857 126.5306625366211 154.44131755828857 160.10680770874023 139.20919799804688 160.10680770874023
139.37295532226562 125.9415054321289 155.04833793640137 125.9415054321289 155.04833793640137 158.98504638671875 139.37295532226562 158.98504638671875
139.93539428710938 127.53726959228516 156.16049575805664 127.53726959228516 156.16049575805664 161.39598083496094 139.93539428710938 161.39598083496094
141.3253631591797 126.44801330566406 157.15375995635986 126.44801330566406 157.15375995635986 161.4124526977539 141.3253631591797 161.4124526977539
141.35382080078125 126.21635437011719 158.13869094848633 126.21635437011719 158.13869094848633 161.58917999267578 141.35382080078125 161.58917999267578
142.60540771484375 128.39491271972656 158.86488723754883 128.39491271972656 158.86488723754883 160.57464218139648 142.60540771484375 160.57464218139648
143.39657592773438 127.4072265625 159.37191200256348 127.4072265625 159.37191200256348 160.7017478942871 143.39657592773438 160.7017478942871
145.36669921875 128.66464233398438 160.98422718048096 128.66464233398438 160.98422718048096 161.03749084472656 145.36669921875 161.03749084472656
147.63995361328125 125.42256927490234 164.6438808441162 125.42256927490234 164.6438808441162 160.04880142211914 147.63995361328125 160.04880142211914
148.3855438232422 126.5019302368164 165.28285598754883 126.5019302368164 165.28285598754883 160.40480422973633 148.3855438232422 160.40480422973633
150.52398681640625 127.50321197509766 166.6481704711914 127.50321197509766 166.6481704711914 161.4614715576172 150.52398681640625 161.4614715576172
150.88966369628906 127.2322769165039 167.97027015686035 127.2322769165039 167.97027015686035 162.48798751831055 150.88966369628906 162.48798751831055
152.34474182128906 126.86506652832031 169.16580772399902 126.86506652832031 169.16580772399902 161.71258544921875 152.34474182128906 161.71258544921875
153.48666381835938 126.88520812988281 171.1423740386963 126.88520812988281 171.1423740386963 160.95568084716797 153.48666381835938 160.95568084716797
154.3580322265625 127.16585540771484 171.98965072631836 127.16585540771484 171.98965072631836 161.51112365722656 154.3580322265625 161.51112365722656
156.88644409179688 126.85308837890625 173.55768394470215 126.85308837890625 173.55768394470215 162.18078994750977 156.88644409179688 162.18078994750977
158.41293334960938 126.1836929321289 175.47285079956055 126.1836929321289 175.47285079956055 160.30008697509766 158.41293334960938 160.30008697509766
159.67457580566406 124.2183609008789 177.4324245452881 124.2183609008789 177.4324245452881 160.3179817199707 159.67457580566406 160.3179817199707
160.23504638671875 125.96419525146484 177.7094383239746 125.96419525146484 177.7094383239746 159.9809112548828 160.23504638671875 159.9809112548828
163.0296173095703 127.0645751953125 180.30520248413086 127.0645751953125 180.30520248413086 162.24677658081055 163.0296173095703 162.24677658081055
163.72262573242188 126.74220275878906 182.22348022460938 126.74220275878906 182.22348022460938 162.3210563659668 163.72262573242188 162.3210563659668
164.1104736328125 128.22164916992188 182.7534885406494 128.22164916992188 182.7534885406494 161.56754684448242 164.1104736328125 161.56754684448242
166.30947875976562 129.0456085205078 183.46693420410156 129.0456085205078 183.46693420410156 160.97536659240723 166.30947875976562 160.97536659240723
167.9501495361328 127.23115539550781 184.55963516235352 127.23115539550781 184.55963516235352 161.13978576660156 167.9501495361328 161.13978576660156
168.47531127929688 124.12190246582031 185.87518692016602 124.12190246582031 185.87518692016602 159.6724624633789 168.47531127929688 159.6724624633789
170.8714141845703 126.23524475097656 189.03041648864746 126.23524475097656 189.03041648864746 160.57373428344727 170.8714141845703 160.57373428344727
172.18685913085938 127.30567932128906 189.21070861816406 127.30567932128906 189.21070861816406 160.75469207763672 172.18685913085938 160.75469207763672
174.33438110351562 126.83870697021484 192.20431900024414 126.83870697021484 192.20431900024414 162.39111328125 174.33438110351562 162.39111328125
174.62942504882812 127.91569519042969 192.5074577331543 127.91569519042969 192.5074577331543 162.22262954711914 174.62942504882812 162.22262954711914
176.9196014404297 127.50408935546875 195.32832527160645 127.50408935546875 195.32832527160645 161.91645050048828 176.9196014404297 161.91645050048828
177.60691833496094 126.90692138671875 196.57858848571777 126.90692138671875 196.57858848571777 162.2834587097168 177.60691833496094 162.2834587097168
179.402099609375 128.49020385742188 196.72084045410156 128.49020385742188 196.72084045410156 161.62733459472656 179.402099609375 161.62733459472656
180.0347442626953 129.0996551513672 198.01383590698242 129.0996551513672 198.01383590698242 161.17389297485352 180.0347442626953 161.17389297485352
183.09451293945312 128.6161651611328 199.0762586593628 128.6161651611328 199.0762586593628 161.96942901611328 183.09451293945312 161.96942901611328
183.0605010986328 127.4014663696289 200.32066535949707 127.4014663696289 200.32066535949707 161.34957122802734 183.0605010986328 161.34957122802734
185.18040466308594 126.4942398071289 202.5039939880371 126.4942398071289 202.5039939880371 162.410888671875 185.18040466308594 162.410888671875
185.24105834960938 127.70634460449219 203.20858001708984 127.70634460449219 203.20858001708984 162.65402221679688 185.24105834960938 162.65402221679688
187.19818115234375 128.4673614501953 204.5723056793213 128.4673614501953 204.5723056793213 163.12339782714844 187.19818115234375 163.12339782714844
188.058837890625 129.3744659423828 205.49773788452148 129.3744659423828 205.49773788452148 163.12630081176758 188.058837890625 163.12630081176758
189.1591796875 129.61477661132812 206.8066120147705 129.61477661132812 206.8066120147705 163.6986198425293 189.1591796875 163.6986198425293
189.5481719970703 129.12350463867188 206.75451278686523 129.12350463867188 206.75451278686523 163.69005966186523 189.5481719970703 163.69005966186523
191.12576293945312 126.90037536621094 207.5702133178711 126.90037536621094 207.5702133178711 164.1452751159668 191.12576293945312 164.1452751159668
192.43661499023438 127.36235046386719 209.4990005493164 127.36235046386719 209.4990005493164 162.7408218383789 192.43661499023438 162.7408218383789
193.94091796875 126.688720703125 211.52961349487305 126.688720703125 211.52961349487305 162.90454483032227 193.94091796875 162.90454483032227
195.7546844482422 126.04350280761719 211.91599082946777 126.04350280761719 211.91599082946777 162.07883071899414 195.7546844482422 162.07883071899414
196.2759246826172 128.11923217773438 212.87169456481934 128.11923217773438 212.87169456481934 164.71858978271484 196.2759246826172 164.71858978271484
197.44720458984375 128.30848693847656 214.35605812072754 128.30848693847656 214.35605812072754 164.73090362548828 197.44720458984375 164.73090362548828
197.9733123779297 127.08161926269531 215.41729354858398 127.08161926269531 215.41729354858398 164.75707244873047 197.9733123779297 164.75707244873047
199.4391326904297 128.32931518554688 216.24671363830566 128.32931518554688 216.24671363830566 164.0855484008789 199.4391326904297 164.0855484008789
200.2136688232422 128.052490234375 216.7598361968994 128.052490234375 216.7598361968994 164.97139739990234 200.2136688232422 164.97139739990234
202.2196502685547 129.108154296875 218.81866073608398 129.108154296875 218.81866073608398 163.05640411376953 202.2196502685547 163.05640411376953
203.20140075683594 127.25602722167969 219.7774143218994 127.25602722167969 219.7774143218994 163.42655181884766 203.20140075683594 163.42655181884766
202.8270263671875 127.58659362792969 219.30692100524902 127.58659362792969 219.30692100524902 162.8260955810547 202.8270263671875 162.8260955810547
203.78054809570312 126.3873291015625 220.4918670654297 126.3873291015625 220.4918670654297 163.27082061767578 203.78054809570312 163.27082061767578
204.8143310546875 127.0038070678711 221.3489284515381 127.0038070678711 221.3489284515381 163.555908203125 204.8143310546875 163.555908203125
206.5592041015625 127.3329086303711 223.6389503479004 127.3329086303711 223.6389503479004 163.99732208251953 206.5592041015625 163.99732208251953
207.6643524169922 129.5889129638672 223.86306953430176 129.5889129638672 223.86306953430176 164.02550506591797 207.6643524169922 164.02550506591797
208.27572631835938 128.1451873779297 225.21873474121094 128.1451873779297 225.21873474121094 163.47652435302734 208.27572631835938 163.47652435302734
207.76730346679688 127.36737060546875 224.52406311035156 127.36737060546875 224.52406311035156 163.89098739624023 207.76730346679688 163.89098739624023
210.1568603515625 128.33428955078125 226.2032127380371 128.33428955078125 226.2032127380371 163.90058517456055 210.1568603515625 163.90058517456055
211.69314575195312 126.23402404785156 227.52331256866455 126.23402404785156 227.52331256866455 163.1884765625 211.69314575195312 163.1884765625
211.9694366455078 127.53401184082031 227.84762001037598 127.53401184082031 227.84762001037598 164.41574478149414 211.9694366455078 164.41574478149414
212.6245574951172 128.8859100341797 228.5919599533081 128.8859100341797 228.5919599533081 165.5054702758789 212.6245574951172 165.5054702758789
213.5589141845703 129.32652282714844 229.56968116760254 129.32652282714844 229.56968116760254 164.99806213378906 213.5589141845703 164.99806213378906
215.21316528320312 129.0293731689453 232.3541431427002 129.0293731689453 232.3541431427002 165.5041160583496 215.21316528320312 165.5041160583496
216.0601043701172 130.50982666015625 232.51093673706055 130.50982666015625 232.51093673706055 164.7528533935547 216.0601043701172 164.7528533935547
216.8030242919922 130.96548461914062 233.55150032043457 130.96548461914062 233.55150032043457 164.63678741455078 216.8030242919922 164.63678741455078
218.1078338623047 129.9718780517578 234.62839317321777 129.9718780517578 234.62839317321777 164.0409927368164 218.1078338623047 164.0409927368164
219.27197265625 128.24734497070312 236.15845108032227 128.24734497070312 236.15845108032227 164.12201309204102 219.27197265625 164.12201309204102
218.4386749267578 128.2340545654297 235.74311447143555 128.2340545654297 235.74311447143555 163.4982147216797 218.4386749267578 163.4982147216797
219.12252807617188 128.935546875 237.09787940979004 128.935546875 237.09787940979004 163.4668846130371 219.12252807617188 163.4668846130371
218.5723876953125 129.32896423339844 237.12343978881836 129.32896423339844 237.12343978881836 164.03937149047852 218.5723876953125 164.03937149047852
218.7707977294922 128.93670654296875 236.97194480895996 128.93670654296875 236.97194480895996 163.31665420532227 218.7707977294922 163.31665420532227
219.7747802734375 129.5467529296875 238.1456813812256 129.5467529296875 238.1456813812256 164.2473487854004 219.7747802734375 164.2473487854004
219.8140106201172 129.9239959716797 237.95118522644043 129.9239959716797 237.95118522644043 164.18310928344727 219.8140106201172 164.18310928344727
221.26986694335938 130.5337677001953 239.2674903869629 130.5337677001953 239.2674903869629 164.5292854309082 221.26986694335938 164.5292854309082
221.3068389892578 129.47984313964844 239.80169296264648 129.47984313964844 239.80169296264648 164.41457748413086 221.3068389892578 164.41457748413086
222.7866973876953 130.6570587158203 241.3198413848877 130.6570587158203 241.3198413848877 165.71242904663086 222.7866973876953 165.71242904663086
222.4449005126953 130.69252014160156 241.13906478881836 130.69252014160156 241.13906478881836 166.00372695922852 222.4449005126953 166.00372695922852
223.88546752929688 130.82858276367188 242.64382553100586 130.82858276367188 242.64382553100586 166.26104736328125 223.88546752929688 166.26104736328125
223.46044921875 131.23257446289062 241.98933792114258 131.23257446289062 241.98933792114258 166.23159408569336 223.46044921875 166.23159408569336
224.6864471435547 132.24563598632812 243.37852478027344 132.24563598632812 243.37852478027344 167.55290603637695 224.6864471435547 167.55290603637695
225.0913848876953 131.82864379882812 244.18445777893066 131.82864379882812 244.18445777893066 167.89334869384766 225.0913848876953 167.89334869384766
226.8807830810547 134.20584106445312 245.92374229431152 134.20584106445312 245.92374229431152 170.68390655517578 226.8807830810547 170.68390655517578
227.57583618164062 129.0693359375 246.76375770568848 129.0693359375 246.76375770568848 165.31320190429688 227.57583618164062 165.31320190429688
227.41525268554688 130.99339294433594 246.7351417541504 130.99339294433594 246.7351417541504 167.4865264892578 227.41525268554688 167.4865264892578
228.8298797607422 136.28269958496094 248.04127883911133 136.28269958496094 248.04127883911133 172.5709114074707 228.8298797607422 172.5709114074707
228.43978881835938 126.99174499511719 247.72634506225586 126.99174499511719 247.72634506225586 163.4219207763672 228.43978881835938 163.4219207763672
228.052734375 126.27610778808594 247.32641220092773 126.27610778808594 247.32641220092773 162.68195724487305 228.052734375 162.68195724487305
229.738037109375 127.29234313964844 248.77712059020996 127.29234313964844 248.77712059020996 163.25506973266602 229.738037109375 163.25506973266602
230.58486938476562 127.50822448730469 249.4516544342041 127.50822448730469 249.4516544342041 163.14549255371094 230.58486938476562 163.14549255371094
231.4258270263672 127.49456787109375 250.44611740112305 127.49456787109375 250.44611740112305 163.42179489135742 231.4258270263672 163.42179489135742
232.35275268554688 128.04098510742188 250.98204803466797 128.04098510742188 250.98204803466797 163.22966384887695 232.35275268554688 163.22966384887695
231.3230743408203 128.021728515625 249.98614883422852 128.021728515625 249.98614883422852 163.2742156982422 231.3230743408203 163.2742156982422
232.5653533935547 129.6265869140625 251.16044235229492 129.6265869140625 251.16044235229492 164.7506561279297 232.5653533935547 164.7506561279297
232.03744506835938 127.52256774902344 250.8563346862793 127.52256774902344 250.8563346862793 163.06937408447266 232.03744506835938 163.06937408447266
233.27828979492188 128.62460327148438 251.6021842956543 128.62460327148438 251.6021842956543 163.23641967773438 233.27828979492188 163.23641967773438
232.91696166992188 129.63597106933594 250.77847290039062 129.63597106933594 250.77847290039062 163.37439727783203 232.91696166992188 163.37439727783203
231.4683074951172 131.16232299804688 249.50557899475098 131.16232299804688 249.50557899475098 165.23273468017578 231.4683074951172 165.23273468017578
230.5707550048828 133.1573486328125 248.66606521606445 133.1573486328125 248.66606521606445 167.3373908996582 230.5707550048828 167.3373908996582
230.82089233398438 133.2589569091797 249.0709934234619 133.2589569091797 249.0709934234619 167.73138046264648 230.82089233398438 167.73138046264648
234.6659698486328 133.7028350830078 252.80035018920898 133.7028350830078 252.80035018920898 168.51685333251953 234.6659698486328 168.51685333251953
233.1068115234375 132.98092651367188 251.26128959655762 132.98092651367188 251.26128959655762 168.0413589477539 233.1068115234375 168.0413589477539
251.16232299804688 133.96153259277344 266.3834228515625 133.96153259277344 266.3834228515625 168.52456283569336 251.16232299804688 168.52456283569336
251.42892456054688 134.15634155273438 266.2983274459839 134.15634155273438 266.2983274459839 169.7859992980957 251.42892456054688 169.7859992980957
251.7908172607422 133.64822387695312 266.44753074645996 133.64822387695312 266.44753074645996 170.44611740112305 251.7908172607422 170.44611740112305
252.505859375 135.37326049804688 267.6891841888428 135.37326049804688 267.6891841888428 171.16180038452148 252.505859375 171.16180038452148
252.65322875976562 134.62277221679688 268.0009431838989 134.62277221679688 268.0009431838989 171.74016952514648 252.65322875976562 171.74016952514648
254.6300048828125 135.81625366210938 270.05457496643066 135.81625366210938 270.05457496643066 170.73547744750977 254.6300048828125 170.73547744750977
255.0164794921875 135.1750030517578 269.6460704803467 135.1750030517578 269.6460704803467 171.38494491577148 255.0164794921875 171.38494491577148
255.4985809326172 134.67886352539062 270.2791004180908 134.67886352539062 270.2791004180908 170.9960708618164 255.4985809326172 170.9960708618164
256.7049255371094 135.03237915039062 272.6618061065674 135.03237915039062 272.6618061065674 169.57666778564453 256.7049255371094 169.57666778564453
256.0355224609375 134.00210571289062 272.74372482299805 134.00210571289062 272.74372482299805 170.42946243286133 256.0355224609375 170.42946243286133
258.316650390625 133.4563446044922 274.63300704956055 133.4563446044922 274.63300704956055 170.3818359375 258.316650390625 170.3818359375
258.39727783203125 133.20623779296875 275.5871181488037 133.20623779296875 275.5871181488037 171.89709091186523 258.39727783203125 171.89709091186523
258.8668518066406 134.9256134033203 275.7177200317383 134.9256134033203 275.7177200317383 173.25505828857422 258.8668518066406 173.25505828857422
260.22900390625 135.75570678710938 276.1805830001831 135.75570678710938 276.1805830001831 171.03546524047852 260.22900390625 171.03546524047852
262.42584228515625 137.75784301757812 277.4177837371826 137.75784301757812 277.4177837371826 172.9487648010254 262.42584228515625 172.9487648010254
261.40325927734375 137.09820556640625 277.2847490310669 137.09820556640625 277.2847490310669 172.33486938476562 261.40325927734375 172.33486938476562
262.8244934082031 137.0648956298828 278.5849895477295 137.0648956298828 278.5849895477295 172.55683135986328 262.8244934082031 172.55683135986328
264.03302001953125 137.56765747070312 279.17942237854004 137.56765747070312 279.17942237854004 172.72657775878906 264.03302001953125 172.72657775878906
265.28173828125 135.63058471679688 279.89680767059326 135.63058471679688 279.89680767059326 173.42589569091797 265.28173828125 173.42589569091797
265.99041748046875 136.123779296875 281.5695161819458 136.123779296875 281.5695161819458 174.11065673828125 265.99041748046875 174.11065673828125
266.0370178222656 135.33908081054688 281.87500286102295 135.33908081054688 281.87500286102295 173.37840270996094 266.0370178222656 173.37840270996094
266.6907653808594 136.29623413085938 284.90027809143066 136.29623413085938 284.90027809143066 173.62483978271484 266.6907653808594 173.62483978271484
267.50018310546875 137.49978637695312 284.78879165649414 137.49978637695312 284.78879165649414 173.6520652770996 267.50018310546875 173.6520652770996
268.380859375 134.75479125976562 286.02896881103516 134.75479125976562 286.02896881103516 174.53602600097656 268.380859375 174.53602600097656
269.7051086425781 136.6951446533203 287.9342460632324 136.6951446533203 287.9342460632324 174.21170043945312 269.7051086425781 174.21170043945312
271.01129150390625 135.296142578125 288.2015724182129 135.296142578125 288.2015724182129 174.31121444702148 271.01129150390625 174.31121444702148
271.45513916015625 137.177978515625 288.3857841491699 137.177978515625 288.3857841491699 173.75798797607422 271.45513916015625 173.75798797607422
271.96258544921875 138.58029174804688 289.8767032623291 138.58029174804688 289.8767032623291 173.99514389038086 271.96258544921875 173.99514389038086
272.7371520996094 137.515380859375 290.623233795166 137.515380859375 290.623233795166 174.94050979614258 272.7371520996094 174.94050979614258
272.1805114746094 137.96841430664062 291.8917236328125 137.96841430664062 291.8917236328125 175.31053161621094 272.1805114746094 175.31053161621094
272.1068115234375 138.34835815429688 292.5579261779785 138.34835815429688 292.5579261779785 175.46382904052734 272.1068115234375 175.46382904052734
272.7199401855469 138.63917541503906 292.8860607147217 138.63917541503906 292.8860607147217 176.54410552978516 272.7199401855469 176.54410552978516
271.7677001953125 138.06118774414062 292.37194633483887 138.06118774414062 292.37194633483887 174.83926391601562 271.7677001953125 174.83926391601562
272.4656066894531 137.6986083984375 292.46704483032227 137.6986083984375 292.46704483032227 174.03686141967773 272.4656066894531 174.03686141967773
272.12884521484375 138.07839965820312 292.38726806640625 138.07839965820312 292.38726806640625 173.84114456176758 272.12884521484375 173.84114456176758
273.0645446777344 137.64456176757812 292.9426078796387 137.64456176757812 292.9426078796387 173.73641967773438 273.0645446777344 173.73641967773438
272.6495666503906 136.6244354248047 292.5632209777832 136.6244354248047 292.5632209777832 173.70978927612305 272.6495666503906 173.70978927612305
272.60137939453125 136.26763916015625 293.47089767456055 136.26763916015625 293.47089767456055 174.56266021728516 272.60137939453125 174.56266021728516
272.26171875 136.1905059814453 292.10061264038086 136.1905059814453 292.10061264038086 174.1442413330078 272.26171875 174.1442413330078
273.180908203125 135.9375457763672 291.95983505249023 135.9375457763672 291.95983505249023 172.53314590454102 273.180908203125 172.53314590454102
273.9167785644531 136.4910888671875 291.4522514343262 136.4910888671875 291.4522514343262 172.49913787841797 273.9167785644531 172.49913787841797
272.1302490234375 136.2023162841797 290.18056297302246 136.2023162841797 290.18056297302246 174.4038200378418 272.1302490234375 174.4038200378418
271.4597473144531 136.3801727294922 289.3585720062256 136.3801727294922 289.3585720062256 174.0241928100586 271.4597473144531 174.0241928100586
273.3382568359375 136.7373046875 291.2510643005371 136.7373046875 291.2510643005371 174.65765380859375 273.3382568359375 174.65765380859375
273.6937255859375 138.11691284179688 290.87009048461914 138.11691284179688 290.87009048461914 175.68708419799805 273.6937255859375 175.68708419799805
274.4125061035156 137.72705078125 291.4843997955322 137.72705078125 291.4843997955322 175.2357521057129 274.4125061035156 175.2357521057129
274.9452209472656 138.5343780517578 292.2885570526123 138.5343780517578 292.2885570526123 173.7230339050293 274.9452209472656 173.7230339050293
276.9630432128906 137.5020751953125 293.66467666625977 137.5020751953125 293.66467666625977 174.42108917236328 276.9630432128906 174.42108917236328
277.5963439941406 138.1847686767578 294.09205055236816 138.1847686767578 294.09205055236816 174.90191650390625 277.5963439941406 174.90191650390625
277.18756103515625 137.96884155273438 293.60217666625977 137.96884155273438 293.60217666625977 175.46367263793945 277.18756103515625 175.46367263793945
278.1024475097656 136.6751251220703 293.90499114990234 136.6751251220703 293.90499114990234 176.34828186035156 278.1024475097656 176.34828186035156
278.4261779785156 137.2424774169922 295.3011112213135 137.2424774169922 295.3011112213135 175.2835235595703 278.4261779785156 175.2835235595703
279.06658935546875 137.25848388671875 296.308048248291 137.25848388671875 296.308048248291 175.73389434814453 279.06658935546875 175.73389434814453
280.0846252441406 135.8726806640625 297.2470588684082 135.8726806640625 297.2470588684082 176.41079711914062 280.0846252441406 176.41079711914062
281.1899719238281 135.53176879882812 297.8639316558838 135.53176879882812 297.8639316558838 175.66547012329102 281.1899719238281 175.66547012329102
281.65631103515625 135.6725616455078 297.48571014404297 135.6725616455078 297.48571014404297 175.48042678833008 281.65631103515625 175.48042678833008
282.94061279296875 135.9365997314453 299.9891700744629 135.9365997314453 299.9891700744629 175.19224548339844 282.94061279296875 175.19224548339844
283.1576232910156 135.45034790039062 301.0069389343262 135.45034790039062 301.0069389343262 175.73262786865234 283.1576232910156 175.73262786865234
283.1283264160156 136.30599975585938 301.59936332702637 136.30599975585938 301.59936332702637 176.00693893432617 283.1283264160156 176.00693893432617
286.3421936035156 137.64492797851562 305.3784599304199 137.64492797851562 305.3784599304199 177.093994140625 286.3421936035156 177.093994140625
287.7283935546875 137.69537353515625 305.74084854125977 137.69537353515625 305.74084854125977 177.27186965942383 287.7283935546875 177.27186965942383
288.7579040527344 137.11773681640625 307.96816635131836 137.11773681640625 307.96816635131836 176.37653732299805 288.7579040527344 176.37653732299805
290.81884765625 137.12582397460938 308.7954730987549 137.12582397460938 308.7954730987549 176.12251663208008 290.81884765625 176.12251663208008
292.430419921875 134.8568878173828 308.89169692993164 134.8568878173828 308.89169692993164 174.6190528869629 292.430419921875 174.6190528869629
294.1216735839844 134.77774047851562 311.7220973968506 134.77774047851562 311.7220973968506 175.8125114440918 294.1216735839844 175.8125114440918
294.8111877441406 137.20724487304688 312.7831058502197 137.20724487304688 312.7831058502197 177.28375244140625 294.8111877441406 177.28375244140625
294.7978210449219 138.65597534179688 313.7336730957031 138.65597534179688 313.7336730957031 176.6072235107422 294.7978210449219 176.6072235107422
296.6020812988281 138.80453491210938 316.1767063140869 138.80453491210938 316.1767063140869 176.28635787963867 296.6020812988281 176.28635787963867
297.61944580078125 139.1598358154297 316.4163627624512 139.1598358154297 316.4163627624512 176.38851928710938 297.61944580078125 176.38851928710938
301.0273132324219 138.25511169433594 318.1471004486084 138.25511169433594 318.1471004486084 178.0870590209961 301.0273132324219 178.0870590209961
300.49005126953125 140.00836181640625 318.6248779296875 140.00836181640625 318.6248779296875 177.6517333984375 300.49005126953125 177.6517333984375
302.5628356933594 139.6483917236328 319.6191749572754 139.6483917236328 319.6191749572754 178.5869369506836 302.5628356933594 178.5869369506836
303.5323181152344 138.95352172851562 322.09239196777344 138.95352172851562 322.09239196777344 177.52789306640625 303.5323181152344 177.52789306640625
305.0525817871094 138.5760040283203 322.283145904541 138.5760040283203 322.283145904541 176.61566543579102 305.0525817871094 176.61566543579102
305.9706726074219 139.25076293945312 322.08298110961914 139.25076293945312 322.08298110961914 177.4183578491211 305.9706726074219 177.4183578491211
306.9650573730469 139.46841430664062 324.3787899017334 139.46841430664062 324.3787899017334 178.22050094604492 306.9650573730469 178.22050094604492
309.200927734375 140.1420135498047 326.15739250183105 140.1420135498047 326.15739250183105 177.5590057373047 309.200927734375 177.5590057373047
311.6058349609375 140.4190673828125 327.8628463745117 140.4190673828125 327.8628463745117 177.35769271850586 311.6058349609375 177.35769271850586
311.4855651855469 140.3173828125 328.6972942352295 140.3173828125 328.6972942352295 177.6916275024414 311.4855651855469 177.6916275024414
312.55963134765625 140.17764282226562 330.19103622436523 140.17764282226562 330.19103622436523 177.74689865112305 312.55963134765625 177.74689865112305
313.4786071777344 138.38619995117188 331.0484428405762 138.38619995117188 331.0484428405762 176.62963485717773 313.4786071777344 176.62963485717773
315.64251708984375 137.0035858154297 332.79877853393555 137.0035858154297 332.79877853393555 176.10412216186523 315.64251708984375 176.10412216186523
316.3970947265625 135.3976593017578 333.303165435791 135.3976593017578 333.303165435791 176.8771514892578 316.3970947265625 176.8771514892578
316.43951416015625 137.98141479492188 334.19418716430664 137.98141479492188 334.19418716430664 177.20491790771484 316.43951416015625 177.20491790771484
318.492431640625 138.22718811035156 336.2226371765137 138.22718811035156 336.2226371765137 178.96812438964844 318.492431640625 178.96812438964844
319.12005615234375 137.0258026123047 338.0906467437744 137.0258026123047 338.0906467437744 179.38935470581055 319.12005615234375 179.38935470581055
320.5612487792969 138.91836547851562 340.2073059082031 138.91836547851562 340.2073059082031 178.87715911865234 320.5612487792969 178.87715911865234
321.04449462890625 139.06784057617188 341.3990821838379 139.06784057617188 341.3990821838379 179.31853485107422 321.04449462890625 179.31853485107422
321.71697998046875 137.5383758544922 343.52952003479004 137.5383758544922 343.52952003479004 179.06586837768555 321.71697998046875 179.06586837768555
326.03277587890625 138.2384796142578 346.70477867126465 138.2384796142578 346.70477867126465 180.2384262084961 326.03277587890625 180.2384262084961
324.0754699707031 136.4268035888672 345.2846164703369 136.4268035888672 345.2846164703369 179.20226287841797 324.0754699707031 179.20226287841797
324.3014221191406 137.66732788085938 345.4532890319824 137.66732788085938 345.4532890319824 179.64115142822266 324.3014221191406 179.64115142822266
328.40106201171875 138.93470764160156 348.82066345214844 138.93470764160156 348.82066345214844 181.79663848876953 328.40106201171875 181.79663848876953
324.7333068847656 141.3785858154297 346.7486171722412 141.3785858154297 346.7486171722412 183.27713775634766 324.7333068847656 183.27713775634766
331.67913818359375 126.24227142333984 354.48864364624023 126.24227142333984 354.48864364624023 169.32689666748047 331.67913818359375 169.32689666748047
354.0318298339844 137.67591857910156 376.8880271911621 137.67591857910156 376.8880271911621 180.8487434387207 354.0318298339844 180.8487434387207
383.80450439453125 127.91889953613281 406.5667152404785 127.91889953613281 406.5667152404785 170.91419219970703 383.80450439453125 170.91419219970703
364.36065673828125 134.3367462158203 387.2107181549072 134.3367462158203 387.2107181549072 177.49797821044922 364.36065673828125 177.49797821044922
329.50421142578125 142.77499389648438 352.747522354126 142.77499389648438 352.747522354126 186.6790313720703 329.50421142578125 186.6790313720703
300.15045166015625 131.7937774658203 323.5320873260498 131.7937774658203 323.5320873260498 175.9590950012207 300.15045166015625 175.9590950012207
308.8521728515625 142.97267150878906 331.9992370605469 142.97267150878906 331.9992370605469 186.69490814208984 308.8521728515625 186.69490814208984
297.02264404296875 135.91470336914062 320.0440444946289 135.91470336914062 320.0440444946289 179.39957809448242 297.02264404296875 179.39957809448242
297.3683166503906 123.09144592285156 320.3372497558594 123.09144592285156 320.3372497558594 166.47721481323242 297.3683166503906 166.47721481323242
269.37725830078125 155.75926208496094 291.96088218688965 155.75926208496094 291.96088218688965 198.41722869873047 269.37725830078125 198.41722869873047
256.7904052734375 169.81143188476562 279.3740234375 169.81143188476562 279.3740234375 212.4693832397461 256.7904052734375 212.4693832397461
250.1326141357422 160.43423461914062 272.74822998046875 160.43423461914062 272.74822998046875 203.15262603759766 250.1326141357422 203.15262603759766
209.743896484375 138.188232421875 232.79016494750977 138.188232421875 232.79016494750977 178.3211212158203 209.743896484375 178.3211212158203
204.12014770507812 139.72305297851562 226.7082862854004 139.72305297851562 226.7082862854004 182.3895378112793 204.12014770507812 182.3895378112793
208.1776885986328 141.15878295898438 230.93010330200195 141.15878295898438 230.93010330200195 182.57106399536133 208.1776885986328 182.57106399536133
212.82675170898438 138.28665161132812 235.45840454101562 138.28665161132812 235.45840454101562 181.03533172607422 212.82675170898438 181.03533172607422
218.5843963623047 139.33987426757812 241.68344497680664 139.33987426757812 241.68344497680664 181.62499237060547 218.5843963623047 181.62499237060547
219.6165313720703 137.7690887451172 242.803129196167 137.7690887451172 242.803129196167 179.98290252685547 219.6165313720703 179.98290252685547
220.3087158203125 140.3212432861328 242.84557723999023 140.3212432861328 242.84557723999023 181.06639099121094 220.3087158203125 181.06639099121094
207.53173828125 134.28948974609375 231.17531967163086 134.28948974609375 231.17531967163086 178.9495849609375 207.53173828125 178.9495849609375
209.4165802001953 135.26841735839844 233.39002990722656 135.26841735839844 233.39002990722656 180.55159759521484 209.4165802001953 180.55159759521484
209.66796875 133.91708374023438 234.22888565063477 133.91708374023438 234.22888565063477 180.3099250793457 209.66796875 180.3099250793457
212.20455932617188 132.36703491210938 237.22405433654785 132.36703491210938 237.22405433654785 179.6260757446289 212.20455932617188 179.6260757446289
215.67208862304688 131.18832397460938 240.54373359680176 131.18832397460938 240.54373359680176 178.84635543823242 215.67208862304688 178.84635543823242
209.5452423095703 132.7228240966797 235.1555519104004 132.7228240966797 235.1555519104004 181.09784698486328 209.5452423095703 181.09784698486328
210.23153686523438 133.14456176757812 235.82219886779785 133.14456176757812 235.82219886779785 181.48247146606445 210.23153686523438 181.48247146606445
210.6393280029297 134.9109649658203 236.180908203125 134.9109649658203 236.180908203125 183.15616607666016 210.6393280029297 183.15616607666016
209.90621948242188 133.05743408203125 235.72255516052246 133.05743408203125 235.72255516052246 181.82161331176758 209.90621948242188 181.82161331176758
208.33242797851562 132.3617401123047 234.39316940307617 132.3617401123047 234.39316940307617 181.58757400512695 208.33242797851562 181.58757400512695
208.83755493164062 132.34042358398438 235.1696434020996 132.34042358398438 235.1696434020996 182.07880401611328 208.83755493164062 182.07880401611328
208.5546875 130.59170532226562 234.9230251312256 130.59170532226562 234.9230251312256 180.39855194091797 208.5546875 180.39855194091797
209.6215057373047 130.997314453125 236.4037570953369 130.997314453125 236.4037570953369 181.58599853515625 209.6215057373047 181.58599853515625
209.406982421875 131.7052459716797 236.67120933532715 131.7052459716797 236.67120933532715 183.20433044433594 209.406982421875 183.20433044433594
208.21817016601562 131.6579132080078 236.1230010986328 131.6579132080078 236.1230010986328 184.36702728271484 208.21817016601562 184.36702728271484
208.19424438476562 130.6001434326172 236.6474494934082 130.6001434326172 236.6474494934082 184.3450698852539 208.19424438476562 184.3450698852539
210.5808563232422 128.95242309570312 238.72482299804688 128.95242309570312 238.72482299804688 183.10572052001953 210.5808563232422 183.10572052001953
206.94937133789062 131.03842163085938 235.52318382263184 131.03842163085938 235.52318382263184 185.01116180419922 206.94937133789062 185.01116180419922
208.2584686279297 127.46360778808594 236.9263153076172 127.46360778808594 236.9263153076172 182.12887954711914 208.2584686279297 182.12887954711914
207.4164276123047 130.63311767578125 236.1271514892578 130.63311767578125 236.1271514892578 184.8644790649414 207.4164276123047 184.8644790649414
207.8338623046875 130.46969604492188 236.62495040893555 130.46969604492188 236.62495040893555 184.85286331176758 207.8338623046875 184.85286331176758
206.57431030273438 130.73538208007812 235.34986305236816 130.73538208007812 235.34986305236816 185.08920288085938 206.57431030273438 185.08920288085938
208.830322265625 128.82485961914062 237.8820400238037 128.82485961914062 237.8820400238037 183.70032501220703 208.830322265625 183.70032501220703
207.47897338867188 129.905029296875 237.10707473754883 129.905029296875 237.10707473754883 185.86921310424805 207.47897338867188 185.86921310424805
206.9315643310547 127.3221206665039 236.9495143890381 127.3221206665039 236.9495143890381 184.0226821899414 206.9315643310547 184.0226821899414
208.092041015625 127.21681213378906 238.04098892211914 127.21681213378906 238.04098892211914 184.76537322998047 208.092041015625 184.76537322998047
208.33447265625 126.5678939819336 238.40694618225098 126.5678939819336 238.40694618225098 184.86520767211914 208.33447265625 184.86520767211914
207.662841796875 126.74003601074219 238.0896396636963 126.74003601074219 238.0896396636963 184.6591567993164 207.662841796875 184.6591567993164
212.48855590820312 122.13580322265625 241.90407943725586 122.13580322265625 241.90407943725586 181.1358642578125 212.48855590820312 181.1358642578125
211.0966796875 124.60604095458984 240.9002685546875 124.60604095458984 240.9002685546875 183.23565673828125 211.0966796875 183.23565673828125
208.3489532470703 126.3544921875 238.55459022521973 126.3544921875 238.55459022521973 184.59708404541016 208.3489532470703 184.59708404541016
213.81533813476562 121.38233947753906 242.86973190307617 121.38233947753906 242.86973190307617 181.63603973388672 213.81533813476562 181.63603973388672
212.58346557617188 121.71988677978516 242.33709144592285 121.71988677978516 242.33709144592285 181.60547637939453 212.58346557617188 181.60547637939453
211.0482635498047 123.4155044555664 242.13363075256348 123.4155044555664 242.13363075256348 181.91996002197266 211.0482635498047 181.91996002197266
208.9669647216797 123.40447998046875 240.17235374450684 123.40447998046875 240.17235374450684 184.54833984375 208.9669647216797 184.54833984375
212.02951049804688 121.6602554321289 241.94680213928223 121.6602554321289 241.94680213928223 181.84381103515625 212.02951049804688 181.84381103515625
209.73037719726562 123.25809478759766 241.41775512695312 123.25809478759766 241.41775512695312 182.02509307861328 209.73037719726562 182.02509307861328
211.280517578125 121.2174301147461 241.82477378845215 121.2174301147461 241.82477378845215 182.8193359375 211.280517578125 182.8193359375
211.5394744873047 121.9166030883789 242.25365257263184 121.9166030883789 242.25365257263184 183.08536529541016 211.5394744873047 183.08536529541016
210.0224151611328 121.7884750366211 240.62659072875977 121.7884750366211 240.62659072875977 183.56597900390625 210.0224151611328 183.56597900390625
211.50479125976562 120.60505676269531 242.70394897460938 120.60505676269531 242.70394897460938 182.0248565673828 211.50479125976562 182.0248565673828
208.97781372070312 121.7147216796875 240.86704444885254 121.7147216796875 240.86704444885254 183.03389739990234 208.97781372070312 183.03389739990234
210.53262329101562 121.21624755859375 242.44798278808594 121.21624755859375 242.44798278808594 182.6240463256836 210.53262329101562 182.6240463256836
210.34127807617188 119.84552001953125 241.63728713989258 119.84552001953125 241.63728713989258 182.96540069580078 210.34127807617188 182.96540069580078
209.30276489257812 122.2154769897461 241.2375373840332 122.2154769897461 241.2375373840332 184.786376953125 209.30276489257812 184.786376953125
211.1851348876953 121.62217712402344 241.63103866577148 121.62217712402344 241.63103866577148 182.5643081665039 211.1851348876953 182.5643081665039
211.4467315673828 122.26145935058594 241.79535484313965 122.26145935058594 241.79535484313965 183.6001434326172 211.4467315673828 183.6001434326172
206.9137725830078 125.42433166503906 238.39714431762695 125.42433166503906 238.39714431762695 185.71656799316406 206.9137725830078 185.71656799316406
209.5784454345703 121.90706634521484 240.50411415100098 121.90706634521484 240.50411415100098 181.95115661621094 209.5784454345703 181.95115661621094
211.2216033935547 122.91341400146484 241.38162231445312 122.91341400146484 241.38162231445312 182.5194206237793 211.2216033935547 182.5194206237793
209.5093536376953 122.71121978759766 241.1326446533203 122.71121978759766 241.1326446533203 182.89735412597656 209.5093536376953 182.89735412597656
210.99853515625 121.07865905761719 242.11745643615723 121.07865905761719 242.11745643615723 182.11547470092773 210.99853515625 182.11547470092773
209.4178924560547 122.8855209350586 240.53976440429688 122.8855209350586 240.53976440429688 184.34684371948242 209.4178924560547 184.34684371948242
210.7720489501953 122.27351379394531 242.5201072692871 122.27351379394531 242.5201072692871 182.3163299560547 210.7720489501953 182.3163299560547
205.7169189453125 124.42274475097656 238.68354034423828 124.42274475097656 238.68354034423828 186.69300842285156 205.7169189453125 186.69300842285156
209.71533203125 120.23502349853516 241.9930191040039 120.23502349853516 241.9930191040039 182.82417678833008 209.71533203125 182.82417678833008
210.1573028564453 121.03218841552734 242.62775421142578 121.03218841552734 242.62775421142578 183.9288330078125 210.1573028564453 183.9288330078125
208.6770477294922 121.65861511230469 241.04970932006836 121.65861511230469 241.04970932006836 184.04938125610352 208.6770477294922 184.04938125610352
210.7464599609375 122.36320495605469 241.14508438110352 122.36320495605469 241.14508438110352 182.51612854003906 210.7464599609375 182.51612854003906
210.9172821044922 121.4861831665039 242.5340232849121 121.4861831665039 242.5340232849121 182.8544158935547 210.9172821044922 182.8544158935547
208.81674194335938 122.25968933105469 240.7207489013672 122.25968933105469 240.7207489013672 184.5624656677246 208.81674194335938 184.5624656677246
211.14535522460938 120.92887878417969 241.89854431152344 120.92887878417969 241.89854431152344 182.85431671142578 211.14535522460938 182.85431671142578
210.5389404296875 121.58326721191406 242.34715843200684 121.58326721191406 242.34715843200684 183.7506446838379 210.5389404296875 183.7506446838379
210.0275115966797 122.03245544433594 241.32297706604004 122.03245544433594 241.32297706604004 182.88268661499023 210.0275115966797 182.88268661499023
208.88906860351562 122.79853820800781 239.89460372924805 122.79853820800781 239.89460372924805 184.24768447875977 208.88906860351562 184.24768447875977
210.12039184570312 121.68684387207031 241.11981773376465 121.68684387207031 241.11981773376465 182.09559631347656 210.12039184570312 182.09559631347656
211.6832733154297 121.6590805053711 242.57513427734375 121.6590805053711 242.57513427734375 182.5573272705078 211.6832733154297 182.5573272705078
208.07705688476562 125.9731216430664 239.80986404418945 125.9731216430664 239.80986404418945 186.83285522460938 208.07705688476562 186.83285522460938
209.1284942626953 122.68058013916016 240.3179225921631 122.68058013916016 240.3179225921631 181.6051483154297 209.1284942626953 181.6051483154297
211.6389617919922 123.02030944824219 241.98407363891602 123.02030944824219 241.98407363891602 182.22629165649414 211.6389617919922 182.22629165649414
209.72787475585938 120.83824157714844 239.25729942321777 120.83824157714844 239.25729942321777 180.54578399658203 209.72787475585938 180.54578399658203
211.0295867919922 122.3074722290039 240.79046058654785 122.3074722290039 240.79046058654785 181.27999877929688 211.0295867919922 181.27999877929688
