195.0 153.0 284.0 153.0 284.0 281.0 195.0 281.0
193.4569549560547 156.7109375 280.7473602294922 156.7109375 280.7473602294922 280.6969985961914 193.4569549560547 280.6969985961914
188.0598602294922 158.69815063476562 272.99391174316406 158.69815063476562 272.99391174316406 281.2707214355469 188.0598602294922 281.2707214355469
186.33474731445312 160.57174682617188 269.68721771240234 160.57174682617188 269.68721771240234 279.11351776123047 186.33474731445312 279.11351776123047
185.5441131591797 161.7449188232422 268.7912063598633 161.7449188232422 268.7912063598633 278.0509490966797 185.5441131591797 278.0509490966797
181.4234619140625 161.39280700683594 266.3229217529297 161.39280700683594 266.3229217529297 283.4954071044922 181.4234619140625 283.4954071044922
185.96136474609375 167.69461059570312 265.6196975708008 167.69461059570312 265.6196975708008 275.8229064941406 185.96136474609375 275.8229064941406
186.39788818359375 168.6370849609375 262.96949768066406 168.6370849609375 262.96949768066406 273.7325897216797 186.39788818359375 273.7325897216797
185.3875274658203 169.66876220703125 261.20677185058594 169.66876220703125 261.20677185058594 275.2140655517578 185.3875274658203 275.2140655517578
186.51397705078125 173.21356201171875 260.8081817626953 173.21356201171875 260.8081817626953 276.1579818725586 186.51397705078125 276.1579818725586
186.63531494140625 172.4387664794922 259.46939849853516 172.4387664794922 259.46939849853516 274.05236053466797 186.63531494140625 274.05236053466797
186.75599670410156 170.73672485351562 259.02284240722656 170.73672485351562 259.02284240722656 278.0303421020508 186.75599670410156 278.0303421020508
185.7726593017578 176.41586303710938 258.6367950439453 176.41586303710938 258.6367950439453 281.2383728027344 185.7726593017578 281.2383728027344
186.7275390625 180.30587768554688 258.57716369628906 180.30587768554688 258.57716369628906 284.29650115966797 186.7275390625 284.29650115966797
187.23886108398438 183.928466796875 258.7380905151367 183.928466796875 258.7380905151367 286.24659729003906 187.23886108398438 286.24659729003906
185.8860321044922 188.4464874267578 258.5123519897461 188.4464874267578 258.5123519897461 292.83929443359375 185.8860321044922 292.83929443359375
189.34371948242188 195.0755157470703 260.8915481567383 195.0755157470703 260.8915481567383 297.72843170166016 189.34371948242188 297.72843170166016
188.17735290527344 196.5226287841797 259.2835388183594 196.5226287841797 259.2835388183594 297.1427764892578 188.17735290527344 297.1427764892578
186.8639678955078 195.65809631347656 259.26160430908203 195.65809631347656 259.26160430908203 297.4262161254883 186.8639678955078 297.4262161254883
187.84768676757812 193.2443389892578 261.29725646972656 193.2443389892578 261.29725646972656 297.4156036376953 187.84768676757812 297.4156036376953
187.62832641601562 190.8809356689453 262.3900680541992 190.8809356689453 262.3900680541992 297.7874298095703 187.62832641601562 297.7874298095703
187.7081756591797 189.02969360351562 264.15679931640625 189.02969360351562 264.15679931640625 298.2448272705078 187.7081756591797 298.2448272705078
187.9425506591797 189.05953979492188 264.85889434814453 189.05953979492188 264.85889434814453 301.3183059692383 187.9425506591797 301.3183059692383
188.17189025878906 191.2939453125 265.7268829345703 191.2939453125 265.7268829345703 305.7996063232422 188.17189025878906 305.7996063232422
189.27691650390625 193.12965393066406 269.35614013671875 193.12965393066406 269.35614013671875 309.91027069091797 189.27691650390625 309.91027069091797
188.40960693359375 191.96133422851562 267.33219146728516 191.96133422851562 267.33219146728516 312.1431427001953 188.40960693359375 312.1431427001953
190.4064483642578 197.8448028564453 272.21851348876953 197.8448028564453 272.21851348876953 317.0549621582031 190.4064483642578 317.0549621582031
191.5958251953125 202.47850036621094 273.8752670288086 202.47850036621094 273.8752670288086 320.8131103515625 191.5958251953125 320.8131103515625
194.05819702148438 201.1621856689453 277.56654357910156 201.1621856689453 277.56654357910156 321.2642135620117 194.05819702148438 321.2642135620117
200.70077514648438 207.20083618164062 281.4996643066406 207.20083618164062 281.4996643066406 331.0891418457031 200.70077514648438 331.0891418457031
201.94029235839844 210.6062774658203 284.29693603515625 210.6062774658203 284.29693603515625 334.82511138916016 201.94029235839844 334.82511138916016
208.0349578857422 212.9451446533203 285.7869873046875 212.9451446533203 285.7869873046875 340.4808349609375 208.0349578857422 340.4808349609375
210.79660034179688 216.42886352539062 290.9043273925781 216.42886352539062 290.9043273925781 341.44786071777344 210.79660034179688 341.44786071777344
213.9441375732422 218.02108764648438 290.39599609375 218.02108764648438 290.39599609375 345.00624084472656 213.9441375732422 345.00624084472656
212.87356567382812 226.81466674804688 297.1358108520508 226.81466674804688 297.1358108520508 348.00096893310547 212.87356567382812 348.00096893310547
218.74560546875 230.632568359375 292.11248779296875 230.632568359375 292.11248779296875 355.18326568603516 218.74560546875 355.18326568603516
219.123291015625 232.51229858398438 294.8576431274414 232.51229858398438 294.8576431274414 357.62339782714844 219.123291015625 357.62339782714844
216.71823120117188 234.2871551513672 293.74462127685547 234.2871551513672 293.74462127685547 360.3066864013672 216.71823120117188 360.3066864013672
221.63040161132812 238.60122680664062 296.29689025878906 238.60122680664062 296.29689025878906 364.82984161376953 221.63040161132812 364.82984161376953
215.85671997070312 238.2035675048828 291.9579391479492 238.2035675048828 291.9579391479492 368.0710906982422 215.85671997070312 368.0710906982422
217.34494018554688 242.80056762695312 294.18116760253906 242.80056762695312 294.18116760253906 371.7139587402344 217.34494018554688 371.7139587402344
212.6726531982422 244.3070068359375 288.75306701660156 244.3070068359375 288.75306701660156 372.39404296875 212.6726531982422 372.39404296875
216.58084106445312 247.1289520263672 292.07506561279297 247.1289520263672 292.07506561279297 378.2147979736328 216.58084106445312 378.2147979736328
213.523681640625 249.67355346679688 289.7659149169922 249.67355346679688 289.7659149169922 377.4903869628906 213.523681640625 377.4903869628906
219.1806640625 255.3719024658203 293.7257843017578 255.3719024658203 293.7257843017578 380.9482421875 219.1806640625 380.9482421875
221.0846405029297 259.6562805175781 294.2322006225586 259.6562805175781 294.2322006225586 387.12388610839844 221.0846405029297 387.12388610839844
222.4681396484375 260.5352478027344 294.74925231933594 260.5352478027344 294.74925231933594 386.2136917114258 222.4681396484375 386.2136917114258
221.065673828125 264.6968994140625 293.88392639160156 264.6968994140625 293.88392639160156 390.65555572509766 221.065673828125 390.65555572509766
220.8668975830078 270.39410400390625 294.20068359375 270.39410400390625 294.20068359375 396.60035705566406 220.8668975830078 396.60035705566406
223.8323974609375 274.95574951171875 295.8610610961914 274.95574951171875 295.8610610961914 397.26153564453125 223.8323974609375 397.26153564453125
222.77627563476562 276.19580078125 296.2644348144531 276.19580078125 296.2644348144531 399.50291442871094 222.77627563476562 399.50291442871094
219.8322296142578 275.53277587890625 294.7687683105469 275.53277587890625 294.7687683105469 400.6824188232422 219.8322296142578 400.6824188232422
218.6024169921875 277.4598388671875 294.28187561035156 277.4598388671875 294.28187561035156 399.35411071777344 218.6024169921875 399.35411071777344
215.03488159179688 275.27618408203125 293.654541015625 275.27618408203125 293.654541015625 401.01078033447266 215.03488159179688 401.01078033447266
208.4691619873047 277.38360595703125 290.0880889892578 277.38360595703125 290.0880889892578 401.46160888671875 208.4691619873047 401.46160888671875
206.35397338867188 275.5601501464844 287.6719665527344 275.5601501464844 287.6719665527344 405.395751953125 206.35397338867188 405.395751953125
203.1487579345703 277.4991149902344 285.9339141845703 277.4991149902344 285.9339141845703 409.5868225097656 203.1487579345703 409.5868225097656
201.66677856445312 281.7073059082031 284.2415084838867 281.7073059082031 284.2415084838867 413.62481689453125 201.66677856445312 413.62481689453125
197.72317504882812 284.46502685546875 279.40746307373047 284.46502685546875 279.40746307373047 419.08734130859375 197.72317504882812 419.08734130859375
196.6605987548828 289.544189453125 278.8210754394531 289.544189453125 278.8210754394531 426.0489196777344 196.6605987548828 426.0489196777344
196.1782989501953 293.6983947753906 276.0349578857422 293.6983947753906 276.0349578857422 429.6504669189453 196.1782989501953 429.6504669189453
194.7910919189453 292.213623046875 277.6722106933594 292.213623046875 277.6722106933594 433.1573791503906 194.7910919189453 433.1573791503906
191.3578643798828 297.28692626953125 272.9075698852539 297.28692626953125 272.9075698852539 434.95623779296875 191.3578643798828 434.95623779296875
189.30064392089844 297.90313720703125 270.6207504272461 297.90313720703125 270.6207504272461 435.5543975830078 189.30064392089844 435.5543975830078
187.21835327148438 300.8841552734375 267.56993103027344 300.8841552734375 267.56993103027344 438.34307861328125 187.21835327148438 438.34307861328125
185.67312622070312 301.54486083984375 263.4274368286133 301.54486083984375 263.4274368286133 438.0214538574219 185.67312622070312 438.0214538574219
184.42031860351562 305.121337890625 261.1052017211914 305.121337890625 261.1052017211914 438.3237609863281 184.42031860351562 438.3237609863281
181.36715698242188 308.52288818359375 257.4489974975586 308.52288818359375 257.4489974975586 439.55950927734375 181.36715698242188 439.55950927734375
175.89794921875 313.9237976074219 251.12403869628906 313.9237976074219 251.12403869628906 439.4479217529297 175.89794921875 439.4479217529297
176.11122131347656 316.47344970703125 250.71435546875 316.47344970703125 250.71435546875 441.1991958618164 176.11122131347656 441.1991958618164
153.67391967773438 313.55755615234375 244.07109832763672 313.55755615234375 244.07109832763672 443.56715393066406 153.67391967773438 443.56715393066406
161.62472534179688 323.7637634277344 238.26748657226562 323.7637634277344 238.26748657226562 452.0006103515625 161.62472534179688 452.0006103515625
157.06930541992188 314.5247802734375 239.81342315673828 314.5247802734375 239.81342315673828 449.14068603515625 157.06930541992188 449.14068603515625
156.7611846923828 319.54400634765625 239.58316040039062 319.54400634765625 239.58316040039062 454.9676818847656 156.7611846923828 454.9676818847656
145.5841064453125 322.2511291503906 240.66720581054688 322.2511291503906 240.66720581054688 459.00001525878906 145.5841064453125 459.00001525878906
146.63827514648438 321.47955322265625 231.20108032226562 321.47955322265625 231.20108032226562 455.2981414794922 146.63827514648438 455.2981414794922
152.3030548095703 323.12799072265625 236.2522735595703 323.12799072265625 236.2522735595703 454.21343994140625 152.3030548095703 454.21343994140625
148.7716064453125 323.495849609375 234.04544067382812 323.495849609375 234.04544067382812 455.82159423828125 148.7716064453125 455.82159423828125
126.6339111328125 318.84771728515625 223.74876403808594 318.84771728515625 223.74876403808594 458.5186767578125 126.6339111328125 458.5186767578125
150.7314453125 322.705078125 238.89362335205078 322.705078125 238.89362335205078 453.7736053466797 150.7314453125 453.7736053466797
153.17654418945312 323.9554748535156 240.86471557617188 323.9554748535156 240.86471557617188 453.5596618652344 153.17654418945312 453.5596618652344
154.95382690429688 327.68609619140625 239.90711975097656 327.68609619140625 239.90711975097656 451.57083892822266 154.95382690429688 451.57083892822266
156.90615844726562 327.80462646484375 243.0510711669922 327.80462646484375 243.0510711669922 449.9261932373047 156.90615844726562 449.9261932373047
157.40280151367188 328.2331848144531 242.35862731933594 328.2331848144531 242.35862731933594 450.8543395996094 157.40280151367188 450.8543395996094
155.88381958007812 327.9844665527344 240.4291534423828 327.9844665527344 240.4291534423828 451.9695358276367 155.88381958007812 451.9695358276367
158.3656463623047 328.92193603515625 242.60079956054688 328.92193603515625 242.60079956054688 451.2447052001953 158.3656463623047 451.2447052001953
160.9184112548828 326.8370666503906 246.49635314941406 326.8370666503906 246.49635314941406 449.4317932128906 160.9184112548828 449.4317932128906
157.34420776367188 326.1153869628906 242.94654083251953 326.1153869628906 242.94654083251953 450.2923889160156 157.34420776367188 450.2923889160156
156.99008178710938 326.081787109375 242.7393341064453 326.081787109375 242.7393341064453 450.7646255493164 156.99008178710938 450.7646255493164
155.80706787109375 326.3398742675781 240.4852523803711 326.3398742675781 240.4852523803711 451.9592590332031 155.80706787109375 451.9592590332031
160.87661743164062 326.14361572265625 244.97889709472656 326.14361572265625 244.97889709472656 450.09810638427734 160.87661743164062 450.09810638427734
161.640380859375 326.4317321777344 246.4963836669922 326.4317321777344 246.4963836669922 448.20472717285156 161.640380859375 448.20472717285156
157.11105346679688 326.38751220703125 243.54113006591797 326.38751220703125 243.54113006591797 451.2093276977539 157.11105346679688 451.2093276977539
156.61636352539062 326.08856201171875 242.23137664794922 326.08856201171875 242.23137664794922 450.98011779785156 156.61636352539062 450.98011779785156
158.5836181640625 325.8572998046875 244.00442504882812 325.8572998046875 244.00442504882812 450.4610824584961 158.5836181640625 450.4610824584961
160.3812713623047 325.37518310546875 245.85220336914062 325.37518310546875 245.85220336914062 449.81549072265625 160.3812713623047 449.81549072265625
157.15411376953125 326.6346130371094 242.48258209228516 326.6346130371094 242.48258209228516 451.0395202636719 157.15411376953125 451.0395202636719
159.269287109375 326.64581298828125 245.28691864013672 326.64581298828125 245.28691864013672 449.45709228515625 159.269287109375 449.45709228515625
156.57803344726562 325.71856689453125 241.4428939819336 325.71856689453125 241.4428939819336 451.56285095214844 156.57803344726562 451.56285095214844
158.91372680664062 325.46234130859375 244.01100158691406 325.46234130859375 244.01100158691406 450.4944076538086 158.91372680664062 450.4944076538086
160.0519256591797 325.5014343261719 245.26083374023438 325.5014343261719 245.26083374023438 449.6168670654297 160.0519256591797 449.6168670654297
160.7166290283203 327.30657958984375 245.8153839111328 327.30657958984375 245.8153839111328 450.32405853271484 160.7166290283203 450.32405853271484
160.38136291503906 325.60382080078125 245.4547119140625 325.60382080078125 245.4547119140625 446.3248748779297 160.38136291503906 446.3248748779297
156.75765991210938 324.70709228515625 243.46864318847656 324.70709228515625 243.46864318847656 450.8958969116211 156.75765991210938 450.8958969116211
160.9097900390625 325.30841064453125 246.4073944091797 325.30841064453125 246.4073944091797 449.5121841430664 160.9097900390625 449.5121841430664
158.24417114257812 325.488037109375 243.2344512939453 325.488037109375 243.2344512939453 451.7240982055664 158.24417114257812 451.7240982055664
158.96734619140625 325.30902099609375 245.26168060302734 325.30902099609375 245.26168060302734 451.10030364990234 158.96734619140625 451.10030364990234
157.5721435546875 325.8008728027344 243.61688232421875 325.8008728027344 243.61688232421875 450.8340301513672 157.5721435546875 450.8340301513672
158.6791229248047 325.2475891113281 245.0214385986328 325.2475891113281 245.0214385986328 450.2786102294922 158.6791229248047 450.2786102294922
160.58712768554688 324.24542236328125 246.77458953857422 324.24542236328125 246.77458953857422 450.38490295410156 160.58712768554688 450.38490295410156
158.726806640625 326.98431396484375 242.77062225341797 326.98431396484375 242.77062225341797 451.259765625 158.726806640625 451.259765625
159.52322387695312 325.4317626953125 245.51016235351562 325.4317626953125 245.51016235351562 450.39703369140625 159.52322387695312 450.39703369140625
156.478271484375 325.643310546875 242.57992553710938 325.643310546875 242.57992553710938 451.3381118774414 156.478271484375 451.3381118774414
156.85000610351562 326.2992248535156 242.56743621826172 326.2992248535156 242.56743621826172 451.2415008544922 156.85000610351562 451.2415008544922
160.09149169921875 325.18157958984375 246.37228393554688 325.18157958984375 246.37228393554688 449.75225830078125 160.09149169921875 449.75225830078125
160.00894165039062 323.8843994140625 246.38813018798828 323.8843994140625 246.38813018798828 449.42250061035156 160.00894165039062 449.42250061035156
158.88449096679688 325.3181457519531 245.12012481689453 325.3181457519531 245.12012481689453 450.5765686035156 158.88449096679688 450.5765686035156
160.92892456054688 325.5721740722656 247.2876434326172 325.5721740722656 247.2876434326172 448.67344665527344 160.92892456054688 448.67344665527344
159.02145385742188 326.0384826660156 244.14583587646484 326.0384826660156 244.14583587646484 449.5309371948242 159.02145385742188 449.5309371948242
160.72621154785156 325.241943359375 245.83646392822266 325.241943359375 245.83646392822266 449.2232208251953 160.72621154785156 449.2232208251953
161.19412231445312 325.05841064453125 247.14075469970703 325.05841064453125 247.14075469970703 449.5442657470703 161.19412231445312 449.5442657470703
160.00299072265625 326.37286376953125 244.86195373535156 326.37286376953125 244.86195373535156 449.46116638183594 160.00299072265625 449.46116638183594
160.16580200195312 325.72265625 246.28982543945312 325.72265625 246.28982543945312 449.33067321777344 160.16580200195312 449.33067321777344
158.05682373046875 324.30047607421875 244.41273498535156 324.30047607421875 244.41273498535156 450.1630630493164 158.05682373046875 450.1630630493164
160.53628540039062 324.78009033203125 246.0186004638672 324.78009033203125 246.0186004638672 448.5647964477539 160.53628540039062 448.5647964477539
155.35394287109375 324.7876892089844 241.05165100097656 324.7876892089844 241.05165100097656 452.51768493652344 155.35394287109375 452.51768493652344
161.6010284423828 323.52392578125 247.2759552001953 323.52392578125 247.2759552001953 448.49440002441406 161.6010284423828 448.49440002441406
160.27081298828125 325.26434326171875 245.7769775390625 325.26434326171875 245.7769775390625 447.88818359375 160.27081298828125 447.88818359375
155.91722106933594 324.03143310546875 243.08443450927734 324.03143310546875 243.08443450927734 451.2121353149414 155.91722106933594 451.2121353149414
159.7819061279297 324.1439514160156 243.89439392089844 324.1439514160156 243.89439392089844 449.12647247314453 159.7819061279297 449.12647247314453
162.9474639892578 323.91796875 248.74365234375 323.91796875 248.74365234375 447.10589599609375 162.9474639892578 447.10589599609375
160.07322692871094 325.4141845703125 244.8654556274414 325.4141845703125 244.8654556274414 450.3131561279297 160.07322692871094 450.3131561279297
155.90699768066406 325.74896240234375 241.46170043945312 325.74896240234375 241.46170043945312 451.26446533203125 155.90699768066406 451.26446533203125
158.92483520507812 324.7613830566406 245.12085723876953 324.7613830566406 245.12085723876953 449.2059783935547 158.92483520507812 449.2059783935547
162.6134490966797 323.62420654296875 248.1446990966797 323.62420654296875 248.1446990966797 448.47511291503906 162.6134490966797 448.47511291503906
155.3170623779297 323.12384033203125 240.56997680664062 323.12384033203125 240.56997680664062 451.4312438964844 155.3170623779297 451.4312438964844
159.09803771972656 324.0296936035156 244.52679443359375 324.0296936035156 244.52679443359375 449.81177520751953 159.09803771972656 449.81177520751953
157.8023223876953 323.30181884765625 243.5780487060547 323.30181884765625 243.5780487060547 449.58187103271484 157.8023223876953 449.58187103271484
156.3647003173828 324.0213623046875 242.59219360351562 324.0213623046875 242.59219360351562 451.12264251708984 156.3647003173828 451.12264251708984
153.0254364013672 326.8787536621094 249.59839630126953 326.8787536621094 249.59839630126953 443.64170837402344 153.0254364013672 443.64170837402344
158.2629852294922 326.19183349609375 254.20027923583984 326.19183349609375 254.20027923583984 447.25614166259766 158.2629852294922 447.25614166259766
170.87033081054688 325.0919494628906 263.5355987548828 325.0919494628906 263.5355987548828 448.9792785644531 170.87033081054688 448.9792785644531
168.31118774414062 326.9832458496094 264.6946563720703 326.9832458496094 264.6946563720703 447.19116973876953 168.31118774414062 447.19116973876953
173.41873168945312 326.5564880371094 271.27490997314453 326.5564880371094 271.27490997314453 445.57299041748047 173.41873168945312 445.57299041748047
182.09414672851562 324.0182189941406 280.6268081665039 324.0182189941406 280.6268081665039 446.51402282714844 182.09414672851562 446.51402282714844
186.326416015625 324.3323974609375 283.22122955322266 324.3323974609375 283.22122955322266 448.1927490234375 186.326416015625 448.1927490234375
194.9294891357422 324.81414794921875 289.2048110961914 324.81414794921875 289.2048110961914 448.10526275634766 194.9294891357422 448.10526275634766
199.35360717773438 324.48114013671875 296.00489807128906 324.48114013671875 296.00489807128906 447.997314453125 199.35360717773438 447.997314453125
205.4883270263672 324.73590087890625 304.1808166503906 324.73590087890625 304.1808166503906 446.1940460205078 205.4883270263672 446.1940460205078
210.70059204101562 323.13372802734375 308.0286560058594 323.13372802734375 308.0286560058594 449.67166900634766 210.70059204101562 449.67166900634766
222.2183074951172 324.2420959472656 313.4794006347656 324.2420959472656 313.4794006347656 448.34788513183594 222.2183074951172 448.34788513183594
224.7076873779297 322.02618408203125 311.9693298339844 322.02618408203125 311.9693298339844 449.9930877685547 224.7076873779297 449.9930877685547
230.00527954101562 322.6619567871094 316.8513641357422 322.6619567871094 316.8513641357422 447.6965637207031 230.00527954101562 447.6965637207031
228.17831420898438 321.53192138671875 314.8284454345703 321.53192138671875 314.8284454345703 447.2278823852539 228.17831420898438 447.2278823852539
228.88516235351562 325.260009765625 314.7868347167969 325.260009765625 314.7868347167969 448.04139709472656 228.88516235351562 448.04139709472656
227.64877319335938 324.79083251953125 313.76416778564453 324.79083251953125 313.76416778564453 448.4372787475586 227.64877319335938 448.4372787475586
221.579345703125 326.8536071777344 317.44510650634766 326.8536071777344 317.44510650634766 444.38793182373047 221.579345703125 444.38793182373047
227.38760375976562 324.73455810546875 318.9336471557617 324.73455810546875 318.9336471557617 448.08958435058594 227.38760375976562 448.08958435058594
237.80593872070312 325.37310791015625 330.33863830566406 325.37310791015625 330.33863830566406 442.0548858642578 237.80593872070312 442.0548858642578
245.0885772705078 324.4621276855469 339.9208221435547 324.4621276855469 339.9208221435547 442.2809753417969 245.0885772705078 442.2809753417969
245.57589721679688 323.59674072265625 333.20567321777344 323.59674072265625 333.20567321777344 447.44039154052734 245.57589721679688 447.44039154052734
245.6231689453125 325.52655029296875 331.79232025146484 325.52655029296875 331.79232025146484 447.2176742553711 245.6231689453125 447.2176742553711
247.6923065185547 321.4948425292969 334.5866394042969 321.4948425292969 334.5866394042969 447.5046844482422 247.6923065185547 447.5046844482422
249.54727172851562 322.42401123046875 336.24488067626953 322.42401123046875 336.24488067626953 447.15931701660156 249.54727172851562 447.15931701660156
250.033447265625 317.6890563964844 337.6500701904297 317.6890563964844 337.6500701904297 446.70668029785156 250.033447265625 446.70668029785156
247.1032257080078 321.17950439453125 333.7008056640625 321.17950439453125 333.7008056640625 447.74481201171875 247.1032257080078 447.74481201171875
248.97781372070312 323.5903015136719 334.91683197021484 323.5903015136719 334.91683197021484 446.34388732910156 248.97781372070312 446.34388732910156
248.99948120117188 321.3926086425781 335.10760498046875 321.3926086425781 335.10760498046875 447.6138381958008 248.99948120117188 447.6138381958008
249.39932250976562 321.5163879394531 335.8977737426758 321.5163879394531 335.8977737426758 446.88379669189453 249.39932250976562 446.88379669189453
247.88916015625 320.99090576171875 334.69044494628906 320.99090576171875 334.69044494628906 448.34151458740234 247.88916015625 448.34151458740234
247.1246337890625 323.370361328125 333.37669372558594 323.370361328125 333.37669372558594 447.6811981201172 247.1246337890625 447.6811981201172
249.87442016601562 321.072021484375 336.8897018432617 321.072021484375 336.8897018432617 446.26365661621094 249.87442016601562 446.26365661621094
247.3313446044922 322.86981201171875 333.9729309082031 322.86981201171875 333.9729309082031 448.47564697265625 247.3313446044922 448.47564697265625
248.71255493164062 320.19110107421875 336.3216552734375 320.19110107421875 336.3216552734375 446.33404541015625 248.71255493164062 446.33404541015625
249.46157836914062 322.7601013183594 336.4796371459961 322.7601013183594 336.4796371459961 446.3166198730469 249.46157836914062 446.3166198730469
247.76577758789062 322.185546875 334.9938278198242 322.185546875 334.9938278198242 448.07029724121094 247.76577758789062 448.07029724121094
247.11685180664062 323.03057861328125 333.7541961669922 323.03057861328125 333.7541961669922 447.9695281982422 247.11685180664062 447.9695281982422
249.45364379882812 322.5860900878906 336.0557403564453 322.5860900878906 336.0557403564453 447.2363815307617 249.45364379882812 447.2363815307617
249.44955444335938 322.5537414550781 335.04959869384766 322.5537414550781 335.04959869384766 448.21311950683594 249.44955444335938 448.21311950683594
247.663818359375 323.185791015625 334.4768829345703 323.185791015625 334.4768829345703 447.90804290771484 247.663818359375 447.90804290771484
246.71426391601562 319.5691833496094 334.5143280029297 319.5691833496094 334.5143280029297 449.08245849609375 246.71426391601562 449.08245849609375
248.00796508789062 320.81353759765625 334.72969818115234 320.81353759765625 334.72969818115234 448.48746490478516 248.00796508789062 448.48746490478516
249.0635986328125 322.77154541015625 335.7408447265625 322.77154541015625 335.7408447265625 447.6910858154297 249.0635986328125 447.6910858154297
249.7157440185547 322.44268798828125 336.16068267822266 322.44268798828125 336.16068267822266 447.83094787597656 249.7157440185547 447.83094787597656
248.94384765625 322.35736083984375 334.79859924316406 322.35736083984375 334.79859924316406 448.83953857421875 248.94384765625 448.83953857421875
248.74276733398438 319.7220764160156 337.0387878417969 319.7220764160156 337.0387878417969 448.52679443359375 248.74276733398438 448.52679443359375
251.084716796875 319.595947265625 339.4579162597656 319.595947265625 339.4579162597656 447.3317413330078 251.084716796875 447.3317413330078
247.2715606689453 322.3282165527344 333.7644500732422 322.3282165527344 333.7644500732422 450.3239059448242 247.2715606689453 450.3239059448242
250.58175659179688 323.14080810546875 336.6826629638672 323.14080810546875 336.6826629638672 447.12477111816406 250.58175659179688 447.12477111816406
249.1376495361328 321.79058837890625 335.5237579345703 321.79058837890625 335.5237579345703 447.5805435180664 249.1376495361328 447.5805435180664
247.1955108642578 325.9144592285156 332.04718017578125 325.9144592285156 332.04718017578125 450.8933868408203 247.1955108642578 450.8933868408203
249.68252563476562 322.9600524902344 335.6410598754883 322.9600524902344 335.6410598754883 448.07091522216797 249.68252563476562 448.07091522216797
249.1068572998047 322.69635009765625 334.8182678222656 322.69635009765625 334.8182678222656 449.44210052490234 249.1068572998047 449.44210052490234
251.6842498779297 321.7203063964844 339.1099395751953 321.7203063964844 339.1099395751953 447.84095764160156 251.6842498779297 447.84095764160156
251.31436157226562 321.85211181640625 339.3754425048828 321.85211181640625 339.3754425048828 446.43733978271484 251.31436157226562 446.43733978271484
248.68240356445312 322.4530334472656 335.51673889160156 322.4530334472656 335.51673889160156 449.08518981933594 248.68240356445312 449.08518981933594
251.3135528564453 319.4015808105469 340.3248062133789 319.4015808105469 340.3248062133789 448.34474182128906 251.3135528564453 448.34474182128906
250.2174072265625 318.94476318359375 340.0512237548828 318.94476318359375 340.0512237548828 448.20753479003906 250.2174072265625 448.20753479003906
251.4472198486328 321.50689697265625 337.6204147338867 321.50689697265625 337.6204147338867 448.22825622558594 251.4472198486328 448.22825622558594
251.8739776611328 322.1249694824219 339.4484558105469 322.1249694824219 339.4484558105469 446.9553680419922 251.8739776611328 446.9553680419922
251.9801025390625 322.7073974609375 338.4607620239258 322.7073974609375 338.4607620239258 447.68131256103516 251.9801025390625 447.68131256103516
250.920654296875 319.8820495605469 339.0843963623047 319.8820495605469 339.0843963623047 449.16204833984375 250.920654296875 449.16204833984375
252.62283325195312 322.4241027832031 341.5602493286133 322.4241027832031 341.5602493286133 447.71864318847656 252.62283325195312 447.71864318847656
250.6399688720703 321.84722900390625 339.9238586425781 321.84722900390625 339.9238586425781 448.69183349609375 250.6399688720703 448.69183349609375
252.818603515625 322.5497131347656 341.0529556274414 322.5497131347656 341.0529556274414 447.6471252441406 252.818603515625 447.6471252441406
253.8275146484375 322.65863037109375 342.06996154785156 322.65863037109375 342.06996154785156 448.2043914794922 253.8275146484375 448.2043914794922
251.15750122070312 322.4342956542969 338.53013610839844 322.4342956542969 338.53013610839844 448.7880325317383 251.15750122070312 448.7880325317383
251.96481323242188 320.17822265625 340.71287536621094 320.17822265625 340.71287536621094 447.6438980102539 251.96481323242188 447.6438980102539
250.9253387451172 319.8641052246094 340.3453063964844 319.8641052246094 340.3453063964844 448.84344482421875 250.9253387451172 448.84344482421875
248.4153289794922 321.00677490234375 336.2499313354492 321.00677490234375 336.2499313354492 450.75440979003906 248.4153289794922 450.75440979003906
248.0400390625 322.72467041015625 335.74830627441406 322.72467041015625 335.74830627441406 449.47837829589844 248.0400390625 449.47837829589844
251.42626953125 323.85821533203125 338.37782287597656 323.85821533203125 338.37782287597656 448.3084945678711 251.42626953125 448.3084945678711
250.38223266601562 325.2145080566406 335.9723205566406 325.2145080566406 335.9723205566406 449.56275177001953 250.38223266601562 449.56275177001953
251.0078125 323.18829345703125 338.41770935058594 323.18829345703125 338.41770935058594 450.10545349121094 251.0078125 450.10545349121094
252.86767578125 321.5704040527344 340.4967803955078 321.5704040527344 340.4967803955078 447.0082321166992 252.86767578125 447.0082321166992
253.135498046875 321.63006591796875 341.2607727050781 321.63006591796875 341.2607727050781 447.92977142333984 253.135498046875 447.92977142333984
254.5211944580078 321.01458740234375 342.7916717529297 321.01458740234375 342.7916717529297 447.4649658203125 254.5211944580078 447.4649658203125
253.25900268554688 320.2886657714844 341.5007858276367 320.2886657714844 341.5007858276367 447.48948669433594 253.25900268554688 447.48948669433594
244.60458374023438 323.3530578613281 343.1314697265625 323.3530578613281 343.1314697265625 441.7412872314453 244.60458374023438 441.7412872314453
232.91525268554688 323.6582946777344 327.279296875 323.6582946777344 327.279296875 447.2725296020508 232.91525268554688 447.2725296020508
232.9385528564453 323.01348876953125 323.05570220947266 323.01348876953125 323.05570220947266 447.70111083984375 232.9385528564453 447.70111083984375
223.4615936279297 321.8116455078125 320.0488739013672 321.8116455078125 320.0488739013672 442.90657806396484 223.4615936279297 442.90657806396484
214.4945831298828 325.31793212890625 309.6445007324219 325.31793212890625 309.6445007324219 447.16751861572266 214.4945831298828 447.16751861572266
216.6129913330078 319.3115234375 311.6800079345703 319.3115234375 311.6800079345703 445.75596618652344 216.6129913330078 445.75596618652344
207.2124481201172 321.54339599609375 303.8424987792969 321.54339599609375 303.8424987792969 443.90826416015625 207.2124481201172 443.90826416015625
197.98233032226562 322.46966552734375 297.1018829345703 322.46966552734375 297.1018829345703 442.5138397216797 197.98233032226562 442.5138397216797
193.24952697753906 322.520751953125 290.0293273925781 322.520751953125 290.0293273925781 445.49979400634766 193.24952697753906 445.49979400634766
185.53146362304688 321.8689270019531 284.0144958496094 321.8689270019531 284.0144958496094 445.31678009033203 185.53146362304688 445.31678009033203
191.1021728515625 318.3319091796875 283.8153305053711 318.3319091796875 283.8153305053711 447.2928771972656 191.1021728515625 447.2928771972656
192.27182006835938 318.8228454589844 281.80218505859375 318.8228454589844 281.80218505859375 445.5668411254883 192.27182006835938 445.5668411254883
190.47293090820312 316.6926574707031 281.66930389404297 316.6926574707031 281.66930389404297 447.0403137207031 190.47293090820312 447.0403137207031
190.4176483154297 317.2967224121094 281.82305908203125 317.2967224121094 281.82305908203125 446.52178955078125 190.4176483154297 446.52178955078125
189.7778778076172 320.1126403808594 277.78546142578125 320.1126403808594 277.78546142578125 448.38763427734375 189.7778778076172 448.38763427734375
190.4490203857422 318.48956298828125 278.9474182128906 318.48956298828125 278.9474182128906 447.8616485595703 190.4490203857422 447.8616485595703
190.95693969726562 319.0987854003906 279.3658905029297 319.0987854003906 279.3658905029297 447.855712890625 190.95693969726562 447.855712890625
190.38059997558594 319.37860107421875 279.969482421875 319.37860107421875 279.969482421875 447.1452865600586 190.38059997558594 447.1452865600586
192.0281982421875 319.845458984375 280.9467315673828 319.845458984375 280.9467315673828 447.6068344116211 192.0281982421875 447.6068344116211
192.1180877685547 320.98333740234375 280.34226989746094 320.98333740234375 280.34226989746094 447.95562744140625 192.1180877685547 447.95562744140625
192.08010864257812 319.9712829589844 280.1839141845703 319.9712829589844 280.1839141845703 447.7770462036133 192.08010864257812 447.7770462036133
194.2106170654297 319.7211608886719 281.2966003417969 319.7211608886719 281.2966003417969 447.65330505371094 194.2106170654297 447.65330505371094
191.3625030517578 321.37957763671875 280.34104919433594 321.37957763671875 280.34104919433594 447.9124984741211 191.3625030517578 447.9124984741211
190.77516174316406 320.6127624511719 280.1896286010742 320.6127624511719 280.1896286010742 448.4995422363281 190.77516174316406 448.4995422363281
190.71778869628906 319.0350646972656 281.3085250854492 319.0350646972656 281.3085250854492 447.77854919433594 190.71778869628906 447.77854919433594
193.90731811523438 318.0108337402344 283.2973098754883 318.0108337402344 283.2973098754883 446.9878387451172 193.90731811523438 446.9878387451172
191.66307067871094 318.7043762207031 281.22889709472656 318.7043762207031 281.22889709472656 449.6900634765625 191.66307067871094 449.6900634765625
198.4759063720703 320.99371337890625 284.3067932128906 320.99371337890625 284.3067932128906 454.4212951660156 198.4759063720703 454.4212951660156
196.6358642578125 322.6461181640625 282.3621063232422 322.6461181640625 282.3621063232422 452.1718292236328 196.6358642578125 452.1718292236328
198.97726440429688 329.24169921875 280.5596160888672 329.24169921875 280.5596160888672 450.8234405517578 198.97726440429688 450.8234405517578
198.00070190429688 328.87701416015625 278.3173522949219 328.87701416015625 278.3173522949219 455.8058090209961 198.00070190429688 455.8058090209961
200.94107055664062 331.63372802734375 281.6005096435547 331.63372802734375 281.6005096435547 455.51053619384766 200.94107055664062 455.51053619384766
203.1689910888672 337.61285400390625 279.8059310913086 337.61285400390625 279.8059310913086 455.7376251220703 203.1689910888672 455.7376251220703
206.98196411132812 338.72503662109375 284.9090118408203 338.72503662109375 284.9090118408203 456.11094665527344 206.98196411132812 456.11094665527344
208.7791290283203 342.41082763671875 284.6549301147461 342.41082763671875 284.6549301147461 458.0581283569336 208.7791290283203 458.0581283569336
210.4723663330078 345.27886962890625 284.7453308105469 345.27886962890625 284.7453308105469 458.31639099121094 210.4723663330078 458.31639099121094
206.55868530273438 349.0792541503906 279.57667541503906 349.0792541503906 279.57667541503906 458.63048553466797 206.55868530273438 458.63048553466797
210.11911010742188 353.29547119140625 281.3553695678711 353.29547119140625 281.3553695678711 459.1949234008789 210.11911010742188 459.1949234008789
208.65371704101562 355.7655334472656 278.8546447753906 355.7655334472656 278.8546447753906 458.9398727416992 208.65371704101562 458.9398727416992
205.92282104492188 358.5542297363281 274.93231201171875 358.5542297363281 274.93231201171875 459.2107696533203 205.92282104492188 459.2107696533203
206.01455688476562 361.79022216796875 273.6055603027344 361.79022216796875 273.6055603027344 458.99998474121094 206.01455688476562 458.99998474121094
205.0863037109375 365.87567138671875 269.8366241455078 365.87567138671875 269.8366241455078 458.9999542236328 205.0863037109375 458.9999542236328
207.60580444335938 367.0587158203125 271.53356170654297 367.0587158203125 271.53356170654297 458.99998474121094 207.60580444335938 458.99998474121094
204.4344940185547 367.86090087890625 267.80448150634766 367.86090087890625 267.80448150634766 458.99998474121094 204.4344940185547 458.99998474121094
208.8162841796875 368.37060546875 271.83185958862305 368.37060546875 271.83185958862305 458.9999771118164 208.8162841796875 458.9999771118164
209.7398681640625 370.84619140625 271.03414154052734 370.84619140625 271.03414154052734 458.9999771118164 209.7398681640625 458.9999771118164
209.9237823486328 371.82489013671875 270.5375747680664 371.82489013671875 270.5375747680664 459.0 209.9237823486328 459.0
207.5745849609375 373.0069885253906 267.3664665222168 373.0069885253906 267.3664665222168 459.00001525878906 207.5745849609375 459.00001525878906
210.63046264648438 372.3773498535156 270.8601188659668 372.3773498535156 270.8601188659668 458.99998474121094 210.63046264648438 458.99998474121094
210.9071807861328 371.9649658203125 272.2436180114746 371.9649658203125 272.2436180114746 458.51454162597656 210.9071807861328 458.51454162597656
210.880859375 369.6540222167969 273.00407791137695 369.6540222167969 273.00407791137695 459.00000762939453 210.880859375 459.00000762939453
209.7068634033203 370.28826904296875 271.3890838623047 370.28826904296875 271.3890838623047 459.00001525878906 209.7068634033203 459.00001525878906
207.90225219726562 368.7411804199219 270.6601676940918 368.7411804199219 270.6601676940918 459.0 207.90225219726562 459.0
213.27035522460938 370.15765380859375 280.6220245361328 370.15765380859375 280.6220245361328 454.3818817138672 213.27035522460938 454.3818817138672
213.8817596435547 368.44537353515625 276.84536361694336 368.44537353515625 276.84536361694336 459.00003814697266 213.8817596435547 459.00003814697266
224.46182250976562 369.46551513671875 286.7160758972168 369.46551513671875 286.7160758972168 458.99998474121094 224.46182250976562 458.99998474121094
230.92874145507812 372.6779479980469 297.34867095947266 372.6779479980469 297.34867095947266 454.80696868896484 230.92874145507812 454.80696868896484
231.9032745361328 372.6228942871094 299.56180572509766 372.6228942871094 299.56180572509766 453.60650634765625 231.9032745361328 453.60650634765625
239.0098876953125 370.6504821777344 301.82410430908203 370.6504821777344 301.82410430908203 457.9755859375 239.0098876953125 457.9755859375
243.731689453125 368.6204528808594 311.86585235595703 368.6204528808594 311.86585235595703 454.7416229248047 243.731689453125 454.7416229248047
249.8859100341797 368.9106140136719 317.8976821899414 368.9106140136719 317.8976821899414 455.19313049316406 249.8859100341797 455.19313049316406
256.97589111328125 368.8324890136719 319.6702995300293 368.8324890136719 319.6702995300293 458.99999237060547 256.97589111328125 458.99999237060547
265.7132568359375 369.01385498046875 332.3455352783203 369.01385498046875 332.3455352783203 456.2581100463867 265.7132568359375 456.2581100463867
275.42095947265625 369.65020751953125 344.12652587890625 369.65020751953125 344.12652587890625 453.28907012939453 275.42095947265625 453.28907012939453
275.2480163574219 370.3777160644531 341.7461395263672 370.3777160644531 341.7461395263672 455.99340057373047 275.2480163574219 455.99340057373047
284.228759765625 369.6340026855469 353.96007537841797 369.6340026855469 353.96007537841797 454.24803924560547 284.228759765625 454.24803924560547
292.95550537109375 367.8943176269531 360.84712982177734 367.8943176269531 360.84712982177734 456.57421112060547 292.95550537109375 456.57421112060547
299.78448486328125 367.29315185546875 363.5492134094238 367.29315185546875 363.5492134094238 458.99998474121094 299.78448486328125 458.99998474121094
303.3954772949219 366.37969970703125 369.10755157470703 366.37969970703125 369.10755157470703 458.40020751953125 303.3954772949219 458.40020751953125
310.41143798828125 369.45660400390625 376.5007019042969 369.45660400390625 376.5007019042969 457.52061462402344 310.41143798828125 457.52061462402344
313.52679443359375 367.43341064453125 377.19401931762695 367.43341064453125 377.19401931762695 459.00001525878906 313.52679443359375 459.00001525878906
317.8045959472656 367.0309143066406 386.57171630859375 367.0309143066406 386.57171630859375 454.2439422607422 317.8045959472656 454.2439422607422
324.4056396484375 365.71295166015625 389.2690887451172 365.71295166015625 389.2690887451172 458.99998474121094 324.4056396484375 458.99998474121094
327.9872131347656 366.0400390625 392.6232376098633 366.0400390625 392.6232376098633 459.0 327.9872131347656 459.0
332.0401611328125 367.2897033691406 395.80728912353516 367.2897033691406 395.80728912353516 459.00000762939453 332.0401611328125 459.00000762939453
336.8917236328125 369.17803955078125 402.7025146484375 369.17803955078125 402.7025146484375 457.3373718261719 336.8917236328125 457.3373718261719
348.66998291015625 369.785888671875 418.2176208496094 369.785888671875 418.2176208496094 453.2854461669922 348.66998291015625 453.2854461669922
357.4242248535156 365.8287048339844 425.8140869140625 365.8287048339844 425.8140869140625 454.9457244873047 357.4242248535156 454.9457244873047
363.2952880859375 370.04388427734375 430.8213653564453 370.04388427734375 430.8213653564453 453.87913513183594 363.2952880859375 453.87913513183594
368.7374572753906 369.8204040527344 437.68052673339844 369.8204040527344 437.68052673339844 454.6922149658203 368.7374572753906 454.6922149658203
372.4546813964844 364.7271728515625 438.00355529785156 364.7271728515625 438.00355529785156 459.00001525878906 372.4546813964844 459.00001525878906
384.36224365234375 367.31689453125 451.7210235595703 367.31689453125 451.7210235595703 457.2505798339844 384.36224365234375 457.2505798339844
388.41241455078125 362.62744140625 455.4212417602539 362.62744140625 455.4212417602539 458.99999237060547 388.41241455078125 458.99999237060547
391.21441650390625 364.83447265625 456.6886901855469 364.83447265625 456.6886901855469 459.0000228881836 391.21441650390625 459.0000228881836
397.73089599609375 361.4662170410156 465.54713439941406 361.4662170410156 465.54713439941406 459.0 397.73089599609375 459.0
400.4427185058594 362.153564453125 469.1729278564453 362.153564453125 469.1729278564453 458.25479888916016 400.4427185058594 458.25479888916016
407.8715515136719 361.2720947265625 475.82276153564453 361.2720947265625 475.82276153564453 458.99998474121094 407.8715515136719 458.99998474121094
414.50860595703125 364.1708068847656 488.32381439208984 364.1708068847656 488.32381439208984 453.6984558105469 414.50860595703125 453.6984558105469
419.38922119140625 365.2269592285156 493.65382385253906 365.2269592285156 493.65382385253906 452.1163558959961 419.38922119140625 452.1163558959961
427.9559631347656 364.16693115234375 501.89148712158203 364.16693115234375 501.89148712158203 452.931640625 427.9559631347656 452.931640625
434.30316162109375 361.60076904296875 503.39437103271484 361.60076904296875 503.39437103271484 457.6808395385742 434.30316162109375 457.6808395385742
444.64678955078125 362.7345275878906 519.1307983398438 362.7345275878906 519.1307983398438 453.80033111572266 444.64678955078125 453.80033111572266
445.233642578125 360.51519775390625 513.7111587524414 360.51519775390625 513.7111587524414 459.0000228881836 445.233642578125 459.0000228881836
454.24053955078125 366.12725830078125 526.8928909301758 366.12725830078125 526.8928909301758 454.91004943847656 454.24053955078125 454.91004943847656
461.0154724121094 362.3124694824219 528.2433013916016 362.3124694824219 528.2433013916016 458.99998474121094 461.0154724121094 458.99998474121094
470.67877197265625 364.85943603515625 541.9041213989258 364.85943603515625 541.9041213989258 456.32752227783203 470.67877197265625 456.32752227783203
471.6058654785156 366.66107177734375 545.3982620239258 366.66107177734375 545.3982620239258 454.04225158691406 471.6058654785156 454.04225158691406
477.19366455078125 362.3074645996094 550.3656616210938 362.3074645996094 550.3656616210938 456.13478088378906 477.19366455078125 456.13478088378906
484.8667907714844 360.1866149902344 553.5727462768555 360.1866149902344 553.5727462768555 459.0 484.8667907714844 459.0
489.58306884765625 361.8684997558594 561.9850082397461 361.8684997558594 561.9850082397461 456.33448791503906 489.58306884765625 456.33448791503906
488.3282775878906 357.855224609375 558.6552734375 357.855224609375 558.6552734375 459.0 488.3282775878906 459.0
495.55694580078125 359.1075744628906 565.0131683349609 359.1075744628906 565.0131683349609 459.00000762939453 495.55694580078125 459.00000762939453
508.55255126953125 361.5674743652344 583.2744750976562 361.5674743652344 583.2744750976562 454.06238555908203 508.55255126953125 454.06238555908203
516.0323486328125 359.5316162109375 585.1937103271484 359.5316162109375 585.1937103271484 458.99999237060547 516.0323486328125 458.99999237060547
520.6762084960938 364.1971130371094 594.5047988891602 364.1971130371094 594.5047988891602 454.3463592529297 520.6762084960938 454.3463592529297
525.870849609375 360.9349670410156 594.0564346313477 360.9349670410156 594.0564346313477 458.9999771118164 525.870849609375 458.9999771118164
535.4189453125 367.20751953125 608.2041778564453 367.20751953125 608.2041778564453 454.706298828125 535.4189453125 454.706298828125
540.1661376953125 361.64080810546875 607.8609390258789 361.64080810546875 607.8609390258789 458.9999771118164 540.1661376953125 458.9999771118164
547.205810546875 363.7286071777344 616.2943344116211 363.7286071777344 616.2943344116211 457.62913513183594 547.205810546875 457.62913513183594
552.7181396484375 363.04803466796875 619.4208374023438 363.04803466796875 619.4208374023438 458.98036193847656 552.7181396484375 458.98036193847656
552.2340087890625 362.062744140625 621.3373565673828 362.062744140625 621.3373565673828 457.5320281982422 552.2340087890625 457.5320281982422
564.3826293945312 368.9968566894531 631.7204360961914 368.9968566894531 631.7204360961914 453.2690658569336 564.3826293945312 453.2690658569336
566.766357421875 368.2862243652344 632.6582489013672 368.2862243652344 632.6582489013672 453.04078674316406 566.766357421875 453.04078674316406
565.8058471679688 369.924560546875 631.3791122436523 369.924560546875 631.3791122436523 454.8853530883789 565.8058471679688 454.8853530883789
566.5573120117188 372.43646240234375 630.2513198852539 372.43646240234375 630.2513198852539 453.37044525146484 566.5573120117188 453.37044525146484
566.173583984375 366.3128356933594 629.0000076293945 366.3128356933594 629.0000076293945 456.6702575683594 566.173583984375 456.6702575683594
568.8592529296875 373.08111572265625 630.7607192993164 373.08111572265625 630.7607192993164 457.4500427246094 568.8592529296875 457.4500427246094
569.7210693359375 372.0633850097656 631.2137336730957 372.0633850097656 631.2137336730957 455.72896575927734 569.7210693359375 455.72896575927734
570.6516723632812 371.30133056640625 630.7709770202637 371.30133056640625 630.7709770202637 455.2184371948242 570.6516723632812 455.2184371948242
569.3289184570312 372.2954406738281 630.8105583190918 372.2954406738281 630.8105583190918 458.2451934814453 569.3289184570312 458.2451934814453
569.9520874023438 369.39849853515625 630.9080085754395 369.39849853515625 630.9080085754395 453.4888610839844 569.9520874023438 453.4888610839844
571.4253540039062 373.3138122558594 631.3153800964355 373.3138122558594 631.3153800964355 455.73104095458984 571.4253540039062 455.73104095458984
571.3909912109375 370.42572021484375 630.2149276733398 370.42572021484375 630.2149276733398 454.00294494628906 571.3909912109375 454.00294494628906
570.6834716796875 367.541015625 628.9999694824219 367.541015625 628.9999694824219 451.4122085571289 570.6834716796875 451.4122085571289
572.6646728515625 369.22784423828125 631.2411689758301 369.22784423828125 631.2411689758301 449.61512756347656 572.6646728515625 449.61512756347656
572.6637573242188 366.10821533203125 630.6399230957031 366.10821533203125 630.6399230957031 447.8337936401367 572.6637573242188 447.8337936401367
570.33203125 368.70831298828125 628.9999694824219 368.70831298828125 628.9999694824219 453.0849609375 570.33203125 453.0849609375
570.2320556640625 372.46978759765625 630.5906982421875 372.46978759765625 630.5906982421875 457.79783630371094 570.2320556640625 457.79783630371094
567.8558349609375 368.74603271484375 631.1209716796875 368.74603271484375 631.1209716796875 455.2215805053711 567.8558349609375 455.2215805053711
566.2470092773438 368.320556640625 630.9309692382812 368.320556640625 630.9309692382812 456.9341583251953 566.2470092773438 456.9341583251953
568.365478515625 369.79583740234375 631.0286636352539 369.79583740234375 631.0286636352539 458.1618957519531 568.365478515625 458.1618957519531
568.2493896484375 368.76422119140625 631.021167755127 368.76422119140625 631.021167755127 457.51422119140625 568.2493896484375 457.51422119140625
569.3500366210938 370.17034912109375 631.1904525756836 370.17034912109375 631.1904525756836 455.8003463745117 569.3500366210938 455.8003463745117
569.9241333007812 369.64544677734375 631.3493881225586 369.64544677734375 631.3493881225586 454.0578155517578 569.9241333007812 454.0578155517578
569.696044921875 376.2465515136719 630.0518798828125 376.2465515136719 630.0518798828125 452.51355743408203 569.696044921875 452.51355743408203
569.8280029296875 368.82928466796875 628.9999580383301 368.82928466796875 628.9999580383301 453.93080139160156 569.8280029296875 453.93080139160156
570.2155151367188 372.29095458984375 628.9999465942383 372.29095458984375 628.9999465942383 456.8351287841797 570.2155151367188 456.8351287841797
569.0897216796875 372.23822021484375 628.9999465942383 372.23822021484375 628.9999465942383 458.4015197753906 569.0897216796875 458.4015197753906
569.2101440429688 370.90252685546875 629.0000495910645 370.90252685546875 629.0000495910645 456.89278411865234 569.2101440429688 456.89278411865234
568.9475708007812 366.96820068359375 628.9999504089355 366.96820068359375 628.9999504089355 453.33595275878906 568.9475708007812 453.33595275878906
569.8753051757812 340.3486633300781 629.0000381469727 340.3486633300781 629.0000381469727 425.38226318359375 569.8753051757812 425.38226318359375
568.4810791015625 371.4986267089844 629.0 371.4986267089844 629.0 458.537353515625 568.4810791015625 458.537353515625
568.3182373046875 370.46087646484375 629.0000076293945 370.46087646484375 629.0000076293945 457.7338104248047 568.3182373046875 457.7338104248047
567.8541259765625 371.0596008300781 628.9999923706055 371.0596008300781 628.9999923706055 459.00000762939453 567.8541259765625 459.00000762939453
537.14990234375 348.8458557128906 598.7346000671387 348.8458557128906 598.7346000671387 437.41739654541016 537.14990234375 437.41739654541016
456.5536193847656 370.02532958984375 518.2007255554199 370.02532958984375 518.2007255554199 458.68663024902344 456.5536193847656 458.68663024902344
432.0283203125 373.1944274902344 491.6898193359375 373.1944274902344 491.6898193359375 459.00001525878906 432.0283203125 459.00001525878906
439.67327880859375 376.27960205078125 497.1896286010742 376.27960205078125 497.1896286010742 459.00001525878906 439.67327880859375 459.00001525878906
430.12274169921875 379.08197021484375 485.69055938720703 379.08197021484375 485.69055938720703 458.99998474121094 430.12274169921875 458.99998474121094
427.99371337890625 381.71142578125 481.7332458496094 381.71142578125 481.7332458496094 458.99998474121094 427.99371337890625 458.99998474121094
429.7328186035156 382.113037109375 483.1766586303711 382.113037109375 483.1766586303711 458.97633361816406 429.7328186035156 458.97633361816406
433.3479919433594 384.543212890625 485.11857986450195 384.543212890625 485.11857986450195 459.0000305175781 433.3479919433594 459.0000305175781
434.9828186035156 385.5909729003906 486.0248832702637 385.5909729003906 486.0248832702637 459.0000305175781 434.9828186035156 459.0000305175781
444.35382080078125 386.3518371582031 494.8668327331543 386.3518371582031 494.8668327331543 459.00001525878906 444.35382080078125 459.00001525878906
452.13690185546875 384.99371337890625 503.4395561218262 384.99371337890625 503.4395561218262 458.7775650024414 452.13690185546875 458.7775650024414
460.1087951660156 387.49285888671875 509.82844161987305 387.49285888671875 509.82844161987305 459.00001525878906 460.1087951660156 459.00001525878906
469.74395751953125 385.5456848144531 520.8174781799316 385.5456848144531 520.8174781799316 458.99998474121094 469.74395751953125 458.99998474121094
475.1141052246094 385.9200439453125 525.6668167114258 385.9200439453125 525.6668167114258 458.6253204345703 475.1141052246094 458.6253204345703
484.6742248535156 386.04083251953125 535.4034652709961 386.04083251953125 535.4034652709961 459.0 484.6742248535156 459.0
491.6122131347656 385.92706298828125 542.2762985229492 385.92706298828125 542.2762985229492 458.7925262451172 491.6122131347656 458.7925262451172
492.1206970214844 385.58062744140625 543.1246948242188 385.58062744140625 543.1246948242188 458.9349594116211 492.1206970214844 458.9349594116211
493.48797607421875 384.73486328125 545.1252822875977 384.73486328125 545.1252822875977 459.00001525878906 493.48797607421875 459.00001525878906
493.4044494628906 385.0851745605469 544.798168182373 385.0851745605469 544.798168182373 459.0 493.4044494628906 459.0
491.76397705078125 384.66229248046875 543.451732635498 384.66229248046875 543.451732635498 459.0 491.76397705078125 459.0
498.374267578125 385.0810241699219 549.7708740234375 385.0810241699219 549.7708740234375 459.00000762939453 498.374267578125 459.00000762939453
507.0489196777344 386.54791259765625 557.4038429260254 386.54791259765625 557.4038429260254 458.96873474121094 507.0489196777344 458.96873474121094
514.1983642578125 385.91729736328125 565.013500213623 385.91729736328125 565.013500213623 459.00000762939453 514.1983642578125 459.00000762939453
513.5680541992188 384.2408752441406 565.5472640991211 384.2408752441406 565.5472640991211 458.99776458740234 513.5680541992188 458.99776458740234
513.9991455078125 383.54644775390625 566.4627380371094 383.54644775390625 566.4627380371094 458.99998474121094 513.9991455078125 458.99998474121094
514.6346435546875 385.3952331542969 565.8127746582031 385.3952331542969 565.8127746582031 459.00001525878906 514.6346435546875 459.00001525878906
513.3797607421875 386.09539794921875 563.946159362793 386.09539794921875 563.946159362793 458.8203887939453 513.3797607421875 458.8203887939453
514.0414428710938 385.2445983886719 565.3243026733398 385.2445983886719 565.3243026733398 459.00000762939453 514.0414428710938 459.00000762939453
514.6746826171875 386.2882995605469 565.231819152832 386.2882995605469 565.231819152832 458.9999694824219 514.6746826171875 458.9999694824219
513.1561889648438 386.78472900390625 563.3681945800781 386.78472900390625 563.3681945800781 459.0000228881836 513.1561889648438 459.0000228881836
518.7183227539062 385.98187255859375 569.4885635375977 385.98187255859375 569.4885635375977 459.0000305175781 518.7183227539062 459.0000305175781
525.3736572265625 385.1040954589844 576.7276306152344 385.1040954589844 576.7276306152344 458.96178436279297 525.3736572265625 458.96178436279297
533.9610595703125 386.9436950683594 584.0625114440918 386.9436950683594 584.0625114440918 459.00000762939453 533.9610595703125 459.00000762939453
537.3895263671875 385.81805419921875 588.273624420166 385.81805419921875 588.273624420166 458.9999771118164 537.3895263671875 458.9999771118164
537.7357788085938 386.38800048828125 588.2236099243164 386.38800048828125 588.2236099243164 459.00000762939453 537.7357788085938 459.00000762939453
536.58349609375 386.16259765625 587.2280387878418 386.16259765625 587.2280387878418 458.99999237060547 536.58349609375 458.99999237060547
536.4791259765625 384.4804382324219 588.0048942565918 384.4804382324219 588.0048942565918 458.5852279663086 536.4791259765625 458.5852279663086
537.5279541015625 385.26776123046875 588.6925811767578 385.26776123046875 588.6925811767578 458.85315704345703 537.5279541015625 458.85315704345703
537.3406982421875 385.5915222167969 588.3823127746582 385.5915222167969 588.3823127746582 459.0 537.3406982421875 459.0
536.5240478515625 385.17657470703125 587.8541679382324 385.17657470703125 587.8541679382324 458.99998474121094 536.5240478515625 458.99998474121094
538.1488037109375 385.30712890625 589.3576545715332 385.30712890625 589.3576545715332 458.9561309814453 538.1488037109375 458.9561309814453
