311.0 106.0 329.0 106.0 329.0 138.0 311.0 138.0
307.8988952636719 106.2199478149414 325.9497375488281 106.2199478149414 325.9497375488281 136.18197441101074 307.8988952636719 136.18197441101074
306.031005859375 106.07041931152344 324.0030708312988 106.07041931152344 324.0030708312988 135.5299415588379 306.031005859375 135.5299415588379
301.87652587890625 103.73616027832031 320.52889251708984 103.73616027832031 320.52889251708984 137.08324432373047 301.87652587890625 137.08324432373047
299.81268310546875 104.03544616699219 317.862606048584 104.03544616699219 317.862606048584 137.14457321166992 299.81268310546875 137.14457321166992
297.93072509765625 105.25545501708984 316.96850204467773 105.25545501708984 316.96850204467773 137.1970386505127 297.93072509765625 137.1970386505127
293.9859924316406 103.57115173339844 313.1491813659668 103.57115173339844 313.1491813659668 137.63904571533203 293.9859924316406 137.63904571533203
293.9346618652344 102.72651672363281 312.6086902618408 102.72651672363281 312.6086902618408 136.49811935424805 293.9346618652344 136.49811935424805
291.443359375 104.69572448730469 310.5182685852051 104.69572448730469 310.5182685852051 137.99813079833984 291.443359375 137.99813079833984
288.4559326171875 102.76591491699219 307.6503791809082 102.76591491699219 307.6503791809082 137.01825714111328 288.4559326171875 137.01825714111328
286.07244873046875 102.9700698852539 305.2692813873291 102.9700698852539 305.2692813873291 136.87958145141602 286.07244873046875 136.87958145141602
284.34185791015625 101.20733642578125 303.6467094421387 101.20733642578125 303.6467094421387 135.9089241027832 284.34185791015625 135.9089241027832
281.86407470703125 102.36101531982422 301.37730979919434 102.36101531982422 301.37730979919434 137.05121231079102 281.86407470703125 137.05121231079102
279.35516357421875 103.81993103027344 299.34984016418457 103.81993103027344 299.34984016418457 137.57282638549805 279.35516357421875 137.57282638549805
275.974609375 102.29203796386719 295.8153190612793 102.29203796386719 295.8153190612793 137.5644073486328 275.974609375 137.5644073486328
273.9384765625 100.95590209960938 293.91897201538086 100.95590209960938 293.91897201538086 136.34856033325195 273.9384765625 136.34856033325195
272.3641357421875 100.87433624267578 292.584285736084 100.87433624267578 292.584285736084 136.8212661743164 272.3641357421875 136.8212661743164
271.0742492675781 100.44580841064453 290.88055992126465 100.44580841064453 290.88055992126465 136.0592918395996 271.0742492675781 136.0592918395996
269.4311218261719 100.92508697509766 289.0919303894043 100.92508697509766 289.0919303894043 136.12038803100586 269.4311218261719 136.12038803100586
265.99761962890625 99.1712646484375 286.06448554992676 99.1712646484375 286.06448554992676 134.8456916809082 265.99761962890625 134.8456916809082
263.5875549316406 97.93983459472656 283.9271945953369 97.93983459472656 283.9271945953369 134.70306396484375 263.5875549316406 134.70306396484375
262.52020263671875 98.6114730834961 282.80874252319336 98.6114730834961 282.80874252319336 135.36470794677734 262.52020263671875 135.36470794677734
260.32916259765625 98.32331085205078 280.2371063232422 98.32331085205078 280.2371063232422 135.08579635620117 260.32916259765625 135.08579635620117
259.1951599121094 98.13563537597656 279.5099391937256 98.13563537597656 279.5099391937256 134.25079727172852 259.1951599121094 134.25079727172852
257.3975524902344 99.17755889892578 277.6024856567383 99.17755889892578 277.6024856567383 135.09744262695312 257.3975524902344 135.09744262695312
255.7561798095703 96.99869537353516 276.0650691986084 96.99869537353516 276.0650691986084 133.1033935546875 255.7561798095703 133.1033935546875
254.51016235351562 96.8227767944336 274.69357109069824 96.8227767944336 274.69357109069824 132.70439910888672 254.51016235351562 132.70439910888672
252.543212890625 97.84479522705078 272.5220069885254 97.84479522705078 272.5220069885254 133.36266326904297 252.543212890625 133.36266326904297
250.85482788085938 98.36495208740234 270.7315311431885 98.36495208740234 270.7315311431885 133.70132446289062 250.85482788085938 133.70132446289062
248.8673095703125 97.35201263427734 268.7456912994385 97.35201263427734 268.7456912994385 132.69136810302734 248.8673095703125 132.69136810302734
246.0562744140625 97.63858795166016 265.9945888519287 97.63858795166016 265.9945888519287 133.08448791503906 246.0562744140625 133.08448791503906
243.87112426757812 95.36650848388672 264.06708908081055 95.36650848388672 264.06708908081055 131.27045059204102 243.87112426757812 131.27045059204102
242.594970703125 95.80242919921875 262.5219306945801 95.80242919921875 262.5219306945801 131.29181671142578 242.594970703125 131.29181671142578
240.31222534179688 94.94983673095703 260.35433197021484 94.94983673095703 260.35433197021484 130.58024978637695 240.31222534179688 130.58024978637695
238.5137939453125 95.24851989746094 258.5991554260254 95.24851989746094 258.5991554260254 130.90859603881836 238.5137939453125 130.90859603881836
235.5072784423828 94.8257827758789 255.75658798217773 94.8257827758789 255.75658798217773 131.18588638305664 235.5072784423828 131.18588638305664
232.127197265625 92.98346710205078 252.66966819763184 92.98346710205078 252.66966819763184 129.50341796875 232.127197265625 129.50341796875
231.12890625 92.7435531616211 252.02050399780273 92.7435531616211 252.02050399780273 129.88417053222656 231.12890625 129.88417053222656
228.0570526123047 92.75337219238281 248.45604133605957 92.75337219238281 248.45604133605957 131.1081314086914 228.0570526123047 131.1081314086914
225.3623046875 92.098388671875 245.97756385803223 92.098388671875 245.97756385803223 129.8058319091797 225.3623046875 129.8058319091797
223.0704803466797 91.69075012207031 244.15654754638672 91.69075012207031 244.15654754638672 129.1770896911621 223.0704803466797 129.1770896911621
221.14340209960938 90.332275390625 242.63812446594238 90.332275390625 242.63812446594238 128.4630012512207 221.14340209960938 128.4630012512207
220.3137969970703 89.07373809814453 241.7675495147705 89.07373809814453 241.7675495147705 127.21374130249023 220.3137969970703 127.21374130249023
216.8585968017578 88.7045669555664 238.6144676208496 88.7045669555664 238.6144676208496 127.38166809082031 216.8585968017578 127.38166809082031
213.63330078125 89.9544448852539 235.27362632751465 89.9544448852539 235.27362632751465 128.42612838745117 213.63330078125 128.42612838745117
212.5739288330078 88.69468688964844 234.2140407562256 88.69468688964844 234.2140407562256 127.1659927368164 212.5739288330078 127.1659927368164
210.94790649414062 88.7771224975586 232.14619064331055 88.7771224975586 232.14619064331055 126.46295928955078 210.94790649414062 126.46295928955078
208.53128051757812 88.36578369140625 229.71555709838867 88.36578369140625 229.71555709838867 126.02708053588867 208.53128051757812 126.02708053588867
204.10421752929688 88.32310485839844 225.227632522583 88.32310485839844 225.227632522583 125.42199325561523 204.10421752929688 125.42199325561523
202.89736938476562 86.69804382324219 224.00054168701172 86.69804382324219 224.00054168701172 124.21479034423828 202.89736938476562 124.21479034423828
201.6193389892578 87.46575927734375 222.88579177856445 87.46575927734375 222.88579177856445 125.0781135559082 201.6193389892578 125.0781135559082
199.24893188476562 86.5110855102539 220.27121543884277 86.5110855102539 220.27121543884277 123.6214599609375 199.24893188476562 123.6214599609375
196.92962646484375 85.28499603271484 217.47819137573242 85.28499603271484 217.47819137573242 121.87201309204102 196.92962646484375 121.87201309204102
194.01519775390625 83.79447937011719 214.87782669067383 83.79447937011719 214.87782669067383 120.12084197998047 194.01519775390625 120.12084197998047
192.09478759765625 83.68590545654297 212.56691932678223 83.68590545654297 212.56691932678223 120.0807991027832 192.09478759765625 120.0807991027832
190.28622436523438 83.38246154785156 210.65106582641602 83.38246154785156 210.65106582641602 119.58661651611328 190.28622436523438 119.58661651611328
182.8782958984375 79.93788146972656 202.86884880065918 79.93788146972656 202.86884880065918 115.47663497924805 182.8782958984375 115.47663497924805
180.7126922607422 81.92573547363281 200.47050094604492 81.92573547363281 200.47050094604492 117.12425231933594 180.7126922607422 117.12425231933594
177.94808959960938 82.46534729003906 197.64302444458008 82.46534729003906 197.64302444458008 117.24979019165039 177.94808959960938 117.24979019165039
176.75503540039062 82.41950988769531 196.14389610290527 82.41950988769531 196.14389610290527 116.46395111083984 176.75503540039062 116.46395111083984
171.9377899169922 79.76786804199219 191.61431884765625 79.76786804199219 191.61431884765625 114.74837112426758 171.9377899169922 114.74837112426758
170.1433868408203 80.58589172363281 189.6921043395996 80.58589172363281 189.6921043395996 115.33917617797852 170.1433868408203 115.33917617797852
166.89883422851562 79.78958129882812 186.4615135192871 79.78958129882812 186.4615135192871 114.56768798828125 166.89883422851562 114.56768798828125
164.8996124267578 79.28108215332031 184.32433128356934 79.28108215332031 184.32433128356934 113.81392288208008 164.8996124267578 113.81392288208008
161.85922241210938 78.14775085449219 181.41852188110352 78.14775085449219 181.41852188110352 112.95942687988281 161.85922241210938 112.95942687988281
157.57240295410156 78.1434097290039 177.38298416137695 78.1434097290039 177.38298416137695 113.36222076416016 157.57240295410156 113.36222076416016
155.822021484375 78.74217224121094 175.8166961669922 78.74217224121094 175.8166961669922 114.28826141357422 155.822021484375 114.28826141357422
152.71044921875 78.08065032958984 172.6365909576416 78.08065032958984 172.6365909576416 113.50490188598633 152.71044921875 113.50490188598633
149.55770874023438 77.2041015625 169.5084171295166 77.2041015625 169.5084171295166 112.67202758789062 149.55770874023438 112.67202758789062
146.19827270507812 75.75315856933594 166.30588340759277 75.75315856933594 166.30588340759277 111.5000228881836 146.19827270507812 111.5000228881836
144.02691650390625 76.59430694580078 164.50909042358398 76.59430694580078 164.50909042358398 113.00706481933594 144.02691650390625 113.00706481933594
143.9076385498047 76.54585266113281 163.9401626586914 76.54585266113281 163.9401626586914 112.42794418334961 143.9076385498047 112.42794418334961
141.54150390625 76.23439025878906 161.67864990234375 76.23439025878906 161.67864990234375 112.01007080078125 141.54150390625 112.01007080078125
140.632080078125 76.89273834228516 160.52183532714844 76.89273834228516 160.52183532714844 112.37296295166016 140.632080078125 112.37296295166016
138.4203338623047 76.81803131103516 157.94540786743164 76.81803131103516 157.94540786743164 111.30086517333984 138.4203338623047 111.30086517333984
130.14060974121094 74.51617431640625 150.34121894836426 74.51617431640625 150.34121894836426 109.81913757324219 130.14060974121094 109.81913757324219
121.80867004394531 71.75404357910156 142.20358848571777 71.75404357910156 142.20358848571777 108.11783218383789 121.80867004394531 108.11783218383789
122.0408706665039 72.23289489746094 142.48421096801758 72.23289489746094 142.48421096801758 108.57661437988281 122.0408706665039 108.57661437988281
120.20387268066406 73.59263610839844 140.49615097045898 73.59263610839844 140.49615097045898 109.00443649291992 120.20387268066406 109.00443649291992
117.46900939941406 73.89421081542969 137.43998336791992 73.89421081542969 137.43998336791992 109.35033416748047 117.46900939941406 109.35033416748047
114.6250991821289 71.82441711425781 134.4754524230957 71.82441711425781 134.4754524230957 107.11393737792969 114.6250991821289 107.11393737792969
113.31068420410156 69.96246337890625 132.66635704040527 69.96246337890625 132.66635704040527 104.37255859375 113.31068420410156 104.37255859375
109.8242416381836 70.51400756835938 129.34053230285645 70.51400756835938 129.34053230285645 105.20964813232422 109.8242416381836 105.20964813232422
107.27193450927734 71.24239349365234 126.60329818725586 71.24239349365234 126.60329818725586 105.6092758178711 107.27193450927734 105.6092758178711
106.1886978149414 72.35901641845703 124.87034606933594 72.35901641845703 124.87034606933594 104.35803985595703 106.1886978149414 104.35803985595703
103.10649108886719 72.90895080566406 121.62425804138184 72.90895080566406 121.62425804138184 104.68084144592285 103.10649108886719 104.68084144592285
96.96453857421875 71.40144348144531 116.49385070800781 71.40144348144531 116.49385070800781 102.26860046386719 96.96453857421875 102.26860046386719
92.12947845458984 69.3130874633789 111.33965492248535 69.3130874633789 111.33965492248535 103.46452331542969 92.12947845458984 103.46452331542969
89.52901458740234 70.45771789550781 107.84220695495605 70.45771789550781 107.84220695495605 100.92257118225098 89.52901458740234 100.92257118225098
87.11592864990234 68.72281646728516 105.52959823608398 68.72281646728516 105.52959823608398 100.18411636352539 87.11592864990234 100.18411636352539
85.42476654052734 67.69291687011719 104.58100509643555 67.69291687011719 104.58100509643555 101.53484344482422 85.42476654052734 101.53484344482422
82.32661437988281 67.29682159423828 101.86666488647461 67.29682159423828 101.86666488647461 102.03470611572266 82.32661437988281 102.03470611572266
80.51243591308594 66.66007232666016 100.16189193725586 66.66007232666016 100.16189193725586 101.59245300292969 80.51243591308594 101.59245300292969
78.07479858398438 66.47102355957031 98.03522109985352 66.47102355957031 98.03522109985352 101.85657119750977 78.07479858398438 101.85657119750977
75.57142639160156 65.54962158203125 95.40070343017578 65.54962158203125 95.40070343017578 100.80168533325195 75.57142639160156 100.80168533325195
73.7815933227539 66.39238739013672 93.57589530944824 66.39238739013672 93.57589530944824 101.582275390625 73.7815933227539 101.582275390625
71.3943099975586 64.83191680908203 91.3124771118164 64.83191680908203 91.3124771118164 100.24200820922852 71.3943099975586 100.24200820922852
68.76994323730469 64.24716186523438 89.18264389038086 64.24716186523438 89.18264389038086 100.53642272949219 68.76994323730469 100.53642272949219
66.09530639648438 65.49044036865234 86.99025535583496 65.49044036865234 86.99025535583496 101.38263320922852 66.09530639648438 101.38263320922852
61.635498046875 63.65973663330078 82.6204719543457 63.65973663330078 82.6204719543457 100.96637725830078 61.635498046875 100.96637725830078
58.421607971191406 62.499237060546875 79.79353523254395 62.499237060546875 79.79353523254395 100.4937973022461 58.421607971191406 100.4937973022461
55.66877365112305 61.68022537231445 76.90425109863281 61.68022537231445 76.90425109863281 99.82744598388672 55.66877365112305 99.82744598388672
52.307655334472656 61.307945251464844 74.1513900756836 61.307945251464844 74.1513900756836 100.14128112792969 52.307655334472656 100.14128112792969
48.36328887939453 60.46602249145508 70.45175743103027 60.46602249145508 70.45175743103027 99.73443984985352 48.36328887939453 99.73443984985352
45.543174743652344 59.33916473388672 67.57901382446289 59.33916473388672 67.57901382446289 98.51401901245117 45.543174743652344 98.51401901245117
43.96001434326172 60.81604766845703 65.02399826049805 60.81604766845703 65.02399826049805 97.34719467163086 43.96001434326172 97.34719467163086
41.24066925048828 59.88389205932617 63.41109848022461 59.88389205932617 63.41109848022461 99.2250862121582 41.24066925048828 99.2250862121582
38.25188446044922 61.3403205871582 60.7500114440918 61.3403205871582 60.7500114440918 99.61377716064453 38.25188446044922 99.61377716064453
35.710243225097656 60.144325256347656 57.60420608520508 60.144325256347656 57.60420608520508 99.07040405273438 35.710243225097656 99.07040405273438
32.02183532714844 61.2763557434082 54.342952728271484 61.2763557434082 54.342952728271484 99.76850128173828 32.02183532714844 99.76850128173828
29.768890380859375 60.1082763671875 52.07944107055664 60.1082763671875 52.07944107055664 98.31576919555664 29.768890380859375 98.31576919555664
18.84756088256836 58.35307693481445 41.65460395812988 58.35307693481445 41.65460395812988 98.89896774291992 18.84756088256836 98.89896774291992
17.421890258789062 57.76909637451172 40.34317588806152 57.76909637451172 40.34317588806152 98.51808166503906 17.421890258789062 98.51808166503906
14.288104057312012 59.357337951660156 37.907803535461426 59.357337951660156 37.907803535461426 100.46967315673828 14.288104057312012 100.46967315673828
10.69141960144043 56.4150390625 34.177249908447266 56.4150390625 34.177249908447266 98.3647689819336 10.69141960144043 98.3647689819336
7.622969150543213 58.42351150512695 31.028353214263916 58.42351150512695 31.028353214263916 100.03311920166016 7.622969150543213 100.03311920166016
5.49016809463501 57.24492645263672 28.842854022979736 57.24492645263672 28.842854022979736 98.76084899902344 5.49016809463501 98.76084899902344
1.364026665687561 54.5350227355957 23.199647545814514 54.5350227355957 23.199647545814514 98.59996032714844 1.364026665687561 98.59996032714844
0.22415295243263245 53.514892578125 21.31958904862404 53.514892578125 21.31958904862404 99.36458206176758 0.22415295243263245 99.36458206176758
1.1764695644378662 56.49882125854492 23.03883147239685 56.49882125854492 23.03883147239685 97.97095108032227 1.1764695644378662 97.97095108032227
