243.0 290.0 440.0 290.0 440.0 363.0 243.0 363.0
240.2101593017578 291.9978942871094 434.5380401611328 291.9978942871094 434.5380401611328 362.7895736694336 240.2101593017578 362.7895736694336
230.7678985595703 289.21636962890625 425.3624572753906 289.21636962890625 425.3624572753906 362.52071380615234 230.7678985595703 362.52071380615234
230.9463653564453 290.6241760253906 429.5809783935547 290.6241760253906 429.5809783935547 362.29949951171875 230.9463653564453 362.29949951171875
221.6865234375 291.0051574707031 419.38970947265625 291.0051574707031 419.38970947265625 363.5973892211914 221.6865234375 363.5973892211914
212.60400390625 289.11834716796875 412.3448944091797 289.11834716796875 412.3448944091797 365.39044189453125 212.60400390625 365.39044189453125
217.27560424804688 290.1438903808594 411.3515319824219 290.1438903808594 411.3515319824219 364.9975128173828 217.27560424804688 364.9975128173828
218.00900268554688 289.99298095703125 410.5120544433594 289.99298095703125 410.5120544433594 364.4167022705078 218.00900268554688 364.4167022705078
203.1365203857422 291.2223205566406 403.5486755371094 291.2223205566406 403.5486755371094 364.1255798339844 203.1365203857422 364.1255798339844
203.00302124023438 291.0090637207031 401.15843200683594 291.0090637207031 401.15843200683594 363.91028594970703 203.00302124023438 363.91028594970703
199.53237915039062 289.5751037597656 393.818359375 289.5751037597656 393.818359375 365.2793655395508 199.53237915039062 365.2793655395508
195.71707153320312 291.27886962890625 393.8896484375 291.27886962890625 393.8896484375 363.47137451171875 195.71707153320312 363.47137451171875
187.55734252929688 290.1894836425781 384.9635009765625 290.1894836425781 384.9635009765625 363.8118209838867 187.55734252929688 363.8118209838867
178.0742950439453 289.814453125 372.6907958984375 289.814453125 372.6907958984375 364.31400299072266 178.0742950439453 364.31400299072266
187.33396911621094 291.16839599609375 382.7965545654297 291.16839599609375 382.7965545654297 363.24817657470703 187.33396911621094 363.24817657470703
182.09597778320312 290.59576416015625 374.08837890625 290.59576416015625 374.08837890625 362.431884765625 182.09597778320312 362.431884765625
168.4298858642578 290.2496032714844 368.96104431152344 290.2496032714844 368.96104431152344 361.80543518066406 168.4298858642578 361.80543518066406
160.8843536376953 288.5357971191406 355.53343200683594 288.5357971191406 355.53343200683594 362.0934753417969 160.8843536376953 362.0934753417969
167.11996459960938 288.7138977050781 358.8202819824219 288.7138977050781 358.8202819824219 362.7051239013672 167.11996459960938 362.7051239013672
160.92454528808594 289.48779296875 358.9138946533203 289.48779296875 358.9138946533203 360.41588592529297 160.92454528808594 360.41588592529297
154.0446014404297 288.9203186035156 346.27064514160156 288.9203186035156 346.27064514160156 359.51293182373047 154.0446014404297 359.51293182373047
152.56532287597656 290.4331970214844 345.10699462890625 290.4331970214844 345.10699462890625 360.5635070800781 152.56532287597656 360.5635070800781
153.96145629882812 288.0851745605469 341.80670166015625 288.0851745605469 341.80670166015625 362.5522994995117 153.96145629882812 362.5522994995117
145.64520263671875 289.86529541015625 339.3991394042969 289.86529541015625 339.3991394042969 359.88954162597656 145.64520263671875 359.88954162597656
139.59091186523438 288.7744140625 329.84938049316406 288.7744140625 329.84938049316406 361.12322998046875 139.59091186523438 361.12322998046875
139.62771606445312 287.25775146484375 315.80718994140625 287.25775146484375 315.80718994140625 360.908203125 139.62771606445312 360.908203125
142.4029541015625 287.05303955078125 321.32598876953125 287.05303955078125 321.32598876953125 361.80472564697266 142.4029541015625 361.80472564697266
139.05465698242188 288.3061828613281 324.5184020996094 288.3061828613281 324.5184020996094 360.0259704589844 139.05465698242188 360.0259704589844
130.7611846923828 286.3257751464844 309.46681213378906 286.3257751464844 309.46681213378906 360.3050308227539 130.7611846923828 360.3050308227539
124.73439025878906 284.5652160644531 299.6125793457031 284.5652160644531 299.6125793457031 361.3544464111328 124.73439025878906 361.3544464111328
132.92086791992188 285.0613708496094 317.6442108154297 285.0613708496094 317.6442108154297 360.57511138916016 132.92086791992188 360.57511138916016
120.1612548828125 286.1811828613281 307.1763610839844 286.1811828613281 307.1763610839844 360.67142486572266 120.1612548828125 360.67142486572266
114.7158203125 283.25250244140625 296.9242858886719 283.25250244140625 296.9242858886719 361.32279205322266 114.7158203125 361.32279205322266
120.2716064453125 285.2705078125 297.3967742919922 285.2705078125 297.3967742919922 359.3354034423828 120.2716064453125 359.3354034423828
123.5377426147461 282.8328552246094 296.5270462036133 282.8328552246094 296.5270462036133 359.4443817138672 123.5377426147461 359.4443817138672
112.4986572265625 281.8544006347656 304.9791259765625 281.8544006347656 304.9791259765625 359.10302734375 112.4986572265625 359.10302734375
105.8488540649414 283.9969482421875 288.5769271850586 283.9969482421875 288.5769271850586 359.6967010498047 105.8488540649414 359.6967010498047
114.48976135253906 282.7511901855469 298.56077575683594 282.7511901855469 298.56077575683594 361.9870910644531 114.48976135253906 361.9870910644531
108.82167053222656 280.78173828125 310.7427520751953 280.78173828125 310.7427520751953 355.60528564453125 108.82167053222656 355.60528564453125
80.86312866210938 285.2118225097656 277.4746551513672 285.2118225097656 277.4746551513672 362.3038024902344 80.86312866210938 362.3038024902344
102.27864074707031 281.065185546875 286.74461364746094 281.065185546875 286.74461364746094 357.9123840332031 102.27864074707031 357.9123840332031
101.08880615234375 278.58819580078125 286.19285583496094 278.58819580078125 286.19285583496094 357.80846405029297 101.08880615234375 357.80846405029297
99.9314193725586 278.36505126953125 297.0927047729492 278.36505126953125 297.0927047729492 355.3919982910156 99.9314193725586 355.3919982910156
106.4249496459961 278.7398681640625 296.52848052978516 278.7398681640625 296.52848052978516 357.61192321777344 106.4249496459961 357.61192321777344
94.97093963623047 279.52728271484375 291.3434066772461 279.52728271484375 291.3434066772461 358.26786041259766 94.97093963623047 358.26786041259766
85.46284484863281 279.4756164550781 276.8803253173828 279.4756164550781 276.8803253173828 356.77134704589844 85.46284484863281 356.77134704589844
93.40226745605469 278.3200988769531 290.3441925048828 278.3200988769531 290.3441925048828 357.40309143066406 93.40226745605469 357.40309143066406
99.18363189697266 277.193115234375 295.8386917114258 277.193115234375 295.8386917114258 358.54178619384766 99.18363189697266 358.54178619384766
89.25777435302734 279.92242431640625 285.62044525146484 279.92242431640625 285.62044525146484 358.844482421875 89.25777435302734 358.844482421875
66.68538665771484 276.44085693359375 276.43680572509766 276.44085693359375 276.43680572509766 354.16600036621094 66.68538665771484 354.16600036621094
85.92835235595703 274.13665771484375 283.07816314697266 274.13665771484375 283.07816314697266 353.77984619140625 85.92835235595703 353.77984619140625
88.11714935302734 277.59320068359375 283.18770599365234 277.59320068359375 283.18770599365234 356.06114196777344 88.11714935302734 356.06114196777344
79.3582763671875 277.6100158691406 285.8878936767578 277.6100158691406 285.8878936767578 356.6393280029297 79.3582763671875 356.6393280029297
76.98961639404297 275.0278015136719 281.04708099365234 275.0278015136719 281.04708099365234 356.0327453613281 76.98961639404297 356.0327453613281
73.40481567382812 273.12847900390625 283.6714172363281 273.12847900390625 283.6714172363281 354.40518951416016 73.40481567382812 354.40518951416016
74.07847595214844 274.3031005859375 275.00840759277344 274.3031005859375 275.00840759277344 359.43186950683594 74.07847595214844 359.43186950683594
82.05619049072266 276.2196350097656 288.03141021728516 276.2196350097656 288.03141021728516 359.2143020629883 82.05619049072266 359.2143020629883
72.85281372070312 273.2758483886719 278.3279113769531 273.2758483886719 278.3279113769531 359.3373565673828 72.85281372070312 359.3373565673828
66.50770568847656 275.26934814453125 275.04689025878906 275.26934814453125 275.04689025878906 360.79823303222656 66.50770568847656 360.79823303222656
62.039161682128906 274.6724548339844 268.8242874145508 274.6724548339844 268.8242874145508 360.1700897216797 62.039161682128906 360.1700897216797
70.84796142578125 275.8641662597656 276.35304260253906 275.8641662597656 276.35304260253906 359.81016540527344 70.84796142578125 359.81016540527344
77.33134460449219 272.4874572753906 286.24647521972656 272.4874572753906 286.24647521972656 357.18824768066406 77.33134460449219 357.18824768066406
72.12745666503906 274.33599853515625 274.4783630371094 274.33599853515625 274.4783630371094 358.74647521972656 72.12745666503906 358.74647521972656
66.33464050292969 272.34405517578125 267.6839599609375 272.34405517578125 267.6839599609375 355.5083465576172 66.33464050292969 355.5083465576172
61.2001953125 273.8113098144531 263.8249816894531 273.8113098144531 263.8249816894531 358.1429901123047 61.2001953125 358.1429901123047
65.35480499267578 273.4701232910156 271.66710662841797 273.4701232910156 271.66710662841797 357.7265625 65.35480499267578 357.7265625
74.40653228759766 271.4334411621094 286.91846466064453 271.4334411621094 286.91846466064453 356.86180877685547 74.40653228759766 356.86180877685547
71.93141174316406 273.8941345214844 280.35545349121094 273.8941345214844 280.35545349121094 359.8087921142578 71.93141174316406 359.8087921142578
69.6917495727539 271.580810546875 283.6178207397461 271.580810546875 283.6178207397461 357.6437530517578 69.6917495727539 357.6437530517578
71.24911499023438 269.8417663574219 285.4148864746094 269.8417663574219 285.4148864746094 356.93627166748047 71.24911499023438 356.93627166748047
70.18212890625 271.16925048828125 282.99365234375 271.16925048828125 282.99365234375 357.5927047729492 70.18212890625 357.5927047729492
78.24700164794922 268.6286926269531 290.0106735229492 268.6286926269531 290.0106735229492 356.9001998901367 78.24700164794922 356.9001998901367
78.16970825195312 270.4963684082031 287.2883605957031 270.4963684082031 287.2883605957031 356.31536865234375 78.16970825195312 356.31536865234375
74.94159698486328 268.14697265625 284.8321304321289 268.14697265625 284.8321304321289 355.71343994140625 74.94159698486328 355.71343994140625
69.38997650146484 269.9276123046875 281.26648712158203 269.9276123046875 281.26648712158203 357.18602752685547 69.38997650146484 357.18602752685547
73.02545166015625 269.7770690917969 286.70631408691406 269.7770690917969 286.70631408691406 357.69153594970703 73.02545166015625 357.69153594970703
68.19818115234375 270.9515075683594 282.70387268066406 270.9515075683594 282.70387268066406 359.7337646484375 68.19818115234375 359.7337646484375
75.81800842285156 272.0412902832031 290.2658386230469 272.0412902832031 290.2658386230469 361.7845916748047 75.81800842285156 361.7845916748047
67.33357238769531 266.43658447265625 286.1583251953125 266.43658447265625 286.1583251953125 357.0459289550781 67.33357238769531 357.0459289550781
64.94789123535156 268.04278564453125 288.07696533203125 268.04278564453125 288.07696533203125 358.7364196777344 64.94789123535156 358.7364196777344
68.91275024414062 270.1402587890625 288.39073181152344 270.1402587890625 288.39073181152344 360.68556213378906 68.91275024414062 360.68556213378906
69.85698699951172 270.56085205078125 288.24439239501953 270.56085205078125 288.24439239501953 360.5811004638672 69.85698699951172 360.5811004638672
67.18882751464844 269.3544006347656 286.08409118652344 269.3544006347656 286.08409118652344 359.6087188720703 67.18882751464844 359.6087188720703
67.6871109008789 268.12530517578125 282.99890899658203 268.12530517578125 282.99890899658203 357.9449234008789 67.6871109008789 357.9449234008789
68.76655578613281 270.1637268066406 287.9027404785156 270.1637268066406 287.9027404785156 357.03126525878906 68.76655578613281 357.03126525878906
76.44856262207031 270.0367736816406 289.4336395263672 270.0367736816406 289.4336395263672 359.00391387939453 76.44856262207031 359.00391387939453
72.7557373046875 268.0705871582031 284.7483673095703 268.0705871582031 284.7483673095703 355.5198287963867 72.7557373046875 355.5198287963867
67.60755157470703 269.0806579589844 279.1912155151367 269.0806579589844 279.1912155151367 358.24756622314453 67.60755157470703 358.24756622314453
71.57325744628906 269.248291015625 289.43353271484375 269.248291015625 289.43353271484375 358.7192611694336 71.57325744628906 358.7192611694336
71.06085968017578 268.6993103027344 286.3758010864258 268.6993103027344 286.3758010864258 359.90821075439453 71.06085968017578 359.90821075439453
70.97871398925781 268.92108154296875 288.857666015625 268.92108154296875 288.857666015625 359.75157165527344 70.97871398925781 359.75157165527344
64.75565338134766 267.0386657714844 287.6826858520508 267.0386657714844 287.6826858520508 360.6123504638672 64.75565338134766 360.6123504638672
60.643898010253906 269.64520263671875 286.0149154663086 269.64520263671875 286.0149154663086 362.0564422607422 60.643898010253906 362.0564422607422
69.92291259765625 266.3392639160156 293.62530517578125 266.3392639160156 293.62530517578125 360.4599380493164 69.92291259765625 360.4599380493164
63.5112419128418 265.96820068359375 289.2224998474121 265.96820068359375 289.2224998474121 361.2118682861328 63.5112419128418 361.2118682861328
66.9201431274414 269.48724365234375 290.0436019897461 269.48724365234375 290.0436019897461 363.66839599609375 66.9201431274414 363.66839599609375
59.44921875 268.7278747558594 286.2319030761719 268.7278747558594 286.2319030761719 363.3359603881836 59.44921875 363.3359603881836
59.41779327392578 264.68670654296875 287.51309967041016 264.68670654296875 287.51309967041016 361.6095733642578 59.41779327392578 361.6095733642578
67.12801361083984 266.98040771484375 292.7697067260742 266.98040771484375 292.7697067260742 362.32191467285156 67.12801361083984 362.32191467285156
71.94831848144531 266.3206481933594 295.77110290527344 266.3206481933594 295.77110290527344 361.69144439697266 71.94831848144531 361.69144439697266
65.68033599853516 267.47955322265625 289.92139434814453 267.47955322265625 289.92139434814453 362.0376739501953 65.68033599853516 362.0376739501953
63.870033264160156 267.2611999511719 285.27722930908203 267.2611999511719 285.27722930908203 360.9566650390625 63.870033264160156 360.9566650390625
66.72409057617188 268.120361328125 288.5614471435547 268.120361328125 288.5614471435547 360.25628662109375 66.72409057617188 360.25628662109375
70.16798400878906 265.8947448730469 290.71934509277344 265.8947448730469 290.71934509277344 359.7699890136719 70.16798400878906 359.7699890136719
59.1752815246582 266.95062255859375 283.1640815734863 266.95062255859375 283.1640815734863 360.7672348022461 59.1752815246582 360.7672348022461
59.9110107421875 268.8660583496094 284.5365905761719 268.8660583496094 284.5365905761719 362.4161911010742 59.9110107421875 362.4161911010742
57.345787048339844 267.83795166015625 283.2612838745117 267.83795166015625 283.2612838745117 361.35577392578125 57.345787048339844 361.35577392578125
74.42872619628906 267.6974182128906 295.5768737792969 267.6974182128906 295.5768737792969 361.6674346923828 74.42872619628906 361.6674346923828
69.670654296875 267.7709045410156 286.1394805908203 267.7709045410156 286.1394805908203 359.39756774902344 69.670654296875 359.39756774902344
73.3792953491211 268.45477294921875 288.1024856567383 268.45477294921875 288.1024856567383 358.4531784057617 73.3792953491211 358.4531784057617
63.91050338745117 269.1451110839844 278.19851303100586 269.1451110839844 278.19851303100586 359.77564239501953 63.91050338745117 359.77564239501953
74.49696350097656 269.49554443359375 288.42750549316406 269.49554443359375 288.42750549316406 358.2268600463867 74.49696350097656 358.2268600463867
74.99137878417969 267.92352294921875 288.46998596191406 267.92352294921875 288.46998596191406 357.9837417602539 74.99137878417969 357.9837417602539
77.22865295410156 270.068359375 284.5121307373047 270.068359375 284.5121307373047 358.58829498291016 77.22865295410156 358.58829498291016
76.47740173339844 268.84881591796875 283.3377990722656 268.84881591796875 283.3377990722656 357.7020568847656 76.47740173339844 357.7020568847656
76.28697204589844 268.9754943847656 284.06256103515625 268.9754943847656 284.06256103515625 359.92588806152344 76.28697204589844 359.92588806152344
79.00652313232422 270.52276611328125 285.6277084350586 270.52276611328125 285.6277084350586 360.9870834350586 79.00652313232422 360.9870834350586
76.60643005371094 268.2960510253906 282.95359802246094 268.2960510253906 282.95359802246094 359.0020446777344 76.60643005371094 359.0020446777344
73.7039566040039 267.92706298828125 279.4165573120117 267.92706298828125 279.4165573120117 358.90667724609375 73.7039566040039 358.90667724609375
77.37737274169922 269.64593505859375 280.47933197021484 269.64593505859375 280.47933197021484 359.52713775634766 77.37737274169922 359.52713775634766
85.47127532958984 268.7029724121094 291.3951950073242 268.7029724121094 291.3951950073242 359.1178665161133 85.47127532958984 359.1178665161133
81.62378692626953 270.8929748535156 282.67642974853516 270.8929748535156 282.67642974853516 359.71630859375 81.62378692626953 359.71630859375
80.17193603515625 267.91265869140625 280.83660888671875 267.91265869140625 280.83660888671875 356.0857696533203 80.17193603515625 356.0857696533203
82.33768463134766 267.44195556640625 284.9654006958008 267.44195556640625 284.9654006958008 357.07064056396484 82.33768463134766 357.07064056396484
86.03684997558594 267.49169921875 289.71421813964844 267.49169921875 289.71421813964844 356.58787536621094 86.03684997558594 356.58787536621094
89.66353607177734 267.73809814453125 292.16881561279297 267.73809814453125 292.16881561279297 357.0391845703125 89.66353607177734 357.0391845703125
78.53233337402344 267.1065673828125 279.8025207519531 267.1065673828125 279.8025207519531 355.1419219970703 78.53233337402344 355.1419219970703
79.69758605957031 270.5472412109375 276.5918426513672 270.5472412109375 276.5918426513672 357.43017578125 79.69758605957031 357.43017578125
85.8875503540039 270.7933654785156 283.87036895751953 270.7933654785156 283.87036895751953 357.7091827392578 85.8875503540039 357.7091827392578
94.04344177246094 272.98602294921875 289.6081085205078 272.98602294921875 289.6081085205078 359.02845764160156 94.04344177246094 359.02845764160156
95.42479705810547 270.1124267578125 285.92992401123047 270.1124267578125 285.92992401123047 355.8633270263672 95.42479705810547 355.8633270263672
88.16107940673828 268.959228515625 285.3169937133789 268.959228515625 285.3169937133789 356.3847885131836 88.16107940673828 356.3847885131836
87.02687072753906 270.93121337890625 284.9883270263672 270.93121337890625 284.9883270263672 358.58697509765625 87.02687072753906 358.58697509765625
98.27931213378906 270.68963623046875 294.4708709716797 270.68963623046875 294.4708709716797 356.8291320800781 98.27931213378906 356.8291320800781
99.88922119140625 271.35845947265625 292.1898193359375 271.35845947265625 292.1898193359375 357.7061309814453 99.88922119140625 357.7061309814453
102.82643127441406 272.6678161621094 295.3103942871094 272.6678161621094 295.3103942871094 359.1942672729492 102.82643127441406 359.1942672729492
89.7944107055664 270.847900390625 286.3448715209961 270.847900390625 286.3448715209961 358.4084930419922 89.7944107055664 358.4084930419922
102.13105010986328 272.8160095214844 300.1398239135742 272.8160095214844 300.1398239135742 358.4814987182617 102.13105010986328 358.4814987182617
103.33123779296875 273.6253356933594 296.6961364746094 273.6253356933594 296.6961364746094 358.5984191894531 103.33123779296875 358.5984191894531
97.62871551513672 273.197509765625 293.8222122192383 273.197509765625 293.8222122192383 360.11153411865234 97.62871551513672 360.11153411865234
97.78150939941406 272.6628112792969 291.57542419433594 272.6628112792969 291.57542419433594 359.14330291748047 97.78150939941406 359.14330291748047
105.7358627319336 273.79327392578125 300.7945327758789 273.79327392578125 300.7945327758789 358.52577209472656 105.7358627319336 358.52577209472656
113.8970718383789 274.03253173828125 303.9502639770508 274.03253173828125 303.9502639770508 358.37171173095703 113.8970718383789 358.37171173095703
109.5397720336914 274.6531066894531 300.69652557373047 274.6531066894531 300.69652557373047 358.1045379638672 109.5397720336914 358.1045379638672
111.71488952636719 275.6479797363281 306.09352111816406 275.6479797363281 306.09352111816406 360.52012634277344 111.71488952636719 360.52012634277344
114.51019287109375 276.3509216308594 307.34523010253906 276.3509216308594 307.34523010253906 361.8961868286133 114.51019287109375 361.8961868286133
116.63887023925781 276.2904968261719 307.5161895751953 276.2904968261719 307.5161895751953 362.00335693359375 116.63887023925781 362.00335693359375
114.30052185058594 274.23541259765625 307.0940856933594 274.23541259765625 307.0940856933594 358.47765350341797 114.30052185058594 358.47765350341797
113.2706527709961 274.38031005859375 310.5533981323242 274.38031005859375 310.5533981323242 358.80985260009766 113.2706527709961 358.80985260009766
120.73728942871094 277.42474365234375 311.64356994628906 277.42474365234375 311.64356994628906 360.1358871459961 120.73728942871094 360.1358871459961
117.07484436035156 277.5858459472656 308.1956481933594 277.5858459472656 308.1956481933594 360.4908905029297 117.07484436035156 360.4908905029297
120.36299133300781 276.8282470703125 313.2718200683594 276.8282470703125 313.2718200683594 359.89234924316406 120.36299133300781 359.89234924316406
118.80464172363281 279.6516418457031 311.70494079589844 279.6516418457031 311.70494079589844 361.54270935058594 118.80464172363281 361.54270935058594
131.46047973632812 277.2607727050781 320.34523010253906 277.2607727050781 320.34523010253906 360.87039947509766 131.46047973632812 360.87039947509766
120.35493469238281 277.04150390625 317.2475891113281 277.04150390625 317.2475891113281 358.8116455078125 120.35493469238281 358.8116455078125
120.31024169921875 278.3290100097656 309.9861145019531 278.3290100097656 309.9861145019531 362.8051300048828 120.31024169921875 362.8051300048828
125.73834228515625 279.99859619140625 315.7810363769531 279.99859619140625 315.7810363769531 361.40443420410156 125.73834228515625 361.40443420410156
128.5479736328125 276.79571533203125 322.9505920410156 276.79571533203125 322.9505920410156 361.88268280029297 128.5479736328125 361.88268280029297
127.32820129394531 277.65985107421875 321.8600769042969 277.65985107421875 321.8600769042969 363.6328353881836 127.32820129394531 363.6328353881836
115.6228256225586 277.69091796875 312.4700241088867 277.69091796875 312.4700241088867 363.8190155029297 115.6228256225586 363.8190155029297
122.6548080444336 277.3236999511719 319.56119537353516 277.3236999511719 319.56119537353516 363.4818878173828 122.6548080444336 363.4818878173828
125.3422622680664 276.9825134277344 322.8773422241211 276.9825134277344 322.8773422241211 361.72066497802734 125.3422622680664 361.72066497802734
133.91441345214844 278.58526611328125 329.8824462890625 278.58526611328125 329.8824462890625 365.02845764160156 133.91441345214844 365.02845764160156
132.1807403564453 278.6999816894531 330.03041076660156 278.6999816894531 330.03041076660156 364.8642578125 132.1807403564453 364.8642578125
123.24638366699219 276.89666748046875 322.8440399169922 276.89666748046875 322.8440399169922 365.3630599975586 123.24638366699219 365.3630599975586
124.81878662109375 278.4602355957031 327.1668701171875 278.4602355957031 327.1668701171875 366.14744567871094 124.81878662109375 366.14744567871094
129.7052764892578 279.4715270996094 333.1231231689453 279.4715270996094 333.1231231689453 367.8004455566406 129.7052764892578 367.8004455566406
138.27578735351562 277.9377746582031 335.91563415527344 277.9377746582031 335.91563415527344 365.34058380126953 138.27578735351562 365.34058380126953
114.08956146240234 278.2418518066406 327.14554595947266 278.2418518066406 327.14554595947266 359.7844543457031 114.08956146240234 359.7844543457031
127.07035827636719 276.14862060546875 323.6617126464844 276.14862060546875 323.6617126464844 363.18477630615234 127.07035827636719 363.18477630615234
131.38003540039062 279.0970153808594 331.86827087402344 279.0970153808594 331.86827087402344 365.38626861572266 131.38003540039062 365.38626861572266
132.62745666503906 278.44049072265625 332.7725524902344 278.44049072265625 332.7725524902344 367.40970611572266 132.62745666503906 367.40970611572266
131.83131408691406 278.1770935058594 333.2772216796875 278.1770935058594 333.2772216796875 367.5901641845703 131.83131408691406 367.5901641845703
124.5357666015625 278.9009704589844 328.1324768066406 278.9009704589844 328.1324768066406 368.7185745239258 124.5357666015625 368.7185745239258
120.50616455078125 279.1413879394531 325.52830505371094 279.1413879394531 325.52830505371094 369.7583312988281 120.50616455078125 369.7583312988281
129.4855194091797 278.1416931152344 336.7297821044922 278.1416931152344 336.7297821044922 367.971923828125 129.4855194091797 367.971923828125
131.73895263671875 280.786865234375 338.80796813964844 280.786865234375 338.80796813964844 372.5424346923828 131.73895263671875 372.5424346923828
119.35398864746094 278.29803466796875 334.0578918457031 278.29803466796875 334.0578918457031 368.7382354736328 119.35398864746094 368.7382354736328
119.56889343261719 279.6453857421875 335.2265625 279.6453857421875 335.2265625 370.5108184814453 119.56889343261719 370.5108184814453
112.5020980834961 277.6763610839844 333.9425735473633 277.6763610839844 333.9425735473633 371.42478942871094 112.5020980834961 371.42478942871094
112.71372985839844 276.047119140625 351.4298400878906 276.047119140625 351.4298400878906 367.10498809814453 112.71372985839844 367.10498809814453
111.5587158203125 277.69970703125 334.9980010986328 277.69970703125 334.9980010986328 375.2275848388672 111.5587158203125 375.2275848388672
104.93267822265625 275.10992431640625 340.45140075683594 275.10992431640625 340.45140075683594 371.63260650634766 104.93267822265625 371.63260650634766
96.2767105102539 274.06512451171875 340.8100357055664 274.06512451171875 340.8100357055664 370.7572784423828 96.2767105102539 370.7572784423828
100.86966705322266 273.9295349121094 350.13744354248047 273.9295349121094 350.13744354248047 369.1123046875 100.86966705322266 369.1123046875
98.19148254394531 275.226806640625 346.7016906738281 275.226806640625 346.7016906738281 370.4129943847656 98.19148254394531 370.4129943847656
89.38883972167969 275.2034606933594 340.5905303955078 275.2034606933594 340.5905303955078 371.2581024169922 89.38883972167969 371.2581024169922
78.8918685913086 272.91534423828125 336.50154876708984 272.91534423828125 336.50154876708984 368.37469482421875 78.8918685913086 368.37469482421875
93.10234069824219 278.04779052734375 343.9921417236328 278.04779052734375 343.9921417236328 377.2568817138672 93.10234069824219 377.2568817138672
91.94383239746094 274.6670227050781 345.86280822753906 274.6670227050781 345.86280822753906 375.34120178222656 91.94383239746094 375.34120178222656
79.97403717041016 273.37127685546875 343.0779800415039 273.37127685546875 343.0779800415039 370.86656188964844 79.97403717041016 370.86656188964844
75.1241683959961 275.7716369628906 339.37325286865234 275.7716369628906 339.37325286865234 373.6912612915039 75.1241683959961 373.6912612915039
79.64461517333984 275.64715576171875 345.33333587646484 275.64715576171875 345.33333587646484 374.1002502441406 79.64461517333984 374.1002502441406
76.53816223144531 275.12347412109375 347.96665954589844 275.12347412109375 347.96665954589844 375.70348358154297 76.53816223144531 375.70348358154297
70.57548522949219 277.9828796386719 343.66502380371094 277.9828796386719 343.66502380371094 382.7884979248047 70.57548522949219 382.7884979248047
67.93165588378906 274.0606689453125 339.6949005126953 274.0606689453125 339.6949005126953 377.4925079345703 67.93165588378906 377.4925079345703
61.308753967285156 276.3277282714844 340.3410415649414 276.3277282714844 340.3410415649414 379.7253723144531 61.308753967285156 379.7253723144531
65.5925521850586 272.7876281738281 349.8859176635742 272.7876281738281 349.8859176635742 378.1348114013672 65.5925521850586 378.1348114013672
67.02970123291016 276.2773132324219 349.1734390258789 276.2773132324219 349.1734390258789 380.8279342651367 67.02970123291016 380.8279342651367
58.682167053222656 275.3831481933594 342.4441909790039 275.3831481933594 342.4441909790039 380.53343200683594 58.682167053222656 380.53343200683594
61.259521484375 278.781982421875 341.9072265625 278.781982421875 341.9072265625 382.77823638916016 61.259521484375 382.77823638916016
61.408485412597656 271.9071350097656 343.9694290161133 271.9071350097656 343.9694290161133 376.6123504638672 61.408485412597656 376.6123504638672
60.86677169799805 279.10052490234375 348.7595329284668 279.10052490234375 348.7595329284668 385.78147888183594 60.86677169799805 385.78147888183594
52.4990234375 276.9832458496094 342.542724609375 276.9832458496094 342.542724609375 384.4612579345703 52.4990234375 384.4612579345703
45.27630615234375 276.635009765625 336.3384094238281 276.635009765625 336.3384094238281 384.4904022216797 45.27630615234375 384.4904022216797
50.23208236694336 274.36956787109375 338.1486473083496 274.36956787109375 338.1486473083496 381.0593490600586 50.23208236694336 381.0593490600586
54.084266662597656 275.71856689453125 345.01053619384766 275.71856689453125 345.01053619384766 383.5236053466797 54.084266662597656 383.5236053466797
56.1201286315918 273.3882141113281 347.78962326049805 273.3882141113281 347.78962326049805 381.4686584472656 56.1201286315918 381.4686584472656
44.543540954589844 278.38201904296875 333.5698471069336 278.38201904296875 333.5698471069336 385.4830093383789 44.543540954589844 385.4830093383789
50.70595932006836 276.6432800292969 335.61571884155273 276.6432800292969 335.61571884155273 382.21885681152344 50.70595932006836 382.21885681152344
52.33026123046875 278.6152648925781 339.5953063964844 278.6152648925781 339.5953063964844 385.06360626220703 52.33026123046875 385.06360626220703
53.3173828125 281.98309326171875 341.70037841796875 281.98309326171875 341.70037841796875 388.84568786621094 53.3173828125 388.84568786621094
50.613826751708984 279.8901672363281 340.778865814209 279.8901672363281 340.778865814209 387.4131164550781 50.613826751708984 387.4131164550781
42.029319763183594 279.04046630859375 329.0732650756836 279.04046630859375 329.0732650756836 385.4068832397461 42.029319763183594 385.4068832397461
49.327510833740234 280.07763671875 336.94811630249023 280.07763671875 336.94811630249023 386.6577377319336 49.327510833740234 386.6577377319336
47.26842498779297 284.1711730957031 335.3574447631836 284.1711730957031 335.3574447631836 390.9248504638672 47.26842498779297 390.9248504638672
43.66310501098633 282.3985900878906 331.8179817199707 282.3985900878906 331.8179817199707 389.1766815185547 43.66310501098633 389.1766815185547
43.73059844970703 282.7347106933594 325.93836212158203 282.7347106933594 325.93836212158203 387.3090515136719 43.73059844970703 387.3090515136719
47.66554641723633 282.40997314453125 329.5447578430176 282.40997314453125 329.5447578430176 386.8625717163086 47.66554641723633 386.8625717163086
48.69599151611328 289.2486877441406 332.0116653442383 289.2486877441406 332.0116653442383 394.2335739135742 48.69599151611328 394.2335739135742
54.06608963012695 288.5606994628906 334.1449165344238 288.5606994628906 334.1449165344238 392.3461456298828 54.06608963012695 392.3461456298828
44.927547454833984 289.2109375 324.84337997436523 289.2109375 324.84337997436523 392.93597412109375 44.927547454833984 392.93597412109375
46.35877990722656 295.6192626953125 318.4612579345703 295.6192626953125 318.4612579345703 396.4489974975586 46.35877990722656 396.4489974975586
45.02219772338867 291.78619384765625 314.9998893737793 291.78619384765625 314.9998893737793 391.8285675048828 45.02219772338867 391.8285675048828
52.58159255981445 290.37945556640625 324.8243293762207 290.37945556640625 324.8243293762207 391.2611770629883 52.58159255981445 391.2611770629883
44.35205841064453 293.812255859375 314.9238052368164 293.812255859375 314.9238052368164 394.07476806640625 44.35205841064453 394.07476806640625
51.84117889404297 291.8671875 319.81368255615234 291.8671875 319.81368255615234 391.1665267944336 51.84117889404297 391.1665267944336
48.647640228271484 294.33319091796875 320.08959579467773 294.33319091796875 320.08959579467773 394.9181671142578 48.647640228271484 394.9181671142578
50.672203063964844 296.9884033203125 324.9425582885742 296.9884033203125 324.9425582885742 398.6214599609375 50.672203063964844 398.6214599609375
45.9170036315918 298.69647216796875 324.9619560241699 298.69647216796875 324.9619560241699 402.09879302978516 45.9170036315918 402.09879302978516
39.47027587890625 298.5259704589844 322.8912353515625 298.5259704589844 322.8912353515625 403.5498504638672 39.47027587890625 403.5498504638672
44.58074951171875 300.4662170410156 325.6345520019531 300.4662170410156 325.6345520019531 404.61292266845703 44.58074951171875 404.61292266845703
53.09356689453125 303.62640380859375 329.4305419921875 303.62640380859375 329.4305419921875 406.02525329589844 53.09356689453125 406.02525329589844
52.182029724121094 301.0460205078125 325.9999008178711 301.0460205078125 325.9999008178711 402.5113983154297 52.182029724121094 402.5113983154297
51.5071907043457 301.967529296875 319.60307693481445 301.967529296875 319.60307693481445 401.31258392333984 51.5071907043457 401.31258392333984
44.00269317626953 304.44573974609375 314.64746856689453 304.44573974609375 314.64746856689453 404.7353057861328 44.00269317626953 404.7353057861328
46.110774993896484 304.21929931640625 320.376766204834 304.21929931640625 320.376766204834 405.8507308959961 46.110774993896484 405.8507308959961
50.83024978637695 306.0470275878906 325.5249214172363 306.0470275878906 325.5249214172363 407.83731842041016 50.83024978637695 407.83731842041016
42.45680236816406 304.484130859375 317.6983184814453 304.484130859375 317.6983184814453 406.47705078125 42.45680236816406 406.47705078125
42.388389587402344 306.3084411621094 317.9925765991211 306.3084411621094 317.9925765991211 408.4357604980469 42.388389587402344 408.4357604980469
46.267234802246094 309.7927551269531 318.7874984741211 309.7927551269531 318.7874984741211 410.77730560302734 46.267234802246094 410.77730560302734
40.12472152709961 310.41912841796875 312.29372787475586 310.41912841796875 312.29372787475586 411.2735137939453 40.12472152709961 411.2735137939453
46.111961364746094 310.61865234375 321.9053268432617 310.61865234375 321.9053268432617 412.81607818603516 46.111961364746094 412.81607818603516
40.6236457824707 308.8316650390625 317.4736518859863 308.8316650390625 317.4736518859863 411.4206314086914 40.6236457824707 411.4206314086914
39.74850082397461 310.75689697265625 320.0146141052246 310.75689697265625 320.0146141052246 414.61173248291016 39.74850082397461 414.61173248291016
48.4384765625 312.23272705078125 324.90777587890625 312.23272705078125 324.90777587890625 414.68062591552734 48.4384765625 414.68062591552734
47.59407043457031 310.7120666503906 322.6260223388672 310.7120666503906 322.6260223388672 412.62733459472656 47.59407043457031 412.62733459472656
34.812007904052734 316.11279296875 305.5751304626465 316.11279296875 305.5751304626465 416.4462127685547 34.812007904052734 416.4462127685547
38.05754852294922 320.35595703125 303.75853729248047 320.35595703125 303.75853729248047 418.8135681152344 38.05754852294922 418.8135681152344
34.41532897949219 315.8797302246094 300.56480407714844 315.8797302246094 300.56480407714844 414.50352478027344 34.41532897949219 414.50352478027344
42.65849304199219 318.4148254394531 305.7157440185547 318.4148254394531 305.7157440185547 415.8927764892578 42.65849304199219 415.8927764892578
36.88382339477539 324.205322265625 298.74231338500977 324.205322265625 298.74231338500977 421.2390670776367 36.88382339477539 421.2390670776367
35.1787109375 329.9317932128906 293.28631591796875 329.9317932128906 293.28631591796875 425.5756149291992 35.1787109375 425.5756149291992
43.603660583496094 329.62579345703125 298.5564956665039 329.62579345703125 298.5564956665039 424.1005859375 43.603660583496094 424.1005859375
43.52828598022461 331.6492614746094 297.4228172302246 331.6492614746094 297.4228172302246 425.7318878173828 43.52828598022461 425.7318878173828
37.36344909667969 332.44439697265625 296.92115783691406 332.44439697265625 296.92115783691406 428.62557220458984 37.36344909667969 428.62557220458984
26.5383243560791 341.25079345703125 288.96245765686035 341.25079345703125 288.96245765686035 438.494140625 26.5383243560791 438.494140625
0.0 343.2470703125 268.8302917480469 343.2470703125 268.8302917480469 442.86426544189453 0.0 442.86426544189453
0.0 346.42425537109375 263.1982727050781 346.42425537109375 263.1982727050781 443.95445251464844 0.0 443.95445251464844
0.0 347.29376220703125 260.7845764160156 347.29376220703125 260.7845764160156 443.9295425415039 0.0 443.9295425415039
0.0 349.84442138671875 264.24664306640625 349.84442138671875 264.24664306640625 447.76309967041016 0.0 447.76309967041016
0.0 346.2008056640625 271.1661682128906 346.2008056640625 271.1661682128906 446.68355560302734 0.0 446.68355560302734
0.0 348.5235595703125 268.2953796386719 348.5235595703125 268.2953796386719 447.94252014160156 0.0 447.94252014160156
0.0 350.1662902832031 266.1984558105469 350.1662902832031 266.1984558105469 448.80821990966797 0.0 448.80821990966797
0.0 349.355712890625 266.0749816894531 349.355712890625 266.0749816894531 447.95189666748047 0.0 447.95189666748047
0.0 354.37786865234375 275.575439453125 354.37786865234375 275.575439453125 456.49452209472656 0.0 456.49452209472656
0.0 358.3277282714844 271.6776428222656 358.3277282714844 271.6776428222656 459.00001525878906 0.0 459.00001525878906
