59.0 372.0 100.0 372.0 100.0 408.0 59.0 408.0
71.16423797607422 369.8455505371094 112.07172012329102 369.8455505371094 112.07172012329102 405.7643127441406 71.16423797607422 405.7643127441406
90.65036010742188 368.71856689453125 130.90375900268555 368.71856689453125 130.90375900268555 404.1072578430176 90.65036010742188 404.1072578430176
102.22112274169922 370.3877258300781 142.49586486816406 370.3877258300781 142.49586486816406 403.7673454284668 102.22112274169922 403.7673454284668
116.01898193359375 365.7179260253906 156.92646408081055 365.7179260253906 156.92646408081055 401.6366958618164 116.01898193359375 401.6366958618164
130.30909729003906 367.2901916503906 169.2842140197754 367.2901916503906 169.2842140197754 399.7268371582031 130.30909729003906 399.7268371582031
145.04150390625 367.13409423828125 184.76655197143555 367.13409423828125 184.76655197143555 399.3055114746094 145.04150390625 399.3055114746094
158.1706085205078 364.72381591796875 196.44842910766602 364.72381591796875 196.44842910766602 399.6275329589844 158.1706085205078 399.6275329589844
172.3650360107422 363.779296875 208.04071044921875 363.779296875 208.04071044921875 397.56447982788086 172.3650360107422 397.56447982788086
181.99180603027344 364.88214111328125 220.34527969360352 364.88214111328125 220.34527969360352 395.32323837280273 181.99180603027344 395.32323837280273
175.9474639892578 357.18646240234375 217.25932693481445 357.18646240234375 217.25932693481445 393.46030044555664 175.9474639892578 393.46030044555664
238.72225952148438 360.6658630371094 274.9296112060547 360.6658630371094 274.9296112060547 393.68677139282227 238.72225952148438 393.68677139282227
250.55825805664062 358.68072509765625 284.62828063964844 358.68072509765625 284.62828063964844 392.9549255371094 250.55825805664062 392.9549255371094
259.7297668457031 356.5509948730469 293.4009323120117 356.5509948730469 293.4009323120117 391.41564178466797 259.7297668457031 391.41564178466797
271.14605712890625 358.1697692871094 309.39896392822266 358.1697692871094 309.39896392822266 391.62792205810547 271.14605712890625 391.62792205810547
281.32037353515625 357.5198669433594 317.48741912841797 357.5198669433594 317.48741912841797 389.8123550415039 281.32037353515625 389.8123550415039
290.9067687988281 355.75347900390625 323.82767486572266 355.75347900390625 323.82767486572266 389.91771697998047 290.9067687988281 389.91771697998047
300.8369140625 354.1867980957031 333.06454849243164 354.1867980957031 333.06454849243164 388.9520835876465 300.8369140625 388.9520835876465
310.251708984375 353.67474365234375 344.2555160522461 353.67474365234375 344.2555160522461 388.24181365966797 310.251708984375 388.24181365966797
319.3988037109375 353.066650390625 354.8623275756836 353.066650390625 354.8623275756836 386.0450325012207 319.3988037109375 386.0450325012207
339.73468017578125 349.0173034667969 379.08690643310547 349.0173034667969 379.08690643310547 383.57048416137695 339.73468017578125 383.57048416137695
355.79278564453125 346.5945129394531 394.80101776123047 346.5945129394531 394.80101776123047 380.8456497192383 355.79278564453125 380.8456497192383
376.3453674316406 344.59637451171875 407.7138214111328 344.59637451171875 407.7138214111328 378.74698638916016 376.3453674316406 378.74698638916016
385.6426696777344 345.38665771484375 418.3605270385742 345.38665771484375 418.3605270385742 382.2363967895508 385.6426696777344 382.2363967895508
398.3406066894531 347.32965087890625 430.07444763183594 347.32965087890625 430.07444763183594 377.53237533569336 398.3406066894531 377.53237533569336
403.07647705078125 344.95355224609375 435.5621337890625 344.95355224609375 435.5621337890625 377.10050201416016 403.07647705078125 377.10050201416016
412.4287109375 344.30169677734375 445.6818542480469 344.30169677734375 445.6818542480469 379.4708366394043 412.4287109375 379.4708366394043
421.60302734375 342.789306640625 453.89368057250977 342.789306640625 453.89368057250977 375.9451446533203 421.60302734375 375.9451446533203
429.01849365234375 342.6243896484375 461.70586013793945 342.6243896484375 461.70586013793945 376.2256622314453 429.01849365234375 376.2256622314453
436.35235595703125 342.19134521484375 469.1438789367676 342.19134521484375 469.1438789367676 376.55320739746094 436.35235595703125 376.55320739746094
440.525390625 340.7601013183594 472.612548828125 340.7601013183594 472.612548828125 375.0801773071289 440.525390625 375.0801773071289
447.39764404296875 338.446533203125 477.69047927856445 338.446533203125 477.69047927856445 370.8025550842285 447.39764404296875 370.8025550842285
453.27496337890625 336.91131591796875 485.34227752685547 336.91131591796875 485.34227752685547 368.3550834655762 453.27496337890625 368.3550834655762
460.0811462402344 336.8773498535156 491.96856689453125 336.8773498535156 491.96856689453125 368.40227699279785 460.0811462402344 368.40227699279785
466.205322265625 335.6542053222656 498.8528823852539 335.6542053222656 498.8528823852539 367.73705291748047 466.205322265625 367.73705291748047
472.701904296875 336.6867370605469 505.6430244445801 336.6867370605469 505.6430244445801 370.2915573120117 472.701904296875 370.2915573120117
485.4373474121094 329.66644287109375 526.2030639648438 329.66644287109375 526.2030639648438 365.4607391357422 485.4373474121094 365.4607391357422
536.9644775390625 326.4510192871094 569.3222122192383 326.4510192871094 569.3222122192383 360.9039726257324 536.9644775390625 360.9039726257324
540.2939453125 325.7298583984375 571.4249572753906 325.7298583984375 571.4249572753906 359.4434814453125 540.2939453125 359.4434814453125
549.2603759765625 326.005615234375 580.9638252258301 326.005615234375 580.9638252258301 358.7335548400879 549.2603759765625 358.7335548400879
556.7800903320312 322.0387878417969 591.8429183959961 322.0387878417969 591.8429183959961 356.1090316772461 556.7800903320312 356.1090316772461
569.01513671875 324.5560607910156 602.355224609375 324.5560607910156 602.355224609375 357.2370185852051 569.01513671875 357.2370185852051
577.6246948242188 324.90850830078125 608.6561470031738 324.90850830078125 608.6561470031738 358.7274284362793 577.6246948242188 358.7274284362793
579.923583984375 320.7731628417969 611.6551055908203 320.7731628417969 611.6551055908203 354.93273162841797 579.923583984375 354.93273162841797
587.8807373046875 319.73675537109375 619.1750583648682 319.73675537109375 619.1750583648682 353.8930206298828 587.8807373046875 353.8930206298828
