302.0 74.0 338.0 74.0 338.0 144.0 302.0 144.0
301.7220764160156 75.0252914428711 337.47354888916016 75.0252914428711 337.47354888916016 142.9433135986328 301.7220764160156 142.9433135986328
302.33544921875 74.89703369140625 337.3928527832031 74.89703369140625 337.3928527832031 142.94725036621094 302.33544921875 142.94725036621094
301.90484619140625 73.81839752197266 337.43806076049805 73.81839752197266 337.43806076049805 142.69082641601562 301.90484619140625 142.69082641601562
302.38836669921875 74.18998718261719 337.40176010131836 74.18998718261719 337.40176010131836 142.38978576660156 302.38836669921875 142.38978576660156
302.133544921875 75.07695007324219 337.83296966552734 75.07695007324219 337.83296966552734 143.05115509033203 302.133544921875 143.05115509033203
302.31207275390625 75.82733154296875 337.0423393249512 75.82733154296875 337.0423393249512 142.93170166015625 302.31207275390625 142.93170166015625
302.18701171875 76.58558654785156 338.05233001708984 76.58558654785156 338.05233001708984 143.59960174560547 302.18701171875 143.59960174560547
302.8149108886719 76.91363525390625 338.26073837280273 76.91363525390625 338.26073837280273 143.9151611328125 302.8149108886719 143.9151611328125
303.48175048828125 77.42738342285156 338.4152297973633 77.42738342285156 338.4152297973633 144.98858642578125 303.48175048828125 144.98858642578125
302.401611328125 77.74742126464844 338.22708892822266 77.74742126464844 338.22708892822266 145.23413848876953 302.401611328125 145.23413848876953
303.43353271484375 77.45106506347656 339.0275993347168 77.45106506347656 339.0275993347168 146.78073120117188 303.43353271484375 146.78073120117188
303.8712463378906 77.2872085571289 338.9274711608887 77.2872085571289 338.9274711608887 145.695556640625 303.8712463378906 145.695556640625
304.775390625 75.4874496459961 340.01537704467773 75.4874496459961 340.01537704467773 145.91706085205078 304.775390625 145.91706085205078
304.48004150390625 75.45835876464844 339.5182418823242 75.45835876464844 339.5182418823242 143.899169921875 304.48004150390625 143.899169921875
304.9327087402344 77.64144134521484 339.87858963012695 77.64144134521484 339.87858963012695 145.3302001953125 304.9327087402344 145.3302001953125
304.97625732421875 78.81759643554688 340.87963104248047 78.81759643554688 340.87963104248047 144.21388244628906 304.97625732421875 144.21388244628906
305.7498474121094 77.7205810546875 341.02925872802734 77.7205810546875 341.02925872802734 146.1854248046875 305.7498474121094 146.1854248046875
306.867919921875 77.38345336914062 342.07884979248047 77.38345336914062 342.07884979248047 147.27454376220703 306.867919921875 147.27454376220703
306.1465759277344 76.07479095458984 342.24846267700195 76.07479095458984 342.24846267700195 145.99905395507812 306.1465759277344 145.99905395507812
306.0652770996094 76.83396911621094 342.7536811828613 76.83396911621094 342.7536811828613 147.41891479492188 306.0652770996094 147.41891479492188
307.4239196777344 77.65911102294922 343.32966232299805 77.65911102294922 343.32966232299805 148.13282012939453 307.4239196777344 148.13282012939453
307.04754638671875 77.25547790527344 343.7252998352051 77.25547790527344 343.7252998352051 149.01242065429688 307.04754638671875 149.01242065429688
306.59588623046875 76.71498107910156 344.4829521179199 76.71498107910156 344.4829521179199 149.3516845703125 306.59588623046875 149.3516845703125
306.6180114746094 75.61943817138672 344.44213104248047 75.61943817138672 344.44213104248047 147.9944076538086 306.6180114746094 147.9944076538086
306.77105712890625 75.12806701660156 344.4562759399414 75.12806701660156 344.4562759399414 148.48980712890625 306.77105712890625 148.48980712890625
307.7169494628906 75.94319915771484 345.11437606811523 75.94319915771484 345.11437606811523 149.5316925048828 307.7169494628906 149.5316925048828
307.1780090332031 75.81749725341797 344.4973335266113 75.81749725341797 344.4973335266113 150.11764526367188 307.1780090332031 150.11764526367188
308.0523681640625 76.29503631591797 344.3048515319824 76.29503631591797 344.3048515319824 149.55547332763672 308.0523681640625 149.55547332763672
307.1431579589844 76.87493896484375 344.46112060546875 76.87493896484375 344.46112060546875 149.3607635498047 307.1431579589844 149.3607635498047
307.1959228515625 76.66949462890625 344.662540435791 76.66949462890625 344.662540435791 149.29156494140625 307.1959228515625 149.29156494140625
307.4852600097656 77.67900085449219 344.86135482788086 77.67900085449219 344.86135482788086 149.89192962646484 307.4852600097656 149.89192962646484
307.010986328125 76.27128601074219 344.27213287353516 76.27128601074219 344.27213287353516 148.8743896484375 307.010986328125 148.8743896484375
307.1149597167969 76.53602600097656 344.52566146850586 76.53602600097656 344.52566146850586 150.62635040283203 307.1149597167969 150.62635040283203
307.0198059082031 76.78306579589844 343.6692085266113 76.78306579589844 343.6692085266113 149.9847412109375 307.0198059082031 149.9847412109375
307.25140380859375 76.85647583007812 344.0845260620117 76.85647583007812 344.0845260620117 150.81616973876953 307.25140380859375 150.81616973876953
307.0186767578125 74.77073669433594 344.6948928833008 74.77073669433594 344.6948928833008 149.8395233154297 307.0186767578125 149.8395233154297
305.9552001953125 77.77682495117188 343.9474792480469 77.77682495117188 343.9474792480469 151.38905334472656 305.9552001953125 151.38905334472656
307.12347412109375 77.67011260986328 344.9083557128906 77.67011260986328 344.9083557128906 149.84449005126953 307.12347412109375 149.84449005126953
307.1815185546875 77.34149169921875 344.11133575439453 77.34149169921875 344.11133575439453 151.31126403808594 307.1815185546875 151.31126403808594
307.36553955078125 76.6403579711914 345.82136154174805 76.6403579711914 345.82136154174805 150.38939666748047 307.36553955078125 150.38939666748047
308.479248046875 77.17940521240234 345.9351005554199 77.17940521240234 345.9351005554199 151.3477325439453 308.479248046875 151.3477325439453
308.2447814941406 76.97792053222656 345.39693450927734 76.97792053222656 345.39693450927734 151.73294830322266 308.2447814941406 151.73294830322266
308.30401611328125 78.18142700195312 346.47083282470703 78.18142700195312 346.47083282470703 152.77452087402344 308.30401611328125 152.77452087402344
293.6208801269531 77.22895812988281 335.5656051635742 77.22895812988281 335.5656051635742 150.22454071044922 293.6208801269531 150.22454071044922
271.1861877441406 72.52671813964844 310.95391845703125 72.52671813964844 310.95391845703125 147.47998046875 271.1861877441406 147.47998046875
252.8455810546875 76.19676208496094 293.48221588134766 76.19676208496094 293.48221588134766 148.95669555664062 252.8455810546875 148.95669555664062
233.6707305908203 78.86026763916016 275.0994644165039 78.86026763916016 275.0994644165039 147.56793212890625 233.6707305908203 147.56793212890625
207.3601837158203 83.92261505126953 250.2053451538086 83.92261505126953 250.2053451538086 151.41992950439453 207.3601837158203 151.41992950439453
195.48629760742188 80.83500671386719 235.918701171875 80.83500671386719 235.918701171875 155.5065460205078 195.48629760742188 155.5065460205078
195.892578125 82.59410095214844 233.3727798461914 82.59410095214844 233.3727798461914 157.07723236083984 195.892578125 157.07723236083984
195.91647338867188 82.81659698486328 232.53995895385742 82.81659698486328 232.53995895385742 156.40027618408203 195.91647338867188 156.40027618408203
195.3965301513672 81.059814453125 233.4264907836914 81.059814453125 233.4264907836914 157.33726501464844 195.3965301513672 157.33726501464844
196.10708618164062 81.46793365478516 232.76290130615234 81.46793365478516 232.76290130615234 157.81588745117188 196.10708618164062 157.81588745117188
195.62875366210938 81.4155044555664 232.90171432495117 81.4155044555664 232.90171432495117 157.83812713623047 195.62875366210938 157.83812713623047
195.822509765625 81.32391357421875 232.85261154174805 81.32391357421875 232.85261154174805 159.2211151123047 195.822509765625 159.2211151123047
196.36300659179688 81.47315216064453 232.81734466552734 81.47315216064453 232.81734466552734 158.95147705078125 196.36300659179688 158.95147705078125
195.6481170654297 81.75627136230469 232.62670516967773 81.75627136230469 232.62670516967773 160.0025863647461 195.6481170654297 160.0025863647461
195.30560302734375 82.56463623046875 232.56426239013672 82.56463623046875 232.56426239013672 159.81837463378906 195.30560302734375 159.81837463378906
194.9276123046875 82.37687683105469 233.10251998901367 82.37687683105469 233.10251998901367 159.58316040039062 194.9276123046875 159.58316040039062
170.83111572265625 85.58470153808594 212.3570213317871 85.58470153808594 212.3570213317871 160.16376495361328 170.83111572265625 160.16376495361328
153.25848388671875 83.85137176513672 192.7925682067871 83.85137176513672 192.7925682067871 161.42766571044922 153.25848388671875 161.42766571044922
156.03770446777344 83.25260162353516 194.34937286376953 83.25260162353516 194.34937286376953 161.270263671875 156.03770446777344 161.270263671875
156.49147033691406 85.69398498535156 194.17109298706055 85.69398498535156 194.17109298706055 161.89095306396484 156.49147033691406 161.89095306396484
156.26025390625 84.13792419433594 194.59529876708984 84.13792419433594 194.59529876708984 162.57669067382812 156.26025390625 162.57669067382812
143.94540405273438 88.71810913085938 186.24860763549805 88.71810913085938 186.24860763549805 161.47970581054688 143.94540405273438 161.47970581054688
121.69757080078125 88.22440338134766 165.15287399291992 88.22440338134766 165.15287399291992 161.69817352294922 121.69757080078125 161.69817352294922
107.7391357421875 86.42317962646484 152.2884521484375 86.42317962646484 152.2884521484375 163.7844467163086 107.7391357421875 163.7844467163086
111.08890533447266 87.32261657714844 150.51206970214844 87.32261657714844 150.51206970214844 165.18767547607422 111.08890533447266 165.18767547607422
111.56477355957031 87.71592712402344 150.80295181274414 87.71592712402344 150.80295181274414 166.021728515625 111.56477355957031 166.021728515625
111.65374755859375 87.9313735961914 150.39136505126953 87.9313735961914 150.39136505126953 168.01219940185547 111.65374755859375 168.01219940185547
110.59034729003906 87.44438171386719 150.60651016235352 87.44438171386719 150.60651016235352 167.19232177734375 110.59034729003906 167.19232177734375
110.26241302490234 86.57201385498047 150.26340103149414 86.57201385498047 150.26340103149414 167.53907012939453 110.26241302490234 167.53907012939453
109.86872863769531 87.59806060791016 150.3217430114746 87.59806060791016 150.3217430114746 167.52213287353516 109.86872863769531 167.52213287353516
109.6959457397461 90.00633239746094 150.5222282409668 90.00633239746094 150.5222282409668 167.93011474609375 109.6959457397461 167.93011474609375
108.3193130493164 90.43787384033203 149.71100997924805 90.43787384033203 149.71100997924805 168.77289581298828 108.3193130493164 168.77289581298828
108.5111312866211 89.38232421875 149.5830841064453 89.38232421875 149.5830841064453 168.65209197998047 108.5111312866211 168.65209197998047
108.7081069946289 90.9364013671875 148.8720474243164 90.9364013671875 148.8720474243164 169.5756378173828 108.7081069946289 169.5756378173828
108.0654067993164 89.29994201660156 149.04767227172852 89.29994201660156 149.04767227172852 168.97989654541016 108.0654067993164 168.97989654541016
108.22847747802734 90.5481948852539 148.289794921875 90.5481948852539 148.289794921875 168.9368133544922 108.22847747802734 168.9368133544922
108.0387191772461 90.84075164794922 149.19332885742188 90.84075164794922 149.19332885742188 170.21058654785156 108.0387191772461 170.21058654785156
109.16316223144531 92.02862548828125 149.43692779541016 92.02862548828125 149.43692779541016 169.53787994384766 109.16316223144531 169.53787994384766
109.5506362915039 91.44979095458984 149.1110610961914 91.44979095458984 149.1110610961914 169.5878448486328 109.5506362915039 169.5878448486328
109.1236572265625 92.1109848022461 149.92391967773438 92.1109848022461 149.92391967773438 169.5773468017578 109.1236572265625 169.5773468017578
109.53043365478516 93.30559539794922 150.05000686645508 93.30559539794922 150.05000686645508 171.1215591430664 109.53043365478516 171.1215591430664
110.12422943115234 92.92115783691406 149.92124557495117 92.92115783691406 149.92124557495117 169.9547576904297 110.12422943115234 169.9547576904297
110.20833587646484 94.52448272705078 149.56389236450195 94.52448272705078 149.56389236450195 171.19790649414062 110.20833587646484 171.19790649414062
110.29476165771484 93.3194580078125 149.90056610107422 93.3194580078125 149.90056610107422 171.5082244873047 110.29476165771484 171.5082244873047
110.90274810791016 94.6305923461914 149.95645141601562 94.6305923461914 149.95645141601562 171.81836700439453 110.90274810791016 171.81836700439453
111.39155578613281 94.27339172363281 149.95875549316406 94.27339172363281 149.95875549316406 171.84355926513672 111.39155578613281 171.84355926513672
83.2615737915039 96.63301849365234 128.5391387939453 96.63301849365234 128.5391387939453 171.5706787109375 83.2615737915039 171.5706787109375
62.176475524902344 98.22123718261719 106.16347122192383 98.22123718261719 106.16347122192383 175.0032196044922 62.176475524902344 175.0032196044922
46.97735595703125 96.67213439941406 92.09096145629883 96.67213439941406 92.09096145629883 174.66029357910156 46.97735595703125 174.66029357910156
48.366920471191406 98.21955108642578 90.74278259277344 98.21955108642578 90.74278259277344 177.01907348632812 48.366920471191406 177.01907348632812
49.41327667236328 98.05597686767578 88.95448303222656 98.05597686767578 88.95448303222656 177.05713653564453 49.41327667236328 177.05713653564453
49.68419647216797 98.9261703491211 89.57217407226562 98.9261703491211 89.57217407226562 177.35198974609375 49.68419647216797 177.35198974609375
49.83087158203125 98.61141967773438 89.68611145019531 98.61141967773438 89.68611145019531 177.8282012939453 49.83087158203125 177.8282012939453
50.914100646972656 98.94647979736328 90.30580139160156 98.94647979736328 90.30580139160156 178.94407653808594 50.914100646972656 178.94407653808594
50.52150344848633 97.90518951416016 90.6739730834961 97.90518951416016 90.6739730834961 178.71825408935547 50.52150344848633 178.71825408935547
51.195465087890625 98.0030288696289 90.26577758789062 98.0030288696289 90.26577758789062 179.55316162109375 51.195465087890625 179.55316162109375
51.36101150512695 98.59333038330078 90.93521118164062 98.59333038330078 90.93521118164062 180.38961029052734 51.36101150512695 180.38961029052734
50.98373031616211 99.195068359375 91.24895477294922 99.195068359375 91.24895477294922 179.7193603515625 50.98373031616211 179.7193603515625
51.92759323120117 100.97737121582031 90.75901794433594 100.97737121582031 90.75901794433594 180.50894927978516 51.92759323120117 180.50894927978516
51.489402770996094 99.83859252929688 91.70366668701172 99.83859252929688 91.70366668701172 181.0030288696289 51.489402770996094 181.0030288696289
51.80646896362305 101.458251953125 91.87409591674805 101.458251953125 91.87409591674805 181.19477081298828 51.80646896362305 181.19477081298828
52.29540252685547 101.5016098022461 92.22420120239258 101.5016098022461 92.22420120239258 181.74195098876953 52.29540252685547 181.74195098876953
52.69872283935547 102.13201904296875 93.09393692016602 102.13201904296875 93.09393692016602 181.78013610839844 52.69872283935547 181.78013610839844
53.0750617980957 102.43299865722656 93.39874267578125 102.43299865722656 93.39874267578125 181.45034790039062 53.0750617980957 181.45034790039062
52.70357131958008 101.85028076171875 93.91026306152344 101.85028076171875 93.91026306152344 182.136474609375 52.70357131958008 182.136474609375
53.606719970703125 101.42403411865234 94.71434783935547 101.42403411865234 94.71434783935547 181.4472427368164 53.606719970703125 181.4472427368164
53.847618103027344 101.39617919921875 95.10962677001953 101.39617919921875 95.10962677001953 182.74331665039062 53.847618103027344 182.74331665039062
54.084327697753906 102.57215881347656 95.43937683105469 102.57215881347656 95.43937683105469 183.13796997070312 54.084327697753906 183.13796997070312
54.012290954589844 103.236572265625 96.20321273803711 103.236572265625 96.20321273803711 183.4503631591797 54.012290954589844 183.4503631591797
55.0476188659668 102.02293395996094 96.83710861206055 102.02293395996094 96.83710861206055 184.19782257080078 55.0476188659668 184.19782257080078
55.1114387512207 102.77630615234375 97.49111938476562 102.77630615234375 97.49111938476562 185.1404266357422 55.1114387512207 185.1404266357422
55.25641632080078 103.3680419921875 97.45173645019531 103.3680419921875 97.45173645019531 183.652587890625 55.25641632080078 183.652587890625
55.543479919433594 103.3388900756836 97.54542922973633 103.3388900756836 97.54542922973633 184.16796875 55.543479919433594 184.16796875
55.611244201660156 101.77608489990234 97.76792907714844 101.77608489990234 97.76792907714844 184.69213104248047 55.611244201660156 184.69213104248047
55.801025390625 101.37312316894531 98.05381393432617 101.37312316894531 98.05381393432617 186.12024688720703 55.801025390625 186.12024688720703
54.28560256958008 101.38236236572266 98.85539627075195 101.38236236572266 98.85539627075195 185.3144760131836 54.28560256958008 185.3144760131836
55.394325256347656 102.65995788574219 99.1274185180664 102.65995788574219 99.1274185180664 186.2957534790039 55.394325256347656 186.2957534790039
56.03369903564453 103.26285552978516 98.99259567260742 103.26285552978516 98.99259567260742 185.6288070678711 56.03369903564453 185.6288070678711
56.5103874206543 105.03413391113281 99.09578323364258 105.03413391113281 99.09578323364258 185.2078628540039 56.5103874206543 185.2078628540039
56.26203536987305 104.8267593383789 99.58949661254883 104.8267593383789 99.58949661254883 186.85821533203125 56.26203536987305 186.85821533203125
57.851654052734375 103.51084899902344 100.2897720336914 103.51084899902344 100.2897720336914 186.11050415039062 57.851654052734375 186.11050415039062
57.3728141784668 102.4872055053711 99.67021560668945 102.4872055053711 99.67021560668945 187.77899932861328 57.3728141784668 187.77899932861328
56.826805114746094 104.19319152832031 100.27085876464844 104.19319152832031 100.27085876464844 188.64693450927734 56.826805114746094 188.64693450927734
57.286521911621094 104.17537689208984 101.30244827270508 104.17537689208984 101.30244827270508 188.2380828857422 57.286521911621094 188.2380828857422
58.402671813964844 102.8423843383789 101.96794128417969 102.8423843383789 101.96794128417969 187.3217544555664 58.402671813964844 187.3217544555664
57.523048400878906 104.32814025878906 101.90796279907227 104.32814025878906 101.90796279907227 189.30511474609375 57.523048400878906 189.30511474609375
58.810569763183594 103.31795501708984 101.50390243530273 103.31795501708984 101.50390243530273 189.30863189697266 58.810569763183594 189.30863189697266
58.85456085205078 102.97697448730469 101.56872177124023 102.97697448730469 101.56872177124023 189.78487396240234 58.85456085205078 189.78487396240234
58.484092712402344 103.18202209472656 102.22888565063477 103.18202209472656 102.22888565063477 190.54373168945312 58.484092712402344 190.54373168945312
59.211814880371094 102.5447006225586 102.59603118896484 102.5447006225586 102.59603118896484 191.27652740478516 59.211814880371094 191.27652740478516
58.75092697143555 103.42732238769531 102.51994705200195 103.42732238769531 102.51994705200195 192.46615600585938 58.75092697143555 192.46615600585938
59.03520965576172 104.78147888183594 102.64906692504883 104.78147888183594 102.64906692504883 191.16381072998047 59.03520965576172 191.16381072998047
59.46718215942383 105.16766357421875 102.79537963867188 105.16766357421875 102.79537963867188 193.0243148803711 59.46718215942383 193.0243148803711
59.564048767089844 104.03669738769531 102.79723739624023 104.03669738769531 102.79723739624023 191.83130645751953 59.564048767089844 191.83130645751953
60.45745849609375 104.3514404296875 102.46382904052734 104.3514404296875 102.46382904052734 192.7298812866211 60.45745849609375 192.7298812866211
59.65987014770508 105.63551330566406 101.62290954589844 105.63551330566406 101.62290954589844 191.78392791748047 59.65987014770508 191.78392791748047
60.21614456176758 104.614501953125 102.22627258300781 104.614501953125 102.22627258300781 192.93765258789062 60.21614456176758 192.93765258789062
60.4612922668457 105.63371276855469 102.12457275390625 105.63371276855469 102.12457275390625 193.88021850585938 60.4612922668457 193.88021850585938
60.199424743652344 105.49056243896484 102.65304565429688 105.49056243896484 102.65304565429688 194.03467559814453 60.199424743652344 194.03467559814453
59.985572814941406 106.33009338378906 102.72328567504883 106.33009338378906 102.72328567504883 194.6724395751953 59.985572814941406 194.6724395751953
61.541587829589844 107.6412353515625 102.4874382019043 107.6412353515625 102.4874382019043 194.57406616210938 61.541587829589844 194.57406616210938
61.23411178588867 108.94993591308594 103.17972183227539 108.94993591308594 103.17972183227539 195.4987335205078 61.23411178588867 195.4987335205078
60.88822555541992 109.05377197265625 103.13972854614258 109.05377197265625 103.13972854614258 194.86600494384766 60.88822555541992 194.86600494384766
59.97156524658203 105.09223937988281 103.76066589355469 105.09223937988281 103.76066589355469 194.13785552978516 59.97156524658203 194.13785552978516
60.10380172729492 86.19264221191406 104.61190414428711 86.19264221191406 104.61190414428711 181.12551879882812 60.10380172729492 181.12551879882812
60.092933654785156 85.82144927978516 103.68148422241211 85.82144927978516 103.68148422241211 175.68301391601562 60.092933654785156 175.68301391601562
61.021080017089844 85.00421905517578 104.9459228515625 85.00421905517578 104.9459228515625 174.6413803100586 61.021080017089844 174.6413803100586
61.296058654785156 85.81846618652344 104.83833694458008 85.81846618652344 104.83833694458008 174.72518157958984 61.296058654785156 174.72518157958984
60.89557647705078 85.1051254272461 104.49853515625 85.1051254272461 104.49853515625 175.0322036743164 60.89557647705078 175.0322036743164
61.03496551513672 85.88179779052734 104.79142379760742 85.88179779052734 104.79142379760742 177.42452239990234 61.03496551513672 177.42452239990234
61.22324752807617 85.95501708984375 104.59917449951172 85.95501708984375 104.59917449951172 174.9276885986328 61.22324752807617 174.9276885986328
60.891258239746094 86.97210693359375 103.85585021972656 86.97210693359375 103.85585021972656 176.6285400390625 60.891258239746094 176.6285400390625
60.343544006347656 86.75428771972656 104.20018005371094 86.75428771972656 104.20018005371094 177.3864974975586 60.343544006347656 177.3864974975586
59.55425262451172 87.89138793945312 104.04879760742188 87.89138793945312 104.04879760742188 179.00674438476562 59.55425262451172 179.00674438476562
60.53186798095703 87.62071990966797 103.69225311279297 87.62071990966797 103.69225311279297 177.71609497070312 60.53186798095703 177.71609497070312
59.811317443847656 87.46562194824219 104.33143615722656 87.46562194824219 104.33143615722656 177.74971771240234 59.811317443847656 177.74971771240234
57.89379119873047 79.56053161621094 104.81712341308594 79.56053161621094 104.81712341308594 178.8931655883789 57.89379119873047 178.8931655883789
58.35240936279297 70.35211181640625 103.74656677246094 70.35211181640625 103.74656677246094 166.40178680419922 58.35240936279297 166.40178680419922
56.89277267456055 60.92482376098633 103.46041870117188 60.92482376098633 103.46041870117188 156.77510452270508 56.89277267456055 156.77510452270508
56.81806182861328 62.925376892089844 103.2695541381836 62.925376892089844 103.2695541381836 155.5502700805664 56.81806182861328 155.5502700805664
57.721214294433594 63.59226608276367 103.39910125732422 63.59226608276367 103.39910125732422 155.78905868530273 57.721214294433594 155.78905868530273
58.16242599487305 65.13642883300781 104.23927307128906 65.13642883300781 104.23927307128906 155.76083374023438 58.16242599487305 155.76083374023438
58.1099853515625 63.77203369140625 103.81432342529297 63.77203369140625 103.81432342529297 155.09452056884766 58.1099853515625 155.09452056884766
58.7440185546875 64.13465881347656 103.90891647338867 64.13465881347656 103.90891647338867 157.36972045898438 58.7440185546875 157.36972045898438
57.90620040893555 64.55314636230469 103.96614837646484 64.55314636230469 103.96614837646484 156.6629867553711 57.90620040893555 156.6629867553711
59.56284713745117 65.05357360839844 104.44750595092773 65.05357360839844 104.44750595092773 156.39971923828125 59.56284713745117 156.39971923828125
58.70232391357422 64.69987487792969 104.13206481933594 64.69987487792969 104.13206481933594 158.97310638427734 58.70232391357422 158.97310638427734
58.135353088378906 52.297325134277344 106.36235809326172 52.297325134277344 106.36235809326172 151.72974395751953 58.135353088378906 151.72974395751953
58.35820770263672 40.38109588623047 105.44547653198242 40.38109588623047 105.44547653198242 137.05799865722656 58.35820770263672 137.05799865722656
58.05327224731445 35.4630126953125 104.62982177734375 35.4630126953125 104.62982177734375 130.40933227539062 58.05327224731445 130.40933227539062
59.1795539855957 38.11629104614258 104.14297485351562 38.11629104614258 104.14297485351562 130.21612167358398 59.1795539855957 130.21612167358398
59.68555450439453 37.15463638305664 105.31068801879883 37.15463638305664 105.31068801879883 130.36677169799805 59.68555450439453 130.36677169799805
59.63641357421875 37.12982177734375 105.87185668945312 37.12982177734375 105.87185668945312 132.99925231933594 59.63641357421875 132.99925231933594
60.539306640625 38.32649230957031 105.01166915893555 38.32649230957031 105.01166915893555 131.9053497314453 60.539306640625 131.9053497314453
60.31122970581055 38.648475646972656 104.71173095703125 38.648475646972656 104.71173095703125 132.3565444946289 60.31122970581055 132.3565444946289
60.907806396484375 38.86939239501953 104.44895553588867 38.86939239501953 104.44895553588867 133.55068969726562 60.907806396484375 133.55068969726562
60.32881546020508 39.89855194091797 105.40180206298828 39.89855194091797 105.40180206298828 134.08152770996094 60.32881546020508 134.08152770996094
61.5605583190918 39.338661193847656 106.92505264282227 39.338661193847656 106.92505264282227 132.6597671508789 61.5605583190918 132.6597671508789
60.6014289855957 23.6345272064209 106.60673141479492 23.6345272064209 106.60673141479492 122.89345359802246 60.6014289855957 122.89345359802246
60.10991287231445 11.766881942749023 106.81162643432617 11.766881942749023 106.81162643432617 114.74257469177246 60.10991287231445 114.74257469177246
60.38898468017578 15.8058443069458 106.49574279785156 15.8058443069458 106.49574279785156 111.22047138214111 60.38898468017578 111.22047138214111
61.78702926635742 16.246572494506836 106.35737228393555 16.246572494506836 106.35737228393555 111.40949821472168 61.78702926635742 111.40949821472168
61.89509963989258 15.598175048828125 107.04076385498047 15.598175048828125 107.04076385498047 111.30299377441406 61.89509963989258 111.30299377441406
60.288841247558594 16.256189346313477 107.98922729492188 16.256189346313477 107.98922729492188 113.43836402893066 60.288841247558594 113.43836402893066
61.73651123046875 16.550601959228516 107.13439559936523 16.550601959228516 107.13439559936523 114.61088180541992 61.73651123046875 114.61088180541992
60.58246994018555 16.953105926513672 107.73921585083008 16.953105926513672 107.73921585083008 116.22887802124023 60.58246994018555 116.22887802124023
61.3888053894043 18.412841796875 108.16202163696289 18.412841796875 108.16202163696289 118.05671691894531 61.3888053894043 118.05671691894531
60.52766799926758 17.875261306762695 107.95339584350586 17.875261306762695 107.95339584350586 117.34815406799316 60.52766799926758 117.34815406799316
60.303436279296875 18.27693748474121 106.72762298583984 18.27693748474121 106.72762298583984 117.99893760681152 60.303436279296875 117.99893760681152
60.556602478027344 19.621929168701172 107.42641067504883 19.621929168701172 107.42641067504883 118.70806503295898 60.556602478027344 118.70806503295898
61.096839904785156 19.310863494873047 107.59622192382812 19.310863494873047 107.59622192382812 121.63705825805664 61.096839904785156 121.63705825805664
60.29460906982422 20.538381576538086 107.67359924316406 20.538381576538086 107.67359924316406 118.95997428894043 60.29460906982422 118.95997428894043
60.78358840942383 22.31003761291504 108.78676986694336 22.31003761291504 108.78676986694336 119.86407661437988 60.78358840942383 119.86407661437988
61.32703399658203 22.0427188873291 108.5218505859375 22.0427188873291 108.5218505859375 122.50039100646973 61.32703399658203 122.50039100646973
60.56162643432617 21.38733673095703 108.59009170532227 21.38733673095703 108.59009170532227 119.7234878540039 60.56162643432617 119.7234878540039
60.422691345214844 23.028972625732422 108.06790542602539 23.028972625732422 108.06790542602539 121.79809188842773 60.422691345214844 121.79809188842773
61.81119918823242 20.975154876708984 108.53243255615234 20.975154876708984 108.53243255615234 121.54784774780273 61.81119918823242 121.54784774780273
62.913246154785156 22.83418846130371 108.520263671875 22.83418846130371 108.520263671875 123.59972953796387 62.913246154785156 123.59972953796387
62.5727424621582 23.423614501953125 108.78054428100586 23.423614501953125 108.78054428100586 124.97370910644531 62.5727424621582 124.97370910644531
62.920814514160156 22.88666343688965 108.34577941894531 22.88666343688965 108.34577941894531 124.04076194763184 62.920814514160156 124.04076194763184
62.758148193359375 24.69009780883789 109.15702438354492 24.69009780883789 109.15702438354492 125.3191032409668 62.758148193359375 125.3191032409668
63.690643310546875 25.24173355102539 109.12592315673828 25.24173355102539 109.12592315673828 124.83914566040039 63.690643310546875 124.83914566040039
64.20079803466797 27.118982315063477 110.65600204467773 27.118982315063477 110.65600204467773 124.21697425842285 64.20079803466797 124.21697425842285
63.300209045410156 27.318462371826172 109.80891799926758 27.318462371826172 109.80891799926758 126.25606918334961 63.300209045410156 126.25606918334961
63.99481964111328 26.964664459228516 109.84503173828125 26.964664459228516 109.84503173828125 127.20964431762695 63.99481964111328 127.20964431762695
63.109703063964844 28.316192626953125 110.11579132080078 28.316192626953125 110.11579132080078 128.81481170654297 63.109703063964844 128.81481170654297
63.541900634765625 30.26388931274414 110.30258178710938 30.26388931274414 110.30258178710938 129.37420272827148 63.541900634765625 129.37420272827148
63.45823287963867 30.426605224609375 110.30105972290039 30.426605224609375 110.30105972290039 129.14728546142578 63.45823287963867 129.14728546142578
64.09204864501953 30.483661651611328 111.16997146606445 30.483661651611328 111.16997146606445 131.16547775268555 64.09204864501953 131.16547775268555
64.3051528930664 31.544315338134766 111.62890625 31.544315338134766 111.62890625 130.5904197692871 64.3051528930664 130.5904197692871
64.33014678955078 31.883853912353516 111.61788558959961 31.883853912353516 111.61788558959961 131.89550399780273 64.33014678955078 131.89550399780273
63.732017517089844 32.01185607910156 110.70743942260742 32.01185607910156 110.70743942260742 133.34334564208984 63.732017517089844 133.34334564208984
64.76448059082031 32.31767654418945 111.46475219726562 32.31767654418945 111.46475219726562 132.7096290588379 64.76448059082031 132.7096290588379
65.55009460449219 33.14475631713867 111.59969329833984 33.14475631713867 111.59969329833984 134.08298873901367 65.55009460449219 134.08298873901367
64.65632629394531 33.12227249145508 112.33380508422852 33.12227249145508 112.33380508422852 136.77756881713867 64.65632629394531 136.77756881713867
66.44914245605469 33.49586486816406 112.59472274780273 33.49586486816406 112.59472274780273 137.21493530273438 66.44914245605469 137.21493530273438
66.64962768554688 34.749576568603516 114.52946472167969 34.749576568603516 114.52946472167969 136.06062698364258 66.64962768554688 136.06062698364258
66.75074768066406 34.3851203918457 114.4839096069336 34.3851203918457 114.4839096069336 137.38566970825195 66.75074768066406 137.38566970825195
66.29826354980469 35.48299026489258 114.66098403930664 35.48299026489258 114.66098403930664 139.69378280639648 66.29826354980469 139.69378280639648
68.32814025878906 36.375648498535156 115.4431266784668 36.375648498535156 115.4431266784668 139.76444244384766 68.32814025878906 139.76444244384766
66.8775634765625 36.554161071777344 115.97883987426758 36.554161071777344 115.97883987426758 139.70121002197266 66.8775634765625 139.70121002197266
66.52635192871094 36.73540115356445 116.9546890258789 36.73540115356445 116.9546890258789 141.46777725219727 66.52635192871094 141.46777725219727
68.86860656738281 36.90308380126953 117.44101333618164 36.90308380126953 117.44101333618164 139.8192596435547 68.86860656738281 139.8192596435547
69.40724182128906 38.53398895263672 117.50072479248047 38.53398895263672 117.50072479248047 143.64249420166016 69.40724182128906 143.64249420166016
69.93017578125 37.8304328918457 117.9749984741211 37.8304328918457 117.9749984741211 142.1355857849121 69.93017578125 142.1355857849121
69.29547882080078 38.421363830566406 118.6445198059082 38.421363830566406 118.6445198059082 141.36492919921875 69.29547882080078 141.36492919921875
70.32816314697266 41.24242401123047 118.63619995117188 41.24242401123047 118.63619995117188 142.13443756103516 70.32816314697266 142.13443756103516
69.29804992675781 40.088356018066406 119.43032455444336 40.088356018066406 119.43032455444336 144.2425308227539 69.29804992675781 144.2425308227539
69.25248718261719 40.5536994934082 119.49845504760742 40.5536994934082 119.49845504760742 144.4667625427246 69.25248718261719 144.4667625427246
70.74916076660156 42.51643371582031 121.3935317993164 42.51643371582031 121.3935317993164 144.39000701904297 70.74916076660156 144.39000701904297
69.56490325927734 41.698760986328125 121.75162124633789 41.698760986328125 121.75162124633789 143.38844299316406 69.56490325927734 143.38844299316406
71.71720886230469 42.79405975341797 122.6690444946289 42.79405975341797 122.6690444946289 144.58370208740234 71.71720886230469 144.58370208740234
72.33329010009766 44.3528938293457 122.10905456542969 44.3528938293457 122.10905456542969 145.55475234985352 72.33329010009766 145.55475234985352
73.2798843383789 44.81334686279297 122.91315460205078 44.81334686279297 122.91315460205078 145.5756607055664 73.2798843383789 145.5756607055664
72.93971252441406 45.320289611816406 123.0825424194336 45.320289611816406 123.0825424194336 147.22029876708984 72.93971252441406 147.22029876708984
74.39583587646484 43.88873291015625 123.322265625 43.88873291015625 123.322265625 147.8577423095703 74.39583587646484 147.8577423095703
74.44264221191406 42.438316345214844 125.05038833618164 42.438316345214844 125.05038833618164 147.54395294189453 74.44264221191406 147.54395294189453
74.73094177246094 44.55672073364258 125.93824005126953 44.55672073364258 125.93824005126953 149.6260108947754 74.73094177246094 149.6260108947754
75.2452163696289 46.54380798339844 125.96904373168945 46.54380798339844 125.96904373168945 151.61376953125 75.2452163696289 151.61376953125
74.10919189453125 46.63872146606445 127.25986862182617 46.63872146606445 127.25986862182617 153.5661277770996 74.10919189453125 153.5661277770996
74.57294464111328 45.80931854248047 127.57629013061523 45.80931854248047 127.57629013061523 155.17782592773438 74.57294464111328 155.17782592773438
76.99813842773438 46.69861602783203 127.59732055664062 46.69861602783203 127.59732055664062 154.04553985595703 76.99813842773438 154.04553985595703
78.84221649169922 48.614418029785156 129.36450576782227 48.614418029785156 129.36450576782227 156.60857391357422 78.84221649169922 156.60857391357422
78.4144515991211 47.94756317138672 129.07733917236328 47.94756317138672 129.07733917236328 157.82762908935547 78.4144515991211 157.82762908935547
78.34876251220703 49.51938247680664 130.17213821411133 49.51938247680664 130.17213821411133 159.6083106994629 78.34876251220703 159.6083106994629
80.65098571777344 51.793212890625 130.57537078857422 51.793212890625 130.57537078857422 158.26048278808594 80.65098571777344 158.26048278808594
80.89569091796875 50.504051208496094 131.98764038085938 50.504051208496094 131.98764038085938 159.1954116821289 80.89569091796875 159.1954116821289
81.30355834960938 52.689605712890625 132.36268997192383 52.689605712890625 132.36268997192383 159.88269805908203 81.30355834960938 159.88269805908203
81.98855590820312 52.12784957885742 132.5987892150879 52.12784957885742 132.5987892150879 160.36010360717773 81.98855590820312 160.36010360717773
83.16777038574219 52.61480712890625 133.32707977294922 52.61480712890625 133.32707977294922 160.1263656616211 83.16777038574219 160.1263656616211
83.70166015625 52.458778381347656 134.08767700195312 52.458778381347656 134.08767700195312 161.67794036865234 83.70166015625 161.67794036865234
83.0888442993164 53.63710403442383 133.6650161743164 53.63710403442383 133.6650161743164 162.56713485717773 83.0888442993164 162.56713485717773
84.31228637695312 52.91143035888672 135.2233657836914 52.91143035888672 135.2233657836914 163.05545043945312 84.31228637695312 163.05545043945312
84.26177978515625 53.0848503112793 136.06302642822266 53.0848503112793 136.06302642822266 163.9159812927246 84.26177978515625 163.9159812927246
86.0904312133789 54.415283203125 136.1239013671875 54.415283203125 136.1239013671875 165.19625091552734 86.0904312133789 165.19625091552734
86.09565734863281 54.49329376220703 137.07033157348633 54.49329376220703 137.07033157348633 164.82809448242188 86.09565734863281 164.82809448242188
86.11421203613281 53.751060485839844 138.18865203857422 53.751060485839844 138.18865203857422 165.67369079589844 86.11421203613281 165.67369079589844
85.94625091552734 54.78975296020508 138.54352188110352 54.78975296020508 138.54352188110352 167.38264846801758 85.94625091552734 167.38264846801758
87.34764099121094 56.08831787109375 139.11376190185547 56.08831787109375 139.11376190185547 165.83363342285156 87.34764099121094 165.83363342285156
88.81340026855469 55.384666442871094 140.0083465576172 55.384666442871094 140.0083465576172 168.31822204589844 88.81340026855469 168.31822204589844
90.1351318359375 56.74180221557617 140.53028106689453 56.74180221557617 140.53028106689453 168.54148483276367 90.1351318359375 168.54148483276367
90.50506591796875 57.3925666809082 140.60096740722656 57.3925666809082 140.60096740722656 170.3314094543457 90.50506591796875 170.3314094543457
89.36263275146484 57.44781494140625 142.34274291992188 57.44781494140625 142.34274291992188 171.3110580444336 89.36263275146484 171.3110580444336
89.70841979980469 58.881446838378906 142.32323837280273 58.881446838378906 142.32323837280273 168.73906707763672 89.70841979980469 168.73906707763672
90.4494400024414 59.55446243286133 142.92644882202148 59.55446243286133 142.92644882202148 170.48162460327148 90.4494400024414 170.48162460327148
90.49530792236328 60.495635986328125 143.62920761108398 60.495635986328125 143.62920761108398 170.58238220214844 90.49530792236328 170.58238220214844
91.53715515136719 62.5572395324707 143.99853897094727 62.5572395324707 143.99853897094727 171.3923225402832 91.53715515136719 171.3923225402832
91.74440002441406 62.059356689453125 143.59488677978516 62.059356689453125 143.59488677978516 172.00791931152344 91.74440002441406 172.00791931152344
92.54981994628906 61.624755859375 146.0207290649414 61.624755859375 146.0207290649414 172.46458435058594 92.54981994628906 172.46458435058594
92.91532897949219 63.9119873046875 146.92461776733398 63.9119873046875 146.92461776733398 174.7627410888672 92.91532897949219 174.7627410888672
92.8674545288086 62.63201141357422 148.5731201171875 62.63201141357422 148.5731201171875 174.09803009033203 92.8674545288086 174.09803009033203
93.89982604980469 63.779808044433594 147.8297462463379 63.779808044433594 147.8297462463379 175.58065032958984 93.89982604980469 175.58065032958984
94.96669006347656 64.3813247680664 148.89209365844727 64.3813247680664 148.89209365844727 175.24554443359375 94.96669006347656 175.24554443359375
96.31938934326172 63.265838623046875 149.69177627563477 63.265838623046875 149.69177627563477 177.41205596923828 96.31938934326172 177.41205596923828
97.22026062011719 64.4616470336914 151.41406631469727 64.4616470336914 151.41406631469727 179.9610366821289 97.22026062011719 179.9610366821289
97.71356201171875 65.14247131347656 151.5279769897461 65.14247131347656 151.5279769897461 181.00780487060547 97.71356201171875 181.00780487060547
97.2326889038086 65.3387680053711 151.78426361083984 65.3387680053711 151.78426361083984 181.06663513183594 97.2326889038086 181.06663513183594
99.85799407958984 66.96434020996094 153.18487930297852 66.96434020996094 153.18487930297852 181.17901611328125 99.85799407958984 181.17901611328125
100.36629486083984 65.86491394042969 151.60977172851562 65.86491394042969 151.60977172851562 183.15989685058594 100.36629486083984 183.15989685058594
101.95687103271484 66.83759307861328 153.81625366210938 66.83759307861328 153.81625366210938 182.88892364501953 101.95687103271484 182.88892364501953
102.36019897460938 68.4321517944336 154.79753875732422 68.4321517944336 154.79753875732422 182.573486328125 102.36019897460938 182.573486328125
102.58003997802734 69.29304504394531 155.30909729003906 69.29304504394531 155.30909729003906 184.5638427734375 102.58003997802734 184.5638427734375
103.1114501953125 68.76993560791016 154.52568435668945 68.76993560791016 154.52568435668945 186.34212493896484 103.1114501953125 186.34212493896484
102.7369613647461 70.279052734375 155.12385177612305 70.279052734375 155.12385177612305 185.1966323852539 102.7369613647461 185.1966323852539
103.79124450683594 71.56005096435547 155.85781478881836 71.56005096435547 155.85781478881836 186.68120574951172 103.79124450683594 186.68120574951172
103.30680847167969 75.78875732421875 157.31855010986328 75.78875732421875 157.31855010986328 189.5143814086914 103.30680847167969 189.5143814086914
104.37248229980469 73.01707458496094 156.5384063720703 73.01707458496094 156.5384063720703 189.49392700195312 104.37248229980469 189.49392700195312
104.3434066772461 74.0003890991211 157.34446716308594 74.0003890991211 157.34446716308594 190.66178131103516 104.3434066772461 190.66178131103516
104.69915771484375 75.59535217285156 158.2999153137207 75.59535217285156 158.2999153137207 192.70035552978516 104.69915771484375 192.70035552978516
105.38639068603516 75.38567352294922 158.43655014038086 75.38567352294922 158.43655014038086 193.15996551513672 105.38639068603516 193.15996551513672
105.8489761352539 76.45707702636719 158.93156814575195 76.45707702636719 158.93156814575195 192.30503845214844 105.8489761352539 192.30503845214844
106.33441162109375 77.29341125488281 159.91921997070312 77.29341125488281 159.91921997070312 194.7089614868164 106.33441162109375 194.7089614868164
106.48738098144531 78.44563293457031 159.40472030639648 78.44563293457031 159.40472030639648 194.7559814453125 106.48738098144531 194.7559814453125
106.4179458618164 78.28825378417969 159.61297607421875 78.28825378417969 159.61297607421875 195.12129974365234 106.4179458618164 195.12129974365234
107.30777740478516 78.76832580566406 160.50668334960938 78.76832580566406 160.50668334960938 196.19388580322266 107.30777740478516 196.19388580322266
106.02642822265625 77.6855697631836 161.55001831054688 77.6855697631836 161.55001831054688 198.3913345336914 106.02642822265625 198.3913345336914
106.13203430175781 79.32672119140625 161.15748596191406 79.32672119140625 161.15748596191406 200.23033142089844 106.13203430175781 200.23033142089844
105.9444351196289 79.13751983642578 160.98818969726562 79.13751983642578 160.98818969726562 200.8530502319336 105.9444351196289 200.8530502319336
105.62263488769531 79.23983001708984 160.25611114501953 79.23983001708984 160.25611114501953 202.10762786865234 105.62263488769531 202.10762786865234
103.7094497680664 80.68587493896484 162.0031394958496 80.68587493896484 162.0031394958496 203.0189437866211 103.7094497680664 203.0189437866211
102.2138442993164 63.2944221496582 163.03389358520508 63.2944221496582 163.03389358520508 194.7915382385254 102.2138442993164 194.7915382385254
103.3179931640625 51.445579528808594 163.6239242553711 51.445579528808594 163.6239242553711 187.50859832763672 103.3179931640625 187.50859832763672
104.67276763916016 53.21189498901367 161.26723861694336 53.21189498901367 161.26723861694336 177.06956100463867 104.67276763916016 177.06956100463867
104.92755126953125 54.30903244018555 161.95133209228516 54.30903244018555 161.95133209228516 180.37690353393555 104.92755126953125 180.37690353393555
103.97713470458984 53.69788360595703 161.71053314208984 53.69788360595703 161.71053314208984 178.13556671142578 103.97713470458984 178.13556671142578
104.12855529785156 54.63481521606445 161.88747787475586 54.63481521606445 161.88747787475586 179.18466567993164 104.12855529785156 179.18466567993164
104.29293060302734 56.561561584472656 162.12717056274414 56.561561584472656 162.12717056274414 180.60794830322266 104.29293060302734 180.60794830322266
104.2652587890625 56.12248611450195 161.86734771728516 56.12248611450195 161.86734771728516 179.67573165893555 104.2652587890625 179.67573165893555
104.40412902832031 57.70853805541992 162.85652923583984 57.70853805541992 162.85652923583984 180.69779586791992 104.40412902832031 180.69779586791992
104.34625244140625 58.73540115356445 162.39030838012695 58.73540115356445 162.39030838012695 180.77119064331055 104.34625244140625 180.77119064331055
104.61717224121094 59.616477966308594 163.6479148864746 59.616477966308594 163.6479148864746 181.6346664428711 104.61717224121094 181.6346664428711
105.9851303100586 59.707618713378906 163.75056076049805 59.707618713378906 163.75056076049805 182.83348846435547 105.9851303100586 182.83348846435547
106.5357437133789 61.52470016479492 163.67619705200195 61.52470016479492 163.67619705200195 184.52984237670898 106.5357437133789 184.52984237670898
106.61328125 61.989051818847656 164.92876052856445 61.989051818847656 164.92876052856445 182.75603485107422 106.61328125 182.75603485107422
106.46734619140625 61.37238693237305 166.41713333129883 61.37238693237305 166.41713333129883 179.92507553100586 106.46734619140625 179.92507553100586
106.8111801147461 61.228477478027344 165.96282196044922 61.228477478027344 165.96282196044922 183.738525390625 106.8111801147461 183.738525390625
107.5415267944336 62.21821212768555 166.14637756347656 62.21821212768555 166.14637756347656 185.81695175170898 107.5415267944336 185.81695175170898
109.63018798828125 62.41704559326172 166.6456413269043 62.41704559326172 166.6456413269043 185.36406707763672 109.63018798828125 185.36406707763672
109.12690734863281 62.620887756347656 167.18145370483398 62.620887756347656 167.18145370483398 185.48400115966797 109.12690734863281 185.48400115966797
109.52398681640625 64.78889465332031 168.04930877685547 64.78889465332031 168.04930877685547 189.396728515625 109.52398681640625 189.396728515625
110.93281555175781 63.6584358215332 167.66321563720703 63.6584358215332 167.66321563720703 188.47307205200195 110.93281555175781 188.47307205200195
112.61544036865234 64.74546813964844 169.05120086669922 64.74546813964844 169.05120086669922 188.81321716308594 112.61544036865234 188.81321716308594
113.1121826171875 66.6894302368164 171.5197525024414 66.6894302368164 171.5197525024414 192.74581146240234 113.1121826171875 192.74581146240234
113.13055419921875 66.774169921875 171.65606689453125 66.774169921875 171.65606689453125 192.4898452758789 113.13055419921875 192.4898452758789
112.6355972290039 67.44087982177734 171.64569854736328 67.44087982177734 171.64569854736328 192.40522003173828 112.6355972290039 192.40522003173828
113.40129089355469 68.22852325439453 172.5857391357422 68.22852325439453 172.5857391357422 192.81285095214844 113.40129089355469 192.81285095214844
113.63958740234375 69.5395736694336 172.4094009399414 69.5395736694336 172.4094009399414 194.80206298828125 113.63958740234375 194.80206298828125
114.9852066040039 70.5104751586914 173.1558609008789 70.5104751586914 173.1558609008789 195.6805191040039 114.9852066040039 195.6805191040039
115.36985778808594 70.19276428222656 173.32203674316406 70.19276428222656 173.32203674316406 197.19735717773438 115.36985778808594 197.19735717773438
114.6246109008789 72.78650665283203 173.53482055664062 72.78650665283203 173.53482055664062 197.75582885742188 114.6246109008789 197.75582885742188
115.49827575683594 73.09745025634766 175.36590194702148 73.09745025634766 175.36590194702148 198.88490295410156 115.49827575683594 198.88490295410156
115.73238372802734 73.78102111816406 175.39490127563477 73.78102111816406 175.39490127563477 199.9428253173828 115.73238372802734 199.9428253173828
116.36576843261719 72.51850891113281 176.59265899658203 72.51850891113281 176.59265899658203 199.22686767578125 116.36576843261719 199.22686767578125
116.3935317993164 75.73029327392578 176.0658416748047 75.73029327392578 176.0658416748047 200.87034606933594 116.3935317993164 200.87034606933594
118.10028076171875 75.60973358154297 175.7131118774414 75.60973358154297 175.7131118774414 201.18551635742188 118.10028076171875 201.18551635742188
117.1873550415039 75.82328033447266 176.71139526367188 75.82328033447266 176.71139526367188 201.4227066040039 117.1873550415039 201.4227066040039
118.47074890136719 78.4327392578125 178.84129333496094 78.4327392578125 178.84129333496094 204.37320709228516 118.47074890136719 204.37320709228516
118.40217590332031 78.60118103027344 179.38973236083984 78.60118103027344 179.38973236083984 207.90174865722656 118.40217590332031 207.90174865722656
120.7345199584961 77.92557525634766 180.6629753112793 77.92557525634766 180.6629753112793 206.00720977783203 120.7345199584961 206.00720977783203
119.70621490478516 78.79505157470703 180.1904296875 78.79505157470703 180.1904296875 209.83123016357422 119.70621490478516 209.83123016357422
120.3369369506836 79.39080810546875 181.94675064086914 79.39080810546875 181.94675064086914 210.07736206054688 120.3369369506836 210.07736206054688
120.6893310546875 81.1084976196289 182.26777267456055 81.1084976196289 182.26777267456055 209.2312240600586 120.6893310546875 209.2312240600586
120.6259994506836 80.2787094116211 181.35908126831055 80.2787094116211 181.35908126831055 211.43402862548828 120.6259994506836 211.43402862548828
119.85917663574219 82.74307250976562 183.2708511352539 82.74307250976562 183.2708511352539 213.68032836914062 119.85917663574219 213.68032836914062
120.96126556396484 80.96733093261719 183.4462013244629 80.96733093261719 183.4462013244629 213.1095733642578 120.96126556396484 213.1095733642578
121.33543395996094 82.53553771972656 183.75652694702148 82.53553771972656 183.75652694702148 213.25021362304688 121.33543395996094 213.25021362304688
120.02989196777344 83.80005645751953 182.71783065795898 83.80005645751953 182.71783065795898 215.1945571899414 120.02989196777344 215.1945571899414
120.94281005859375 85.67866516113281 184.2048568725586 85.67866516113281 184.2048568725586 215.0521697998047 120.94281005859375 215.0521697998047
119.95849609375 86.17517852783203 184.48377990722656 86.17517852783203 184.48377990722656 217.12000274658203 119.95849609375 217.12000274658203
121.85233306884766 87.35966491699219 185.7537078857422 87.35966491699219 185.7537078857422 216.6570587158203 121.85233306884766 216.6570587158203
120.80549621582031 88.21498107910156 184.06200408935547 88.21498107910156 184.06200408935547 217.73388671875 120.80549621582031 217.73388671875
120.1078109741211 87.7536392211914 183.95624160766602 87.7536392211914 183.95624160766602 216.94702911376953 120.1078109741211 216.94702911376953
119.06441497802734 91.42539978027344 183.35125732421875 91.42539978027344 183.35125732421875 217.62881469726562 119.06441497802734 217.62881469726562
117.50926208496094 93.3351821899414 183.07242584228516 93.3351821899414 183.07242584228516 220.47136688232422 117.50926208496094 220.47136688232422
117.40913391113281 93.1229019165039 184.0491714477539 93.1229019165039 184.0491714477539 221.8040542602539 117.40913391113281 221.8040542602539
119.5445785522461 94.78569030761719 184.4386978149414 94.78569030761719 184.4386978149414 225.06646728515625 119.5445785522461 225.06646728515625
120.00642395019531 93.78761291503906 184.72042083740234 93.78761291503906 184.72042083740234 222.8497772216797 120.00642395019531 222.8497772216797
120.52799224853516 95.50483703613281 185.16719818115234 95.50483703613281 185.16719818115234 224.43382263183594 120.52799224853516 224.43382263183594
118.2928466796875 96.63726806640625 184.33272552490234 96.63726806640625 184.33272552490234 226.14451599121094 118.2928466796875 226.14451599121094
119.38945007324219 97.35195922851562 183.81002807617188 97.35195922851562 183.81002807617188 228.42282104492188 119.38945007324219 228.42282104492188
118.84598541259766 98.27713775634766 185.13074493408203 98.27713775634766 185.13074493408203 230.21251678466797 118.84598541259766 230.21251678466797
117.2848129272461 101.00631713867188 183.43267822265625 101.00631713867188 183.43267822265625 231.3038787841797 117.2848129272461 231.3038787841797
116.33746337890625 100.99961853027344 183.0872344970703 100.99961853027344 183.0872344970703 236.07762145996094 116.33746337890625 236.07762145996094
117.07108306884766 102.22805786132812 183.860595703125 102.22805786132812 183.860595703125 238.66122436523438 117.07108306884766 238.66122436523438
118.2593002319336 101.3000259399414 185.09867095947266 101.3000259399414 185.09867095947266 239.54375457763672 118.2593002319336 239.54375457763672
117.0131607055664 104.70103454589844 183.59300231933594 104.70103454589844 183.59300231933594 240.10496520996094 117.0131607055664 240.10496520996094
116.65162658691406 105.98114013671875 183.83160400390625 105.98114013671875 183.83160400390625 243.66259765625 116.65162658691406 243.66259765625
117.91748046875 104.42308044433594 185.06089782714844 104.42308044433594 185.06089782714844 245.6104278564453 117.91748046875 245.6104278564453
115.5813980102539 106.63612365722656 185.99002075195312 106.63612365722656 185.99002075195312 252.3495330810547 115.5813980102539 252.3495330810547
115.15665435791016 108.74436950683594 186.293701171875 108.74436950683594 186.293701171875 255.90184020996094 115.15665435791016 255.90184020996094
115.34526062011719 109.9461669921875 187.71517181396484 109.9461669921875 187.71517181396484 258.1285705566406 115.34526062011719 258.1285705566406
114.08707427978516 111.26495361328125 188.16201782226562 111.26495361328125 188.16201782226562 262.96287536621094 114.08707427978516 262.96287536621094
115.38404846191406 112.57093811035156 189.29442596435547 112.57093811035156 189.29442596435547 263.8201141357422 115.38404846191406 263.8201141357422
115.3995590209961 112.05815124511719 190.1636199951172 112.05815124511719 190.1636199951172 267.6262969970703 115.3995590209961 267.6262969970703
116.2571792602539 112.49833679199219 189.94557189941406 112.49833679199219 189.94557189941406 266.53204345703125 116.2571792602539 266.53204345703125
115.47975158691406 116.63494873046875 190.31678771972656 116.63494873046875 190.31678771972656 270.3553161621094 115.47975158691406 270.3553161621094
116.93603515625 113.5663833618164 191.01892852783203 113.5663833618164 191.01892852783203 272.7918930053711 116.93603515625 272.7918930053711
117.8027572631836 118.79588317871094 191.3680648803711 118.79588317871094 191.3680648803711 272.73760986328125 117.8027572631836 272.73760986328125
119.55631256103516 120.90696716308594 192.61390686035156 120.90696716308594 192.61390686035156 277.4591369628906 119.55631256103516 277.4591369628906
119.459716796875 121.3070068359375 193.22938537597656 121.3070068359375 193.22938537597656 277.2427673339844 119.459716796875 277.2427673339844
121.29057312011719 120.2881851196289 194.1946029663086 120.2881851196289 194.1946029663086 274.5448684692383 121.29057312011719 274.5448684692383
121.16325378417969 118.83380126953125 195.48114013671875 118.83380126953125 195.48114013671875 276.30511474609375 121.16325378417969 276.30511474609375
121.4073486328125 121.1262435913086 197.15335845947266 121.1262435913086 197.15335845947266 278.0186538696289 121.4073486328125 278.0186538696289
121.938232421875 120.59979248046875 197.40359497070312 120.59979248046875 197.40359497070312 281.16954040527344 121.938232421875 281.16954040527344
121.8070068359375 121.08784484863281 197.34356689453125 121.08784484863281 197.34356689453125 277.9583282470703 121.8070068359375 277.9583282470703
119.9913101196289 123.67386627197266 198.09925842285156 123.67386627197266 198.09925842285156 279.6259078979492 119.9913101196289 279.6259078979492
120.9072036743164 126.0654067993164 199.5618896484375 126.0654067993164 199.5618896484375 282.3643264770508 120.9072036743164 282.3643264770508
123.5730972290039 124.1034164428711 201.88802337646484 124.1034164428711 201.88802337646484 284.18737030029297 123.5730972290039 284.18737030029297
122.6197509765625 127.1774673461914 200.79983520507812 127.1774673461914 200.79983520507812 286.54065704345703 122.6197509765625 286.54065704345703
124.39533996582031 129.10630798339844 201.7435302734375 129.10630798339844 201.7435302734375 287.00148010253906 124.39533996582031 287.00148010253906
128.656005859375 127.4477767944336 204.28831481933594 127.4477767944336 204.28831481933594 287.0161666870117 128.656005859375 287.0161666870117
129.19839477539062 129.1453094482422 205.2806854248047 129.1453094482422 205.2806854248047 289.29859924316406 129.19839477539062 289.29859924316406
129.6720428466797 131.29812622070312 206.97547149658203 131.29812622070312 206.97547149658203 288.7913818359375 129.6720428466797 288.7913818359375
131.47000122070312 129.32135009765625 207.62932586669922 129.32135009765625 207.62932586669922 289.7061462402344 131.47000122070312 289.7061462402344
135.20632934570312 132.21542358398438 211.4835662841797 132.21542358398438 211.4835662841797 294.61700439453125 135.20632934570312 294.61700439453125
135.85850524902344 134.312255859375 211.01365661621094 134.312255859375 211.01365661621094 293.4632568359375 135.85850524902344 293.4632568359375
137.07228088378906 135.62045288085938 211.50713348388672 135.62045288085938 211.50713348388672 294.9693298339844 137.07228088378906 294.9693298339844
139.4404754638672 136.07623291015625 213.18353271484375 136.07623291015625 213.18353271484375 299.20672607421875 139.4404754638672 299.20672607421875
138.35809326171875 138.88998413085938 212.6967315673828 138.88998413085938 212.6967315673828 296.6274108886719 138.35809326171875 296.6274108886719
142.56979370117188 139.03378295898438 215.6776885986328 139.03378295898438 215.6776885986328 300.6407775878906 142.56979370117188 300.6407775878906
143.46041870117188 141.75906372070312 217.3618621826172 141.75906372070312 217.3618621826172 299.30503845214844 143.46041870117188 299.30503845214844
142.2795867919922 142.7860565185547 216.88304901123047 142.7860565185547 216.88304901123047 302.2718200683594 142.2795867919922 302.2718200683594
143.30166625976562 143.16358947753906 218.66705322265625 143.16358947753906 218.66705322265625 305.2082214355469 143.30166625976562 305.2082214355469
147.01583862304688 146.88031005859375 223.52667236328125 146.88031005859375 223.52667236328125 308.4080352783203 147.01583862304688 308.4080352783203
145.8728485107422 146.69058227539062 220.97500610351562 146.69058227539062 220.97500610351562 309.87034606933594 145.8728485107422 309.87034606933594
149.9673614501953 148.29293823242188 224.68194580078125 148.29293823242188 224.68194580078125 311.8687438964844 149.9673614501953 311.8687438964844
147.98788452148438 151.69960021972656 223.55957794189453 151.69960021972656 223.55957794189453 315.07557678222656 147.98788452148438 315.07557678222656
149.7163543701172 153.4270477294922 224.9683074951172 153.4270477294922 224.9683074951172 319.96315002441406 149.7163543701172 319.96315002441406
150.5733642578125 151.52423095703125 226.0755386352539 151.52423095703125 226.0755386352539 321.0388488769531 150.5733642578125 321.0388488769531
150.50625610351562 154.18008422851562 227.0041732788086 154.18008422851562 227.0041732788086 322.06854248046875 150.50625610351562 322.06854248046875
153.4923553466797 154.7928466796875 230.48374938964844 154.7928466796875 230.48374938964844 323.1091003417969 153.4923553466797 323.1091003417969
152.7622833251953 156.70449829101562 228.1656265258789 156.70449829101562 228.1656265258789 324.55274963378906 152.7622833251953 324.55274963378906
154.71682739257812 157.25119018554688 230.92103576660156 157.25119018554688 230.92103576660156 322.2677307128906 154.71682739257812 322.2677307128906
154.794921875 159.76502990722656 230.15647888183594 159.76502990722656 230.15647888183594 326.26365661621094 154.794921875 326.26365661621094
156.40269470214844 159.4194793701172 232.13600158691406 159.4194793701172 232.13600158691406 327.8631286621094 156.40269470214844 327.8631286621094
156.40133666992188 160.7986297607422 233.40874481201172 160.7986297607422 233.40874481201172 329.21629333496094 156.40133666992188 329.21629333496094
157.57809448242188 161.4187469482422 234.13612365722656 161.4187469482422 234.13612365722656 329.5998992919922 157.57809448242188 329.5998992919922
158.69017028808594 165.3585205078125 235.08517456054688 165.3585205078125 235.08517456054688 334.3148956298828 158.69017028808594 334.3148956298828
157.37026977539062 164.1129608154297 234.96228790283203 164.1129608154297 234.96228790283203 333.76995849609375 157.37026977539062 333.76995849609375
157.16786193847656 163.8922119140625 235.58708953857422 163.8922119140625 235.58708953857422 333.23902893066406 157.16786193847656 333.23902893066406
157.82261657714844 164.2868194580078 237.03226470947266 164.2868194580078 237.03226470947266 335.4997253417969 157.82261657714844 335.4997253417969
158.15504455566406 165.7121124267578 236.6863784790039 165.7121124267578 236.6863784790039 334.7149200439453 158.15504455566406 334.7149200439453
158.24661254882812 151.7576446533203 240.72573852539062 151.7576446533203 240.72573852539062 339.29978942871094 158.24661254882812 339.29978942871094
158.10238647460938 148.65823364257812 237.86299896240234 148.65823364257812 237.86299896240234 332.0933837890625 158.10238647460938 332.0933837890625
159.306640625 142.59829711914062 237.47239685058594 142.59829711914062 237.47239685058594 332.35267639160156 159.306640625 332.35267639160156
158.89431762695312 131.5021514892578 238.34874725341797 131.5021514892578 238.34874725341797 318.11082458496094 158.89431762695312 318.11082458496094
158.07949829101562 127.59016418457031 236.55337524414062 127.59016418457031 236.55337524414062 310.57252502441406 158.07949829101562 310.57252502441406
157.38687133789062 120.8337631225586 237.68541717529297 120.8337631225586 237.68541717529297 308.1032485961914 157.38687133789062 308.1032485961914
156.344970703125 109.92086029052734 240.8520050048828 109.92086029052734 240.8520050048828 296.91553497314453 156.344970703125 296.91553497314453
156.41799926757812 105.17584228515625 239.11540985107422 105.17584228515625 239.11540985107422 291.63795471191406 156.41799926757812 291.63795471191406
159.8124542236328 98.58221435546875 240.77743530273438 98.58221435546875 240.77743530273438 286.56016540527344 159.8124542236328 286.56016540527344
156.3991241455078 104.0108871459961 238.60562133789062 104.0108871459961 238.60562133789062 281.7668991088867 156.3991241455078 281.7668991088867
158.99703979492188 102.595703125 243.27854919433594 102.595703125 243.27854919433594 282.58567810058594 158.99703979492188 282.58567810058594
159.1814422607422 103.97172546386719 240.9156494140625 103.97172546386719 240.9156494140625 285.48480224609375 159.1814422607422 285.48480224609375
159.92030334472656 108.849365234375 241.4517364501953 108.849365234375 241.4517364501953 285.9742431640625 159.92030334472656 285.9742431640625
158.44676208496094 110.69441223144531 240.6583709716797 110.69441223144531 240.6583709716797 285.49830627441406 158.44676208496094 285.49830627441406
160.13836669921875 110.0612564086914 242.0861358642578 110.0612564086914 242.0861358642578 286.35144805908203 160.13836669921875 286.35144805908203
159.6055450439453 111.1283950805664 242.61203002929688 111.1283950805664 242.61203002929688 289.0920181274414 159.6055450439453 289.0920181274414
162.0624237060547 115.26468658447266 244.71458435058594 115.26468658447266 244.71458435058594 290.0965042114258 162.0624237060547 290.0965042114258
161.36184692382812 113.81500244140625 245.76478576660156 113.81500244140625 245.76478576660156 289.76824951171875 161.36184692382812 289.76824951171875
161.58349609375 116.50325012207031 246.04967498779297 116.50325012207031 246.04967498779297 292.8981018066406 161.58349609375 292.8981018066406
160.14276123046875 117.24626159667969 244.90096282958984 117.24626159667969 244.90096282958984 292.58445739746094 160.14276123046875 292.58445739746094
160.86424255371094 116.60993957519531 247.1488265991211 116.60993957519531 247.1488265991211 294.6579895019531 160.86424255371094 294.6579895019531
162.9188232421875 102.63374328613281 248.5579605102539 102.63374328613281 248.5579605102539 294.907470703125 162.9188232421875 294.907470703125
160.989013671875 97.16413879394531 249.23871612548828 97.16413879394531 249.23871612548828 289.1568145751953 160.989013671875 289.1568145751953
162.81771850585938 93.37226867675781 247.9396209716797 93.37226867675781 247.9396209716797 280.0899658203125 162.81771850585938 280.0899658203125
163.84742736816406 80.99627685546875 247.72081756591797 80.99627685546875 247.72081756591797 278.0404968261719 163.84742736816406 278.0404968261719
163.30746459960938 77.0130844116211 247.9344253540039 77.0130844116211 247.9344253540039 266.4340133666992 163.30746459960938 266.4340133666992
164.08413696289062 70.37718200683594 250.0795135498047 70.37718200683594 250.0795135498047 258.8754425048828 164.08413696289062 258.8754425048828
164.1874542236328 63.7335319519043 252.08623504638672 63.7335319519043 252.08623504638672 255.73452377319336 164.1874542236328 255.73452377319336
163.85342407226562 60.15245819091797 248.77232360839844 60.15245819091797 248.77232360839844 249.42938995361328 163.85342407226562 249.42938995361328
166.7157440185547 60.734466552734375 253.9100341796875 60.734466552734375 253.9100341796875 241.2101593017578 166.7157440185547 241.2101593017578
165.69659423828125 62.56761932373047 250.67414093017578 62.56761932373047 250.67414093017578 244.0532455444336 165.69659423828125 244.0532455444336
166.32369995117188 60.076927185058594 254.25779724121094 60.076927185058594 254.25779724121094 244.20679473876953 166.32369995117188 244.20679473876953
165.60031127929688 64.29786682128906 252.44981384277344 64.29786682128906 252.44981384277344 250.7841033935547 165.60031127929688 250.7841033935547
168.6171875 65.6989974975586 255.19710540771484 65.6989974975586 255.19710540771484 248.73033905029297 168.6171875 248.73033905029297
170.27691650390625 66.51849365234375 257.5172882080078 66.51849365234375 257.5172882080078 251.56387329101562 170.27691650390625 251.56387329101562
171.7637481689453 70.05702209472656 258.3881149291992 70.05702209472656 258.3881149291992 255.90382385253906 171.7637481689453 255.90382385253906
173.70333862304688 68.55177307128906 260.76708984375 68.55177307128906 260.76708984375 254.97225952148438 173.70333862304688 254.97225952148438
173.75848388671875 70.16741943359375 259.90096282958984 70.16741943359375 259.90096282958984 255.77212524414062 173.75848388671875 255.77212524414062
175.1301727294922 72.33018493652344 261.45516204833984 72.33018493652344 261.45516204833984 258.8822784423828 175.1301727294922 258.8822784423828
175.6533203125 75.24507141113281 260.71685791015625 75.24507141113281 260.71685791015625 260.9710998535156 175.6533203125 260.9710998535156
178.57151794433594 73.04689025878906 265.78916931152344 73.04689025878906 265.78916931152344 261.66600036621094 178.57151794433594 261.66600036621094
177.4422149658203 77.68656921386719 263.7648010253906 77.68656921386719 263.7648010253906 261.7904052734375 177.4422149658203 261.7904052734375
177.87191772460938 77.39497375488281 264.1206512451172 77.39497375488281 264.1206512451172 265.04917907714844 177.87191772460938 265.04917907714844
181.52915954589844 80.17757415771484 266.9132385253906 80.17757415771484 266.9132385253906 271.67105865478516 181.52915954589844 271.67105865478516
182.59869384765625 79.84205627441406 269.209716796875 79.84205627441406 269.209716796875 266.82691955566406 182.59869384765625 266.82691955566406
184.96995544433594 78.7628173828125 273.5518112182617 78.7628173828125 273.5518112182617 270.98992919921875 184.96995544433594 270.98992919921875
184.9615020751953 85.2830810546875 272.7232666015625 85.2830810546875 272.7232666015625 271.1187286376953 184.9615020751953 271.1187286376953
187.27719116210938 86.83570861816406 274.98770904541016 86.83570861816406 274.98770904541016 273.34291076660156 187.27719116210938 273.34291076660156
189.97300720214844 87.02518463134766 280.20874786376953 87.02518463134766 280.20874786376953 273.80126190185547 189.97300720214844 273.80126190185547
188.93780517578125 91.43167877197266 278.5094451904297 91.43167877197266 278.5094451904297 281.92772674560547 188.93780517578125 281.92772674560547
191.95510864257812 89.6440200805664 280.8694610595703 89.6440200805664 280.8694610595703 281.61914825439453 191.95510864257812 281.61914825439453
193.37503051757812 91.51142883300781 283.77732849121094 91.51142883300781 283.77732849121094 281.3694763183594 193.37503051757812 281.3694763183594
196.59371948242188 91.4254150390625 288.3065490722656 91.4254150390625 288.3065490722656 283.2157440185547 196.59371948242188 283.2157440185547
194.58621215820312 92.42147827148438 286.8464126586914 92.42147827148438 286.8464126586914 282.6331481933594 194.58621215820312 282.6331481933594
195.87510681152344 93.69483184814453 287.80066680908203 93.69483184814453 287.80066680908203 286.10791778564453 195.87510681152344 286.10791778564453
196.17916870117188 96.07948303222656 288.01824951171875 96.07948303222656 288.01824951171875 287.56903076171875 196.17916870117188 287.56903076171875
199.0238037109375 97.64234924316406 290.8551940917969 97.64234924316406 290.8551940917969 291.11598205566406 199.0238037109375 291.11598205566406
199.0892791748047 97.87710571289062 290.07515716552734 97.87710571289062 290.07515716552734 291.3835754394531 199.0892791748047 291.3835754394531
201.46231079101562 98.6380386352539 293.3854522705078 98.6380386352539 293.3854522705078 292.6150894165039 201.46231079101562 292.6150894165039
200.4554901123047 97.83037567138672 292.20005798339844 97.83037567138672 292.20005798339844 293.4233627319336 200.4554901123047 293.4233627319336
199.28515625 98.1944351196289 289.7675018310547 98.1944351196289 289.7675018310547 295.4281692504883 199.28515625 295.4281692504883
201.3978271484375 99.3592758178711 294.71736907958984 99.3592758178711 294.71736907958984 300.64359283447266 201.3978271484375 300.64359283447266
200.72250366210938 95.67823791503906 293.9941711425781 95.67823791503906 293.9941711425781 299.5086975097656 200.72250366210938 299.5086975097656
199.90621948242188 95.35264587402344 295.25596618652344 95.35264587402344 295.25596618652344 305.16831970214844 199.90621948242188 305.16831970214844
201.36077880859375 97.35340881347656 297.927978515625 97.35340881347656 297.927978515625 306.90138244628906 201.36077880859375 306.90138244628906
202.1130828857422 97.88914489746094 298.85079193115234 97.88914489746094 298.85079193115234 306.98899841308594 202.1130828857422 306.98899841308594
202.48776245117188 99.4442138671875 298.47886657714844 99.4442138671875 298.47886657714844 312.0395812988281 202.48776245117188 312.0395812988281
204.79090881347656 98.36204528808594 300.8501663208008 98.36204528808594 300.8501663208008 311.9277648925781 204.79090881347656 311.9277648925781
206.88296508789062 106.26507568359375 300.2937316894531 106.26507568359375 300.2937316894531 315.09303283691406 206.88296508789062 315.09303283691406
209.837158203125 108.6594467163086 303.72975158691406 108.6594467163086 303.72975158691406 318.5625228881836 209.837158203125 318.5625228881836
209.6279754638672 104.14350891113281 305.6877746582031 104.14350891113281 305.6877746582031 316.57481384277344 209.6279754638672 316.57481384277344
211.1950225830078 105.9718246459961 306.0144348144531 105.9718246459961 306.0144348144531 318.9561996459961 211.1950225830078 318.9561996459961
206.2281036376953 104.02195739746094 302.66261291503906 104.02195739746094 302.66261291503906 324.1615295410156 206.2281036376953 324.1615295410156
210.36465454101562 107.1007308959961 307.03797912597656 107.1007308959961 307.03797912597656 323.0974655151367 210.36465454101562 323.0974655151367
209.06167602539062 108.81593322753906 306.4933166503906 108.81593322753906 306.4933166503906 331.8636932373047 209.06167602539062 331.8636932373047
213.79794311523438 98.79173278808594 310.46290588378906 98.79173278808594 310.46290588378906 335.73199462890625 213.79794311523438 335.73199462890625
211.0164337158203 99.44483947753906 308.71253967285156 99.44483947753906 308.71253967285156 330.69166564941406 211.0164337158203 330.69166564941406
209.8978271484375 81.9491958618164 311.97066497802734 81.9491958618164 311.97066497802734 328.1823196411133 209.8978271484375 328.1823196411133
216.467041015625 78.17008972167969 315.0007095336914 78.17008972167969 315.0007095336914 315.4878845214844 216.467041015625 315.4878845214844
216.52725219726562 66.27615356445312 316.71852111816406 66.27615356445312 316.71852111816406 308.1994934082031 216.52725219726562 308.1994934082031
215.443115234375 72.09797668457031 315.0330810546875 72.09797668457031 315.0330810546875 306.2206268310547 215.443115234375 306.2206268310547
215.8295135498047 80.65467834472656 316.44488525390625 80.65467834472656 316.44488525390625 309.2671813964844 215.8295135498047 309.2671813964844
217.923828125 78.94135284423828 318.6832733154297 78.94135284423828 318.6832733154297 312.3337631225586 217.923828125 312.3337631225586
221.3901824951172 72.1390380859375 321.7200012207031 72.1390380859375 321.7200012207031 310.345947265625 221.3901824951172 310.345947265625
223.0369110107422 72.18921661376953 323.9442443847656 72.18921661376953 323.9442443847656 313.09720611572266 223.0369110107422 313.09720611572266
223.55355834960938 80.05269622802734 327.48839569091797 80.05269622802734 327.48839569091797 320.48267364501953 223.55355834960938 320.48267364501953
225.3467254638672 78.73701477050781 328.5763168334961 78.73701477050781 328.5763168334961 319.9705352783203 225.3467254638672 319.9705352783203
222.1920623779297 83.22000885009766 323.85379791259766 83.22000885009766 323.85379791259766 323.61038970947266 222.1920623779297 323.61038970947266
226.113525390625 83.65446472167969 327.23572540283203 83.65446472167969 327.23572540283203 325.69435119628906 226.113525390625 325.69435119628906
229.7810821533203 85.17259979248047 330.13268280029297 85.17259979248047 330.13268280029297 324.16622161865234 229.7810821533203 324.16622161865234
231.7947998046875 85.40454864501953 333.8216094970703 85.40454864501953 333.8216094970703 326.8309860229492 231.7947998046875 326.8309860229492
228.5886993408203 88.65194702148438 331.87396240234375 88.65194702148438 331.87396240234375 328.9812927246094 228.5886993408203 328.9812927246094
229.50473022460938 94.66956329345703 331.1007614135742 94.66956329345703 331.1007614135742 332.65528106689453 229.50473022460938 332.65528106689453
232.31246948242188 91.50438690185547 336.98387908935547 91.50438690185547 336.98387908935547 332.65238189697266 232.31246948242188 332.65238189697266
231.73910522460938 93.16626739501953 335.2815475463867 93.16626739501953 335.2815475463867 337.6932144165039 231.73910522460938 337.6932144165039
236.224365234375 87.34275817871094 342.7364501953125 87.34275817871094 342.7364501953125 341.05311584472656 236.224365234375 341.05311584472656
233.5628204345703 77.08489990234375 336.86669921875 77.08489990234375 336.86669921875 335.031005859375 233.5628204345703 335.031005859375
234.31478881835938 81.88517761230469 340.86695861816406 81.88517761230469 340.86695861816406 329.6317596435547 234.31478881835938 329.6317596435547
231.2705535888672 73.3272476196289 337.6869125366211 73.3272476196289 337.6869125366211 325.6911087036133 231.2705535888672 325.6911087036133
232.96920776367188 58.93407440185547 341.2991485595703 58.93407440185547 341.2991485595703 317.70433807373047 232.96920776367188 317.70433807373047
233.5897979736328 46.45681381225586 345.45604705810547 46.45681381225586 345.45604705810547 307.44045639038086 233.5897979736328 307.44045639038086
235.73184204101562 36.62290573120117 349.7949981689453 36.62290573120117 349.7949981689453 302.7458305358887 235.73184204101562 302.7458305358887
236.0586700439453 37.74113082885742 348.8114013671875 37.74113082885742 348.8114013671875 294.1961479187012 236.0586700439453 294.1961479187012
237.0507354736328 28.801956176757812 349.75321197509766 28.801956176757812 349.75321197509766 289.68980407714844 237.0507354736328 289.68980407714844
239.3188018798828 24.299636840820312 347.7232437133789 24.299636840820312 347.7232437133789 283.2076873779297 239.3188018798828 283.2076873779297
240.823974609375 12.082765579223633 351.6858367919922 12.082765579223633 351.6858367919922 275.9641742706299 240.823974609375 275.9641742706299
242.8158416748047 13.357234001159668 351.90562438964844 13.357234001159668 351.90562438964844 273.0918836593628 242.8158416748047 273.0918836593628
244.05368041992188 7.8468017578125 350.15660858154297 7.8468017578125 350.15660858154297 267.5816955566406 244.05368041992188 267.5816955566406
244.10177612304688 3.978567600250244 352.7701110839844 3.978567600250244 352.7701110839844 263.6770234107971 244.10177612304688 263.6770234107971
241.70907592773438 1.223443627357483 351.5673141479492 1.223443627357483 351.5673141479492 267.24511110782623 241.70907592773438 267.24511110782623
244.0032501220703 0.0 354.798583984375 0.0 354.798583984375 264.6736755371094 244.0032501220703 264.6736755371094
239.38925170898438 0.0 346.32154846191406 0.0 346.32154846191406 257.21282958984375 239.38925170898438 257.21282958984375
243.0050811767578 0.0 347.26165771484375 0.0 347.26165771484375 254.10452270507812 243.0050811767578 254.10452270507812
245.0592498779297 0.0 347.69873809814453 0.0 347.69873809814453 251.41513061523438 245.0592498779297 251.41513061523438
248.60977172851562 0.0 347.2210159301758 0.0 347.2210159301758 244.606689453125 248.60977172851562 244.606689453125
248.00643920898438 0.0 347.1051559448242 0.0 347.1051559448242 238.2270050048828 248.00643920898438 238.2270050048828
251.10147094726562 0.0 347.315673828125 0.0 347.315673828125 228.61471557617188 251.10147094726562 228.61471557617188
250.8993682861328 0.0 344.85887908935547 0.0 344.85887908935547 222.39382934570312 250.8993682861328 222.39382934570312
252.9684295654297 0.0 345.70362091064453 0.0 345.70362091064453 215.5453643798828 252.9684295654297 215.5453643798828
259.90283203125 0.0 354.1605987548828 0.0 354.1605987548828 213.4768829345703 259.90283203125 213.4768829345703
259.85809326171875 0.0 355.35499572753906 0.0 355.35499572753906 213.72119140625 259.85809326171875 213.72119140625
259.86865234375 0.0 356.5415802001953 0.0 356.5415802001953 218.23721313476562 259.86865234375 218.23721313476562
260.29620361328125 0.0 358.6777648925781 0.0 358.6777648925781 221.71865844726562 260.29620361328125 221.71865844726562
260.4595642089844 0.0 360.39270782470703 0.0 360.39270782470703 226.47607421875 260.4595642089844 226.47607421875
261.39752197265625 0.0 363.98321533203125 0.0 363.98321533203125 229.9256134033203 261.39752197265625 229.9256134033203
262.6644287109375 0.0 364.3323669433594 0.0 364.3323669433594 227.173828125 262.6644287109375 227.173828125
261.3777770996094 0.9554336667060852 363.25184631347656 0.9554336667060852 363.25184631347656 226.3034103512764 261.3777770996094 226.3034103512764
266.9118957519531 0.6141754388809204 370.2427520751953 0.6141754388809204 370.2427520751953 228.4819427728653 266.9118957519531 228.4819427728653
266.5330505371094 1.5675033330917358 371.2442932128906 1.5675033330917358 371.2442932128906 228.59745633602142 266.5330505371094 228.59745633602142
264.96954345703125 2.0420899391174316 371.3445281982422 2.0420899391174316 371.3445281982422 235.57732248306274 264.96954345703125 235.57732248306274
265.3504333496094 2.181781053543091 372.50892639160156 2.181781053543091 372.50892639160156 234.3656952381134 265.3504333496094 234.3656952381134
263.74542236328125 3.8766770362854004 371.67454528808594 3.8766770362854004 371.67454528808594 241.75469827651978 263.74542236328125 241.75469827651978
264.6524353027344 4.942404270172119 376.17969512939453 4.942404270172119 376.17969512939453 244.15988779067993 264.6524353027344 244.15988779067993
263.7817077636719 5.581518650054932 376.08753967285156 5.581518650054932 376.08753967285156 250.34462594985962 263.7817077636719 250.34462594985962
264.0888366699219 8.074749946594238 379.19932556152344 8.074749946594238 379.19932556152344 258.56347370147705 264.0888366699219 258.56347370147705
263.3277282714844 11.117828369140625 381.55567932128906 11.117828369140625 381.55567932128906 262.7585754394531 263.3277282714844 262.7585754394531
265.1968688964844 13.289163589477539 385.0790481567383 13.289163589477539 385.0790481567383 266.30457496643066 265.1968688964844 266.30457496643066
268.326904296875 19.416248321533203 386.8180923461914 19.416248321533203 386.8180923461914 279.32915115356445 268.326904296875 279.32915115356445
271.06005859375 20.699085235595703 390.97764587402344 20.699085235595703 390.97764587402344 280.41704177856445 271.06005859375 280.41704177856445
269.01373291015625 12.322644233703613 392.7655792236328 12.322644233703613 392.7655792236328 274.6670961380005 269.01373291015625 274.6670961380005
271.0196838378906 17.326858520507812 394.74171447753906 17.326858520507812 394.74171447753906 282.38478088378906 271.0196838378906 282.38478088378906
273.3367614746094 19.512643814086914 394.9168014526367 19.512643814086914 394.9168014526367 282.80591773986816 273.3367614746094 282.80591773986816
277.42169189453125 8.746259689331055 398.88917541503906 8.746259689331055 398.88917541503906 273.83170890808105 277.42169189453125 273.83170890808105
277.9936218261719 5.580538749694824 399.3787536621094 5.580538749694824 399.3787536621094 277.5644865036011 277.9936218261719 277.5644865036011
280.8089294433594 1.78387451171875 403.1787872314453 1.78387451171875 403.1787872314453 275.96917724609375 280.8089294433594 275.96917724609375
285.7112731933594 0.0 406.2820281982422 0.0 406.2820281982422 281.97320556640625 285.7112731933594 281.97320556640625
284.0436706542969 0.0 404.0918273925781 0.0 404.0918273925781 273.24237060546875 284.0436706542969 273.24237060546875
285.62127685546875 0.0 405.77745056152344 0.0 405.77745056152344 278.89398193359375 285.62127685546875 278.89398193359375
288.20489501953125 0.0 404.60951232910156 0.0 404.60951232910156 277.1532897949219 288.20489501953125 277.1532897949219
287.733642578125 0.0 404.43312072753906 0.0 404.43312072753906 273.6363220214844 287.733642578125 273.6363220214844
291.5377502441406 0.0 407.9098205566406 0.0 407.9098205566406 278.2379455566406 291.5377502441406 278.2379455566406
293.50933837890625 0.0 409.75455474853516 0.0 409.75455474853516 278.99273681640625 293.50933837890625 278.99273681640625
291.06219482421875 0.0 410.52667236328125 0.0 410.52667236328125 281.1590881347656 291.06219482421875 281.1590881347656
291.71368408203125 0.0 412.65816497802734 0.0 412.65816497802734 283.93597412109375 291.71368408203125 283.93597412109375
297.8626708984375 0.0 418.4144515991211 0.0 418.4144515991211 286.1205749511719 297.8626708984375 286.1205749511719
305.4085388183594 0.0 426.6549377441406 0.0 426.6549377441406 284.17578125 305.4085388183594 284.17578125
303.5995178222656 2.01123046875 425.79127502441406 2.01123046875 425.79127502441406 287.3775939941406 303.5995178222656 287.3775939941406
307.20452880859375 5.033111572265625 427.19154357910156 5.033111572265625 427.19154357910156 290.1341552734375 307.20452880859375 290.1341552734375
309.11737060546875 4.845211982727051 434.08567810058594 4.845211982727051 434.08567810058594 288.1517915725708 309.11737060546875 288.1517915725708
312.0477294921875 11.977871894836426 434.2972183227539 11.977871894836426 434.2972183227539 292.4692659378052 312.0477294921875 292.4692659378052
301.4309387207031 21.287063598632812 425.03953552246094 21.287063598632812 425.03953552246094 304.7444610595703 301.4309387207031 304.7444610595703
297.39874267578125 19.383708953857422 424.0808334350586 19.383708953857422 424.0808334350586 302.3780632019043 297.39874267578125 302.3780632019043
281.14617919921875 22.479434967041016 412.40533447265625 22.479434967041016 412.40533447265625 305.397891998291 281.14617919921875 305.397891998291
270.5318908691406 33.34508514404297 400.2931365966797 33.34508514404297 400.2931365966797 318.0525436401367 270.5318908691406 318.0525436401367
257.9234619140625 33.20559310913086 390.3492126464844 33.20559310913086 390.3492126464844 317.2055015563965 257.9234619140625 317.2055015563965
254.46435546875 37.381317138671875 384.4989471435547 37.381317138671875 384.4989471435547 319.49468994140625 254.46435546875 319.49468994140625
244.48605346679688 39.314090728759766 377.5649719238281 39.314090728759766 377.5649719238281 325.97009658813477 244.48605346679688 325.97009658813477
233.4235076904297 39.074554443359375 368.5597839355469 39.074554443359375 368.5597839355469 333.4376525878906 233.4235076904297 333.4376525878906
222.71975708007812 37.15782165527344 359.51898193359375 37.15782165527344 359.51898193359375 333.9035186767578 222.71975708007812 333.9035186767578
214.77230834960938 35.32181167602539 352.9786071777344 35.32181167602539 352.9786071777344 336.1680030822754 214.77230834960938 336.1680030822754
199.40518188476562 48.61980438232422 335.0224609375 48.61980438232422 335.0224609375 346.5622787475586 199.40518188476562 346.5622787475586
188.7169189453125 51.101661682128906 326.668212890625 51.101661682128906 326.668212890625 354.5962905883789 188.7169189453125 354.5962905883789
183.13442993164062 47.75198745727539 323.1461639404297 47.75198745727539 323.1461639404297 358.165225982666 183.13442993164062 358.165225982666
170.09237670898438 58.10357666015625 309.64410400390625 58.10357666015625 309.64410400390625 364.4908142089844 170.09237670898438 364.4908142089844
167.93869018554688 66.2898941040039 307.0252685546875 66.2898941040039 307.0252685546875 368.29517364501953 167.93869018554688 368.29517364501953
157.86865234375 65.98271179199219 296.1377716064453 65.98271179199219 296.1377716064453 370.3693389892578 157.86865234375 370.3693389892578
153.322021484375 61.80900955200195 287.7651672363281 61.80900955200195 287.7651672363281 369.5880012512207 153.322021484375 369.5880012512207
156.0491485595703 60.6497917175293 292.84654235839844 60.6497917175293 292.84654235839844 371.36457443237305 156.0491485595703 371.36457443237305
159.3751983642578 66.24940490722656 290.7474060058594 66.24940490722656 290.7474060058594 382.1206817626953 159.3751983642578 382.1206817626953
162.167236328125 73.48530578613281 293.1410827636719 73.48530578613281 293.1410827636719 382.6514434814453 162.167236328125 382.6514434814453
164.59536743164062 82.02961730957031 296.25885009765625 82.02961730957031 296.25885009765625 393.1035614013672 164.59536743164062 393.1035614013672
168.3946533203125 74.25474548339844 304.1700134277344 74.25474548339844 304.1700134277344 392.64186096191406 168.3946533203125 392.64186096191406
167.08604431152344 88.58512878417969 301.1692199707031 88.58512878417969 301.1692199707031 398.85557556152344 167.08604431152344 398.85557556152344
170.69308471679688 85.0493392944336 308.13026428222656 85.0493392944336 308.13026428222656 401.2407455444336 170.69308471679688 401.2407455444336
166.5498809814453 87.3692398071289 303.55491638183594 87.3692398071289 303.55491638183594 405.18863677978516 166.5498809814453 405.18863677978516
177.28785705566406 102.29777526855469 311.07249450683594 102.29777526855469 311.07249450683594 407.5841522216797 177.28785705566406 407.5841522216797
177.86595153808594 99.07588958740234 312.01939392089844 99.07588958740234 312.01939392089844 409.5289840698242 177.86595153808594 409.5289840698242
