377.0 168.0 397.0 168.0 397.0 226.0 377.0 226.0
376.1532287597656 170.29244995117188 395.45759201049805 170.29244995117188 395.45759201049805 226.5938835144043 376.1532287597656 226.5938835144043
374.4446105957031 169.54153442382812 394.29943656921387 169.54153442382812 394.29943656921387 226.0330581665039 374.4446105957031 226.0330581665039
372.19720458984375 171.057373046875 392.64282608032227 171.057373046875 392.64282608032227 225.27653121948242 372.19720458984375 225.27653121948242
371.2986145019531 168.95724487304688 390.7862949371338 168.95724487304688 390.7862949371338 225.95305252075195 371.2986145019531 225.95305252075195
369.9384765625 171.1755828857422 389.8187770843506 171.1755828857422 389.8187770843506 228.71754455566406 369.9384765625 228.71754455566406
367.1637878417969 170.109130859375 386.99182510375977 170.109130859375 386.99182510375977 227.61043548583984 367.1637878417969 227.61043548583984
365.00128173828125 168.86805725097656 384.7843780517578 168.86805725097656 384.7843780517578 226.2390365600586 365.00128173828125 226.2390365600586
364.67327880859375 170.27615356445312 384.712064743042 170.27615356445312 384.712064743042 228.4685287475586 364.67327880859375 228.4685287475586
364.4329528808594 167.62103271484375 383.6850643157959 167.62103271484375 383.6850643157959 224.86455535888672 364.4329528808594 224.86455535888672
363.6484680175781 169.76510620117188 383.07125091552734 169.76510620117188 383.07125091552734 226.0911750793457 363.6484680175781 226.0911750793457
363.69696044921875 171.0728302001953 382.29443168640137 171.0728302001953 382.29443168640137 226.7574691772461 363.69696044921875 226.7574691772461
362.31414794921875 169.81558227539062 381.5743217468262 169.81558227539062 381.5743217468262 225.67006301879883 362.31414794921875 225.67006301879883
362.41436767578125 168.87913513183594 381.810998916626 168.87913513183594 381.810998916626 224.7735939025879 362.41436767578125 224.7735939025879
357.53179931640625 163.3795928955078 377.38168144226074 163.3795928955078 377.38168144226074 218.69686126708984 357.53179931640625 218.69686126708984
353.56939697265625 163.30438232421875 374.443359375 163.30438232421875 374.443359375 223.8388442993164 353.56939697265625 223.8388442993164
354.25994873046875 168.14524841308594 374.9711208343506 168.14524841308594 374.9711208343506 228.2076187133789 354.25994873046875 228.2076187133789
330.5881042480469 177.12400817871094 351.4711112976074 177.12400817871094 351.4711112976074 237.68470001220703 330.5881042480469 237.68470001220703
339.19720458984375 170.18997192382812 361.10955238342285 170.18997192382812 361.10955238342285 225.5648078918457 339.19720458984375 225.5648078918457
352.69012451171875 166.18679809570312 373.79376220703125 166.18679809570312 373.79376220703125 227.38732147216797 352.69012451171875 227.38732147216797
348.7580261230469 166.03561401367188 369.8765525817871 166.03561401367188 369.8765525817871 227.27931594848633 348.7580261230469 227.27931594848633
338.59600830078125 171.03897094726562 359.9704837799072 171.03897094726562 359.9704837799072 233.02492141723633 338.59600830078125 233.02492141723633
325.865478515625 167.65890502929688 347.5550880432129 167.65890502929688 347.5550880432129 230.5587387084961 325.865478515625 230.5587387084961
318.7901611328125 168.04306030273438 340.63307762145996 168.04306030273438 340.63307762145996 231.38748168945312 318.7901611328125 231.38748168945312
313.08306884765625 165.1925506591797 334.95301246643066 165.1925506591797 334.95301246643066 228.61535263061523 313.08306884765625 228.61535263061523
311.3517150878906 164.82125854492188 333.4742946624756 164.82125854492188 333.4742946624756 228.97669982910156 311.3517150878906 228.97669982910156
323.26239013671875 168.18197631835938 345.4422035217285 168.18197631835938 345.4422035217285 232.5033950805664 323.26239013671875 232.5033950805664
339.0334167480469 171.0806884765625 361.1266212463379 171.0806884765625 361.1266212463379 235.15093231201172 339.0334167480469 235.15093231201172
319.34783935546875 168.0932159423828 341.43475341796875 168.0932159423828 341.43475341796875 232.14521026611328 319.34783935546875 232.14521026611328
308.57318115234375 172.63833618164062 331.9751777648926 172.63833618164062 331.9751777648926 231.1468734741211 308.57318115234375 231.1468734741211
331.1618347167969 165.48973083496094 352.94279861450195 165.48973083496094 352.94279861450195 222.8762664794922 331.1618347167969 222.8762664794922
331.43963623046875 170.0258026123047 352.15476989746094 170.0258026123047 352.15476989746094 226.2882308959961 331.43963623046875 226.2882308959961
331.957275390625 174.30882263183594 351.3242015838623 174.30882263183594 351.3242015838623 227.85852432250977 331.957275390625 227.85852432250977
308.93878173828125 170.41073608398438 332.6275939941406 170.41073608398438 332.6275939941406 225.51899337768555 308.93878173828125 225.51899337768555
327.68328857421875 167.14309692382812 351.4716491699219 167.14309692382812 351.4716491699219 223.92753219604492 327.68328857421875 223.92753219604492
324.7173156738281 165.46450805664062 347.7349796295166 165.46450805664062 347.7349796295166 224.22915649414062 324.7173156738281 224.22915649414062
319.4891357421875 163.44473266601562 342.7916030883789 163.44473266601562 342.7916030883789 225.13404083251953 319.4891357421875 225.13404083251953
315.81072998046875 168.80670166015625 340.07746505737305 168.80670166015625 340.07746505737305 223.78304290771484 315.81072998046875 223.78304290771484
316.8100891113281 166.4205322265625 338.90636253356934 166.4205322265625 338.90636253356934 227.55328369140625 316.8100891113281 227.55328369140625
316.38385009765625 165.77880859375 338.1825370788574 165.77880859375 338.1825370788574 228.99494552612305 316.38385009765625 228.99494552612305
314.41888427734375 170.52413940429688 336.5390377044678 170.52413940429688 336.5390377044678 229.38804244995117 314.41888427734375 229.38804244995117
314.4730529785156 171.9105987548828 335.1617774963379 171.9105987548828 335.1617774963379 226.0998306274414 314.4730529785156 226.0998306274414
314.15936279296875 171.89474487304688 334.150333404541 171.89474487304688 334.150333404541 224.2848892211914 314.15936279296875 224.2848892211914
311.84783935546875 170.0807342529297 334.1012210845947 170.0807342529297 334.1012210845947 227.01744079589844 311.84783935546875 227.01744079589844
310.106201171875 171.94163513183594 331.9905605316162 171.94163513183594 331.9905605316162 224.78489685058594 310.106201171875 224.78489685058594
309.76214599609375 172.04232788085938 331.5338611602783 172.04232788085938 331.5338611602783 226.73456954956055 309.76214599609375 226.73456954956055
306.84381103515625 171.6392822265625 328.92424964904785 171.6392822265625 328.92424964904785 228.3455581665039 306.84381103515625 228.3455581665039
305.22930908203125 171.97091674804688 326.012544631958 171.97091674804688 326.012544631958 227.20867919921875 305.22930908203125 227.20867919921875
304.1057434082031 170.4736328125 324.591344833374 170.4736328125 324.591344833374 229.88182830810547 304.1057434082031 229.88182830810547
301.14544677734375 173.7328338623047 322.5584239959717 173.7328338623047 322.5584239959717 225.63783264160156 301.14544677734375 225.63783264160156
299.5090637207031 173.8151092529297 321.17030334472656 173.8151092529297 321.17030334472656 226.54986190795898 299.5090637207031 226.54986190795898
300.09027099609375 170.9786376953125 321.3046627044678 170.9786376953125 321.3046627044678 229.06789016723633 300.09027099609375 229.06789016723633
298.061279296875 174.1714630126953 320.22616958618164 174.1714630126953 320.22616958618164 225.4226303100586 298.061279296875 225.4226303100586
299.6754455566406 175.40975952148438 321.6940631866455 175.40975952148438 321.6940631866455 228.25774383544922 299.6754455566406 228.25774383544922
301.6847229003906 170.8687286376953 322.6238822937012 170.8687286376953 322.6238822937012 231.59225845336914 301.6847229003906 231.59225845336914
292.40960693359375 181.42169189453125 313.1288814544678 181.42169189453125 313.1288814544678 241.5075569152832 292.40960693359375 241.5075569152832
262.0440673828125 233.57388305664062 282.3444652557373 233.57388305664062 282.3444652557373 292.4450149536133 262.0440673828125 292.4450149536133
262.8543395996094 221.5533447265625 283.4150199890137 221.5533447265625 283.4150199890137 281.1792907714844 262.8543395996094 281.1792907714844
266.70599365234375 237.4602508544922 287.5263156890869 237.4602508544922 287.5263156890869 297.83914947509766 266.70599365234375 297.83914947509766
265.9239807128906 231.7051544189453 286.7768363952637 231.7051544189453 286.7768363952637 292.1783981323242 265.9239807128906 292.1783981323242
269.34552001953125 244.05520629882812 290.0901622772217 244.05520629882812 290.0901622772217 304.21463775634766 269.34552001953125 304.21463775634766
274.39971923828125 242.2049102783203 295.86016845703125 242.2049102783203 295.86016845703125 304.44018173217773 274.39971923828125 304.44018173217773
275.98095703125 243.53146362304688 297.2541389465332 243.53146362304688 297.2541389465332 305.2236633300781 275.98095703125 305.2236633300781
279.3954162597656 240.6639862060547 300.8761329650879 240.6639862060547 300.8761329650879 302.9580421447754 279.3954162597656 302.9580421447754
282.0196838378906 236.6069793701172 303.4729194641113 236.6069793701172 303.4729194641113 298.8213424682617 282.0196838378906 298.8213424682617
286.3132629394531 234.0375518798828 308.1491069793701 234.0375518798828 308.1491069793701 297.3614845275879 286.3132629394531 297.3614845275879
284.21795654296875 239.73159790039062 306.14515495300293 239.73159790039062 306.14515495300293 303.3204650878906 284.21795654296875 303.3204650878906
288.338134765625 240.8443603515625 308.72951889038086 240.8443603515625 308.72951889038086 297.85150146484375 288.338134765625 297.85150146484375
288.7001953125 240.8334197998047 310.5218200683594 240.8334197998047 310.5218200683594 304.11611557006836 288.7001953125 304.11611557006836
290.18829345703125 243.4556427001953 311.88061904907227 243.4556427001953 311.88061904907227 302.70792388916016 290.18829345703125 302.70792388916016
291.6724548339844 239.60751342773438 313.08512687683105 239.60751342773438 313.08512687683105 300.1143989562988 291.6724548339844 300.1143989562988
295.035400390625 242.87112426757812 315.23772048950195 242.87112426757812 315.23772048950195 298.8934326171875 295.035400390625 298.8934326171875
296.37408447265625 243.1505584716797 318.6500186920166 243.1505584716797 318.6500186920166 300.3967971801758 296.37408447265625 300.3967971801758
299.14483642578125 242.07284545898438 321.8487663269043 242.07284545898438 321.8487663269043 299.5555610656738 299.14483642578125 299.5555610656738
304.0549621582031 241.98025512695312 325.5024299621582 241.98025512695312 325.5024299621582 296.3966178894043 304.0549621582031 296.3966178894043
305.4017639160156 241.2459259033203 326.968936920166 241.2459259033203 326.968936920166 301.94333267211914 305.4017639160156 301.94333267211914
307.0198669433594 241.5036163330078 328.38791847229004 241.5036163330078 328.38791847229004 297.4710006713867 307.0198669433594 297.4710006713867
311.0960388183594 236.85086059570312 332.1956615447998 236.85086059570312 332.1956615447998 298.03974533081055 311.0960388183594 298.03974533081055
312.19683837890625 239.70767211914062 332.73597717285156 239.70767211914062 332.73597717285156 299.1736030578613 312.19683837890625 299.1736030578613
313.20989990234375 239.30606079101562 334.05580711364746 239.30606079101562 334.05580711364746 299.96744537353516 313.20989990234375 299.96744537353516
316.9687194824219 238.2079620361328 337.2193489074707 238.2079620361328 337.2193489074707 295.46423721313477 316.9687194824219 295.46423721313477
319.1900939941406 242.25778198242188 339.7078170776367 242.25778198242188 339.7078170776367 301.75916290283203 319.1900939941406 301.75916290283203
319.45745849609375 244.5105743408203 340.9040069580078 244.5105743408203 340.9040069580078 301.7892303466797 319.45745849609375 301.7892303466797
321.4829406738281 245.59439086914062 342.777925491333 245.59439086914062 342.777925491333 301.3637809753418 321.4829406738281 301.3637809753418
325.0724792480469 246.16342163085938 346.39984130859375 246.16342163085938 346.39984130859375 300.5680618286133 325.0724792480469 300.5680618286133
326.96221923828125 245.9281005859375 347.86339950561523 245.9281005859375 347.86339950561523 302.24775314331055 326.96221923828125 302.24775314331055
329.92657470703125 243.16519165039062 351.4686698913574 243.16519165039062 351.4686698913574 304.76579666137695 329.92657470703125 304.76579666137695
332.8104248046875 241.22354125976562 354.4919033050537 241.22354125976562 354.4919033050537 300.6393737792969 332.8104248046875 300.6393737792969
333.89068603515625 240.2516326904297 355.8883590698242 240.2516326904297 355.8883590698242 304.0448684692383 333.89068603515625 304.0448684692383
337.43487548828125 237.7034149169922 358.40577697753906 237.7034149169922 358.40577697753906 300.452579498291 337.43487548828125 300.452579498291
339.5668029785156 240.5204620361328 360.3267059326172 240.5204620361328 360.3267059326172 303.87464141845703 339.5668029785156 303.87464141845703
339.7735900878906 238.51870727539062 361.4035396575928 238.51870727539062 361.4035396575928 302.9973907470703 339.7735900878906 302.9973907470703
338.5807189941406 242.4148712158203 360.54884147644043 242.4148712158203 360.54884147644043 306.1224021911621 338.5807189941406 306.1224021911621
341.8619689941406 242.29470825195312 362.1229438781738 242.29470825195312 362.1229438781738 307.11539459228516 341.8619689941406 307.11539459228516
339.0506286621094 241.3290252685547 361.27070808410645 241.3290252685547 361.27070808410645 305.76722717285156 339.0506286621094 305.76722717285156
337.4698486328125 237.9984588623047 359.95326232910156 237.9984588623047 359.95326232910156 303.20033264160156 337.4698486328125 303.20033264160156
338.5104064941406 239.20529174804688 360.41960525512695 239.20529174804688 360.41960525512695 306.46063232421875 338.5104064941406 306.46063232421875
341.905517578125 236.1484832763672 362.79254150390625 236.1484832763672 362.79254150390625 304.11341094970703 341.905517578125 304.11341094970703
357.35308837890625 237.7033233642578 378.81469345092773 237.7033233642578 378.81469345092773 299.2527542114258 357.35308837890625 299.2527542114258
360.3110046386719 240.19668579101562 380.6518669128418 240.19668579101562 380.6518669128418 298.7968940734863 360.3110046386719 298.7968940734863
363.2337951660156 238.129150390625 385.3707809448242 238.129150390625 385.3707809448242 299.1877212524414 363.2337951660156 299.1877212524414
363.94549560546875 242.4017333984375 385.43085861206055 242.4017333984375 385.43085861206055 301.53490447998047 363.94549560546875 301.53490447998047
368.33990478515625 239.6073760986328 389.05835342407227 239.6073760986328 389.05835342407227 300.4384422302246 368.33990478515625 300.4384422302246
371.52081298828125 236.6844482421875 392.8164005279541 236.6844482421875 392.8164005279541 296.9360580444336 371.52081298828125 296.9360580444336
373.0056457519531 239.0697784423828 394.10458755493164 239.0697784423828 394.10458755493164 298.91073989868164 373.0056457519531 298.91073989868164
374.404541015625 238.08432006835938 395.4246463775635 238.08432006835938 395.4246463775635 298.67305755615234 374.404541015625 298.67305755615234
378.1570739746094 236.13540649414062 399.7113227844238 236.13540649414062 399.7113227844238 297.15314865112305 378.1570739746094 297.15314865112305
379.8505554199219 239.3235321044922 401.0544319152832 239.3235321044922 401.0544319152832 298.42478942871094 379.8505554199219 298.42478942871094
380.18865966796875 237.77328491210938 403.08741188049316 237.77328491210938 403.08741188049316 299.5529251098633 380.18865966796875 299.5529251098633
382.61566162109375 238.4930877685547 405.1613140106201 238.4930877685547 405.1613140106201 299.32057189941406 382.61566162109375 299.32057189941406
384.92694091796875 239.12594604492188 407.61030197143555 239.12594604492188 407.61030197143555 298.699462890625 384.92694091796875 298.699462890625
387.8348083496094 238.83340454101562 409.9395389556885 238.83340454101562 409.9395389556885 298.42626953125 387.8348083496094 298.42626953125
390.0467224121094 239.6208038330078 412.85177421569824 239.6208038330078 412.85177421569824 299.03041076660156 390.0467224121094 299.03041076660156
392.8428649902344 239.27243041992188 414.955997467041 239.27243041992188 414.955997467041 299.7425956726074 392.8428649902344 299.7425956726074
396.19622802734375 238.091064453125 418.07865142822266 238.091064453125 418.07865142822266 302.0078125 396.19622802734375 302.0078125
397.506103515625 238.04537963867188 419.7824878692627 238.04537963867188 419.7824878692627 303.0380172729492 397.506103515625 303.0380172729492
399.84442138671875 239.29019165039062 422.23254013061523 239.29019165039062 422.23254013061523 301.8476142883301 399.84442138671875 301.8476142883301
401.2245788574219 237.5836639404297 424.05253410339355 237.5836639404297 424.05253410339355 300.29980850219727 401.2245788574219 300.29980850219727
403.73065185546875 238.90359497070312 427.15607833862305 238.90359497070312 427.15607833862305 299.73392486572266 403.73065185546875 299.73392486572266
405.5974426269531 237.5822296142578 429.49650382995605 237.5822296142578 429.49650382995605 299.47435760498047 405.5974426269531 299.47435760498047
409.70050048828125 239.056884765625 433.6802177429199 239.056884765625 433.6802177429199 299.94169998168945 409.70050048828125 299.94169998168945
411.09197998046875 242.1217498779297 436.6872501373291 242.1217498779297 436.6872501373291 299.3236656188965 411.09197998046875 299.3236656188965
412.09429931640625 239.66964721679688 437.7873477935791 239.66964721679688 437.7873477935791 299.3572692871094 412.09429931640625 299.3572692871094
414.79815673828125 237.6695556640625 440.18870544433594 237.6695556640625 440.18870544433594 300.3365364074707 414.79815673828125 300.3365364074707
417.5406799316406 239.30130004882812 442.22337341308594 239.30130004882812 442.22337341308594 302.3946418762207 417.5406799316406 302.3946418762207
422.6231994628906 237.6619110107422 445.2051658630371 237.6619110107422 445.2051658630371 301.9992141723633 422.6231994628906 301.9992141723633
423.53497314453125 236.1491241455078 446.70665550231934 236.1491241455078 446.70665550231934 302.53411865234375 423.53497314453125 302.53411865234375
425.21697998046875 233.87918090820312 448.598295211792 233.87918090820312 448.598295211792 301.7808151245117 425.21697998046875 301.7808151245117
426.9436950683594 236.16183471679688 451.111873626709 236.16183471679688 451.111873626709 306.24947357177734 426.9436950683594 306.24947357177734
429.54705810546875 233.43093872070312 453.75939559936523 233.43093872070312 453.75939559936523 302.15364837646484 429.54705810546875 302.15364837646484
431.921875 237.3771209716797 455.9071350097656 237.3771209716797 455.9071350097656 304.5573501586914 431.921875 304.5573501586914
434.98345947265625 245.2839813232422 457.1418647766113 245.2839813232422 457.1418647766113 308.74966049194336 434.98345947265625 308.74966049194336
436.48492431640625 241.29910278320312 460.40744400024414 241.29910278320312 460.40744400024414 304.7166442871094 436.48492431640625 304.7166442871094
440.66534423828125 241.80636596679688 465.82810401916504 241.80636596679688 465.82810401916504 303.2527542114258 440.66534423828125 303.2527542114258
442.9056091308594 241.28244018554688 467.7672996520996 241.28244018554688 467.7672996520996 303.9311103820801 442.9056091308594 303.9311103820801
445.0726623535156 241.01089477539062 469.2126216888428 241.01089477539062 469.2126216888428 303.05867767333984 445.0726623535156 303.05867767333984
449.982177734375 237.8797607421875 474.52289962768555 237.8797607421875 474.52289962768555 302.6656036376953 449.982177734375 302.6656036376953
450.98779296875 239.360595703125 475.20958709716797 239.360595703125 475.20958709716797 304.4339141845703 450.98779296875 304.4339141845703
454.46331787109375 236.31991577148438 478.77574729919434 236.31991577148438 478.77574729919434 302.58377838134766 454.46331787109375 302.58377838134766
457.82257080078125 239.677490234375 482.3287715911865 239.677490234375 482.3287715911865 303.235595703125 457.82257080078125 303.235595703125
460.19921875 240.8779754638672 483.6697235107422 240.8779754638672 483.6697235107422 301.1458206176758 460.19921875 301.1458206176758
463.4130859375 240.22128295898438 486.5646114349365 240.22128295898438 486.5646114349365 298.59496307373047 463.4130859375 298.59496307373047
466.92462158203125 238.66650390625 488.9494152069092 238.66650390625 488.9494152069092 298.6844291687012 466.92462158203125 298.6844291687012
469.1451721191406 239.57290649414062 490.0478115081787 239.57290649414062 490.0478115081787 299.19185638427734 469.1451721191406 299.19185638427734
471.7093200683594 241.46878051757812 494.74998474121094 241.46878051757812 494.74998474121094 301.1942443847656 471.7093200683594 301.1942443847656
474.554443359375 239.9049530029297 497.18218994140625 239.9049530029297 497.18218994140625 300.5424346923828 474.554443359375 300.5424346923828
477.6334533691406 238.08663940429688 500.1503486633301 238.08663940429688 500.1503486633301 298.2989921569824 477.6334533691406 298.2989921569824
481.78900146484375 234.8368682861328 503.5420608520508 234.8368682861328 503.5420608520508 295.7528839111328 481.78900146484375 295.7528839111328
483.2980041503906 239.56436157226562 505.7666664123535 239.56436157226562 505.7666664123535 300.00517654418945 483.2980041503906 300.00517654418945
484.882568359375 237.36557006835938 507.47704696655273 237.36557006835938 507.47704696655273 301.4677505493164 484.882568359375 301.4677505493164
489.7461853027344 233.42666625976562 511.684139251709 233.42666625976562 511.684139251709 296.4155464172363 489.7461853027344 296.4155464172363
488.8321228027344 234.82620239257812 511.3280906677246 234.82620239257812 511.3280906677246 298.5296211242676 488.8321228027344 298.5296211242676
493.29949951171875 234.6189422607422 515.7112159729004 234.6189422607422 515.7112159729004 295.94774627685547 493.29949951171875 295.94774627685547
495.3834533691406 235.88192749023438 518.1560554504395 235.88192749023438 518.1560554504395 296.4202079772949 495.3834533691406 296.4202079772949
497.06866455078125 232.90921020507812 520.686939239502 232.90921020507812 520.686939239502 296.6903991699219 497.06866455078125 296.6903991699219
498.75634765625 236.20925903320312 522.5772933959961 236.20925903320312 522.5772933959961 295.1753845214844 498.75634765625 295.1753845214844
502.49127197265625 238.1519317626953 526.0606842041016 238.1519317626953 526.0606842041016 298.95706939697266 502.49127197265625 298.95706939697266
504.1874084472656 239.8711700439453 528.832649230957 239.8711700439453 528.832649230957 299.28871154785156 504.1874084472656 299.28871154785156
508.1903381347656 237.6352081298828 531.2534294128418 237.6352081298828 531.2534294128418 298.07091903686523 508.1903381347656 298.07091903686523
511.20306396484375 232.74362182617188 534.1880302429199 232.74362182617188 534.1880302429199 298.5722961425781 511.20306396484375 298.5722961425781
513.3759765625 233.5366973876953 535.0165214538574 233.5366973876953 535.0165214538574 299.7056884765625 513.3759765625 299.7056884765625
513.1107177734375 241.83956909179688 534.9709854125977 241.83956909179688 534.9709854125977 308.56597900390625 513.1107177734375 308.56597900390625
514.2862548828125 241.7692108154297 535.8287658691406 241.7692108154297 535.8287658691406 308.7744140625 514.2862548828125 308.7744140625
517.6024169921875 239.6171417236328 538.2268104553223 239.6171417236328 538.2268104553223 305.0923538208008 517.6024169921875 305.0923538208008
527.6483154296875 233.6739501953125 547.4162998199463 233.6739501953125 547.4162998199463 297.6285629272461 527.6483154296875 297.6285629272461
529.5279541015625 237.68051147460938 550.4184989929199 237.68051147460938 550.4184989929199 301.7211608886719 529.5279541015625 301.7211608886719
530.858642578125 240.13327026367188 551.3379211425781 240.13327026367188 551.3379211425781 300.3162536621094 530.858642578125 300.3162536621094
533.27392578125 238.43490600585938 554.9771595001221 238.43490600585938 554.9771595001221 298.3987350463867 533.27392578125 298.3987350463867
534.2979736328125 237.6040802001953 557.3784313201904 237.6040802001953 557.3784313201904 299.97717666625977 534.2979736328125 299.97717666625977
536.5934448242188 238.5759735107422 561.1743106842041 238.5759735107422 561.1743106842041 300.1603240966797 536.5934448242188 300.1603240966797
540.9908447265625 239.16702270507812 565.8960151672363 239.16702270507812 565.8960151672363 300.4264907836914 540.9908447265625 300.4264907836914
543.1246337890625 238.7241668701172 567.5552024841309 238.7241668701172 567.5552024841309 298.7861557006836 543.1246337890625 298.7861557006836
546.2597045898438 239.0523223876953 569.7630634307861 239.0523223876953 569.7630634307861 302.7028274536133 546.2597045898438 302.7028274536133
549.2904052734375 238.1953125 573.6641063690186 238.1953125 573.6641063690186 299.45145416259766 549.2904052734375 299.45145416259766
553.4854736328125 237.80123901367188 578.0147895812988 237.80123901367188 578.0147895812988 299.0678482055664 553.4854736328125 299.0678482055664
556.3544921875 237.65078735351562 579.9498424530029 237.65078735351562 579.9498424530029 299.9689254760742 556.3544921875 299.9689254760742
558.67578125 236.32608032226562 582.8628787994385 236.32608032226562 582.8628787994385 299.7018928527832 558.67578125 299.7018928527832
561.5358276367188 235.5767364501953 585.7351894378662 235.5767364501953 585.7351894378662 299.28955459594727 561.5358276367188 299.28955459594727
564.6199951171875 237.34988403320312 589.0506935119629 237.34988403320312 589.0506935119629 299.19389724731445 564.6199951171875 299.19389724731445
566.8629760742188 237.5060272216797 592.0917377471924 237.5060272216797 592.0917377471924 299.2313690185547 566.8629760742188 299.2313690185547
568.7780151367188 237.1477813720703 593.8996925354004 237.1477813720703 593.8996925354004 300.94883728027344 568.7780151367188 300.94883728027344
572.5804443359375 237.32070922851562 597.6683082580566 237.32070922851562 597.6683082580566 299.3309516906738 572.5804443359375 299.3309516906738
575.0950927734375 236.26473999023438 600.9647579193115 236.26473999023438 600.9647579193115 298.72330474853516 575.0950927734375 298.72330474853516
576.643310546875 237.1552276611328 602.1407871246338 237.1552276611328 602.1407871246338 299.0400047302246 576.643310546875 299.0400047302246
581.5719604492188 235.355224609375 606.8314342498779 235.355224609375 606.8314342498779 299.09786224365234 581.5719604492188 299.09786224365234
584.5980834960938 233.6262664794922 608.9041023254395 233.6262664794922 608.9041023254395 299.2650146484375 584.5980834960938 299.2650146484375
584.7611083984375 238.06637573242188 609.2631874084473 238.06637573242188 609.2631874084473 302.78748321533203 584.7611083984375 302.78748321533203
590.324462890625 233.5046844482422 614.5444488525391 233.5046844482422 614.5444488525391 302.17417907714844 590.324462890625 302.17417907714844
591.7847900390625 236.21875 616.1125202178955 236.21875 616.1125202178955 302.7576675415039 591.7847900390625 302.7576675415039
590.0502319335938 228.4006805419922 614.9999179840088 228.4006805419922 614.9999179840088 300.7546691894531 590.0502319335938 300.7546691894531
585.5867919921875 240.3395538330078 610.9141979217529 240.3395538330078 610.9141979217529 313.78893280029297 585.5867919921875 313.78893280029297
589.375244140625 235.39395141601562 615.000036239624 235.39395141601562 615.000036239624 309.7057418823242 589.375244140625 309.7057418823242
589.2283325195312 244.42013549804688 615.000020980835 244.42013549804688 615.000020980835 319.1579284667969 589.2283325195312 319.1579284667969
589.1047973632812 249.69100952148438 614.9999752044678 249.69100952148438 614.9999752044678 324.7869186401367 589.1047973632812 324.7869186401367
579.2686767578125 236.2431640625 604.5072650909424 236.2431640625 604.5072650909424 309.4349670410156 579.2686767578125 309.4349670410156
590.2068481445312 254.02890014648438 614.9999809265137 254.02890014648438 614.9999809265137 325.9288864135742 590.2068481445312 325.9288864135742
591.0118408203125 255.24496459960938 614.9999942779541 255.24496459960938 614.9999942779541 324.8105163574219 591.0118408203125 324.8105163574219
584.60302734375 220.96804809570312 608.5117225646973 220.96804809570312 608.5117225646973 290.3031768798828 584.60302734375 290.3031768798828
590.7615966796875 180.29417419433594 614.9999332427979 180.29417419433594 614.9999332427979 250.58526611328125 590.7615966796875 250.58526611328125
590.7657470703125 176.85609436035156 614.9999961853027 176.85609436035156 614.9999961853027 247.1353302001953 590.7657470703125 247.1353302001953
585.1502685546875 220.63973999023438 609.1475791931152 220.63973999023438 609.1475791931152 290.2318572998047 585.1502685546875 290.2318572998047
578.8751831054688 216.85647583007812 602.7954387664795 216.85647583007812 602.7954387664795 286.22513580322266 578.8751831054688 286.22513580322266
567.5740966796875 211.6582489013672 591.5333461761475 211.6582489013672 591.5333461761475 281.13999938964844 567.5740966796875 281.13999938964844
591.0047607421875 218.3117218017578 615.0000457763672 218.3117218017578 615.0000457763672 287.8979721069336 591.0047607421875 287.8979721069336
591.0213012695312 223.14718627929688 615.0 223.14718627929688 615.0 292.68534088134766 591.0213012695312 292.68534088134766
583.1666259765625 198.66879272460938 606.6854496002197 198.66879272460938 606.6854496002197 266.87330627441406 583.1666259765625 266.87330627441406
581.1217651367188 210.06448364257812 604.6017818450928 210.06448364257812 604.6017818450928 278.15645599365234 581.1217651367188 278.15645599365234
591.47119140625 222.54345703125 614.9999732971191 222.54345703125 614.9999732971191 290.77684020996094 591.47119140625 290.77684020996094
591.356689453125 222.83828735351562 615.0000095367432 222.83828735351562 615.0000095367432 291.4038314819336 591.356689453125 291.4038314819336
591.1343994140625 223.4888458251953 615.0000095367432 223.4888458251953 615.0000095367432 292.69903564453125 591.1343994140625 292.69903564453125
591.2421875 223.2067413330078 614.9999752044678 223.2067413330078 614.9999752044678 292.104248046875 591.2421875 292.104248046875
591.1195068359375 226.06918334960938 614.9999885559082 226.06918334960938 614.9999885559082 295.32250213623047 591.1195068359375 295.32250213623047
591.1525268554688 223.7934112548828 614.9999885559082 223.7934112548828 614.9999885559082 292.9509735107422 591.1525268554688 292.9509735107422
591.0838012695312 221.34365844726562 614.9999580383301 221.34365844726562 614.9999580383301 290.70043182373047 591.0838012695312 290.70043182373047
591.5841064453125 220.35775756835938 615.0000190734863 220.35775756835938 615.0000190734863 288.2638244628906 591.5841064453125 288.2638244628906
591.85546875 204.68994140625 614.8621044158936 204.68994140625 614.8621044158936 271.4091110229492 591.85546875 271.4091110229492
591.8362426757812 225.1515655517578 614.9999694824219 225.1515655517578 614.9999694824219 292.3262939453125 591.8362426757812 292.3262939453125
591.6162109375 224.34066772460938 614.9395084381104 224.34066772460938 614.9395084381104 291.97814178466797 591.6162109375 291.97814178466797
591.9083862304688 219.89822387695312 614.9999866485596 219.89822387695312 614.9999866485596 286.86377716064453 591.9083862304688 286.86377716064453
592.1119384765625 222.66738891601562 614.9999580383301 222.66738891601562 614.9999580383301 289.0425491333008 592.1119384765625 289.0425491333008
592.7791748046875 226.1449737548828 614.9999847412109 226.1449737548828 614.9999847412109 290.5852355957031 592.7791748046875 290.5852355957031
592.4918212890625 224.96337890625 614.955924987793 224.96337890625 614.955924987793 290.1091995239258 592.4918212890625 290.1091995239258
