273.0 133.0 305.0 133.0 305.0 171.0 273.0 171.0
274.3033447265625 133.40438842773438 305.31035232543945 133.40438842773438 305.31035232543945 171.68436431884766 274.3033447265625 171.68436431884766
274.26922607421875 131.82998657226562 305.20526123046875 131.82998657226562 305.20526123046875 170.97005462646484 274.26922607421875 170.97005462646484
273.97833251953125 133.02645874023438 305.513671875 133.02645874023438 305.513671875 170.36306381225586 273.97833251953125 170.36306381225586
274.56243896484375 133.63516235351562 306.4833469390869 133.63516235351562 306.4833469390869 171.5688247680664 274.56243896484375 171.5688247680664
274.4268493652344 133.757568359375 306.79573822021484 133.757568359375 306.79573822021484 171.5012550354004 274.4268493652344 171.5012550354004
275.3287353515625 134.61416625976562 307.02141761779785 134.61416625976562 307.02141761779785 171.87390899658203 275.3287353515625 171.87390899658203
275.78887939453125 134.683349609375 307.89374923706055 134.683349609375 307.89374923706055 171.3132438659668 275.78887939453125 171.3132438659668
276.8457946777344 135.28726196289062 308.916690826416 135.28726196289062 308.916690826416 171.4011993408203 276.8457946777344 171.4011993408203
276.6656799316406 134.16732788085938 308.44240951538086 134.16732788085938 308.44240951538086 171.51156616210938 276.6656799316406 171.51156616210938
276.604736328125 134.43670654296875 309.20502853393555 134.43670654296875 309.20502853393555 171.28643798828125 276.604736328125 171.28643798828125
277.9690856933594 135.15150451660156 309.199462890625 135.15150451660156 309.199462890625 171.40456771850586 277.9690856933594 171.40456771850586
277.6358337402344 134.4761962890625 309.85255432128906 134.4761962890625 309.85255432128906 172.72487258911133 277.6358337402344 172.72487258911133
278.91375732421875 134.63941955566406 310.81383895874023 134.63941955566406 310.81383895874023 172.6763038635254 278.91375732421875 172.6763038635254
279.20050048828125 134.9193878173828 311.0592918395996 134.9193878173828 311.0592918395996 171.94540405273438 279.20050048828125 171.94540405273438
279.58966064453125 134.7035369873047 311.111328125 134.7035369873047 311.111328125 172.7816047668457 279.58966064453125 172.7816047668457
280.3050231933594 135.5068359375 312.7941093444824 135.5068359375 312.7941093444824 172.76340866088867 280.3050231933594 172.76340866088867
280.61773681640625 136.09539794921875 313.3309745788574 136.09539794921875 313.3309745788574 173.43461990356445 280.61773681640625 173.43461990356445
280.8336486816406 135.57797241210938 314.00407791137695 135.57797241210938 314.00407791137695 173.97412872314453 280.8336486816406 173.97412872314453
282.0455017089844 134.04208374023438 314.4161491394043 134.04208374023438 314.4161491394043 174.11963272094727 282.0455017089844 174.11963272094727
282.8486328125 136.1911163330078 315.19539642333984 136.1911163330078 315.19539642333984 174.67308807373047 282.8486328125 174.67308807373047
282.2647399902344 135.00155639648438 315.27783966064453 135.00155639648438 315.27783966064453 173.6814956665039 282.2647399902344 173.6814956665039
282.7617492675781 135.62158203125 315.7248764038086 135.62158203125 315.7248764038086 174.24125289916992 282.7617492675781 174.24125289916992
283.7470703125 135.0871124267578 316.08455657958984 135.0871124267578 316.08455657958984 174.32108306884766 283.7470703125 174.32108306884766
284.1961364746094 134.1439971923828 316.0035037994385 134.1439971923828 316.0035037994385 175.22362899780273 284.1961364746094 175.22362899780273
284.83685302734375 135.3095245361328 317.56380462646484 135.3095245361328 317.56380462646484 174.38060760498047 284.83685302734375 174.38060760498047
284.2948913574219 134.5413818359375 317.0945510864258 134.5413818359375 317.0945510864258 173.8635025024414 284.2948913574219 173.8635025024414
285.94189453125 137.422119140625 319.2883415222168 137.422119140625 319.2883415222168 175.15803909301758 285.94189453125 175.15803909301758
285.9443664550781 134.9718017578125 318.7442398071289 134.9718017578125 318.7442398071289 174.2765235900879 285.9443664550781 174.2765235900879
286.2323303222656 136.3418426513672 319.6973876953125 136.3418426513672 319.6973876953125 174.96392059326172 286.2323303222656 174.96392059326172
287.52130126953125 136.94354248046875 319.7278366088867 136.94354248046875 319.7278366088867 175.41924285888672 287.52130126953125 175.41924285888672
287.65936279296875 135.72265625 320.64337158203125 135.72265625 320.64337158203125 175.07909774780273 287.65936279296875 175.07909774780273
287.98834228515625 136.725830078125 320.95830154418945 136.725830078125 320.95830154418945 175.36101150512695 287.98834228515625 175.36101150512695
288.52691650390625 136.93528747558594 321.6060600280762 136.93528747558594 321.6060600280762 176.1438446044922 288.52691650390625 176.1438446044922
288.67364501953125 137.60403442382812 322.19212341308594 137.60403442382812 322.19212341308594 176.6963119506836 288.67364501953125 176.6963119506836
289.4267578125 137.6216583251953 322.8889961242676 137.6216583251953 322.8889961242676 176.09656524658203 289.4267578125 176.09656524658203
290.0289001464844 137.3754119873047 323.4578399658203 137.3754119873047 323.4578399658203 176.55914306640625 290.0289001464844 176.55914306640625
290.52301025390625 137.3666534423828 323.87902069091797 137.3666534423828 323.87902069091797 176.77503967285156 290.52301025390625 176.77503967285156
290.6766052246094 136.85296630859375 324.96207427978516 136.85296630859375 324.96207427978516 176.7826271057129 290.6766052246094 176.7826271057129
290.9993591308594 137.45065307617188 325.8145942687988 137.45065307617188 325.8145942687988 177.3681869506836 290.9993591308594 177.3681869506836
292.21942138671875 138.44419860839844 326.9707336425781 138.44419860839844 326.9707336425781 177.770263671875 292.21942138671875 177.770263671875
292.102783203125 137.959228515625 326.5715522766113 137.959228515625 326.5715522766113 178.35376739501953 292.102783203125 178.35376739501953
292.6358947753906 138.01211547851562 326.2220153808594 138.01211547851562 326.2220153808594 177.47182083129883 292.6358947753906 177.47182083129883
292.2409973144531 138.3644256591797 326.98380279541016 138.3644256591797 326.98380279541016 178.38445281982422 292.2409973144531 178.38445281982422
294.0889587402344 139.62490844726562 327.8549690246582 139.62490844726562 327.8549690246582 178.7670555114746 294.0889587402344 178.7670555114746
293.9818420410156 139.66824340820312 327.9289321899414 139.66824340820312 327.9289321899414 178.31292724609375 293.9818420410156 178.31292724609375
294.77325439453125 139.24180603027344 328.5486068725586 139.24180603027344 328.5486068725586 179.21966934204102 294.77325439453125 179.21966934204102
295.53704833984375 139.9764404296875 329.6133575439453 139.9764404296875 329.6133575439453 179.50861740112305 295.53704833984375 179.50861740112305
296.32843017578125 139.85665893554688 330.5082778930664 139.85665893554688 330.5082778930664 180.01624298095703 296.32843017578125 180.01624298095703
296.442138671875 140.29098510742188 330.6368408203125 140.29098510742188 330.6368408203125 180.00020599365234 296.442138671875 180.00020599365234
297.42315673828125 141.21336364746094 332.2854423522949 141.21336364746094 332.2854423522949 180.0933952331543 297.42315673828125 180.0933952331543
297.3246765136719 140.59242248535156 332.3756294250488 140.59242248535156 332.3756294250488 179.89665985107422 297.3246765136719 179.89665985107422
297.998779296875 139.88218688964844 331.9008560180664 139.88218688964844 331.9008560180664 179.77166366577148 297.998779296875 179.77166366577148
299.51727294921875 140.13363647460938 333.0380630493164 140.13363647460938 333.0380630493164 180.10124969482422 299.51727294921875 180.10124969482422
298.5243225097656 139.67431640625 333.08818435668945 139.67431640625 333.08818435668945 180.44785690307617 298.5243225097656 180.44785690307617
298.88140869140625 141.3155975341797 333.59644317626953 141.3155975341797 333.59644317626953 180.73368072509766 298.88140869140625 180.73368072509766
300.076416015625 140.8965301513672 334.70520401000977 140.8965301513672 334.70520401000977 181.207275390625 300.076416015625 181.207275390625
301.4229431152344 140.90585327148438 335.2416191101074 140.90585327148438 335.2416191101074 181.68939971923828 301.4229431152344 181.68939971923828
301.3193359375 141.4665069580078 336.4716796875 141.4665069580078 336.4716796875 181.33820343017578 301.3193359375 181.33820343017578
301.6155700683594 141.03416442871094 335.9928512573242 141.03416442871094 335.9928512573242 181.09194564819336 301.6155700683594 181.09194564819336
302.24127197265625 141.71966552734375 337.4471244812012 141.71966552734375 337.4471244812012 181.18659210205078 302.24127197265625 181.18659210205078
303.0306701660156 141.88095092773438 338.13636779785156 141.88095092773438 338.13636779785156 181.11914825439453 303.0306701660156 181.11914825439453
303.1864929199219 141.4207000732422 338.7435073852539 141.4207000732422 338.7435073852539 181.8573989868164 303.1864929199219 181.8573989868164
303.92755126953125 141.47927856445312 339.5136833190918 141.47927856445312 339.5136833190918 182.44711685180664 303.92755126953125 182.44711685180664
305.44940185546875 141.50474548339844 339.8257827758789 141.50474548339844 339.8257827758789 182.08321380615234 305.44940185546875 182.08321380615234
305.0520935058594 141.62451171875 340.76482009887695 141.62451171875 340.76482009887695 182.86995697021484 305.0520935058594 182.86995697021484
305.4354248046875 142.61366271972656 341.72156143188477 142.61366271972656 341.72156143188477 183.2372817993164 305.4354248046875 183.2372817993164
306.41925048828125 142.7100067138672 341.7874526977539 142.7100067138672 341.7874526977539 182.90283584594727 306.41925048828125 182.90283584594727
306.56591796875 142.10745239257812 342.27400970458984 142.10745239257812 342.27400970458984 183.6459846496582 306.56591796875 183.6459846496582
308.1679382324219 141.92153930664062 343.5176086425781 141.92153930664062 343.5176086425781 183.95426177978516 308.1679382324219 183.95426177978516
308.19354248046875 142.81100463867188 344.19393157958984 142.81100463867188 344.19393157958984 182.90785598754883 308.19354248046875 182.90785598754883
309.1060791015625 143.0676727294922 344.1789245605469 143.0676727294922 344.1789245605469 185.2971420288086 309.1060791015625 185.2971420288086
308.806640625 143.02816772460938 345.3737106323242 143.02816772460938 345.3737106323242 185.60825729370117 308.806640625 185.60825729370117
309.75823974609375 144.2971649169922 346.8106155395508 144.2971649169922 346.8106155395508 184.8575782775879 309.75823974609375 184.8575782775879
310.86956787109375 142.49497985839844 346.81500244140625 142.49497985839844 346.81500244140625 184.96392059326172 310.86956787109375 184.96392059326172
310.51873779296875 144.6154022216797 346.6887969970703 144.6154022216797 346.6887969970703 186.05449676513672 310.51873779296875 186.05449676513672
311.785400390625 143.0988006591797 347.8963203430176 143.0988006591797 347.8963203430176 186.19812774658203 311.785400390625 186.19812774658203
312.44781494140625 143.63490295410156 349.2476043701172 143.63490295410156 349.2476043701172 185.6980743408203 312.44781494140625 185.6980743408203
312.4385070800781 143.9846954345703 349.0984687805176 143.9846954345703 349.0984687805176 187.31726455688477 312.4385070800781 187.31726455688477
313.6810607910156 142.9384765625 350.22423553466797 142.9384765625 350.22423553466797 186.46271133422852 313.6810607910156 186.46271133422852
313.9400329589844 143.085693359375 351.29967880249023 143.085693359375 351.29967880249023 186.04150390625 313.9400329589844 186.04150390625
314.8126525878906 144.4640350341797 351.48009872436523 144.4640350341797 351.48009872436523 188.28668975830078 314.8126525878906 188.28668975830078
315.5073547363281 145.30104064941406 352.6456069946289 145.30104064941406 352.6456069946289 187.50814819335938 315.5073547363281 187.50814819335938
316.6282653808594 144.1456756591797 352.6820297241211 144.1456756591797 352.6820297241211 188.06542205810547 316.6282653808594 188.06542205810547
316.66119384765625 144.6271514892578 353.5140800476074 144.6271514892578 353.5140800476074 188.08675384521484 316.66119384765625 188.08675384521484
316.67559814453125 144.54478454589844 353.70666122436523 144.54478454589844 353.70666122436523 187.53595733642578 316.67559814453125 187.53595733642578
317.70465087890625 143.96241760253906 354.61487579345703 143.96241760253906 354.61487579345703 189.53485870361328 317.70465087890625 189.53485870361328
317.91546630859375 145.14083862304688 355.23126220703125 145.14083862304688 355.23126220703125 188.82129287719727 317.91546630859375 188.82129287719727
318.5865173339844 145.13998413085938 355.70700454711914 145.13998413085938 355.70700454711914 190.30973052978516 318.5865173339844 190.30973052978516
319.4162902832031 145.85183715820312 356.32723236083984 145.85183715820312 356.32723236083984 190.50762557983398 319.4162902832031 190.50762557983398
319.44195556640625 145.68409729003906 357.3259963989258 145.68409729003906 357.3259963989258 189.79411697387695 319.44195556640625 189.79411697387695
320.90594482421875 146.4410858154297 357.6089897155762 146.4410858154297 357.6089897155762 190.65238571166992 320.90594482421875 190.65238571166992
322.20361328125 146.07022094726562 359.54566192626953 146.07022094726562 359.54566192626953 190.68816375732422 322.20361328125 190.68816375732422
321.00006103515625 146.3777313232422 358.60999298095703 146.3777313232422 358.60999298095703 190.82850646972656 321.00006103515625 190.82850646972656
322.6761169433594 146.84530639648438 359.31771087646484 146.84530639648438 359.31771087646484 191.58816146850586 322.6761169433594 191.58816146850586
323.6654968261719 146.18463134765625 360.8321228027344 146.18463134765625 360.8321228027344 192.10700607299805 323.6654968261719 192.10700607299805
324.414306640625 146.91012573242188 360.8925247192383 146.91012573242188 360.8925247192383 192.22197723388672 324.414306640625 192.22197723388672
324.9933166503906 148.04742431640625 361.2053451538086 148.04742431640625 361.2053451538086 192.6697006225586 324.9933166503906 192.6697006225586
324.9398498535156 146.72427368164062 361.85149002075195 146.72427368164062 361.85149002075195 193.36378860473633 324.9398498535156 193.36378860473633
325.63201904296875 147.3409881591797 362.8264465332031 147.3409881591797 362.8264465332031 192.95228576660156 325.63201904296875 192.95228576660156
325.97955322265625 147.72036743164062 363.11840438842773 147.72036743164062 363.11840438842773 193.81689071655273 325.97955322265625 193.81689071655273
326.18682861328125 147.5930633544922 363.4690170288086 147.5930633544922 363.4690170288086 193.10780334472656 326.18682861328125 193.10780334472656
328.08978271484375 147.81407165527344 364.24095153808594 147.81407165527344 364.24095153808594 193.92301177978516 328.08978271484375 193.92301177978516
328.2041320800781 148.83798217773438 365.09618377685547 148.83798217773438 365.09618377685547 195.05550384521484 328.2041320800781 195.05550384521484
328.502685546875 147.6407928466797 365.9756660461426 147.6407928466797 365.9756660461426 194.71620559692383 328.502685546875 194.71620559692383
329.8419494628906 148.4425506591797 366.30395889282227 148.4425506591797 366.30395889282227 195.46917343139648 329.8419494628906 195.46917343139648
330.9338684082031 149.59268188476562 367.65008544921875 149.59268188476562 367.65008544921875 195.8156623840332 330.9338684082031 195.8156623840332
329.8303527832031 149.8222198486328 368.6055564880371 149.8222198486328 368.6055564880371 195.09251403808594 329.8303527832031 195.09251403808594
330.65936279296875 150.0797576904297 368.631103515625 150.0797576904297 368.631103515625 196.43914413452148 330.65936279296875 196.43914413452148
331.2557678222656 149.15528869628906 368.8869743347168 149.15528869628906 368.8869743347168 195.83719635009766 331.2557678222656 195.83719635009766
332.2950439453125 148.6707763671875 369.96004486083984 148.6707763671875 369.96004486083984 194.91440963745117 332.2950439453125 194.91440963745117
333.5924072265625 149.8529510498047 370.82796478271484 149.8529510498047 370.82796478271484 197.37367248535156 333.5924072265625 197.37367248535156
332.895263671875 150.41896057128906 370.42975997924805 150.41896057128906 370.42975997924805 196.63864517211914 332.895263671875 196.63864517211914
333.73876953125 149.7127227783203 370.8484420776367 149.7127227783203 370.8484420776367 197.79975128173828 333.73876953125 197.79975128173828
334.2547302246094 151.36572265625 370.8285026550293 151.36572265625 370.8285026550293 197.95634841918945 334.2547302246094 197.95634841918945
334.81243896484375 150.85269165039062 371.6778450012207 150.85269165039062 371.6778450012207 198.43595123291016 334.81243896484375 198.43595123291016
335.6314392089844 151.75067138671875 372.95409393310547 151.75067138671875 372.95409393310547 199.1250991821289 335.6314392089844 199.1250991821289
335.77496337890625 151.11648559570312 373.59676361083984 151.11648559570312 373.59676361083984 198.89006423950195 335.77496337890625 198.89006423950195
337.2791748046875 151.35177612304688 374.3072395324707 151.35177612304688 374.3072395324707 198.65821838378906 337.2791748046875 198.65821838378906
337.35906982421875 152.14834594726562 374.6134567260742 152.14834594726562 374.6134567260742 200.00117874145508 337.35906982421875 200.00117874145508
339.1918640136719 153.69760131835938 375.8487548828125 153.69760131835938 375.8487548828125 200.2065658569336 339.1918640136719 200.2065658569336
338.69049072265625 153.927978515625 377.134090423584 153.927978515625 377.134090423584 200.84833908081055 338.69049072265625 200.84833908081055
339.42596435546875 153.52162170410156 377.5181083679199 153.52162170410156 377.5181083679199 200.8921890258789 339.42596435546875 200.8921890258789
340.5187072753906 154.59420776367188 377.63437271118164 154.59420776367188 377.63437271118164 202.11294174194336 340.5187072753906 202.11294174194336
341.286865234375 154.21401977539062 379.12785720825195 154.21401977539062 379.12785720825195 201.49007034301758 341.286865234375 201.49007034301758
341.94134521484375 154.3683624267578 379.5829849243164 154.3683624267578 379.5829849243164 201.1394920349121 341.94134521484375 201.1394920349121
342.2440490722656 153.8814697265625 380.98121643066406 153.8814697265625 380.98121643066406 201.4572639465332 342.2440490722656 201.4572639465332
343.31732177734375 155.44293212890625 381.1878662109375 155.44293212890625 381.1878662109375 202.5494155883789 343.31732177734375 202.5494155883789
344.13165283203125 155.84567260742188 382.0036201477051 155.84567260742188 382.0036201477051 202.49911499023438 344.13165283203125 202.49911499023438
344.8883361816406 155.8546600341797 382.51982498168945 155.8546600341797 382.51982498168945 202.62395477294922 344.8883361816406 202.62395477294922
344.09747314453125 155.78897094726562 382.54737091064453 155.78897094726562 382.54737091064453 203.3112564086914 344.09747314453125 203.3112564086914
345.4739685058594 156.56430053710938 383.8820686340332 156.56430053710938 383.8820686340332 203.90038299560547 345.4739685058594 203.90038299560547
345.7618713378906 156.15792846679688 384.6470260620117 156.15792846679688 384.6470260620117 204.9781265258789 345.7618713378906 204.9781265258789
347.6419982910156 156.77737426757812 384.3535385131836 156.77737426757812 384.3535385131836 203.4258804321289 347.6419982910156 203.4258804321289
347.6954040527344 156.3771209716797 385.7556381225586 156.3771209716797 385.7556381225586 203.59453964233398 347.6954040527344 203.59453964233398
347.1524353027344 157.64540100097656 386.12646102905273 157.64540100097656 386.12646102905273 206.35137939453125 347.1524353027344 206.35137939453125
347.6704406738281 158.16763305664062 388.2524108886719 158.16763305664062 388.2524108886719 205.47435760498047 347.6704406738281 205.47435760498047
348.61639404296875 158.31861877441406 389.09191131591797 158.31861877441406 389.09191131591797 205.5376739501953 348.61639404296875 205.5376739501953
349.446533203125 158.90660095214844 389.3630905151367 158.90660095214844 389.3630905151367 206.56194305419922 349.446533203125 206.56194305419922
350.33392333984375 158.42343139648438 389.4322166442871 158.42343139648438 389.4322166442871 206.8416404724121 350.33392333984375 206.8416404724121
350.60614013671875 158.65396118164062 390.4244041442871 158.65396118164062 390.4244041442871 208.20503616333008 350.60614013671875 208.20503616333008
352.3289489746094 159.15829467773438 391.62487030029297 159.15829467773438 391.62487030029297 207.9928436279297 352.3289489746094 207.9928436279297
352.10394287109375 160.43710327148438 392.46264266967773 160.43710327148438 392.46264266967773 209.52391815185547 352.10394287109375 209.52391815185547
352.83074951171875 159.52186584472656 393.7664909362793 159.52186584472656 393.7664909362793 208.8037567138672 352.83074951171875 208.8037567138672
354.5271301269531 159.0291748046875 393.6516761779785 159.0291748046875 393.6516761779785 209.2339859008789 354.5271301269531 209.2339859008789
354.61297607421875 159.7900390625 395.272891998291 159.7900390625 395.272891998291 209.95302963256836 354.61297607421875 209.95302963256836
354.9795837402344 159.6245574951172 394.7955207824707 159.6245574951172 394.7955207824707 209.6179428100586 354.9795837402344 209.6179428100586
356.08251953125 160.12921142578125 395.75821685791016 160.12921142578125 395.75821685791016 210.09978485107422 356.08251953125 210.09978485107422
356.8526916503906 160.63766479492188 396.3227005004883 160.63766479492188 396.3227005004883 210.81423568725586 356.8526916503906 210.81423568725586
356.83538818359375 160.5364227294922 397.0102767944336 160.5364227294922 397.0102767944336 211.17443084716797 356.83538818359375 211.17443084716797
357.13531494140625 161.74627685546875 398.7099075317383 161.74627685546875 398.7099075317383 211.35221099853516 357.13531494140625 211.35221099853516
358.523681640625 161.85440063476562 398.5047950744629 161.85440063476562 398.5047950744629 210.82353591918945 358.523681640625 210.82353591918945
358.8345031738281 162.1388397216797 400.60327911376953 162.1388397216797 400.60327911376953 212.32190704345703 358.8345031738281 212.32190704345703
359.72235107421875 161.77842712402344 400.60641860961914 161.77842712402344 400.60641860961914 212.86386108398438 359.72235107421875 212.86386108398438
360.6102600097656 162.23504638671875 401.56127548217773 162.23504638671875 401.56127548217773 213.05958938598633 360.6102600097656 213.05958938598633
360.68927001953125 163.2666015625 402.27159881591797 163.2666015625 402.27159881591797 213.06258010864258 360.68927001953125 213.06258010864258
361.48309326171875 163.5884246826172 402.28531646728516 163.5884246826172 402.28531646728516 213.97151947021484 361.48309326171875 213.97151947021484
362.1132507324219 163.63693237304688 403.4339828491211 163.63693237304688 403.4339828491211 214.0021629333496 362.1132507324219 214.0021629333496
363.21234130859375 163.361328125 404.2314987182617 163.361328125 404.2314987182617 214.9065170288086 363.21234130859375 214.9065170288086
363.4612121582031 163.90701293945312 404.92064666748047 163.90701293945312 404.92064666748047 215.3248176574707 363.4612121582031 215.3248176574707
363.4497985839844 165.00521850585938 405.3837890625 165.00521850585938 405.3837890625 216.06931686401367 363.4497985839844 216.06931686401367
364.74029541015625 164.84788513183594 407.3681335449219 164.84788513183594 407.3681335449219 215.77315139770508 364.74029541015625 215.77315139770508
365.2455749511719 165.3170166015625 406.88773345947266 165.3170166015625 406.88773345947266 216.4014015197754 365.2455749511719 216.4014015197754
365.93292236328125 165.2763214111328 408.2358932495117 165.2763214111328 408.2358932495117 217.02076721191406 365.93292236328125 217.02076721191406
368.3570861816406 163.26553344726562 409.4334945678711 163.26553344726562 409.4334945678711 217.3208236694336 368.3570861816406 217.3208236694336
367.4351501464844 165.15045166015625 408.86589431762695 165.15045166015625 408.86589431762695 216.8543586730957 367.4351501464844 216.8543586730957
368.44720458984375 165.73422241210938 409.63129806518555 165.73422241210938 409.63129806518555 217.70945358276367 368.44720458984375 217.70945358276367
369.51422119140625 166.97642517089844 411.35730743408203 166.97642517089844 411.35730743408203 219.24767684936523 369.51422119140625 219.24767684936523
370.0548400878906 166.67184448242188 411.4562110900879 166.67184448242188 411.4562110900879 219.67870330810547 370.0548400878906 219.67870330810547
370.8084411621094 167.4696502685547 412.42156982421875 167.4696502685547 412.42156982421875 219.9882049560547 370.8084411621094 219.9882049560547
371.4222717285156 167.4641571044922 412.20433044433594 167.4641571044922 412.20433044433594 220.1351661682129 371.4222717285156 220.1351661682129
371.8323669433594 167.92520141601562 414.7580337524414 167.92520141601562 414.7580337524414 220.45744705200195 371.8323669433594 220.45744705200195
373.0596008300781 167.9774932861328 414.5781059265137 167.9774932861328 414.5781059265137 220.51878356933594 373.0596008300781 220.51878356933594
373.1009826660156 168.34002685546875 415.4784469604492 168.34002685546875 415.4784469604492 222.32661056518555 373.1009826660156 222.32661056518555
373.92578125 168.3304443359375 416.0586051940918 168.3304443359375 416.0586051940918 221.5006103515625 373.92578125 221.5006103515625
374.4761047363281 169.2645263671875 416.85876083374023 169.2645263671875 416.85876083374023 223.31664276123047 374.4761047363281 223.31664276123047
374.92877197265625 169.08770751953125 418.14029693603516 169.08770751953125 418.14029693603516 223.29985427856445 374.92877197265625 223.29985427856445
375.96832275390625 170.91519165039062 418.4070358276367 170.91519165039062 418.4070358276367 224.4385986328125 375.96832275390625 224.4385986328125
377.6819763183594 171.1963348388672 419.21459579467773 171.1963348388672 419.21459579467773 224.79601287841797 377.6819763183594 224.79601287841797
377.7059631347656 170.1021270751953 419.0985298156738 170.1021270751953 419.0985298156738 225.37549591064453 377.7059631347656 225.37549591064453
377.83135986328125 171.31996154785156 419.38886642456055 171.31996154785156 419.38886642456055 225.30859756469727 377.83135986328125 225.30859756469727
377.8659973144531 171.0218048095703 421.5352783203125 171.0218048095703 421.5352783203125 225.0253448486328 377.8659973144531 225.0253448486328
378.2314453125 171.64474487304688 423.5434112548828 171.64474487304688 423.5434112548828 225.78641891479492 378.2314453125 225.78641891479492
379.77044677734375 171.69656372070312 423.9602470397949 171.69656372070312 423.9602470397949 227.38867950439453 379.77044677734375 227.38867950439453
380.49591064453125 172.62301635742188 424.42041397094727 172.62301635742188 424.42041397094727 228.15989303588867 380.49591064453125 228.15989303588867
381.1453552246094 174.11883544921875 424.82659912109375 174.11883544921875 424.82659912109375 228.0933609008789 381.1453552246094 228.0933609008789
382.6943664550781 173.34434509277344 424.37030029296875 173.34434509277344 424.37030029296875 227.9617042541504 382.6943664550781 227.9617042541504
382.91729736328125 174.8463897705078 425.01397705078125 174.8463897705078 425.01397705078125 228.8100357055664 382.91729736328125 228.8100357055664
382.99859619140625 174.33872985839844 426.86610412597656 174.33872985839844 426.86610412597656 228.05733489990234 382.99859619140625 228.05733489990234
382.1246032714844 175.12159729003906 426.64771270751953 175.12159729003906 426.64771270751953 229.29006576538086 382.1246032714844 229.29006576538086
383.20294189453125 174.98739624023438 427.99914169311523 174.98739624023438 427.99914169311523 230.33087921142578 383.20294189453125 230.33087921142578
385.05401611328125 175.25083923339844 429.8229789733887 175.25083923339844 429.8229789733887 230.70252227783203 385.05401611328125 230.70252227783203
386.7483825683594 175.00411987304688 430.0823059082031 175.00411987304688 430.0823059082031 229.96790313720703 386.7483825683594 229.96790313720703
386.28387451171875 177.36093139648438 430.7833480834961 177.36093139648438 430.7833480834961 232.2562370300293 386.28387451171875 232.2562370300293
385.746337890625 177.8307342529297 431.1460304260254 177.8307342529297 431.1460304260254 232.5847396850586 385.746337890625 232.5847396850586
387.50927734375 176.9501190185547 432.6344680786133 176.9501190185547 432.6344680786133 232.26308822631836 387.50927734375 232.26308822631836
387.52252197265625 177.14939880371094 433.4640693664551 177.14939880371094 433.4640693664551 232.09095764160156 387.52252197265625 232.09095764160156
388.59442138671875 177.5426483154297 434.25651931762695 177.5426483154297 434.25651931762695 234.16771697998047 388.59442138671875 234.16771697998047
388.77752685546875 177.9488067626953 434.6151542663574 177.9488067626953 434.6151542663574 236.00233459472656 388.77752685546875 236.00233459472656
389.2357482910156 177.28506469726562 435.3855514526367 177.28506469726562 435.3855514526367 234.75383758544922 389.2357482910156 234.75383758544922
390.9434509277344 179.64002990722656 436.68205642700195 179.64002990722656 436.68205642700195 237.6972198486328 390.9434509277344 237.6972198486328
389.3559265136719 178.70166015625 436.58374786376953 178.70166015625 436.58374786376953 237.68399810791016 389.3559265136719 237.68399810791016
390.65838623046875 180.52159118652344 437.40087127685547 180.52159118652344 437.40087127685547 237.8990707397461 390.65838623046875 237.8990707397461
391.796142578125 179.2670440673828 437.8589859008789 179.2670440673828 437.8589859008789 237.93187713623047 391.796142578125 237.93187713623047
391.9665222167969 180.47726440429688 438.3009338378906 180.47726440429688 438.3009338378906 240.28158569335938 391.9665222167969 240.28158569335938
392.18365478515625 178.95870971679688 439.5930061340332 178.95870971679688 439.5930061340332 238.63092041015625 392.18365478515625 238.63092041015625
393.12774658203125 180.87771606445312 440.1686782836914 180.87771606445312 440.1686782836914 241.12339401245117 393.12774658203125 241.12339401245117
392.21929931640625 179.99728393554688 439.98801040649414 179.99728393554688 439.98801040649414 239.9888687133789 392.21929931640625 239.9888687133789
394.7162780761719 181.03262329101562 440.78096771240234 181.03262329101562 440.78096771240234 241.43054962158203 394.7162780761719 241.43054962158203
394.697998046875 181.65231323242188 442.4037055969238 181.65231323242188 442.4037055969238 242.74532318115234 394.697998046875 242.74532318115234
394.58648681640625 181.53697204589844 442.8045997619629 181.53697204589844 442.8045997619629 243.05824279785156 394.58648681640625 243.05824279785156
395.225830078125 183.08963012695312 442.4183349609375 183.08963012695312 442.4183349609375 243.92169952392578 395.225830078125 243.92169952392578
395.57708740234375 181.06640625 442.78272247314453 181.06640625 442.78272247314453 244.5176773071289 395.57708740234375 244.5176773071289
395.4533996582031 183.33399963378906 442.3827133178711 183.33399963378906 442.3827133178711 246.59772491455078 395.4533996582031 246.59772491455078
396.12640380859375 184.02743530273438 443.28365325927734 184.02743530273438 443.28365325927734 245.98899459838867 396.12640380859375 245.98899459838867
396.6039123535156 185.3516845703125 442.96330642700195 185.3516845703125 442.96330642700195 246.70319747924805 396.6039123535156 246.70319747924805
396.3731689453125 185.16090393066406 443.87105560302734 185.16090393066406 443.87105560302734 246.60681915283203 396.3731689453125 246.60681915283203
397.6477966308594 185.28939819335938 445.82389068603516 185.28939819335938 445.82389068603516 248.4321174621582 397.6477966308594 248.4321174621582
396.95709228515625 185.07156372070312 444.9189224243164 185.07156372070312 444.9189224243164 250.04021453857422 396.95709228515625 250.04021453857422
396.8278503417969 186.40603637695312 444.1723403930664 186.40603637695312 444.1723403930664 251.1781463623047 396.8278503417969 251.1781463623047
397.4474792480469 186.00259399414062 445.3470573425293 186.00259399414062 445.3470573425293 251.1074981689453 397.4474792480469 251.1074981689453
396.7298583984375 186.5979461669922 444.44164276123047 186.5979461669922 444.44164276123047 252.12237548828125 396.7298583984375 252.12237548828125
397.3001403808594 188.06234741210938 444.12710189819336 188.06234741210938 444.12710189819336 252.89473724365234 397.3001403808594 252.89473724365234
397.61114501953125 189.2493133544922 443.95166778564453 189.2493133544922 443.95166778564453 254.20945739746094 397.61114501953125 254.20945739746094
398.12469482421875 190.6946563720703 445.0247230529785 190.6946563720703 445.0247230529785 254.6466827392578 398.12469482421875 254.6466827392578
395.7049865722656 189.98187255859375 445.3068313598633 189.98187255859375 445.3068313598633 254.5774688720703 395.7049865722656 254.5774688720703
395.219482421875 191.9700469970703 444.9107208251953 191.9700469970703 444.9107208251953 256.22423553466797 395.219482421875 256.22423553466797
395.9632263183594 193.5775604248047 444.3222541809082 193.5775604248047 444.3222541809082 258.38043212890625 395.9632263183594 258.38043212890625
395.88702392578125 192.6494903564453 444.59809494018555 192.6494903564453 444.59809494018555 258.35306549072266 395.88702392578125 258.35306549072266
395.87347412109375 195.6463165283203 443.7796516418457 195.6463165283203 443.7796516418457 261.2967987060547 395.87347412109375 261.2967987060547
394.40655517578125 194.89144897460938 443.91928482055664 194.89144897460938 443.91928482055664 259.74852752685547 394.40655517578125 259.74852752685547
394.49249267578125 194.86544799804688 445.478702545166 194.86544799804688 445.478702545166 260.5023956298828 394.49249267578125 260.5023956298828
393.318603515625 195.9673309326172 444.8385009765625 195.9673309326172 444.8385009765625 261.3246154785156 393.318603515625 261.3246154785156
393.32379150390625 199.06637573242188 443.13515853881836 199.06637573242188 443.13515853881836 265.61524963378906 393.32379150390625 265.61524963378906
392.095947265625 199.5198516845703 443.60468673706055 199.5198516845703 443.60468673706055 264.46427154541016 392.095947265625 264.46427154541016
391.61468505859375 200.01651000976562 443.11761474609375 200.01651000976562 443.11761474609375 266.15196228027344 391.61468505859375 266.15196228027344
391.2087707519531 200.07769775390625 442.4645309448242 200.07769775390625 442.4645309448242 265.6295852661133 391.2087707519531 265.6295852661133
389.36871337890625 201.55442810058594 441.79874420166016 201.55442810058594 441.79874420166016 269.03844451904297 389.36871337890625 269.03844451904297
389.16473388671875 202.43934631347656 441.40491485595703 202.43934631347656 441.40491485595703 269.53489685058594 389.16473388671875 269.53489685058594
387.2143859863281 202.19515991210938 441.1588935852051 202.19515991210938 441.1588935852051 268.9657745361328 387.2143859863281 268.9657745361328
387.184814453125 204.8257598876953 439.9986381530762 204.8257598876953 439.9986381530762 271.747802734375 387.184814453125 271.747802734375
385.36383056640625 205.05661010742188 440.5783004760742 205.05661010742188 440.5783004760742 272.51607513427734 385.36383056640625 272.51607513427734
384.65545654296875 206.4855499267578 439.4855728149414 206.4855499267578 439.4855728149414 274.41280364990234 384.65545654296875 274.41280364990234
382.99163818359375 204.8496551513672 439.28209686279297 204.8496551513672 439.28209686279297 273.8216781616211 382.99163818359375 273.8216781616211
381.13763427734375 207.1181640625 437.2070198059082 207.1181640625 437.2070198059082 275.84114837646484 381.13763427734375 275.84114837646484
380.97540283203125 208.0987091064453 437.7273864746094 208.0987091064453 437.7273864746094 277.7022399902344 380.97540283203125 277.7022399902344
378.796142578125 208.52304077148438 436.3728332519531 208.52304077148438 436.3728332519531 278.4444122314453 378.796142578125 278.4444122314453
377.21368408203125 207.9068145751953 436.21650314331055 207.9068145751953 436.21650314331055 279.54498291015625 377.21368408203125 279.54498291015625
375.11260986328125 212.0352783203125 435.09844970703125 212.0352783203125 435.09844970703125 281.96410369873047 375.11260986328125 281.96410369873047
373.0633239746094 209.48837280273438 434.1095390319824 209.48837280273438 434.1095390319824 281.19146728515625 373.0633239746094 281.19146728515625
370.9962463378906 210.4127655029297 431.7229690551758 210.4127655029297 431.7229690551758 282.50689697265625 370.9962463378906 282.50689697265625
370.38134765625 211.8758087158203 431.1411552429199 211.8758087158203 431.1411552429199 283.7755432128906 370.38134765625 283.7755432128906
367.50714111328125 211.84689331054688 429.88736724853516 211.84689331054688 429.88736724853516 284.62842559814453 367.50714111328125 284.62842559814453
365.56005859375 212.15283203125 427.0558662414551 212.15283203125 427.0558662414551 286.37906646728516 365.56005859375 286.37906646728516
363.5806884765625 214.8662109375 426.2150993347168 214.8662109375 426.2150993347168 287.3439483642578 363.5806884765625 287.3439483642578
360.78021240234375 217.4062042236328 422.47391510009766 217.4062042236328 422.47391510009766 289.94986724853516 360.78021240234375 289.94986724853516
359.58209228515625 215.9049530029297 422.0943183898926 215.9049530029297 422.0943183898926 290.2840576171875 359.58209228515625 290.2840576171875
356.56524658203125 215.7298126220703 421.36898040771484 215.7298126220703 421.36898040771484 290.7850341796875 356.56524658203125 290.7850341796875
356.1624450683594 218.246337890625 420.68177795410156 218.246337890625 420.68177795410156 292.9721984863281 356.1624450683594 292.9721984863281
353.3673400878906 218.18408203125 419.17359161376953 218.18408203125 419.17359161376953 293.43524169921875 353.3673400878906 293.43524169921875
350.5177307128906 218.95004272460938 416.8522262573242 218.95004272460938 416.8522262573242 295.0861282348633 350.5177307128906 295.0861282348633
348.49932861328125 217.175537109375 416.39414978027344 217.175537109375 416.39414978027344 296.50831604003906 348.49932861328125 296.50831604003906
346.09136962890625 217.13339233398438 414.34908294677734 217.13339233398438 414.34908294677734 297.24840545654297 346.09136962890625 297.24840545654297
342.014404296875 219.0734100341797 411.2571334838867 219.0734100341797 411.2571334838867 298.5721664428711 342.014404296875 298.5721664428711
341.1382751464844 221.1906280517578 407.5112762451172 221.1906280517578 407.5112762451172 299.89649200439453 341.1382751464844 299.89649200439453
338.68463134765625 220.6022491455078 409.00513458251953 220.6022491455078 409.00513458251953 301.4792175292969 338.68463134765625 301.4792175292969
333.90631103515625 221.0081024169922 404.8123321533203 221.0081024169922 404.8123321533203 301.95687103271484 333.90631103515625 301.95687103271484
331.17120361328125 223.09130859375 402.65987396240234 223.09130859375 402.65987396240234 303.1384735107422 331.17120361328125 303.1384735107422
329.1258239746094 222.6784210205078 401.9847869873047 222.6784210205078 401.9847869873047 305.7483215332031 329.1258239746094 305.7483215332031
323.415771484375 223.7940673828125 395.14476013183594 223.7940673828125 395.14476013183594 309.54615783691406 323.415771484375 309.54615783691406
322.9481506347656 224.54287719726562 395.98692321777344 224.54287719726562 395.98692321777344 309.03577423095703 322.9481506347656 309.03577423095703
321.3779602050781 224.2053680419922 398.1890563964844 224.2053680419922 398.1890563964844 312.0365295410156 321.3779602050781 312.0365295410156
315.3387451171875 225.21981811523438 390.1966857910156 225.21981811523438 390.1966857910156 314.4619827270508 315.3387451171875 314.4619827270508
312.39764404296875 229.5834503173828 386.7242126464844 229.5834503173828 386.7242126464844 315.5781784057617 312.39764404296875 315.5781784057617
311.15594482421875 230.4320831298828 386.048583984375 230.4320831298828 386.048583984375 316.11881256103516 311.15594482421875 316.11881256103516
306.75341796875 231.6031494140625 382.8806457519531 231.6031494140625 382.8806457519531 318.97137451171875 306.75341796875 318.97137451171875
302.6123962402344 232.31271362304688 380.23243713378906 232.31271362304688 380.23243713378906 320.5855026245117 302.6123962402344 320.5855026245117
302.197998046875 235.9093780517578 380.0092315673828 235.9093780517578 380.0092315673828 323.6261291503906 302.197998046875 323.6261291503906
299.0814514160156 235.76174926757812 376.2606506347656 235.76174926757812 376.2606506347656 323.1511459350586 299.0814514160156 323.1511459350586
292.74224853515625 238.46554565429688 371.61073303222656 238.46554565429688 371.61073303222656 328.481689453125 292.74224853515625 328.481689453125
291.3489990234375 239.42041015625 369.5887680053711 239.42041015625 369.5887680053711 328.8868408203125 291.3489990234375 328.8868408203125
287.8244323730469 242.44888305664062 365.6593475341797 242.44888305664062 365.6593475341797 330.8458938598633 287.8244323730469 330.8458938598633
285.9395751953125 240.76211547851562 363.3028564453125 240.76211547851562 363.3028564453125 331.84828186035156 285.9395751953125 331.84828186035156
282.02386474609375 243.3359375 360.5045623779297 243.3359375 360.5045623779297 334.1810836791992 282.02386474609375 334.1810836791992
277.12530517578125 248.2484130859375 355.8144226074219 248.2484130859375 355.8144226074219 337.2543029785156 277.12530517578125 337.2543029785156
275.30072021484375 247.38064575195312 353.5710983276367 247.38064575195312 353.5710983276367 337.0501480102539 275.30072021484375 337.0501480102539
270.92529296875 251.491943359375 348.4089813232422 251.491943359375 348.4089813232422 339.40543365478516 270.92529296875 339.40543365478516
269.004638671875 251.035888671875 347.54334259033203 251.035888671875 347.54334259033203 342.16807556152344 269.004638671875 342.16807556152344
265.512451171875 252.022705078125 345.0865020751953 252.022705078125 345.0865020751953 343.5442581176758 265.512451171875 343.5442581176758
265.0842590332031 250.511962890625 345.87245178222656 250.511962890625 345.87245178222656 340.78570556640625 265.0842590332031 340.78570556640625
257.488037109375 256.2418212890625 337.7350387573242 256.2418212890625 337.7350387573242 345.0916290283203 257.488037109375 345.0916290283203
253.2922821044922 256.9772644042969 335.0159378051758 256.9772644042969 335.0159378051758 346.60877227783203 253.2922821044922 346.60877227783203
251.30929565429688 257.099853515625 329.67745208740234 257.099853515625 329.67745208740234 350.671630859375 251.30929565429688 350.671630859375
300.2545166015625 261.19427490234375 389.96654510498047 261.19427490234375 389.96654510498047 351.3480224609375 300.2545166015625 351.3480224609375
359.8192443847656 266.2974853515625 448.6032485961914 266.2974853515625 448.6032485961914 358.3729705810547 359.8192443847656 358.3729705810547
398.9950256347656 260.552001953125 494.8860626220703 260.552001953125 494.8860626220703 350.04850006103516 398.9950256347656 350.04850006103516
443.843017578125 256.065673828125 542.9396209716797 256.065673828125 542.9396209716797 344.29957580566406 443.843017578125 344.29957580566406
500.8238830566406 254.80722045898438 590.8717803955078 254.80722045898438 590.8717803955078 361.73912811279297 500.8238830566406 361.73912811279297
522.7891235351562 267.08367919921875 615.9228744506836 267.08367919921875 615.9228744506836 354.1402816772461 522.7891235351562 354.1402816772461
508.319091796875 262.9985656738281 596.2879409790039 262.9985656738281 596.2879409790039 356.26483154296875 508.319091796875 356.26483154296875
505.5978088378906 265.34698486328125 591.9291305541992 265.34698486328125 591.9291305541992 361.7983093261719 505.5978088378906 361.7983093261719
504.9139709472656 270.34417724609375 585.2140960693359 270.34417724609375 585.2140960693359 364.53992462158203 504.9139709472656 364.53992462158203
498.9388732910156 266.49932861328125 587.9105224609375 266.49932861328125 587.9105224609375 363.9596710205078 498.9388732910156 363.9596710205078
497.5599670410156 272.09503173828125 579.0794982910156 272.09503173828125 579.0794982910156 370.3162155151367 497.5599670410156 370.3162155151367
489.867919921875 271.86981201171875 572.9734649658203 271.86981201171875 572.9734649658203 374.8508071899414 489.867919921875 374.8508071899414
485.501953125 272.0123596191406 574.5452194213867 272.0123596191406 574.5452194213867 374.5893020629883 485.501953125 374.5893020629883
483.615966796875 272.82275390625 571.2003936767578 272.82275390625 571.2003936767578 375.80623626708984 483.615966796875 375.80623626708984
473.388427734375 278.08123779296875 561.2532119750977 278.08123779296875 561.2532119750977 384.7342987060547 473.388427734375 384.7342987060547
469.8153381347656 275.4458312988281 563.3018646240234 275.4458312988281 563.3018646240234 384.6526794433594 469.8153381347656 384.6526794433594
466.3834533691406 274.23504638671875 560.4943084716797 274.23504638671875 560.4943084716797 383.96822357177734 466.3834533691406 383.96822357177734
457.2874450683594 276.8709411621094 552.0518951416016 276.8709411621094 552.0518951416016 390.3790969848633 457.2874450683594 390.3790969848633
449.757568359375 280.0014953613281 543.8564758300781 280.0014953613281 543.8564758300781 396.01951599121094 449.757568359375 396.01951599121094
449.6156311035156 282.23956298828125 545.1432266235352 282.23956298828125 545.1432266235352 393.03456115722656 449.6156311035156 393.03456115722656
440.05340576171875 284.8188171386719 536.6899871826172 284.8188171386719 536.6899871826172 396.0410614013672 440.05340576171875 396.0410614013672
434.02044677734375 285.6871032714844 530.9660797119141 285.6871032714844 530.9660797119141 399.8425979614258 434.02044677734375 399.8425979614258
428.163330078125 291.5603942871094 523.9699401855469 291.5603942871094 523.9699401855469 404.3679962158203 428.163330078125 404.3679962158203
421.2688903808594 297.095947265625 516.430793762207 297.095947265625 516.430793762207 410.64813232421875 421.2688903808594 410.64813232421875
416.56524658203125 291.96722412109375 515.1848831176758 291.96722412109375 515.1848831176758 408.8959197998047 416.56524658203125 408.8959197998047
413.9867248535156 291.4706726074219 515.2050552368164 291.4706726074219 515.2050552368164 409.4696502685547 413.9867248535156 409.4696502685547
402.0555419921875 298.6378479003906 503.3100128173828 298.6378479003906 503.3100128173828 415.4710235595703 402.0555419921875 415.4710235595703
396.56134033203125 299.8244323730469 495.8664016723633 299.8244323730469 495.8664016723633 417.92970275878906 396.56134033203125 417.92970275878906
388.04229736328125 304.2294921875 486.201904296875 304.2294921875 486.201904296875 421.3009033203125 388.04229736328125 421.3009033203125
376.1990051269531 305.36114501953125 478.3611068725586 305.36114501953125 478.3611068725586 425.22230529785156 376.1990051269531 425.22230529785156
371.08624267578125 311.93048095703125 471.9892807006836 311.93048095703125 471.9892807006836 429.69972229003906 371.08624267578125 429.69972229003906
338.6876525878906 329.38629150390625 443.7658996582031 329.38629150390625 443.7658996582031 453.6040496826172 338.6876525878906 453.6040496826172
329.77520751953125 326.35699462890625 438.8034439086914 326.35699462890625 438.8034439086914 453.80665588378906 329.77520751953125 453.80665588378906
330.131103515625 316.0594177246094 438.84859466552734 316.0594177246094 438.84859466552734 442.0775604248047 330.131103515625 442.0775604248047
312.4793395996094 324.0873718261719 420.0850524902344 324.0873718261719 420.0850524902344 450.32665252685547 312.4793395996094 450.32665252685547
308.7252197265625 324.5879211425781 417.0915756225586 324.5879211425781 417.0915756225586 453.481201171875 308.7252197265625 453.481201171875
304.4005126953125 326.9515686035156 410.44508361816406 326.9515686035156 410.44508361816406 450.3117980957031 304.4005126953125 450.3117980957031
289.3915100097656 333.47039794921875 393.21314239501953 333.47039794921875 393.21314239501953 456.5844268798828 289.3915100097656 456.5844268798828
281.0430603027344 338.695068359375 382.35240173339844 338.695068359375 382.35240173339844 459.00001525878906 281.0430603027344 459.00001525878906
