387.0 373.0 474.0 373.0 474.0 446.0 387.0 446.0
397.6258850097656 368.91070556640625 484.31690216064453 368.91070556640625 484.31690216064453 435.8081283569336 397.6258850097656 435.8081283569336
414.2705993652344 357.8769836425781 498.06407928466797 357.8769836425781 498.06407928466797 428.9074172973633 414.2705993652344 428.9074172973633
428.6341857910156 351.65673828125 506.0115051269531 351.65673828125 506.0115051269531 421.3860321044922 428.6341857910156 421.3860321044922
444.0628967285156 343.06280517578125 518.3369445800781 343.06280517578125 518.3369445800781 413.5851287841797 444.0628967285156 413.5851287841797
459.80096435546875 333.33734130859375 530.9216918945312 333.33734130859375 530.9216918945312 402.1360168457031 459.80096435546875 402.1360168457031
467.7005920410156 329.76031494140625 539.2373199462891 329.76031494140625 539.2373199462891 397.7240905761719 467.7005920410156 397.7240905761719
478.7525939941406 323.42901611328125 547.9567565917969 323.42901611328125 547.9567565917969 390.7262725830078 478.7525939941406 390.7262725830078
494.61669921875 311.60821533203125 558.4116592407227 311.60821533203125 558.4116592407227 381.45921325683594 494.61669921875 381.45921325683594
496.5189514160156 304.8232727050781 578.0612258911133 304.8232727050781 578.0612258911133 373.24378967285156 496.5189514160156 373.24378967285156
517.9877319335938 292.79388427734375 580.6947822570801 292.79388427734375 580.6947822570801 360.93163299560547 517.9877319335938 360.93163299560547
527.6397705078125 286.2608337402344 586.009449005127 286.2608337402344 586.009449005127 351.38258361816406 527.6397705078125 351.38258361816406
533.5885009765625 280.7154235839844 590.6397590637207 280.7154235839844 590.6397590637207 343.9920768737793 533.5885009765625 343.9920768737793
536.5432739257812 274.17559814453125 595.1062316894531 274.17559814453125 595.1062316894531 338.0259094238281 536.5432739257812 338.0259094238281
544.3035888671875 265.3709716796875 600.465446472168 265.3709716796875 600.465446472168 328.15955352783203 544.3035888671875 328.15955352783203
534.7335815429688 253.9426727294922 613.7124786376953 253.9426727294922 613.7124786376953 320.2123107910156 534.7335815429688 320.2123107910156
552.4202270507812 242.93026733398438 609.5134048461914 242.93026733398438 609.5134048461914 309.30064392089844 552.4202270507812 309.30064392089844
553.8297119140625 238.76699829101562 609.2182540893555 238.76699829101562 609.2182540893555 301.77424240112305 553.8297119140625 301.77424240112305
554.2838745117188 234.91091918945312 610.7301940917969 234.91091918945312 610.7301940917969 298.1955261230469 554.2838745117188 298.1955261230469
551.6591796875 228.65625 610.3559341430664 228.65625 610.3559341430664 292.8622131347656 551.6591796875 292.8622131347656
534.6544799804688 224.7572021484375 616.3155517578125 224.7572021484375 616.3155517578125 293.2773971557617 534.6544799804688 293.2773971557617
551.6693115234375 219.72891235351562 608.8006362915039 219.72891235351562 608.8006362915039 283.3315010070801 551.6693115234375 283.3315010070801
550.3196411132812 219.901611328125 607.2745590209961 219.901611328125 607.2745590209961 282.3395881652832 550.3196411132812 282.3395881652832
549.4404907226562 215.5339813232422 607.6450271606445 215.5339813232422 607.6450271606445 278.50621032714844 549.4404907226562 278.50621032714844
547.6809692382812 211.2393035888672 605.4241828918457 211.2393035888672 605.4241828918457 275.34261322021484 547.6809692382812 275.34261322021484
544.0079956054688 207.4074249267578 601.2554397583008 207.4074249267578 601.2554397583008 271.3995819091797 544.0079956054688 271.3995819091797
540.12548828125 204.62864685058594 597.032398223877 204.62864685058594 597.032398223877 265.35690689086914 540.12548828125 265.35690689086914
534.4894409179688 201.4671630859375 593.8529891967773 201.4671630859375 593.8529891967773 262.9295425415039 534.4894409179688 262.9295425415039
532.568603515625 201.45736694335938 590.9330062866211 201.45736694335938 590.9330062866211 261.31010818481445 532.568603515625 261.31010818481445
514.9942016601562 197.50059509277344 592.0559921264648 197.50059509277344 592.0559921264648 262.1616516113281 514.9942016601562 262.1616516113281
524.9411010742188 198.086181640625 583.5122680664062 198.086181640625 583.5122680664062 256.0569877624512 524.9411010742188 256.0569877624512
521.5159301757812 195.3855438232422 577.786506652832 195.3855438232422 577.786506652832 251.09571838378906 521.5159301757812 251.09571838378906
515.4860229492188 193.31410217285156 571.5704231262207 193.31410217285156 571.5704231262207 248.2301902770996 515.4860229492188 248.2301902770996
510.7470703125 190.0621795654297 568.2201538085938 190.0621795654297 568.2201538085938 244.9727439880371 510.7470703125 244.9727439880371
507.6417541503906 186.49765014648438 565.0588150024414 186.49765014648438 565.0588150024414 240.04840850830078 507.6417541503906 240.04840850830078
505.04986572265625 185.93356323242188 561.336555480957 185.93356323242188 561.336555480957 238.44325637817383 505.04986572265625 238.44325637817383
502.64910888671875 185.15921020507812 558.7448921203613 185.15921020507812 558.7448921203613 237.41299438476562 502.64910888671875 237.41299438476562
501.1983337402344 183.333251953125 558.9350776672363 183.333251953125 558.9350776672363 235.66071701049805 501.1983337402344 235.66071701049805
497.1201171875 181.51620483398438 553.6645278930664 181.51620483398438 553.6645278930664 234.197509765625 497.1201171875 234.197509765625
494.19097900390625 178.1909637451172 552.1862411499023 178.1909637451172 552.1862411499023 230.23474502563477 494.19097900390625 230.23474502563477
488.8330993652344 179.4288787841797 545.2623825073242 179.4288787841797 545.2623825073242 229.8039779663086 488.8330993652344 229.8039779663086
486.4585876464844 176.6363067626953 544.727294921875 176.6363067626953 544.727294921875 226.5512237548828 486.4585876464844 226.5512237548828
485.6121520996094 175.1693878173828 545.2316589355469 175.1693878173828 545.2316589355469 226.12650680541992 485.6121520996094 226.12650680541992
483.89813232421875 176.7263946533203 542.345531463623 176.7263946533203 542.345531463623 226.71484375 483.89813232421875 226.71484375
481.876220703125 176.86886596679688 541.6527938842773 176.86886596679688 541.6527938842773 227.32984161376953 481.876220703125 227.32984161376953
479.2808532714844 175.68618774414062 540.1636428833008 175.68618774414062 540.1636428833008 225.80548858642578 479.2808532714844 225.80548858642578
478.1221618652344 174.70358276367188 538.4019241333008 174.70358276367188 538.4019241333008 223.76219940185547 478.1221618652344 223.76219940185547
477.6407165527344 176.40948486328125 535.6522941589355 176.40948486328125 535.6522941589355 224.85698318481445 477.6407165527344 224.85698318481445
471.7566833496094 170.5977020263672 531.68994140625 170.5977020263672 531.68994140625 219.34310150146484 471.7566833496094 219.34310150146484
460.451904296875 191.63668823242188 518.3039741516113 191.63668823242188 518.3039741516113 245.17387008666992 460.451904296875 245.17387008666992
456.6380310058594 213.47824096679688 509.0495796203613 213.47824096679688 509.0495796203613 268.4856071472168 456.6380310058594 268.4856071472168
458.7245178222656 209.5688934326172 510.98155975341797 209.5688934326172 510.98155975341797 264.02110290527344 458.7245178222656 264.02110290527344
460.75048828125 208.67471313476562 512.303108215332 208.67471313476562 512.303108215332 263.60440826416016 460.75048828125 263.60440826416016
461.6183166503906 207.52963256835938 515.1123352050781 207.52963256835938 515.1123352050781 263.21475982666016 461.6183166503906 263.21475982666016
462.13909912109375 204.84286499023438 517.9399108886719 204.84286499023438 517.9399108886719 260.6103630065918 462.13909912109375 260.6103630065918
464.21209716796875 208.0105438232422 518.6996383666992 208.0105438232422 518.6996383666992 265.4478416442871 464.21209716796875 265.4478416442871
464.3338928222656 207.40234375 518.6885681152344 207.40234375 518.6885681152344 263.9611701965332 464.3338928222656 263.9611701965332
468.0950622558594 205.8804473876953 519.8388481140137 205.8804473876953 519.8388481140137 261.6145668029785 468.0950622558594 261.6145668029785
468.3668518066406 206.1762237548828 520.5668640136719 206.1762237548828 520.5668640136719 262.24060440063477 468.3668518066406 262.24060440063477
468.5625915527344 206.194580078125 520.7058486938477 206.194580078125 520.7058486938477 261.6261215209961 468.5625915527344 261.6261215209961
466.24652099609375 203.38973999023438 520.1458435058594 203.38973999023438 520.1458435058594 257.1812973022461 466.24652099609375 257.1812973022461
473.65277099609375 201.4927978515625 523.9376220703125 201.4927978515625 523.9376220703125 255.85239791870117 473.65277099609375 255.85239791870117
470.3060607910156 200.2696075439453 522.1670227050781 200.2696075439453 522.1670227050781 254.49548721313477 470.3060607910156 254.49548721313477
469.61376953125 199.6040496826172 523.2942199707031 199.6040496826172 523.2942199707031 254.34400939941406 469.61376953125 254.34400939941406
472.67694091796875 198.6648712158203 524.732837677002 198.6648712158203 524.732837677002 252.22187042236328 472.67694091796875 252.22187042236328
470.6874084472656 194.25906372070312 525.639533996582 194.25906372070312 525.639533996582 249.7988395690918 470.6874084472656 249.7988395690918
471.17864990234375 194.20486450195312 524.875129699707 194.20486450195312 524.875129699707 248.74383544921875 471.17864990234375 248.74383544921875
472.8919372558594 191.48129272460938 527.1708450317383 191.48129272460938 527.1708450317383 246.95760345458984 472.8919372558594 246.95760345458984
472.6519470214844 191.34024047851562 527.0083808898926 191.34024047851562 527.0083808898926 247.70866775512695 472.6519470214844 247.70866775512695
470.92706298828125 190.95901489257812 526.2701721191406 190.95901489257812 526.2701721191406 249.70526123046875 470.92706298828125 249.70526123046875
471.72705078125 189.62557983398438 526.619800567627 189.62557983398438 526.619800567627 246.13933563232422 471.72705078125 246.13933563232422
471.23626708984375 188.6338653564453 525.6018447875977 188.6338653564453 525.6018447875977 245.0928611755371 471.23626708984375 245.0928611755371
473.7496643066406 189.8236541748047 526.3701477050781 189.8236541748047 526.3701477050781 245.84141540527344 473.7496643066406 245.84141540527344
469.6651306152344 188.56875610351562 525.4352607727051 188.56875610351562 525.4352607727051 245.7655258178711 469.6651306152344 245.7655258178711
470.3345642089844 187.6396484375 527.0351028442383 187.6396484375 527.0351028442383 245.56366729736328 470.3345642089844 245.56366729736328
468.63067626953125 186.4604034423828 526.4835090637207 186.4604034423828 526.4835090637207 244.80654525756836 468.63067626953125 244.80654525756836
468.04278564453125 186.066162109375 527.2753791809082 186.066162109375 527.2753791809082 245.97750854492188 468.04278564453125 245.97750854492188
469.34930419921875 185.16664123535156 527.9609184265137 185.16664123535156 527.9609184265137 243.64551162719727 469.34930419921875 243.64551162719727
465.28448486328125 184.0491485595703 528.5099983215332 184.0491485595703 528.5099983215332 242.3096160888672 465.28448486328125 242.3096160888672
466.9691467285156 184.6108856201172 526.4710693359375 184.6108856201172 526.4710693359375 242.8874969482422 466.9691467285156 242.8874969482422
467.8814392089844 182.93405151367188 527.2745246887207 182.93405151367188 527.2745246887207 240.81119537353516 467.8814392089844 240.81119537353516
466.8243713378906 181.40646362304688 527.1172904968262 181.40646362304688 527.1172904968262 239.55485153198242 466.8243713378906 239.55485153198242
466.06964111328125 182.68930053710938 524.833251953125 182.68930053710938 524.833251953125 240.61241912841797 466.06964111328125 240.61241912841797
464.39093017578125 183.9042205810547 521.991943359375 183.9042205810547 521.991943359375 242.0646743774414 464.39093017578125 242.0646743774414
462.5648498535156 181.8973388671875 522.2984809875488 181.8973388671875 522.2984809875488 240.69134521484375 462.5648498535156 240.69134521484375
461.9662170410156 182.288818359375 521.355297088623 182.288818359375 521.355297088623 240.76180267333984 461.9662170410156 240.76180267333984
460.37811279296875 180.21438598632812 521.18017578125 180.21438598632812 521.18017578125 239.1052017211914 460.37811279296875 239.1052017211914
460.50048828125 181.8338165283203 518.6014518737793 181.8338165283203 518.6014518737793 240.26093292236328 460.50048828125 240.26093292236328
460.42816162109375 179.31700134277344 521.0588188171387 179.31700134277344 521.0588188171387 235.9592742919922 460.42816162109375 235.9592742919922
461.56719970703125 180.52859497070312 518.2703628540039 180.52859497070312 518.2703628540039 236.67475509643555 461.56719970703125 236.67475509643555
460.232421875 179.12277221679688 518.4603652954102 179.12277221679688 518.4603652954102 234.49060821533203 460.232421875 234.49060821533203
458.4200744628906 180.13560485839844 515.9482192993164 180.13560485839844 515.9482192993164 235.43576431274414 458.4200744628906 235.43576431274414
458.9828186035156 178.2208709716797 517.0567092895508 178.2208709716797 517.0567092895508 234.73136138916016 458.9828186035156 234.73136138916016
458.757080078125 178.46734619140625 515.7451095581055 178.46734619140625 515.7451095581055 234.50467681884766 458.757080078125 234.50467681884766
456.4520568847656 177.42405700683594 513.7693405151367 177.42405700683594 513.7693405151367 232.28681182861328 456.4520568847656 232.28681182861328
453.95721435546875 177.54867553710938 511.34001541137695 177.54867553710938 511.34001541137695 232.77066802978516 453.95721435546875 232.77066802978516
453.646728515625 177.8358612060547 510.5338439941406 177.8358612060547 510.5338439941406 232.2993392944336 453.646728515625 232.2993392944336
452.89111328125 175.98391723632812 510.3240661621094 175.98391723632812 510.3240661621094 230.91279220581055 452.89111328125 230.91279220581055
451.44696044921875 175.3448944091797 509.2160110473633 175.3448944091797 509.2160110473633 230.70562362670898 451.44696044921875 230.70562362670898
451.63568115234375 175.18109130859375 508.4309616088867 175.18109130859375 508.4309616088867 228.19257736206055 451.63568115234375 228.19257736206055
449.6940002441406 174.02706909179688 507.35753631591797 174.02706909179688 507.35753631591797 226.9502067565918 449.6940002441406 226.9502067565918
449.4977111816406 173.26156616210938 507.17371368408203 173.26156616210938 507.17371368408203 225.5610122680664 449.4977111816406 225.5610122680664
448.7130432128906 172.3522491455078 506.64920806884766 172.3522491455078 506.64920806884766 225.75546646118164 448.7130432128906 225.75546646118164
445.9346618652344 171.55372619628906 505.8280944824219 171.55372619628906 505.8280944824219 224.98970794677734 445.9346618652344 224.98970794677734
446.8890686035156 172.4998321533203 505.0541076660156 172.4998321533203 505.0541076660156 226.55773544311523 446.8890686035156 226.55773544311523
444.20184326171875 171.94882202148438 502.51866912841797 171.94882202148438 502.51866912841797 224.47732543945312 444.20184326171875 224.47732543945312
444.2783203125 172.3935089111328 501.9530143737793 172.3935089111328 501.9530143737793 224.29382705688477 444.2783203125 224.29382705688477
444.0416564941406 171.5355682373047 501.28348541259766 171.5355682373047 501.28348541259766 223.1059341430664 444.0416564941406 223.1059341430664
445.4422912597656 170.77734375 502.4118347167969 170.77734375 502.4118347167969 220.9844741821289 445.4422912597656 220.9844741821289
443.56353759765625 171.06326293945312 500.7315788269043 171.06326293945312 500.7315788269043 220.5084342956543 443.56353759765625 220.5084342956543
442.48974609375 172.00210571289062 497.8591728210449 172.00210571289062 497.8591728210449 220.80394744873047 442.48974609375 220.80394744873047
441.99859619140625 171.326171875 497.80023193359375 171.326171875 497.80023193359375 218.92456817626953 441.99859619140625 218.92456817626953
441.8475646972656 172.35025024414062 495.314208984375 172.35025024414062 495.314208984375 220.07490921020508 441.8475646972656 220.07490921020508
440.9385681152344 170.21481323242188 495.3362236022949 170.21481323242188 495.3362236022949 217.26393127441406 440.9385681152344 217.26393127441406
441.7279357910156 170.229248046875 495.2392692565918 170.229248046875 495.2392692565918 216.73267364501953 441.7279357910156 216.73267364501953
440.07525634765625 172.56417846679688 491.3289909362793 172.56417846679688 491.3289909362793 218.85985946655273 440.07525634765625 218.85985946655273
436.895751953125 169.38400268554688 489.3059501647949 169.38400268554688 489.3059501647949 215.79828643798828 436.895751953125 215.79828643798828
435.39385986328125 169.6017608642578 486.4937973022461 169.6017608642578 486.4937973022461 215.6053123474121 435.39385986328125 215.6053123474121
430.2269592285156 166.80630493164062 482.82793045043945 166.80630493164062 482.82793045043945 212.87226486206055 430.2269592285156 212.87226486206055
428.3973693847656 165.42388916015625 480.56241607666016 165.42388916015625 480.56241607666016 211.0850372314453 428.3973693847656 211.0850372314453
425.15069580078125 163.79074096679688 477.20555877685547 163.79074096679688 477.20555877685547 211.1736946105957 425.15069580078125 211.1736946105957
424.18719482421875 164.28904724121094 473.6467590332031 164.28904724121094 473.6467590332031 210.41414642333984 424.18719482421875 210.41414642333984
421.24188232421875 163.07212829589844 472.0703811645508 163.07212829589844 472.0703811645508 208.4754867553711 421.24188232421875 208.4754867553711
420.49560546875 162.8625030517578 470.78026580810547 162.8625030517578 470.78026580810547 208.33657455444336 420.49560546875 208.33657455444336
418.3854064941406 160.99798583984375 468.6397247314453 160.99798583984375 468.6397247314453 206.39567947387695 418.3854064941406 206.39567947387695
415.19793701171875 160.6702880859375 465.92566299438477 160.6702880859375 465.92566299438477 206.1532974243164 415.19793701171875 206.1532974243164
415.1853942871094 160.45777893066406 464.9583854675293 160.45777893066406 464.9583854675293 205.49069595336914 415.1853942871094 205.49069595336914
414.0730895996094 158.29953002929688 465.1945381164551 158.29953002929688 465.1945381164551 203.7825927734375 414.0730895996094 203.7825927734375
415.4947204589844 158.5405731201172 465.35424041748047 158.5405731201172 465.35424041748047 202.99652481079102 415.4947204589844 202.99652481079102
414.348876953125 157.21151733398438 464.18753814697266 157.21151733398438 464.18753814697266 201.86618041992188 414.348876953125 201.86618041992188
414.646728515625 158.09393310546875 463.5667190551758 158.09393310546875 463.5667190551758 202.0682144165039 414.646728515625 202.0682144165039
414.244873046875 158.9029998779297 462.4449882507324 158.9029998779297 462.4449882507324 202.58409881591797 414.244873046875 202.58409881591797
414.41485595703125 156.83535766601562 462.84162521362305 156.83535766601562 462.84162521362305 201.59514999389648 414.41485595703125 201.59514999389648
414.076904296875 157.5665740966797 461.19705963134766 157.5665740966797 461.19705963134766 200.18523406982422 414.076904296875 200.18523406982422
414.1588439941406 159.0950469970703 460.6716117858887 159.0950469970703 460.6716117858887 200.39101791381836 414.1588439941406 200.39101791381836
414.7652282714844 157.48806762695312 461.8809585571289 157.48806762695312 461.8809585571289 201.13038635253906 414.7652282714844 201.13038635253906
412.7001953125 157.14129638671875 460.1972846984863 157.14129638671875 460.1972846984863 200.48417282104492 412.7001953125 200.48417282104492
413.5586853027344 157.51223754882812 460.9792060852051 157.51223754882812 460.9792060852051 200.56258010864258 413.5586853027344 200.56258010864258
411.8248596191406 158.31179809570312 458.4270362854004 158.31179809570312 458.4270362854004 200.25917434692383 411.8248596191406 200.25917434692383
412.82861328125 157.84475708007812 459.5749320983887 157.84475708007812 459.5749320983887 200.76651000976562 412.82861328125 200.76651000976562
413.6546936035156 158.15573120117188 459.2609062194824 158.15573120117188 459.2609062194824 198.8951187133789 413.6546936035156 198.8951187133789
411.3053283691406 157.72938537597656 458.24188232421875 157.72938537597656 458.24188232421875 199.34457778930664 411.3053283691406 199.34457778930664
411.9590759277344 157.52137756347656 457.98292541503906 157.52137756347656 457.98292541503906 199.0995101928711 411.9590759277344 199.0995101928711
411.9527893066406 157.5819854736328 457.272705078125 157.5819854736328 457.272705078125 199.09300231933594 411.9527893066406 199.09300231933594
411.7294006347656 158.0480194091797 457.5467224121094 158.0480194091797 457.5467224121094 198.9618377685547 411.7294006347656 198.9618377685547
410.5423278808594 158.53060913085938 455.7380065917969 158.53060913085938 455.7380065917969 198.22781372070312 410.5423278808594 198.22781372070312
410.0276794433594 155.79196166992188 457.64864349365234 155.79196166992188 457.64864349365234 196.60065841674805 410.0276794433594 196.60065841674805
409.6040954589844 157.75167846679688 456.2301445007324 157.75167846679688 456.2301445007324 198.88045501708984 409.6040954589844 198.88045501708984
410.97235107421875 157.97201538085938 458.0062561035156 157.97201538085938 458.0062561035156 199.42820739746094 410.97235107421875 199.42820739746094
408.45208740234375 158.2206573486328 456.0446662902832 158.2206573486328 456.0446662902832 199.48558807373047 408.45208740234375 199.48558807373047
408.43426513671875 157.44715881347656 456.14836502075195 157.44715881347656 456.14836502075195 198.50376510620117 408.43426513671875 198.50376510620117
409.07794189453125 156.66806030273438 455.12756729125977 156.66806030273438 455.12756729125977 196.75526809692383 409.07794189453125 196.75526809692383
408.3347473144531 157.2964630126953 454.09645080566406 157.2964630126953 454.09645080566406 196.83041381835938 408.3347473144531 196.83041381835938
407.83709716796875 158.0780487060547 454.1565132141113 158.0780487060547 454.1565132141113 198.10245513916016 407.83709716796875 198.10245513916016
407.25115966796875 156.6354522705078 452.7537422180176 156.6354522705078 452.7537422180176 196.34561920166016 407.25115966796875 196.34561920166016
406.4588317871094 155.31207275390625 452.29749298095703 155.31207275390625 452.29749298095703 195.05094528198242 406.4588317871094 195.05094528198242
406.3492126464844 156.7864990234375 451.5418395996094 156.7864990234375 451.5418395996094 196.64762496948242 406.3492126464844 196.64762496948242
407.7615966796875 157.57089233398438 451.64930725097656 157.57089233398438 451.64930725097656 197.43717193603516 407.7615966796875 197.43717193603516
406.57489013671875 158.2797088623047 450.73503494262695 158.2797088623047 450.73503494262695 197.83202362060547 406.57489013671875 197.83202362060547
407.5564270019531 157.0227508544922 451.29702377319336 157.0227508544922 451.29702377319336 195.8582305908203 407.5564270019531 195.8582305908203
405.77264404296875 155.71759033203125 451.1226997375488 155.71759033203125 451.1226997375488 194.89591217041016 405.77264404296875 194.89591217041016
405.63873291015625 156.4990997314453 449.7713279724121 156.4990997314453 449.7713279724121 194.6536865234375 405.63873291015625 194.6536865234375
404.60809326171875 156.19125366210938 447.7403755187988 156.19125366210938 447.7403755187988 194.0128936767578 404.60809326171875 194.0128936767578
405.4748229980469 157.0986785888672 448.1696968078613 157.0986785888672 448.1696968078613 193.73058700561523 405.4748229980469 193.73058700561523
404.878662109375 156.27383422851562 447.8412094116211 156.27383422851562 447.8412094116211 193.97593688964844 404.878662109375 193.97593688964844
404.6408996582031 154.9945831298828 447.6776313781738 154.9945831298828 447.6776313781738 191.68389511108398 404.6408996582031 191.68389511108398
403.47711181640625 155.47262573242188 446.33105850219727 155.47262573242188 446.33105850219727 192.35827255249023 403.47711181640625 192.35827255249023
403.92669677734375 154.58229064941406 446.42310333251953 154.58229064941406 446.42310333251953 191.5780372619629 403.92669677734375 191.5780372619629
403.26068115234375 155.9162139892578 445.25503158569336 155.9162139892578 445.25503158569336 191.97760772705078 403.26068115234375 191.97760772705078
403.49102783203125 156.43214416503906 445.49198150634766 156.43214416503906 445.49198150634766 192.98650741577148 403.49102783203125 192.98650741577148
402.04541015625 156.5531768798828 443.5108451843262 156.5531768798828 443.5108451843262 191.74457168579102 402.04541015625 191.74457168579102
400.9830017089844 155.1157684326172 442.72147369384766 155.1157684326172 442.72147369384766 190.09142303466797 400.9830017089844 190.09142303466797
402.14019775390625 156.12850952148438 442.8955955505371 156.12850952148438 442.8955955505371 192.1082649230957 402.14019775390625 192.1082649230957
402.29205322265625 155.55453491210938 443.01769256591797 155.55453491210938 443.01769256591797 190.32065963745117 402.29205322265625 190.32065963745117
401.75262451171875 156.8282470703125 441.83079528808594 156.8282470703125 441.83079528808594 191.52930450439453 401.75262451171875 191.52930450439453
401.1441650390625 155.271484375 441.3420066833496 155.271484375 441.3420066833496 190.06270599365234 401.1441650390625 190.06270599365234
398.79718017578125 155.5907440185547 440.4394645690918 155.5907440185547 440.4394645690918 190.39250564575195 398.79718017578125 190.39250564575195
400.30914306640625 154.5243682861328 440.03905487060547 154.5243682861328 440.03905487060547 187.74291229248047 400.30914306640625 187.74291229248047
400.30780029296875 155.29034423828125 440.0674133300781 155.29034423828125 440.0674133300781 189.13237762451172 400.30780029296875 189.13237762451172
399.1551818847656 155.72317504882812 438.2323226928711 155.72317504882812 438.2323226928711 189.04845428466797 399.1551818847656 189.04845428466797
400.49542236328125 155.6370849609375 439.0371437072754 155.6370849609375 439.0371437072754 188.43159103393555 400.49542236328125 188.43159103393555
399.99334716796875 155.53363037109375 438.0837860107422 155.53363037109375 438.0837860107422 188.7186622619629 399.99334716796875 188.7186622619629
398.65362548828125 154.44065856933594 437.60021591186523 154.44065856933594 437.60021591186523 187.08744049072266 398.65362548828125 187.08744049072266
398.85711669921875 154.5754852294922 437.22891998291016 154.5754852294922 437.22891998291016 187.3341522216797 398.85711669921875 187.3341522216797
396.4870910644531 155.13087463378906 437.5539321899414 155.13087463378906 437.5539321899414 188.74361419677734 396.4870910644531 188.74361419677734
396.35504150390625 153.055419921875 436.1647415161133 153.055419921875 436.1647415161133 185.60438537597656 396.35504150390625 185.60438537597656
395.5784912109375 154.4488983154297 435.32645416259766 154.4488983154297 435.32645416259766 187.47893905639648 395.5784912109375 187.47893905639648
395.44830322265625 152.77728271484375 435.6613464355469 152.77728271484375 435.6613464355469 185.73942184448242 395.44830322265625 185.73942184448242
395.2668762207031 152.7987823486328 435.26634979248047 152.7987823486328 435.26634979248047 185.37022399902344 395.2668762207031 185.37022399902344
394.646728515625 153.37289428710938 434.1158561706543 153.37289428710938 434.1158561706543 186.44318389892578 394.646728515625 186.44318389892578
