546.0 58.0 583.0 58.0 583.0 156.0 546.0 156.0
543.0296630859375 62.96990966796875 580.3080825805664 62.96990966796875 580.3080825805664 159.2457504272461 543.0296630859375 159.2457504272461
541.12109375 67.28926086425781 579.8089752197266 67.28926086425781 579.8089752197266 161.3893585205078 541.12109375 161.3893585205078
536.4833374023438 66.7811279296875 575.2624130249023 66.7811279296875 575.2624130249023 165.31065368652344 536.4833374023438 165.31065368652344
534.24365234375 69.05179595947266 573.7277526855469 69.05179595947266 573.7277526855469 166.92823791503906 534.24365234375 166.92823791503906
528.6533203125 73.82899475097656 570.533561706543 73.82899475097656 570.533561706543 170.51539611816406 528.6533203125 170.51539611816406
525.487548828125 76.0555419921875 566.5525207519531 76.0555419921875 566.5525207519531 171.50282287597656 525.487548828125 171.50282287597656
522.410888671875 80.69389343261719 564.9827651977539 80.69389343261719 564.9827651977539 172.86398315429688 522.410888671875 172.86398315429688
516.7736206054688 82.73368072509766 559.213794708252 82.73368072509766 559.213794708252 174.75486755371094 516.7736206054688 174.75486755371094
512.7835693359375 83.90082550048828 555.953784942627 83.90082550048828 555.953784942627 175.02288055419922 512.7835693359375 175.02288055419922
505.3832092285156 86.94537353515625 548.6692581176758 86.94537353515625 548.6692581176758 179.71766662597656 505.3832092285156 179.71766662597656
502.26849365234375 88.24502563476562 545.7622528076172 88.24502563476562 545.7622528076172 179.533447265625 502.26849365234375 179.533447265625
494.40789794921875 90.45614624023438 537.2210083007812 90.45614624023438 537.2210083007812 181.14657592773438 494.40789794921875 181.14657592773438
489.2969665527344 91.75193786621094 532.6430778503418 91.75193786621094 532.6430778503418 181.9683837890625 489.2969665527344 181.9683837890625
480.44140625 92.44212341308594 523.4859237670898 92.44212341308594 523.4859237670898 184.0529022216797 480.44140625 184.0529022216797
473.80010986328125 92.8946762084961 519.5154418945312 92.8946762084961 519.5154418945312 186.0213623046875 473.80010986328125 186.0213623046875
449.59539794921875 97.02546691894531 490.08983612060547 97.02546691894531 490.08983612060547 200.4253921508789 449.59539794921875 200.4253921508789
445.896240234375 99.14310455322266 486.4427299499512 99.14310455322266 486.4427299499512 200.48871612548828 445.896240234375 200.48871612548828
442.3346252441406 99.26008605957031 482.02722930908203 99.26008605957031 482.02722930908203 201.57564544677734 442.3346252441406 201.57564544677734
440.6101989746094 98.46978759765625 482.0878257751465 98.46978759765625 482.0878257751465 203.9719696044922 440.6101989746094 203.9719696044922
439.01129150390625 94.74698638916016 480.0336570739746 94.74698638916016 480.0336570739746 203.4008560180664 439.01129150390625 203.4008560180664
433.8365173339844 95.32835388183594 475.70532989501953 95.32835388183594 475.70532989501953 206.2241668701172 433.8365173339844 206.2241668701172
430.83941650390625 95.6712417602539 473.57239151000977 95.6712417602539 473.57239151000977 208.85591888427734 430.83941650390625 208.85591888427734
416.8553771972656 94.20848083496094 459.8328437805176 94.20848083496094 459.8328437805176 208.04073333740234 416.8553771972656 208.04073333740234
408.68780517578125 94.83857727050781 451.78946685791016 94.83857727050781 451.78946685791016 208.99978637695312 408.68780517578125 208.99978637695312
402.28369140625 97.84444427490234 445.4843940734863 97.84444427490234 445.4843940734863 212.2679672241211 402.28369140625 212.2679672241211
383.89666748046875 103.70686340332031 427.0847396850586 103.70686340332031 427.0847396850586 218.09693908691406 383.89666748046875 218.09693908691406
371.7442321777344 105.93794250488281 414.92896270751953 105.93794250488281 414.92896270751953 220.3191680908203 371.7442321777344 220.3191680908203
367.22637939453125 105.580810546875 409.81957626342773 105.580810546875 409.81957626342773 218.39527893066406 367.22637939453125 218.39527893066406
359.2617492675781 103.9198989868164 402.05746841430664 103.9198989868164 402.05746841430664 217.2707748413086 359.2617492675781 217.2707748413086
354.18768310546875 106.60694885253906 396.41185760498047 106.60694885253906 396.41185760498047 218.44400787353516 354.18768310546875 218.44400787353516
349.9064025878906 104.49298095703125 391.76180267333984 104.49298095703125 391.76180267333984 215.35328674316406 349.9064025878906 215.35328674316406
347.1590576171875 108.70799255371094 389.8804397583008 108.70799255371094 389.8804397583008 221.8619842529297 347.1590576171875 221.8619842529297
332.31744384765625 123.46138763427734 374.12299728393555 123.46138763427734 374.12299728393555 234.18968200683594 332.31744384765625 234.18968200683594
336.07379150390625 127.71614074707031 377.905216217041 127.71614074707031 377.905216217041 238.512939453125 336.07379150390625 238.512939453125
315.9690856933594 121.1914291381836 358.79182052612305 121.1914291381836 358.79182052612305 234.6138687133789 315.9690856933594 234.6138687133789
300.29510498046875 107.35819244384766 343.00729751586914 107.35819244384766 343.00729751586914 220.48784637451172 300.29510498046875 220.48784637451172
298.3169250488281 111.83485412597656 340.7081718444824 111.83485412597656 340.7081718444824 224.11444091796875 298.3169250488281 224.11444091796875
288.831298828125 111.57328033447266 332.1464614868164 111.57328033447266 332.1464614868164 226.29998779296875 288.831298828125 226.29998779296875
280.40020751953125 113.9826431274414 324.2479019165039 113.9826431274414 324.2479019165039 230.11983489990234 280.40020751953125 230.11983489990234
273.1483459472656 111.1368179321289 317.72800064086914 111.1368179321289 317.72800064086914 229.21270751953125 273.1483459472656 229.21270751953125
259.612548828125 112.8665771484375 304.60364532470703 112.8665771484375 304.60364532470703 232.0322265625 259.612548828125 232.0322265625
253.7727813720703 113.77925109863281 299.41969299316406 113.77925109863281 299.41969299316406 234.68191528320312 253.7727813720703 234.68191528320312
239.20742797851562 111.98115539550781 285.20511627197266 111.98115539550781 285.20511627197266 233.81289672851562 239.20742797851562 233.81289672851562
234.40872192382812 109.9145278930664 280.4628372192383 109.9145278930664 280.4628372192383 231.8957290649414 234.40872192382812 231.8957290649414
228.29623413085938 108.56258392333984 275.3204345703125 108.56258392333984 275.3204345703125 233.1132049560547 228.29623413085938 233.1132049560547
214.85733032226562 107.25223541259766 261.6116027832031 107.25223541259766 261.6116027832031 231.0879135131836 214.85733032226562 231.0879135131836
209.6593017578125 108.78240966796875 256.55189514160156 108.78240966796875 256.55189514160156 232.9844512939453 209.6593017578125 232.9844512939453
199.61009216308594 108.20755767822266 245.2338104248047 108.20755767822266 245.2338104248047 229.04878997802734 199.61009216308594 229.04878997802734
192.7948455810547 105.30084228515625 237.95355606079102 105.30084228515625 237.95355606079102 224.91043853759766 192.7948455810547 224.91043853759766
181.6638641357422 110.32130432128906 226.5405158996582 110.32130432128906 226.5405158996582 229.18383026123047 181.6638641357422 229.18383026123047
169.4947967529297 108.1518783569336 213.91172409057617 108.1518783569336 213.91172409057617 225.7967529296875 169.4947967529297 225.7967529296875
166.19924926757812 110.75716400146484 210.12720489501953 110.75716400146484 210.12720489501953 227.10691833496094 166.19924926757812 227.10691833496094
158.07472229003906 106.9537124633789 201.42919921875 106.9537124633789 201.42919921875 221.78450775146484 158.07472229003906 221.78450775146484
153.20143127441406 110.00251770019531 195.42464447021484 110.00251770019531 195.42464447021484 221.8369903564453 153.20143127441406 221.8369903564453
145.70474243164062 106.64570617675781 186.89142990112305 106.64570617675781 186.89142990112305 215.73477935791016 145.70474243164062 215.73477935791016
140.96038818359375 110.68025207519531 182.20648956298828 110.68025207519531 182.20648956298828 219.92669677734375 140.96038818359375 219.92669677734375
137.4217071533203 106.97830963134766 178.62780380249023 106.97830963134766 178.62780380249023 216.11878967285156 137.4217071533203 216.11878967285156
127.66676330566406 106.6492919921875 168.41942977905273 106.6492919921875 168.41942977905273 214.5887908935547 127.66676330566406 214.5887908935547
120.65972900390625 105.3851547241211 161.5272102355957 105.3851547241211 161.5272102355957 213.62874603271484 120.65972900390625 213.62874603271484
118.7841567993164 102.82938385009766 159.62123107910156 102.82938385009766 159.62123107910156 210.99242401123047 118.7841567993164 210.99242401123047
115.61739349365234 101.719970703125 156.54412078857422 101.719970703125 156.54412078857422 210.1204605102539 115.61739349365234 210.1204605102539
111.59776306152344 100.86506652832031 151.96265411376953 100.86506652832031 151.96265411376953 207.7774429321289 111.59776306152344 207.7774429321289
107.59773254394531 97.56895446777344 147.6472625732422 97.56895446777344 147.6472625732422 203.64605712890625 107.59773254394531 203.64605712890625
103.16728210449219 99.98753356933594 142.48173141479492 99.98753356933594 142.48173141479492 204.11766052246094 103.16728210449219 204.11766052246094
104.5059585571289 97.82594299316406 143.10165405273438 97.82594299316406 143.10165405273438 200.05233764648438 104.5059585571289 200.05233764648438
101.08915710449219 95.96590423583984 139.4063949584961 95.96590423583984 139.4063949584961 197.4547576904297 101.08915710449219 197.4547576904297
98.37592315673828 94.47523498535156 136.3423309326172 94.47523498535156 136.3423309326172 195.03485107421875 98.37592315673828 195.03485107421875
95.54365539550781 92.9961929321289 133.0340805053711 92.9961929321289 133.0340805053711 192.2950897216797 95.54365539550781 192.2950897216797
94.99055480957031 91.05793762207031 132.89693069458008 91.05793762207031 132.89693069458008 191.4585418701172 94.99055480957031 191.4585418701172
97.18921661376953 91.03303527832031 135.0532455444336 91.03303527832031 135.0532455444336 191.32147979736328 97.18921661376953 191.32147979736328
98.0166244506836 88.33773040771484 135.28074264526367 88.33773040771484 135.28074264526367 187.03721618652344 98.0166244506836 187.03721618652344
95.58123016357422 87.73101806640625 132.8232879638672 87.73101806640625 132.8232879638672 186.3720703125 95.58123016357422 186.3720703125
98.45146179199219 87.69308471679688 135.14887237548828 87.69308471679688 135.14887237548828 184.8915557861328 98.45146179199219 184.8915557861328
98.92566680908203 87.64933776855469 135.42949295043945 87.64933776855469 135.42949295043945 184.33507537841797 98.92566680908203 184.33507537841797
100.85929870605469 85.63093566894531 137.1407814025879 85.63093566894531 137.1407814025879 181.72777557373047 100.85929870605469 181.72777557373047
103.60328674316406 82.03761291503906 139.6462059020996 82.03761291503906 139.6462059020996 177.50259399414062 103.60328674316406 177.50259399414062
103.5693359375 79.594970703125 139.08649444580078 79.594970703125 139.08649444580078 173.6673812866211 103.5693359375 173.6673812866211
106.65570068359375 79.19623565673828 141.38481903076172 79.19623565673828 141.38481903076172 171.18140411376953 106.65570068359375 171.18140411376953
110.79850769042969 79.28504943847656 145.2519302368164 79.28504943847656 145.2519302368164 170.5399932861328 110.79850769042969 170.5399932861328
114.66792297363281 74.71570587158203 149.10907745361328 74.71570587158203 149.10907745361328 165.9381561279297 114.66792297363281 165.9381561279297
114.8598861694336 73.81367492675781 148.8223876953125 73.81367492675781 148.8223876953125 163.76834869384766 114.8598861694336 163.76834869384766
119.80045318603516 71.19358825683594 153.9972686767578 71.19358825683594 153.9972686767578 161.76888275146484 119.80045318603516 161.76888275146484
121.90267181396484 75.9955825805664 155.66482162475586 75.9955825805664 155.66482162475586 165.41960906982422 121.90267181396484 165.41960906982422
126.8766860961914 74.892578125 160.4821548461914 74.892578125 160.4821548461914 163.901611328125 126.8766860961914 163.901611328125
132.86209106445312 71.1225357055664 166.03545379638672 71.1225357055664 166.03545379638672 158.98707580566406 132.86209106445312 158.98707580566406
136.04818725585938 73.65939331054688 169.1624984741211 73.65939331054688 169.1624984741211 161.36752319335938 136.04818725585938 161.36752319335938
139.2854766845703 73.8563461303711 172.40933990478516 73.8563461303711 172.40933990478516 161.58978271484375 139.2854766845703 161.58978271484375
145.38575744628906 67.90669250488281 178.36295318603516 67.90669250488281 178.36295318603516 155.25165557861328 145.38575744628906 155.25165557861328
147.0774383544922 67.29840087890625 180.6369400024414 67.29840087890625 180.6369400024414 156.18568420410156 147.0774383544922 156.18568420410156
152.59190368652344 66.3802261352539 186.2895164489746 66.3802261352539 186.2895164489746 155.63331604003906 152.59190368652344 155.63331604003906
155.8801727294922 65.46366882324219 190.30315399169922 65.46366882324219 190.30315399169922 156.63800811767578 155.8801727294922 156.63800811767578
160.1761016845703 66.62725830078125 193.9885368347168 66.62725830078125 193.9885368347168 156.1844711303711 160.1761016845703 156.1844711303711
163.4451141357422 65.92990112304688 196.58266067504883 65.92990112304688 196.58266067504883 153.69956970214844 163.4451141357422 153.69956970214844
170.73724365234375 61.78955078125 203.42748260498047 61.78955078125 203.42748260498047 148.37445068359375 170.73724365234375 148.37445068359375
171.52362060546875 61.458709716796875 204.0207176208496 61.458709716796875 204.0207176208496 147.53205108642578 171.52362060546875 147.53205108642578
179.07693481445312 60.681663513183594 211.78994369506836 60.681663513183594 211.78994369506836 147.3268814086914 179.07693481445312 147.3268814086914
179.83985900878906 52.134376525878906 213.13372039794922 52.134376525878906 213.13372039794922 140.31806182861328 179.83985900878906 140.31806182861328
181.09042358398438 52.82796096801758 214.89684295654297 52.82796096801758 214.89684295654297 142.36923599243164 181.09042358398438 142.36923599243164
177.9275360107422 53.277381896972656 212.43718719482422 53.277381896972656 212.43718719482422 144.6812744140625 177.9275360107422 144.6812744140625
175.3518829345703 54.46117401123047 209.96918106079102 54.46117401123047 209.96918106079102 146.15018463134766 175.3518829345703 146.15018463134766
172.7928466796875 57.192298889160156 207.39678192138672 57.192298889160156 207.39678192138672 147.45929718017578 172.7928466796875 147.45929718017578
170.8409881591797 61.20287322998047 204.65748977661133 61.20287322998047 204.65748977661133 150.7708511352539 170.8409881591797 150.7708511352539
170.9372100830078 70.05265808105469 205.57098770141602 70.05265808105469 205.57098770141602 157.37847137451172 170.9372100830078 157.37847137451172
169.06564331054688 70.0302505493164 203.78754806518555 70.0302505493164 203.78754806518555 156.46031951904297 169.06564331054688 156.46031951904297
168.35848999023438 71.5196762084961 202.92779541015625 71.5196762084961 202.92779541015625 161.3355484008789 168.35848999023438 161.3355484008789
161.1810760498047 76.3515625 196.2011260986328 76.3515625 196.2011260986328 164.86647033691406 161.1810760498047 164.86647033691406
160.32443237304688 80.9159927368164 194.91685104370117 80.9159927368164 194.91685104370117 167.93379974365234 160.32443237304688 167.93379974365234
158.95181274414062 83.07975769042969 194.95570755004883 83.07975769042969 194.95570755004883 167.5996551513672 158.95181274414062 167.5996551513672
156.60621643066406 87.4617691040039 190.34326553344727 87.4617691040039 190.34326553344727 169.73464965820312 156.60621643066406 169.73464965820312
156.54074096679688 87.99861145019531 192.38400650024414 87.99861145019531 192.38400650024414 168.89554595947266 156.54074096679688 168.89554595947266
156.12112426757812 93.68132781982422 190.6957778930664 93.68132781982422 190.6957778930664 177.28948211669922 156.12112426757812 177.28948211669922
152.15354919433594 94.26531219482422 186.30205535888672 94.26531219482422 186.30205535888672 177.188232421875 152.15354919433594 177.188232421875
150.88095092773438 98.66807556152344 184.40574264526367 98.66807556152344 184.40574264526367 182.22998046875 150.88095092773438 182.22998046875
148.5889129638672 101.4411392211914 182.85892486572266 101.4411392211914 182.85892486572266 183.80301666259766 148.5889129638672 183.80301666259766
146.1004180908203 103.7237319946289 181.30760955810547 103.7237319946289 181.30760955810547 187.41970825195312 146.1004180908203 187.41970825195312
143.3278350830078 105.48664855957031 178.29909133911133 105.48664855957031 178.29909133911133 190.888427734375 143.3278350830078 190.888427734375
144.94021606445312 111.72084045410156 180.36453247070312 111.72084045410156 180.36453247070312 193.10769653320312 144.94021606445312 193.10769653320312
140.67982482910156 116.23014068603516 175.70233535766602 116.23014068603516 175.70233535766602 200.47200775146484 140.67982482910156 200.47200775146484
138.73208618164062 116.84771728515625 174.12760162353516 116.84771728515625 174.12760162353516 201.0458526611328 138.73208618164062 201.0458526611328
136.693359375 118.92045593261719 172.37137603759766 118.92045593261719 172.37137603759766 203.53457641601562 136.693359375 203.53457641601562
133.787353515625 120.89195251464844 168.5558967590332 120.89195251464844 168.5558967590332 206.91050720214844 133.787353515625 206.91050720214844
132.8950653076172 122.5252914428711 167.35268020629883 122.5252914428711 167.35268020629883 208.7757339477539 132.8950653076172 208.7757339477539
131.09176635742188 123.5087890625 164.75553131103516 123.5087890625 164.75553131103516 212.67218017578125 131.09176635742188 212.67218017578125
128.3218231201172 128.86521911621094 162.24961471557617 128.86521911621094 162.24961471557617 218.7279281616211 128.3218231201172 218.7279281616211
126.8453598022461 129.79800415039062 160.49234008789062 129.79800415039062 160.49234008789062 218.9169464111328 126.8453598022461 218.9169464111328
124.26956939697266 137.68995666503906 158.87159729003906 137.68995666503906 158.87159729003906 222.6405792236328 124.26956939697266 222.6405792236328
123.72221374511719 143.83352661132812 158.93053436279297 143.83352661132812 158.93053436279297 226.0795135498047 123.72221374511719 226.0795135498047
121.2444076538086 144.4837646484375 157.38677978515625 144.4837646484375 157.38677978515625 226.3357696533203 121.2444076538086 226.3357696533203
117.37606048583984 149.3125762939453 152.89043807983398 149.3125762939453 152.89043807983398 233.45133209228516 117.37606048583984 233.45133209228516
115.399658203125 149.89981079101562 151.43778228759766 149.89981079101562 151.43778228759766 236.06800079345703 115.399658203125 236.06800079345703
115.61175537109375 151.7218780517578 151.28474044799805 151.7218780517578 151.28474044799805 236.34383392333984 115.61175537109375 236.34383392333984
113.91422271728516 156.9139862060547 149.92944717407227 156.9139862060547 149.92944717407227 239.78217315673828 113.91422271728516 239.78217315673828
112.01302337646484 159.30593872070312 148.66376495361328 159.30593872070312 148.66376495361328 240.86013793945312 112.01302337646484 240.86013793945312
107.3209228515625 162.9106903076172 143.6249885559082 162.9106903076172 143.6249885559082 246.56055450439453 107.3209228515625 246.56055450439453
105.1925277709961 160.54104614257812 138.8446388244629 160.54104614257812 138.8446388244629 249.67359161376953 105.1925277709961 249.67359161376953
105.71351623535156 159.19412231445312 139.05500411987305 159.19412231445312 139.05500411987305 247.5039520263672 105.71351623535156 247.5039520263672
99.81082916259766 162.18251037597656 133.90147399902344 162.18251037597656 133.90147399902344 248.29959869384766 99.81082916259766 248.29959869384766
98.89778900146484 159.73861694335938 133.12478637695312 159.73861694335938 133.12478637695312 245.7112808227539 98.89778900146484 245.7112808227539
98.16194152832031 167.0793914794922 135.93568420410156 167.0793914794922 135.93568420410156 241.45276641845703 98.16194152832031 241.45276641845703
102.50003814697266 160.2440948486328 135.21319198608398 160.2440948486328 135.21319198608398 246.88970184326172 102.50003814697266 246.88970184326172
101.35797882080078 159.9971160888672 133.79218673706055 159.9971160888672 133.79218673706055 245.90390014648438 101.35797882080078 245.90390014648438
102.86824035644531 159.88246154785156 137.32233428955078 159.88246154785156 137.32233428955078 243.9228515625 102.86824035644531 243.9228515625
111.1194076538086 155.97879028320312 144.18236923217773 155.97879028320312 144.18236923217773 243.55091857910156 111.1194076538086 243.55091857910156
112.89131164550781 158.20822143554688 147.16902542114258 158.20822143554688 147.16902542114258 243.2932357788086 112.89131164550781 243.2932357788086
119.8204574584961 155.26467895507812 153.06635665893555 155.26467895507812 153.06635665893555 243.32134246826172 119.8204574584961 243.32134246826172
126.17264556884766 156.9063262939453 159.25896453857422 156.9063262939453 159.25896453857422 244.54032135009766 126.17264556884766 244.54032135009766
128.1675567626953 158.4743194580078 160.8270378112793 158.4743194580078 160.8270378112793 244.97776794433594 128.1675567626953 244.97776794433594
134.132080078125 157.75863647460938 166.55911254882812 157.75863647460938 166.55911254882812 243.6464080810547 134.132080078125 243.6464080810547
139.8983917236328 156.45956420898438 172.41793060302734 156.45956420898438 172.41793060302734 242.59233856201172 139.8983917236328 242.59233856201172
143.16163635253906 156.83010864257812 175.85070419311523 156.83010864257812 175.85070419311523 243.4119110107422 143.16163635253906 243.4119110107422
147.51821899414062 157.3289794921875 179.73223495483398 157.3289794921875 179.73223495483398 242.6525421142578 147.51821899414062 242.6525421142578
154.1134490966797 154.8999786376953 186.55771255493164 154.8999786376953 186.55771255493164 240.83338928222656 154.1134490966797 240.83338928222656
157.2962646484375 152.6514129638672 190.02203369140625 152.6514129638672 190.02203369140625 239.33043670654297 157.2962646484375 239.33043670654297
160.80250549316406 151.6297607421875 194.33929824829102 151.6297607421875 194.33929824829102 240.45689392089844 160.80250549316406 240.45689392089844
162.09933471679688 146.62120056152344 195.91266632080078 146.62120056152344 195.91266632080078 236.1807861328125 162.09933471679688 236.1807861328125
167.53260803222656 146.36819458007812 200.8945770263672 146.36819458007812 200.8945770263672 234.73228454589844 167.53260803222656 234.73228454589844
170.60818481445312 146.39369201660156 204.14765167236328 146.39369201660156 204.14765167236328 235.2279052734375 170.60818481445312 235.2279052734375
173.77285766601562 147.80516052246094 207.5494384765625 147.80516052246094 207.5494384765625 237.26740264892578 173.77285766601562 237.26740264892578
176.58741760253906 148.50808715820312 210.12126541137695 148.50808715820312 210.12126541137695 237.3274154663086 176.58741760253906 237.3274154663086
181.9340057373047 146.80612182617188 215.71813201904297 146.80612182617188 215.71813201904297 236.2883529663086 181.9340057373047 236.2883529663086
183.45254516601562 144.6925811767578 216.95416641235352 144.6925811767578 216.95416641235352 233.42655181884766 183.45254516601562 233.42655181884766
187.80899047851562 147.5384063720703 221.2209701538086 147.5384063720703 221.2209701538086 236.03494262695312 187.80899047851562 236.03494262695312
194.02752685546875 144.58251953125 227.17769241333008 144.58251953125 227.17769241333008 232.38560485839844 194.02752685546875 232.38560485839844
196.91416931152344 146.5345916748047 230.25008392333984 146.5345916748047 230.25008392333984 234.82965850830078 196.91416931152344 234.82965850830078
201.82400512695312 144.38673400878906 234.99750900268555 144.38673400878906 234.99750900268555 232.25162506103516 201.82400512695312 232.25162506103516
205.0196990966797 147.18531799316406 237.67133331298828 147.18531799316406 237.67133331298828 233.66796112060547 205.0196990966797 233.66796112060547
205.08383178710938 143.55023193359375 237.93633270263672 143.55023193359375 237.93633270263672 230.56488800048828 205.08383178710938 230.56488800048828
206.8076629638672 142.45291137695312 239.6523094177246 142.45291137695312 239.6523094177246 229.44676208496094 206.8076629638672 229.44676208496094
206.68344116210938 141.3507537841797 239.02887725830078 141.3507537841797 239.02887725830078 227.02237701416016 206.68344116210938 227.02237701416016
209.1448211669922 140.4765167236328 241.45156478881836 140.4765167236328 241.45156478881836 226.045654296875 209.1448211669922 226.045654296875
214.36526489257812 138.73141479492188 246.7944564819336 138.73141479492188 246.7944564819336 224.62487030029297 214.36526489257812 224.62487030029297
217.4145965576172 140.68380737304688 249.76024627685547 140.68380737304688 249.76024627685547 226.3560028076172 217.4145965576172 226.3560028076172
216.57608032226562 139.1368865966797 249.20178985595703 139.1368865966797 249.20178985595703 225.5508575439453 216.57608032226562 225.5508575439453
219.46383666992188 138.05657958984375 251.87196731567383 138.05657958984375 251.87196731567383 223.89424896240234 219.46383666992188 223.89424896240234
222.6971435546875 139.6096954345703 255.4235725402832 139.6096954345703 255.4235725402832 226.2904281616211 222.6971435546875 226.2904281616211
223.0711212158203 139.75466918945312 255.54553985595703 139.75466918945312 255.54553985595703 225.76792907714844 223.0711212158203 225.76792907714844
226.6896514892578 139.2290802001953 258.7037544250488 139.2290802001953 258.7037544250488 224.02313232421875 226.6896514892578 224.02313232421875
230.04629516601562 140.1151123046875 262.46009063720703 140.1151123046875 262.46009063720703 225.9677963256836 230.04629516601562 225.9677963256836
231.05105590820312 136.48216247558594 264.4149932861328 136.48216247558594 264.4149932861328 224.8514404296875 231.05105590820312 224.8514404296875
233.7783203125 136.63058471679688 267.26366424560547 136.63058471679688 267.26366424560547 225.32144165039062 233.7783203125 225.32144165039062
233.7296905517578 136.8305206298828 266.5658645629883 136.8305206298828 266.5658645629883 223.80194091796875 233.7296905517578 223.80194091796875
238.0780029296875 136.0456085205078 271.1069564819336 136.0456085205078 271.1069564819336 223.52762603759766 238.0780029296875 223.52762603759766
237.8905792236328 134.44918823242188 270.83911895751953 134.44918823242188 270.83911895751953 221.71820831298828 237.8905792236328 221.71820831298828
239.6427001953125 132.58985900878906 272.7564163208008 132.58985900878906 272.7564163208008 220.29637908935547 239.6427001953125 220.29637908935547
238.0813751220703 133.9520263671875 271.39786529541016 133.9520263671875 271.39786529541016 222.19562530517578 238.0813751220703 222.19562530517578
238.8490447998047 132.80862426757812 272.5145950317383 132.80862426757812 272.5145950317383 221.9767608642578 238.8490447998047 221.9767608642578
243.12966918945312 131.29380798339844 276.95509338378906 131.29380798339844 276.95509338378906 220.88539123535156 243.12966918945312 220.88539123535156
244.10910034179688 129.03903198242188 278.0394592285156 129.03903198242188 278.0394592285156 218.90855407714844 244.10910034179688 218.90855407714844
245.090576171875 129.71640014648438 279.33105850219727 129.71640014648438 279.33105850219727 220.40731811523438 245.090576171875 220.40731811523438
244.55459594726562 128.97792053222656 278.6218490600586 128.97792053222656 278.6218490600586 219.21002197265625 244.55459594726562 219.21002197265625
244.84097290039062 125.92071533203125 278.8724594116211 125.92071533203125 278.8724594116211 216.0580825805664 244.84097290039062 216.0580825805664
245.2815399169922 127.5427474975586 279.1983222961426 127.5427474975586 279.1983222961426 217.37628936767578 245.2815399169922 217.37628936767578
246.7186279296875 127.0290298461914 280.3330993652344 127.0290298461914 280.3330993652344 216.06185150146484 246.7186279296875 216.06185150146484
245.50241088867188 125.49406433105469 279.5494155883789 125.49406433105469 279.5494155883789 215.67251586914062 245.50241088867188 215.67251586914062
246.2165985107422 126.25223541259766 280.5706367492676 126.25223541259766 280.5706367492676 217.24390411376953 246.2165985107422 217.24390411376953
247.2751007080078 125.3873291015625 281.263916015625 125.3873291015625 281.263916015625 215.41165161132812 247.2751007080078 215.41165161132812
248.11624145507812 124.35677337646484 281.7262992858887 124.35677337646484 281.7262992858887 213.3779067993164 248.11624145507812 213.3779067993164
247.7428741455078 126.25544738769531 280.97082901000977 126.25544738769531 280.97082901000977 214.2645263671875 247.7428741455078 214.2645263671875
246.89920043945312 123.50634765625 279.79805755615234 123.50634765625 279.79805755615234 210.64376068115234 246.89920043945312 210.64376068115234
245.3685302734375 126.53166198730469 279.2524833679199 126.53166198730469 279.2524833679199 212.79068756103516 245.3685302734375 212.79068756103516
245.5762939453125 128.27322387695312 279.8922233581543 128.27322387695312 279.8922233581543 211.02631378173828 245.5762939453125 211.02631378173828
245.94650268554688 122.56748962402344 278.28968048095703 122.56748962402344 278.28968048095703 208.23309326171875 245.94650268554688 208.23309326171875
246.50009155273438 123.9642333984375 278.5068893432617 123.9642333984375 278.5068893432617 208.73887634277344 246.50009155273438 208.73887634277344
245.4444580078125 121.15925598144531 277.0909767150879 121.15925598144531 277.0909767150879 204.97964477539062 245.4444580078125 204.97964477539062
246.1679229736328 122.75362396240234 278.2713432312012 122.75362396240234 278.2713432312012 207.78418731689453 246.1679229736328 207.78418731689453
244.24789428710938 124.1865234375 275.5861110687256 124.1865234375 275.5861110687256 207.1903305053711 244.24789428710938 207.1903305053711
243.5704803466797 124.45948791503906 274.97886085510254 124.45948791503906 274.97886085510254 207.64913177490234 243.5704803466797 207.64913177490234
242.2724609375 122.5184555053711 273.2727928161621 122.5184555053711 273.2727928161621 204.62732696533203 242.2724609375 204.62732696533203
240.9585418701172 123.26595306396484 271.6079406738281 123.26595306396484 271.6079406738281 204.4453353881836 240.9585418701172 204.4453353881836
241.1880340576172 122.71317291259766 271.3042411804199 122.71317291259766 271.3042411804199 202.4803237915039 241.1880340576172 202.4803237915039
239.2989501953125 121.20124816894531 269.7903175354004 121.20124816894531 269.7903175354004 201.96206665039062 239.2989501953125 201.96206665039062
238.2674560546875 120.68778991699219 268.6215019226074 120.68778991699219 268.6215019226074 201.08489227294922 238.2674560546875 201.08489227294922
238.2406005859375 120.5263671875 268.80487632751465 120.5263671875 268.80487632751465 201.48029327392578 238.2406005859375 201.48029327392578
237.97998046875 119.601318359375 268.32447242736816 119.601318359375 268.32447242736816 199.97311401367188 237.97998046875 199.97311401367188
234.0634002685547 119.5116958618164 264.03021240234375 119.5116958618164 264.03021240234375 198.8831558227539 234.0634002685547 198.8831558227539
233.22360229492188 119.02813720703125 263.27509117126465 119.02813720703125 263.27509117126465 198.6238784790039 233.22360229492188 198.6238784790039
231.7020721435547 115.0118637084961 262.1782646179199 115.0118637084961 262.1782646179199 195.73250579833984 231.7020721435547 195.73250579833984
230.53298950195312 110.2762680053711 260.7109889984131 110.2762680053711 260.7109889984131 190.20709991455078 230.53298950195312 190.20709991455078
250.3053741455078 128.492431640625 280.3849220275879 128.492431640625 280.3849220275879 208.16249084472656 250.3053741455078 208.16249084472656
212.2117156982422 121.3189468383789 242.07239151000977 121.3189468383789 242.07239151000977 200.40929412841797 212.2117156982422 200.40929412841797
176.4837646484375 140.96343994140625 205.70067405700684 140.96343994140625 205.70067405700684 218.3486785888672 176.4837646484375 218.3486785888672
119.05162048339844 143.39718627929688 148.12257385253906 143.39718627929688 148.12257385253906 220.39584350585938 119.05162048339844 220.39584350585938
131.8878173828125 139.4005584716797 160.75303268432617 139.4005584716797 160.75303268432617 215.85428619384766 131.8878173828125 215.85428619384766
153.5492401123047 139.865478515625 182.63573265075684 139.865478515625 182.63573265075684 216.9052963256836 153.5492401123047 216.9052963256836
141.20773315429688 142.02622985839844 170.05963516235352 142.02622985839844 170.05963516235352 218.44469451904297 141.20773315429688 218.44469451904297
142.9196319580078 124.9885482788086 171.40001487731934 124.9885482788086 171.40001487731934 200.4229965209961 142.9196319580078 200.4229965209961
144.865234375 138.67971801757812 172.61999893188477 138.67971801757812 172.61999893188477 212.1922607421875 144.865234375 212.1922607421875
211.26522827148438 120.95845794677734 239.09145545959473 120.95845794677734 239.09145545959473 194.6602783203125 211.26522827148438 194.6602783203125
211.01535034179688 117.72624206542969 238.73587608337402 117.72624206542969 238.73587608337402 191.14810180664062 211.01535034179688 191.14810180664062
208.4088592529297 111.8215103149414 235.97259521484375 111.8215103149414 235.97259521484375 184.82808685302734 208.4088592529297 184.82808685302734
206.8004913330078 111.98640441894531 234.7661838531494 111.98640441894531 234.7661838531494 186.0576171875 206.8004913330078 186.0576171875
203.28182983398438 112.70452880859375 231.22707557678223 112.70452880859375 231.22707557678223 186.7215805053711 203.28182983398438 186.7215805053711
200.40988159179688 110.63714599609375 228.35004234313965 110.63714599609375 228.35004234313965 184.64073181152344 200.40988159179688 184.64073181152344
199.70962524414062 109.90201568603516 227.48630332946777 109.90201568603516 227.48630332946777 183.47259521484375 199.70962524414062 183.47259521484375
196.65341186523438 108.04354095458984 224.83169555664062 108.04354095458984 224.83169555664062 182.6778335571289 196.65341186523438 182.6778335571289
195.5320281982422 110.88758850097656 223.70775413513184 110.88758850097656 223.70775413513184 185.51510620117188 195.5320281982422 185.51510620117188
191.23538208007812 109.12348937988281 219.89116859436035 109.12348937988281 219.89116859436035 185.02251434326172 191.23538208007812 185.02251434326172
189.9990234375 107.3598403930664 219.0293483734131 107.3598403930664 219.0293483734131 184.2508773803711 189.9990234375 184.2508773803711
187.44161987304688 105.2080307006836 216.69342422485352 105.2080307006836 216.69342422485352 182.68567657470703 187.44161987304688 182.68567657470703
186.3478240966797 102.0699234008789 215.5778694152832 102.0699234008789 215.5778694152832 179.48993682861328 186.3478240966797 179.48993682861328
183.2256622314453 102.21083068847656 211.94954872131348 102.21083068847656 211.94954872131348 178.29021453857422 183.2256622314453 178.29021453857422
183.90869140625 99.5504379272461 212.33433532714844 99.5504379272461 212.33433532714844 174.8398895263672 183.90869140625 174.8398895263672
180.49058532714844 101.50567626953125 208.96770858764648 101.50567626953125 208.96770858764648 176.93148803710938 180.49058532714844 176.93148803710938
179.13180541992188 98.86595916748047 206.8431282043457 98.86595916748047 206.8431282043457 172.26344299316406 179.13180541992188 172.26344299316406
175.27047729492188 97.93707275390625 203.21162033081055 97.93707275390625 203.21162033081055 171.94327545166016 175.27047729492188 171.94327545166016
174.91908264160156 97.47562408447266 203.16485214233398 97.47562408447266 203.16485214233398 172.28868103027344 174.91908264160156 172.28868103027344
172.23922729492188 95.17997741699219 200.2330665588379 95.17997741699219 200.2330665588379 169.32575225830078 172.23922729492188 169.32575225830078
169.74899291992188 94.3311767578125 198.53981399536133 94.3311767578125 198.53981399536133 170.58787536621094 169.74899291992188 170.58787536621094
156.5488739013672 95.54048919677734 185.37672805786133 95.54048919677734 185.37672805786133 171.89527893066406 156.5488739013672 171.89527893066406
153.63592529296875 91.90626525878906 182.48150253295898 91.90626525878906 182.48150253295898 168.30799865722656 153.63592529296875 168.30799865722656
139.34188842773438 85.12578582763672 168.56547164916992 85.12578582763672 168.56547164916992 162.52872467041016 139.34188842773438 162.52872467041016
135.88125610351562 88.4795913696289 165.30571365356445 88.4795913696289 165.30571365356445 166.4145736694336 135.88125610351562 166.4145736694336
130.4537353515625 89.78042602539062 160.00468826293945 89.78042602539062 160.00468826293945 168.05044555664062 130.4537353515625 168.05044555664062
124.45033264160156 88.66757202148438 153.85863876342773 88.66757202148438 153.85863876342773 166.5597686767578 124.45033264160156 166.5597686767578
122.30085754394531 88.50071716308594 151.43752479553223 88.50071716308594 151.43752479553223 165.67344665527344 122.30085754394531 165.67344665527344
121.41886138916016 84.90863800048828 150.3418254852295 84.90863800048828 150.3418254852295 161.51534271240234 121.41886138916016 161.51534271240234
121.09354400634766 84.57138061523438 150.04240798950195 84.57138061523438 150.04240798950195 161.24668884277344 121.09354400634766 161.24668884277344
120.73014068603516 83.28050231933594 149.80351638793945 83.28050231933594 149.80351638793945 160.28560638427734 120.73014068603516 160.28560638427734
120.55953216552734 82.44807434082031 149.34313583374023 82.44807434082031 149.34313583374023 158.68566131591797 120.55953216552734 158.68566131591797
118.20246887207031 80.77742767333984 146.99659156799316 80.77742767333984 146.99659156799316 157.04287719726562 118.20246887207031 157.04287719726562
121.18064880371094 79.72994232177734 149.5000877380371 79.72994232177734 149.5000877380371 154.73812103271484 121.18064880371094 154.73812103271484
121.3520736694336 77.91117095947266 149.53409957885742 77.91117095947266 149.53409957885742 152.55538177490234 121.3520736694336 152.55538177490234
121.16334533691406 78.09263610839844 149.39462661743164 78.09263610839844 149.39462661743164 152.86730194091797 121.16334533691406 152.86730194091797
122.27291107177734 76.49531555175781 150.34551811218262 76.49531555175781 150.34551811218262 150.8497085571289 122.27291107177734 150.8497085571289
122.3501205444336 74.28425598144531 150.65075492858887 74.28425598144531 150.65075492858887 149.24261474609375 122.3501205444336 149.24261474609375
124.39225006103516 74.3443832397461 152.60264778137207 74.3443832397461 152.60264778137207 149.06372833251953 124.39225006103516 149.06372833251953
126.7640609741211 69.7965087890625 154.83823013305664 69.7965087890625 154.83823013305664 144.15503692626953 126.7640609741211 144.15503692626953
126.677001953125 69.80770111083984 154.35171127319336 69.80770111083984 154.35171127319336 143.1082000732422 126.677001953125 143.1082000732422
129.45823669433594 68.24651336669922 156.87774085998535 68.24651336669922 156.87774085998535 140.87106323242188 129.45823669433594 140.87106323242188
132.2947235107422 69.17288208007812 159.23654556274414 69.17288208007812 159.23654556274414 140.53221130371094 132.2947235107422 140.53221130371094
134.88760375976562 67.71639251708984 161.0461826324463 67.71639251708984 161.0461826324463 137.0011978149414 134.88760375976562 137.0011978149414
137.12100219726562 67.593505859375 163.0902042388916 67.593505859375 163.0902042388916 136.37671661376953 137.12100219726562 136.37671661376953
139.44261169433594 66.4310073852539 164.82928657531738 66.4310073852539 164.82928657531738 133.6713104248047 139.44261169433594 133.6713104248047
140.564697265625 65.06605529785156 166.2990665435791 65.06605529785156 166.2990665435791 133.22728729248047 140.564697265625 133.22728729248047
143.42587280273438 64.03486633300781 169.58015060424805 64.03486633300781 169.58015060424805 133.30828857421875 143.42587280273438 133.30828857421875
145.05953979492188 60.559661865234375 172.15396690368652 60.559661865234375 172.15396690368652 132.32321166992188 145.05953979492188 132.32321166992188
146.39675903320312 61.5342903137207 173.61521339416504 61.5342903137207 173.61521339416504 133.62634658813477 146.39675903320312 133.62634658813477
150.6471710205078 59.44968795776367 178.28621292114258 59.44968795776367 178.28621292114258 132.6557273864746 150.6471710205078 132.6557273864746
153.7117462158203 59.754356384277344 180.9690456390381 59.754356384277344 180.9690456390381 131.9492950439453 153.7117462158203 131.9492950439453
155.41046142578125 59.5208854675293 182.6659450531006 59.5208854675293 182.6659450531006 131.71100997924805 155.41046142578125 131.71100997924805
159.9102783203125 57.6403923034668 187.5486660003662 57.6403923034668 187.5486660003662 130.8446922302246 159.9102783203125 130.8446922302246
164.4980926513672 56.11359405517578 192.35718154907227 56.11359405517578 192.35718154907227 129.90245819091797 164.4980926513672 129.90245819091797
168.52108764648438 55.557403564453125 196.2731990814209 55.557403564453125 196.2731990814209 129.06292724609375 168.52108764648438 129.06292724609375
172.55099487304688 56.90424346923828 200.45968627929688 56.90424346923828 200.45968627929688 130.82449340820312 172.55099487304688 130.82449340820312
175.40249633789062 54.18243408203125 203.7866916656494 54.18243408203125 203.7866916656494 129.36212158203125 175.40249633789062 129.36212158203125
182.5694580078125 53.2255859375 211.00983238220215 53.2255859375 211.00983238220215 128.5540771484375 182.5694580078125 128.5540771484375
185.48703002929688 52.84706497192383 213.58960342407227 52.84706497192383 213.58960342407227 127.28084182739258 185.48703002929688 127.28084182739258
192.7248992919922 52.280731201171875 220.90390968322754 52.280731201171875 220.90390968322754 126.91695404052734 192.7248992919922 126.91695404052734
195.6234588623047 51.43486785888672 223.6654815673828 51.43486785888672 223.6654815673828 125.70825958251953 195.6234588623047 125.70825958251953
201.89195251464844 50.72298049926758 229.5202522277832 50.72298049926758 229.5202522277832 123.90056228637695 201.89195251464844 123.90056228637695
209.47720336914062 50.6068000793457 236.9696865081787 50.6068000793457 236.9696865081787 123.42464828491211 209.47720336914062 123.42464828491211
212.85302734375 48.01282501220703 240.72819137573242 48.01282501220703 240.72819137573242 121.8442611694336 212.85302734375 121.8442611694336
215.48294067382812 47.049495697021484 243.30935668945312 47.049495697021484 243.30935668945312 120.75181198120117 215.48294067382812 120.75181198120117
221.88253784179688 47.73078155517578 249.53138732910156 47.73078155517578 249.53138732910156 120.9627914428711 221.88253784179688 120.9627914428711
224.49099731445312 45.826080322265625 251.99390602111816 45.826080322265625 251.99390602111816 118.67153930664062 224.49099731445312 118.67153930664062
230.80746459960938 46.4805793762207 258.2202091217041 46.4805793762207 258.2202091217041 119.08723068237305 230.80746459960938 119.08723068237305
234.7118682861328 48.35193634033203 262.1309623718262 48.35193634033203 262.1309623718262 120.97541046142578 234.7118682861328 120.97541046142578
239.60360717773438 46.98810577392578 267.66611671447754 46.98810577392578 267.66611671447754 121.31575775146484 239.60360717773438 121.31575775146484
243.0448760986328 44.20524215698242 270.78940200805664 44.20524215698242 270.78940200805664 117.69067001342773 243.0448760986328 117.69067001342773
251.51803588867188 46.08458709716797 279.08544921875 46.08458709716797 279.08544921875 119.10090637207031 251.51803588867188 119.10090637207031
254.98208618164062 46.922828674316406 282.6409549713135 46.922828674316406 282.6409549713135 120.18138122558594 254.98208618164062 120.18138122558594
261.75054931640625 44.63892364501953 289.6894474029541 44.63892364501953 289.6894474029541 118.63916778564453 261.75054931640625 118.63916778564453
266.2910461425781 42.915367126464844 293.9864959716797 42.915367126464844 293.9864959716797 116.27079772949219 266.2910461425781 116.27079772949219
270.5562438964844 48.45528030395508 298.37035179138184 48.45528030395508 298.37035179138184 122.1249885559082 270.5562438964844 122.1249885559082
278.90765380859375 47.18294906616211 306.5282039642334 47.18294906616211 306.5282039642334 120.33999252319336 278.90765380859375 120.33999252319336
282.1915588378906 46.64568328857422 310.0757293701172 46.64568328857422 310.0757293701172 120.50096130371094 282.1915588378906 120.50096130371094
289.7850036621094 44.98905563354492 317.5890922546387 44.98905563354492 317.5890922546387 118.63222885131836 289.7850036621094 118.63222885131836
299.1625061035156 43.65011215209961 326.9486999511719 43.65011215209961 326.9486999511719 117.24589157104492 299.1625061035156 117.24589157104492
304.223876953125 45.79248046875 332.24970626831055 45.79248046875 332.24970626831055 120.02297973632812 304.223876953125 120.02297973632812
307.7828063964844 45.65747833251953 335.64916610717773 45.65747833251953 335.64916610717773 119.4655990600586 307.7828063964844 119.4655990600586
316.35552978515625 42.76979064941406 343.8993492126465 42.76979064941406 343.8993492126465 115.7236099243164 316.35552978515625 115.7236099243164
319.98431396484375 45.64535140991211 347.26397132873535 45.64535140991211 347.26397132873535 117.89949417114258 319.98431396484375 117.89949417114258
327.28314208984375 44.734397888183594 354.2428741455078 44.734397888183594 354.2428741455078 116.14116668701172 327.28314208984375 116.14116668701172
332.8863525390625 44.29115676879883 359.83603858947754 44.29115676879883 359.83603858947754 115.67130661010742 332.8863525390625 115.67130661010742
335.81829833984375 46.17555618286133 362.9322624206543 46.17555618286133 362.9322624206543 117.99082565307617 335.81829833984375 117.99082565307617
342.69476318359375 44.89466094970703 369.2039279937744 44.89466094970703 369.2039279937744 115.10803985595703 342.69476318359375 115.10803985595703
348.0169677734375 44.2862663269043 375.0848751068115 44.2862663269043 375.0848751068115 115.97954940795898 348.0169677734375 115.97954940795898
354.39764404296875 43.502662658691406 381.52861404418945 43.502662658691406 381.52861404418945 115.36297607421875 354.39764404296875 115.36297607421875
358.37017822265625 44.60551071166992 385.7810306549072 44.60551071166992 385.7810306549072 117.20713424682617 358.37017822265625 117.20713424682617
365.31463623046875 43.37379837036133 392.8949165344238 43.37379837036133 392.8949165344238 116.42416763305664 365.31463623046875 116.42416763305664
365.7915954589844 43.376949310302734 393.3990077972412 43.376949310302734 393.3990077972412 116.49917984008789 365.7915954589844 116.49917984008789
365.27239990234375 46.07710266113281 393.23040771484375 46.07710266113281 393.23040771484375 117.9109115600586 365.27239990234375 117.9109115600586
364.35150146484375 44.59667205810547 391.8477973937988 44.59667205810547 391.8477973937988 117.42459869384766 364.35150146484375 117.42459869384766
361.6359558105469 49.536705017089844 390.34771156311035 49.536705017089844 390.34771156311035 118.8679428100586 361.6359558105469 118.8679428100586
361.2266845703125 51.75947189331055 389.6012325286865 51.75947189331055 389.6012325286865 119.58328628540039 361.2266845703125 119.58328628540039
361.06805419921875 48.83446502685547 388.91025733947754 48.83446502685547 388.91025733947754 118.54731750488281 361.06805419921875 118.54731750488281
360.9780578613281 51.788902282714844 388.46094131469727 51.788902282714844 388.46094131469727 118.67478942871094 360.9780578613281 118.67478942871094
360.7784729003906 46.95725631713867 389.1210994720459 46.95725631713867 389.1210994720459 119.18619918823242 360.7784729003906 119.18619918823242
359.47698974609375 51.06228256225586 387.11638259887695 51.06228256225586 387.11638259887695 120.09386825561523 359.47698974609375 120.09386825561523
357.1648254394531 50.84844207763672 385.8482723236084 50.84844207763672 385.8482723236084 119.8995590209961 357.1648254394531 119.8995590209961
356.5722351074219 50.218017578125 384.6785182952881 50.218017578125 384.6785182952881 117.5797348022461 356.5722351074219 117.5797348022461
354.6794128417969 51.07179260253906 383.33276748657227 51.07179260253906 383.33276748657227 119.00967407226562 354.6794128417969 119.00967407226562
353.3965759277344 47.230712890625 381.65818214416504 47.230712890625 381.65818214416504 117.86763763427734 353.3965759277344 117.86763763427734
352.58642578125 48.81489944458008 381.05812072753906 48.81489944458008 381.05812072753906 119.11531448364258 352.58642578125 119.11531448364258
351.1683654785156 50.33208465576172 378.48443031311035 50.33208465576172 378.48443031311035 119.79828643798828 351.1683654785156 119.79828643798828
349.8755187988281 50.831077575683594 377.93292236328125 50.831077575683594 377.93292236328125 119.49361419677734 349.8755187988281 119.49361419677734
348.597900390625 51.695709228515625 376.8074588775635 51.695709228515625 376.8074588775635 121.24702453613281 348.597900390625 121.24702453613281
347.6040954589844 52.831565856933594 376.1444797515869 52.831565856933594 376.1444797515869 121.85497283935547 347.6040954589844 121.85497283935547
346.74462890625 48.19062423706055 374.76882553100586 48.19062423706055 374.76882553100586 120.87820816040039 346.74462890625 120.87820816040039
345.32940673828125 52.55164337158203 373.3435916900635 52.55164337158203 373.3435916900635 126.75132751464844 345.32940673828125 126.75132751464844
345.92633056640625 56.331993103027344 374.3984622955322 56.331993103027344 374.3984622955322 130.05915069580078 345.92633056640625 130.05915069580078
343.39044189453125 60.116050720214844 371.6827449798584 60.116050720214844 371.6827449798584 135.0523681640625 343.39044189453125 135.0523681640625
341.80841064453125 68.2945785522461 370.55078506469727 68.2945785522461 370.55078506469727 141.68833923339844 341.80841064453125 141.68833923339844
342.2489318847656 72.39129638671875 370.08607482910156 72.39129638671875 370.08607482910156 145.90452575683594 342.2489318847656 145.90452575683594
341.4707336425781 73.64595794677734 370.3197822570801 73.64595794677734 370.3197822570801 147.3295669555664 341.4707336425781 147.3295669555664
340.1845703125 76.61956787109375 369.0626583099365 76.61956787109375 369.0626583099365 151.9662322998047 340.1845703125 151.9662322998047
340.0339660644531 82.09843444824219 369.2265682220459 82.09843444824219 369.2265682220459 154.35983276367188 340.0339660644531 154.35983276367188
338.32269287109375 81.59965515136719 367.7855644226074 81.59965515136719 367.7855644226074 159.6363983154297 338.32269287109375 159.6363983154297
339.089599609375 86.400390625 368.8012809753418 86.400390625 368.8012809753418 164.35163116455078 339.089599609375 164.35163116455078
337.5884094238281 92.1351318359375 367.5295295715332 92.1351318359375 367.5295295715332 168.91737365722656 337.5884094238281 168.91737365722656
336.96368408203125 91.26982116699219 367.0098762512207 91.26982116699219 367.0098762512207 170.8515853881836 336.96368408203125 170.8515853881836
335.9898986816406 97.49747467041016 366.020263671875 97.49747467041016 366.020263671875 175.8388214111328 335.9898986816406 175.8388214111328
334.82275390625 106.17974853515625 364.8871669769287 106.17974853515625 364.8871669769287 182.45220947265625 334.82275390625 182.45220947265625
334.2238464355469 107.3438720703125 363.3104362487793 107.3438720703125 363.3104362487793 182.2418670654297 334.2238464355469 182.2418670654297
333.18804931640625 112.7250747680664 362.0071449279785 112.7250747680664 362.0071449279785 186.5552520751953 333.18804931640625 186.5552520751953
333.4990234375 116.65565490722656 362.41787338256836 116.65565490722656 362.41787338256836 190.2706756591797 333.4990234375 190.2706756591797
330.5777282714844 120.43375396728516 359.58204650878906 120.43375396728516 359.58204650878906 190.0596160888672 330.5777282714844 190.0596160888672
329.9192810058594 125.19295501708984 358.769287109375 125.19295501708984 358.769287109375 194.79730987548828 329.9192810058594 194.79730987548828
327.83172607421875 130.56883239746094 356.36860275268555 130.56883239746094 356.36860275268555 200.1191635131836 327.83172607421875 200.1191635131836
327.3277282714844 129.94273376464844 355.3688907623291 129.94273376464844 355.3688907623291 201.67123413085938 327.3277282714844 201.67123413085938
326.10357666015625 135.59210205078125 354.9812660217285 135.59210205078125 354.9812660217285 204.4765396118164 326.10357666015625 204.4765396118164
324.5975341796875 138.1161346435547 352.88762855529785 138.1161346435547 352.88762855529785 209.83893585205078 324.5975341796875 209.83893585205078
323.17034912109375 144.78369140625 351.7176055908203 144.78369140625 351.7176055908203 213.61117553710938 323.17034912109375 213.61117553710938
323.6961975097656 146.37612915039062 351.6767063140869 146.37612915039062 351.6767063140869 215.82931518554688 323.6961975097656 215.82931518554688
321.86578369140625 153.10398864746094 350.1768379211426 153.10398864746094 350.1768379211426 217.9070587158203 321.86578369140625 217.9070587158203
320.18292236328125 154.5792236328125 348.49280738830566 154.5792236328125 348.49280738830566 222.74065399169922 320.18292236328125 222.74065399169922
319.3607482910156 158.47706604003906 346.9921989440918 158.47706604003906 346.9921989440918 227.72698211669922 319.3607482910156 227.72698211669922
316.8142395019531 162.53477478027344 345.49512672424316 162.53477478027344 345.49512672424316 231.00971221923828 316.8142395019531 231.00971221923828
315.5684814453125 162.0775909423828 343.7637519836426 162.0775909423828 343.7637519836426 233.5511474609375 315.5684814453125 233.5511474609375
313.4923400878906 165.4988250732422 342.26007080078125 165.4988250732422 342.26007080078125 237.17282104492188 313.4923400878906 237.17282104492188
313.48809814453125 169.71157836914062 341.8826389312744 169.71157836914062 341.8826389312744 241.2028045654297 313.48809814453125 241.2028045654297
311.8135681152344 174.8285369873047 340.2555503845215 174.8285369873047 340.2555503845215 249.1467514038086 311.8135681152344 249.1467514038086
310.62115478515625 175.0981903076172 339.2483024597168 175.0981903076172 339.2483024597168 250.92144012451172 310.62115478515625 250.92144012451172
310.2398376464844 180.0529022216797 338.64271545410156 180.0529022216797 338.64271545410156 255.28213500976562 310.2398376464844 255.28213500976562
308.4728088378906 181.20980834960938 336.88564109802246 181.20980834960938 336.88564109802246 256.4654083251953 308.4728088378906 256.4654083251953
306.4416809082031 189.34384155273438 335.22882080078125 189.34384155273438 335.22882080078125 261.12501525878906 306.4416809082031 261.12501525878906
305.2615051269531 190.78134155273438 333.1212921142578 190.78134155273438 333.1212921142578 264.57210540771484 305.2615051269531 264.57210540771484
303.45849609375 195.1417694091797 331.22015380859375 195.1417694091797 331.22015380859375 268.67261505126953 303.45849609375 268.67261505126953
302.65234375 197.9126739501953 330.8654136657715 197.9126739501953 330.8654136657715 272.63915252685547 302.65234375 272.63915252685547
301.7662048339844 200.4906463623047 330.3632297515869 200.4906463623047 330.3632297515869 276.23409271240234 301.7662048339844 276.23409271240234
298.5633850097656 211.465576171875 328.41057205200195 211.465576171875 328.41057205200195 280.35731506347656 298.5633850097656 280.35731506347656
296.98211669921875 211.5698699951172 325.0978355407715 211.5698699951172 325.0978355407715 283.2202835083008 296.98211669921875 283.2202835083008
295.804931640625 210.554443359375 324.0898132324219 210.554443359375 324.0898132324219 282.7401885986328 295.804931640625 282.7401885986328
293.9154052734375 211.26583862304688 321.15411949157715 211.26583862304688 321.15411949157715 283.4115982055664 293.9154052734375 283.4115982055664
292.8531799316406 210.5952606201172 320.373327255249 210.5952606201172 320.373327255249 283.48644256591797 292.8531799316406 283.48644256591797
290.8483581542969 215.8597412109375 320.1830711364746 215.8597412109375 320.1830711364746 283.88185119628906 290.8483581542969 283.88185119628906
287.7713928222656 214.22671508789062 317.0289554595947 214.22671508789062 317.0289554595947 285.2928771972656 287.7713928222656 285.2928771972656
287.52655029296875 210.4667510986328 315.57922744750977 210.4667510986328 315.57922744750977 284.7684097290039 287.52655029296875 284.7684097290039
285.86993408203125 210.266845703125 313.8573799133301 210.266845703125 313.8573799133301 284.39573669433594 285.86993408203125 284.39573669433594
283.16876220703125 209.053955078125 310.6466636657715 209.053955078125 310.6466636657715 281.83323669433594 283.16876220703125 281.83323669433594
281.5840759277344 209.40383911132812 308.72739028930664 209.40383911132812 308.72739028930664 281.29691314697266 281.5840759277344 281.29691314697266
279.1522216796875 207.35330200195312 306.5540657043457 207.35330200195312 306.5540657043457 279.9311294555664 279.1522216796875 279.9311294555664
277.2991943359375 209.37002563476562 304.9244785308838 209.37002563476562 304.9244785308838 282.53966522216797 277.2991943359375 282.53966522216797
275.20025634765625 208.83456420898438 302.5912628173828 208.83456420898438 302.5912628173828 281.38368225097656 275.20025634765625 281.38368225097656
273.98345947265625 209.591064453125 301.3435115814209 209.591064453125 301.3435115814209 282.0582046508789 273.98345947265625 282.0582046508789
271.8128356933594 206.92764282226562 299.1014289855957 206.92764282226562 299.1014289855957 279.2055130004883 271.8128356933594 279.2055130004883
270.6255798339844 207.9384307861328 297.7213897705078 207.9384307861328 297.7213897705078 279.7056884765625 270.6255798339844 279.7056884765625
268.61981201171875 206.4209442138672 296.18451499938965 206.4209442138672 296.18451499938965 279.43013763427734 268.61981201171875 279.43013763427734
268.63043212890625 207.7100372314453 296.1115379333496 207.7100372314453 296.1115379333496 280.49781036376953 268.63043212890625 280.49781036376953
272.1759338378906 207.25375366210938 299.9521083831787 207.25375366210938 299.9521083831787 280.82305908203125 272.1759338378906 280.82305908203125
277.4852600097656 203.72586059570312 305.84892654418945 203.72586059570312 305.84892654418945 278.8512268066406 277.4852600097656 278.8512268066406
280.2229919433594 206.7813720703125 308.6176338195801 206.7813720703125 308.6176338195801 281.98878479003906 280.2229919433594 281.98878479003906
287.2603454589844 203.38265991210938 315.6600399017334 203.38265991210938 315.6600399017334 278.60345458984375 287.2603454589844 278.60345458984375
293.8357849121094 203.18856811523438 322.1910095214844 203.18856811523438 322.1910095214844 278.2915802001953 293.8357849121094 278.2915802001953
295.8981018066406 202.68484497070312 324.33385848999023 202.68484497070312 324.33385848999023 278.0011672973633 295.8981018066406 278.0011672973633
298.72650146484375 203.294677734375 326.88672256469727 203.294677734375 326.88672256469727 277.8812026977539 298.72650146484375 277.8812026977539
296.2712707519531 201.77288818359375 324.77472496032715 201.77288818359375 324.77472496032715 277.26851654052734 296.2712707519531 277.26851654052734
294.2144470214844 201.88320922851562 322.6395511627197 201.88320922851562 322.6395511627197 277.1713104248047 294.2144470214844 277.1713104248047
296.5874938964844 202.384033203125 325.03857803344727 202.384033203125 325.03857803344727 277.7409439086914 296.5874938964844 277.7409439086914
300.3554382324219 200.45895385742188 329.2528324127197 200.45895385742188 329.2528324127197 276.9979782104492 300.3554382324219 276.9979782104492
306.45965576171875 200.415771484375 335.378698348999 200.415771484375 335.378698348999 277.0121307373047 306.45965576171875 277.0121307373047
311.62188720703125 200.16212463378906 340.6150207519531 200.16212463378906 340.6150207519531 276.95472717285156 311.62188720703125 276.95472717285156
315.67401123046875 198.14370727539062 344.7759647369385 198.14370727539062 344.7759647369385 275.2245407104492 315.67401123046875 275.2245407104492
315.85711669921875 199.70269775390625 344.8006649017334 199.70269775390625 344.8006649017334 276.3639678955078 315.85711669921875 276.3639678955078
314.14276123046875 200.21102905273438 342.81690979003906 200.21102905273438 342.81690979003906 276.1587600708008 314.14276123046875 276.1587600708008
311.53216552734375 199.42276000976562 340.75007247924805 199.42276000976562 340.75007247924805 276.8107147216797 311.53216552734375 276.8107147216797
308.7569274902344 199.2125244140625 337.36754417419434 199.2125244140625 337.36754417419434 274.9919891357422 308.7569274902344 274.9919891357422
306.9083557128906 197.3043975830078 335.51679611206055 197.3043975830078 335.51679611206055 273.0781021118164 306.9083557128906 273.0781021118164
311.7793884277344 195.37872314453125 340.0797691345215 195.37872314453125 340.0797691345215 270.33648681640625 311.7793884277344 270.33648681640625
315.1778869628906 195.49490356445312 343.2520503997803 195.49490356445312 343.2520503997803 269.8534927368164 315.1778869628906 269.8534927368164
315.53765869140625 197.3269500732422 343.5159511566162 197.3269500732422 343.5159511566162 271.4316101074219 315.53765869140625 271.4316101074219
314.3768005371094 197.14443969726562 342.3802375793457 197.14443969726562 342.3802375793457 271.3157043457031 314.3768005371094 271.3157043457031
313.07025146484375 194.88345336914062 340.8966979980469 194.88345336914062 340.8966979980469 268.5859375 313.07025146484375 268.5859375
310.10235595703125 196.949462890625 337.7623233795166 196.949462890625 337.7623233795166 270.2110061645508 310.10235595703125 270.2110061645508
308.86419677734375 196.3719482421875 336.31579971313477 196.3719482421875 336.31579971313477 269.08160400390625 308.86419677734375 269.08160400390625
307.79296875 195.80848693847656 335.1573429107666 195.80848693847656 335.1573429107666 268.287109375 307.79296875 268.287109375
305.5316162109375 195.62628173828125 332.36577796936035 195.62628173828125 332.36577796936035 266.7005615234375 305.5316162109375 266.7005615234375
305.58221435546875 196.96542358398438 332.2028923034668 196.96542358398438 332.2028923034668 267.47425842285156 305.58221435546875 267.47425842285156
304.50616455078125 195.9813690185547 330.6485652923584 195.9813690185547 330.6485652923584 265.2234191894531 304.50616455078125 265.2234191894531
304.0367126464844 195.427734375 329.9014778137207 195.427734375 329.9014778137207 263.9344253540039 304.0367126464844 263.9344253540039
302.7042541503906 196.51596069335938 328.3404960632324 196.51596069335938 328.3404960632324 264.41737365722656 302.7042541503906 264.41737365722656
299.97296142578125 196.181640625 326.0532569885254 196.181640625 326.0532569885254 265.25919342041016 299.97296142578125 265.25919342041016
301.355712890625 196.31417846679688 327.1801109313965 196.31417846679688 327.1801109313965 264.71395111083984 301.355712890625 264.71395111083984
299.6097717285156 197.68247985839844 324.7788143157959 197.68247985839844 324.7788143157959 264.34644317626953 299.6097717285156 264.34644317626953
298.3883972167969 196.0882568359375 323.6963348388672 196.0882568359375 323.6963348388672 263.12010192871094 298.3883972167969 263.12010192871094
297.60504150390625 194.8760528564453 322.8524742126465 194.8760528564453 322.8524742126465 261.74764251708984 297.60504150390625 261.74764251708984
297.06573486328125 195.76837158203125 322.1822395324707 195.76837158203125 322.1822395324707 262.2931823730469 297.06573486328125 262.2931823730469
294.4176025390625 195.43145751953125 319.4755516052246 195.43145751953125 319.4755516052246 261.8011703491211 294.4176025390625 261.8011703491211
293.81903076171875 194.9597930908203 318.79536628723145 194.9597930908203 318.79536628723145 261.11334228515625 293.81903076171875 261.11334228515625
292.57525634765625 195.84786987304688 317.54498291015625 195.84786987304688 317.54498291015625 261.9839172363281 292.57525634765625 261.9839172363281
292.6111755371094 194.6905059814453 317.4567451477051 194.6905059814453 317.4567451477051 260.4977035522461 292.6111755371094 260.4977035522461
291.36737060546875 196.00933837890625 316.00501441955566 196.00933837890625 316.00501441955566 261.2658233642578 291.36737060546875 261.2658233642578
289.85498046875 196.5894775390625 313.92875480651855 196.5894775390625 313.92875480651855 260.35246658325195 289.85498046875 260.35246658325195
288.7878112792969 196.13136291503906 313.0506992340088 196.13136291503906 313.0506992340088 260.3952407836914 288.7878112792969 260.3952407836914
287.15423583984375 195.61541748046875 311.39181900024414 195.61541748046875 311.39181900024414 259.81227111816406 287.15423583984375 259.81227111816406
285.77947998046875 193.849365234375 310.29906272888184 193.849365234375 310.29906272888184 258.7931365966797 285.77947998046875 258.7931365966797
284.9398498535156 194.1453857421875 309.10503578186035 194.1453857421875 309.10503578186035 258.1504821777344 284.9398498535156 258.1504821777344
282.5302734375 193.9530792236328 306.80068016052246 193.9530792236328 306.80068016052246 258.2368698120117 282.5302734375 258.2368698120117
280.928955078125 195.29483032226562 304.7863140106201 195.29483032226562 304.7863140106201 258.4846076965332 280.928955078125 258.4846076965332
281.1944274902344 195.23434448242188 304.7174949645996 195.23434448242188 304.7174949645996 257.53870391845703 281.1944274902344 257.53870391845703
279.1222839355469 195.16748046875 302.7933006286621 195.16748046875 302.7933006286621 257.8637008666992 279.1222839355469 257.8637008666992
277.650146484375 195.4633331298828 300.9053554534912 195.4633331298828 300.9053554534912 257.05823135375977 277.650146484375 257.05823135375977
276.74700927734375 194.74209594726562 300.31396865844727 194.74209594726562 300.31396865844727 257.16271209716797 276.74700927734375 257.16271209716797
275.03857421875 193.0474090576172 298.5154838562012 193.0474090576172 298.5154838562012 255.22951889038086 275.03857421875 255.22951889038086
273.4386901855469 193.81851196289062 297.13783264160156 193.81851196289062 297.13783264160156 256.58924102783203 273.4386901855469 256.58924102783203
273.25921630859375 193.6628875732422 296.6296272277832 193.6628875732422 296.6296272277832 255.56292343139648 273.25921630859375 255.56292343139648
270.9672546386719 193.0323944091797 294.2441158294678 193.0323944091797 294.2441158294678 254.68465423583984 270.9672546386719 254.68465423583984
269.5957946777344 193.38473510742188 292.6762504577637 193.38473510742188 292.6762504577637 254.51678466796875 269.5957946777344 254.51678466796875
266.9979553222656 192.00633239746094 290.4606761932373 192.00633239746094 290.4606761932373 254.15087127685547 266.9979553222656 254.15087127685547
265.8592224121094 191.44735717773438 289.2521209716797 191.44735717773438 289.2521209716797 253.4069595336914 265.8592224121094 253.4069595336914
264.9913635253906 192.26925659179688 288.1913871765137 192.26925659179688 288.1913871765137 253.71799850463867 264.9913635253906 253.71799850463867
262.59051513671875 191.50474548339844 285.40599632263184 191.50474548339844 285.40599632263184 251.9349708557129 262.59051513671875 251.9349708557129
