345.0 222.0 437.0 222.0 437.0 306.0 345.0 306.0
353.78668212890625 219.3018798828125 446.3844757080078 219.3018798828125 446.3844757080078 302.82088470458984 353.78668212890625 302.82088470458984
365.71875 222.5155792236328 458.3908233642578 222.5155792236328 458.3908233642578 304.5744323730469 365.71875 304.5744323730469
372.2015075683594 220.4923858642578 463.36607360839844 220.4923858642578 463.36607360839844 303.1990051269531 372.2015075683594 303.1990051269531
378.8497009277344 219.38735961914062 468.8116912841797 219.38735961914062 468.8116912841797 303.5511932373047 378.8497009277344 303.5511932373047
384.3044738769531 218.3776092529297 474.63710021972656 218.3776092529297 474.63710021972656 303.97582244873047 384.3044738769531 303.97582244873047
389.11370849609375 217.7590789794922 478.459228515625 217.7590789794922 478.459228515625 302.8222885131836 389.11370849609375 302.8222885131836
394.5673522949219 219.6349334716797 483.34754943847656 219.6349334716797 483.34754943847656 301.9014663696289 394.5673522949219 301.9014663696289
397.90228271484375 219.35519409179688 485.61852264404297 219.35519409179688 485.61852264404297 301.9648666381836 397.90228271484375 301.9648666381836
401.30926513671875 219.21987915039062 489.1002655029297 219.21987915039062 489.1002655029297 302.3150939941406 401.30926513671875 302.3150939941406
399.56011962890625 220.17385864257812 495.16048431396484 220.17385864257812 495.16048431396484 301.6085510253906 399.56011962890625 301.6085510253906
403.6907043457031 219.0771942138672 494.39366912841797 219.0771942138672 494.39366912841797 301.8693084716797 403.6907043457031 301.8693084716797
405.0104064941406 218.4068145751953 495.87364196777344 218.4068145751953 495.87364196777344 302.9087677001953 405.0104064941406 302.9087677001953
406.795166015625 217.89614868164062 494.61751556396484 217.89614868164062 494.61751556396484 303.0358352661133 406.795166015625 303.0358352661133
406.9986267089844 217.5855712890625 494.3866195678711 217.5855712890625 494.3866195678711 301.99015045166016 406.9986267089844 301.99015045166016
407.22314453125 218.25942993164062 494.20542907714844 218.25942993164062 494.20542907714844 302.7181396484375 407.22314453125 302.7181396484375
407.07196044921875 217.48178100585938 493.81341552734375 217.48178100585938 493.81341552734375 302.50160217285156 407.07196044921875 302.50160217285156
405.9564208984375 218.57461547851562 494.3430633544922 218.57461547851562 494.3430633544922 302.72232818603516 405.9564208984375 302.72232818603516
406.2252502441406 217.9755401611328 494.0255813598633 217.9755401611328 494.0255813598633 303.2842712402344 406.2252502441406 303.2842712402344
406.491455078125 219.08718872070312 493.0804748535156 219.08718872070312 493.0804748535156 301.01937103271484 406.491455078125 301.01937103271484
406.0616760253906 217.78085327148438 492.84278869628906 217.78085327148438 492.84278869628906 303.48500061035156 406.0616760253906 303.48500061035156
405.4715270996094 217.4051513671875 493.3034133911133 217.4051513671875 493.3034133911133 303.2604293823242 405.4715270996094 303.2604293823242
404.6974182128906 219.4866485595703 493.6033172607422 219.4866485595703 493.6033172607422 301.45824432373047 404.6974182128906 301.45824432373047
403.9708557128906 217.4993133544922 492.1209259033203 217.4993133544922 492.1209259033203 302.335693359375 403.9708557128906 302.335693359375
405.1314392089844 217.3799285888672 491.70240020751953 217.3799285888672 491.70240020751953 302.66443634033203 405.1314392089844 302.66443634033203
404.0386657714844 216.0612030029297 491.90101623535156 216.0612030029297 491.90101623535156 301.8096160888672 404.0386657714844 301.8096160888672
404.52880859375 217.59317016601562 492.9813919067383 217.59317016601562 492.9813919067383 302.18421936035156 404.52880859375 302.18421936035156
405.34423828125 217.514892578125 494.00730895996094 217.514892578125 494.00730895996094 302.9404754638672 405.34423828125 302.9404754638672
407.7428894042969 215.59423828125 496.3414535522461 215.59423828125 496.3414535522461 303.2851867675781 407.7428894042969 303.2851867675781
408.6643981933594 215.20053100585938 498.7384338378906 215.20053100585938 498.7384338378906 301.2928771972656 408.6643981933594 301.2928771972656
412.20245361328125 214.9099578857422 502.15516662597656 214.9099578857422 502.15516662597656 301.6626892089844 412.20245361328125 301.6626892089844
417.07440185546875 215.07748413085938 511.62137603759766 215.07748413085938 511.62137603759766 301.02701568603516 417.07440185546875 301.02701568603516
424.17767333984375 214.8571319580078 519.9069671630859 214.8571319580078 519.9069671630859 299.88159942626953 424.17767333984375 299.88159942626953
431.170654296875 211.23880004882812 522.7555389404297 211.23880004882812 522.7555389404297 299.34120178222656 431.170654296875 299.34120178222656
436.74285888671875 208.1070098876953 526.5574340820312 208.1070098876953 526.5574340820312 299.9237518310547 436.74285888671875 299.9237518310547
440.08734130859375 208.36105346679688 530.5824432373047 208.36105346679688 530.5824432373047 299.58252716064453 440.08734130859375 299.58252716064453
446.54998779296875 206.0955810546875 532.3226470947266 206.0955810546875 532.3226470947266 299.5831069946289 446.54998779296875 299.5831069946289
449.63409423828125 206.0389404296875 535.0032501220703 206.0389404296875 535.0032501220703 299.2570343017578 449.63409423828125 299.2570343017578
452.79412841796875 206.1387176513672 538.8848495483398 206.1387176513672 538.8848495483398 300.880859375 452.79412841796875 300.880859375
434.69964599609375 206.99172973632812 533.9622650146484 206.99172973632812 533.9622650146484 298.8127136230469 434.69964599609375 298.8127136230469
444.8716735839844 204.4478302001953 525.3411102294922 204.4478302001953 525.3411102294922 297.8286437988281 444.8716735839844 297.8286437988281
446.50640869140625 203.72573852539062 526.6354293823242 203.72573852539062 526.6354293823242 295.96800994873047 446.50640869140625 295.96800994873047
449.67767333984375 202.1526336669922 529.5078277587891 202.1526336669922 529.5078277587891 295.97364044189453 449.67767333984375 295.97364044189453
453.66522216796875 201.56468200683594 532.041015625 201.56468200683594 532.041015625 294.00999450683594 453.66522216796875 294.00999450683594
456.997314453125 200.89215087890625 535.9866943359375 200.89215087890625 535.9866943359375 294.498779296875 456.997314453125 294.498779296875
462.2698669433594 195.4320831298828 545.0666732788086 195.4320831298828 545.0666732788086 293.2977752685547 462.2698669433594 293.2977752685547
465.25732421875 195.35166931152344 544.6157379150391 195.35166931152344 544.6157379150391 290.3169631958008 465.25732421875 290.3169631958008
468.43157958984375 193.7068328857422 549.7867736816406 193.7068328857422 549.7867736816406 289.22003173828125 468.43157958984375 289.22003173828125
472.9396057128906 194.1158905029297 553.0452041625977 194.1158905029297 553.0452041625977 288.93470764160156 472.9396057128906 288.93470764160156
471.6690979003906 188.72293090820312 573.2165756225586 188.72293090820312 573.2165756225586 281.4402313232422 471.6690979003906 281.4402313232422
479.21319580078125 190.71034240722656 562.2137756347656 190.71034240722656 562.2137756347656 285.80126953125 479.21319580078125 285.80126953125
480.0518493652344 188.2993927001953 563.1382598876953 188.2993927001953 563.1382598876953 281.40152740478516 480.0518493652344 281.40152740478516
480.80255126953125 187.25796508789062 566.7402648925781 187.25796508789062 566.7402648925781 285.35093688964844 480.80255126953125 285.35093688964844
478.70343017578125 187.19778442382812 578.1141738891602 187.19778442382812 578.1141738891602 277.9641571044922 478.70343017578125 277.9641571044922
479.235107421875 182.90020751953125 575.0388870239258 182.90020751953125 575.0388870239258 278.4960479736328 479.235107421875 278.4960479736328
482.3621520996094 182.3736572265625 578.5414886474609 182.3736572265625 578.5414886474609 277.9663848876953 482.3621520996094 277.9663848876953
485.8714904785156 181.6117401123047 580.6884078979492 181.6117401123047 580.6884078979492 276.0159683227539 485.8714904785156 276.0159683227539
493.3279724121094 180.97305297851562 584.1216506958008 180.97305297851562 584.1216506958008 275.33543395996094 493.3279724121094 275.33543395996094
498.279541015625 178.8852996826172 583.9515075683594 178.8852996826172 583.9515075683594 276.1251678466797 498.279541015625 276.1251678466797
498.94769287109375 180.4439697265625 585.5167999267578 180.4439697265625 585.5167999267578 276.37255859375 498.94769287109375 276.37255859375
496.20343017578125 178.1889190673828 584.330436706543 178.1889190673828 584.330436706543 274.65830993652344 496.20343017578125 274.65830993652344
497.1602478027344 177.27581787109375 584.8927536010742 177.27581787109375 584.8927536010742 274.8782501220703 497.1602478027344 274.8782501220703
495.30023193359375 179.6272735595703 582.1652679443359 179.6272735595703 582.1652679443359 275.134765625 495.30023193359375 275.134765625
495.31268310546875 178.00537109375 583.8443222045898 178.00537109375 583.8443222045898 275.7718048095703 495.31268310546875 275.7718048095703
493.4825134277344 179.5557861328125 580.8967971801758 179.5557861328125 580.8967971801758 276.01495361328125 493.4825134277344 276.01495361328125
485.6878967285156 179.1985321044922 587.2151184082031 179.1985321044922 587.2151184082031 271.89739990234375 485.6878967285156 271.89739990234375
461.81768798828125 179.38485717773438 565.0039215087891 179.38485717773438 565.0039215087891 274.2847366333008 461.81768798828125 274.2847366333008
471.99627685546875 177.41485595703125 565.9913177490234 177.41485595703125 565.9913177490234 277.33518981933594 471.99627685546875 277.33518981933594
473.6446838378906 175.96551513671875 564.0113677978516 175.96551513671875 564.0113677978516 274.9328842163086 473.6446838378906 274.9328842163086
470.53485107421875 179.12033081054688 557.7355880737305 179.12033081054688 557.7355880737305 277.4540557861328 470.53485107421875 277.4540557861328
470.91912841796875 179.26058959960938 558.9765319824219 179.26058959960938 558.9765319824219 276.18001556396484 470.91912841796875 276.18001556396484
469.74908447265625 178.4099884033203 558.4383087158203 178.4099884033203 558.4383087158203 276.28330993652344 469.74908447265625 276.28330993652344
471.62451171875 178.03372192382812 560.5281982421875 178.03372192382812 560.5281982421875 274.2104949951172 471.62451171875 274.2104949951172
472.9063415527344 176.17208862304688 561.5621719360352 176.17208862304688 561.5621719360352 273.15452575683594 472.9063415527344 273.15452575683594
475.0816345214844 177.81040954589844 562.6466445922852 177.81040954589844 562.6466445922852 274.7578811645508 475.0816345214844 274.7578811645508
473.0879821777344 178.3411102294922 562.181022644043 178.3411102294922 562.181022644043 273.4416961669922 473.0879821777344 273.4416961669922
476.1263122558594 177.86080932617188 562.4987640380859 177.86080932617188 562.4987640380859 273.03407287597656 476.1263122558594 273.03407287597656
474.86785888671875 178.6002655029297 561.8296203613281 178.6002655029297 561.8296203613281 271.95550537109375 474.86785888671875 271.95550537109375
476.314453125 178.0390625 563.0222625732422 178.0390625 563.0222625732422 271.49534606933594 476.314453125 271.49534606933594
475.99853515625 178.7910614013672 563.0393676757812 178.7910614013672 563.0393676757812 271.3656692504883 475.99853515625 271.3656692504883
476.78765869140625 178.1680450439453 563.2058868408203 178.1680450439453 563.2058868408203 271.341796875 476.78765869140625 271.341796875
473.3396911621094 180.2115020751953 560.1534957885742 180.2115020751953 560.1534957885742 273.20794677734375 473.3396911621094 273.20794677734375
472.1465759277344 179.50057983398438 558.005615234375 179.50057983398438 558.005615234375 272.7329559326172 472.1465759277344 272.7329559326172
473.18359375 178.32992553710938 560.9118499755859 178.32992553710938 560.9118499755859 272.69715881347656 473.18359375 272.69715881347656
475.10260009765625 178.78736877441406 561.5851287841797 178.78736877441406 561.5851287841797 273.5047912597656 475.10260009765625 273.5047912597656
474.87457275390625 176.2152557373047 561.7518920898438 176.2152557373047 561.7518920898438 271.62693786621094 474.87457275390625 271.62693786621094
473.6435546875 178.57626342773438 559.5276412963867 178.57626342773438 559.5276412963867 273.5337448120117 473.6435546875 273.5337448120117
473.8319396972656 178.1855010986328 560.0427856445312 178.1855010986328 560.0427856445312 272.7330322265625 473.8319396972656 272.7330322265625
474.26177978515625 178.61685180664062 559.8486938476562 178.61685180664062 559.8486938476562 274.90476989746094 474.26177978515625 274.90476989746094
475.109130859375 177.6450653076172 561.6505966186523 177.6450653076172 561.6505966186523 272.34812927246094 475.109130859375 272.34812927246094
477.78594970703125 176.97723388671875 562.9744415283203 176.97723388671875 562.9744415283203 272.40464782714844 477.78594970703125 272.40464782714844
474.2306213378906 177.80862426757812 561.0924377441406 177.80862426757812 561.0924377441406 272.1948776245117 474.2306213378906 272.1948776245117
475.4900817871094 178.01986694335938 560.346794128418 178.01986694335938 560.346794128418 272.0675354003906 475.4900817871094 272.0675354003906
472.80914306640625 177.47012329101562 559.3648223876953 177.47012329101562 559.3648223876953 274.01959228515625 472.80914306640625 274.01959228515625
473.638916015625 177.81570434570312 560.0502624511719 177.81570434570312 560.0502624511719 274.0634994506836 473.638916015625 274.0634994506836
474.75738525390625 178.63333129882812 560.8768768310547 178.63333129882812 560.8768768310547 274.85057830810547 474.75738525390625 274.85057830810547
474.23858642578125 177.8412628173828 560.1484832763672 177.8412628173828 560.1484832763672 273.52989196777344 474.23858642578125 273.52989196777344
477.2041015625 178.413330078125 562.7218780517578 178.413330078125 562.7218780517578 275.6285171508789 477.2041015625 275.6285171508789
473.5520935058594 177.69557189941406 561.0327301025391 177.69557189941406 561.0327301025391 274.2204895019531 473.5520935058594 274.2204895019531
473.60723876953125 178.85232543945312 561.2333602905273 178.85232543945312 561.2333602905273 274.3649368286133 473.60723876953125 274.3649368286133
473.0677185058594 179.609375 562.0330581665039 179.609375 562.0330581665039 274.0061798095703 473.0677185058594 274.0061798095703
476.42529296875 181.29025268554688 560.8804779052734 181.29025268554688 560.8804779052734 275.2036819458008 476.42529296875 275.2036819458008
476.59881591796875 181.14422607421875 560.1644515991211 181.14422607421875 560.1644515991211 273.8589630126953 476.59881591796875 273.8589630126953
477.16357421875 180.59555053710938 560.0533676147461 180.59555053710938 560.0533676147461 271.68238830566406 477.16357421875 271.68238830566406
475.7901306152344 181.567138671875 559.4216537475586 181.567138671875 559.4216537475586 272.79015350341797 475.7901306152344 272.79015350341797
475.93109130859375 181.94857788085938 559.5139923095703 181.94857788085938 559.5139923095703 275.3354034423828 475.93109130859375 275.3354034423828
472.39459228515625 183.4840087890625 560.8679962158203 183.4840087890625 560.8679962158203 276.6143493652344 472.39459228515625 276.6143493652344
469.6249084472656 183.13320922851562 555.5447769165039 183.13320922851562 555.5447769165039 276.00572204589844 469.6249084472656 276.00572204589844
466.4429626464844 183.8484649658203 551.1261901855469 183.8484649658203 551.1261901855469 274.83267974853516 466.4429626464844 274.83267974853516
466.4208984375 184.2723388671875 548.6152725219727 184.2723388671875 548.6152725219727 278.0365295410156 466.4208984375 278.0365295410156
465.38775634765625 184.6634063720703 545.4559326171875 184.6634063720703 545.4559326171875 281.8943099975586 465.38775634765625 281.8943099975586
465.2681579589844 181.21083068847656 542.3683319091797 181.21083068847656 542.3683319091797 278.9513854980469 465.2681579589844 278.9513854980469
462.31561279296875 181.27816772460938 540.4250946044922 181.27816772460938 540.4250946044922 280.78890228271484 462.31561279296875 280.78890228271484
460.50274658203125 181.35069274902344 540.5500640869141 181.35069274902344 540.5500640869141 280.26522064208984 460.50274658203125 280.26522064208984
460.7798767089844 182.28872680664062 544.3933563232422 182.28872680664062 544.3933563232422 279.8543243408203 460.7798767089844 279.8543243408203
456.25994873046875 182.60337829589844 542.7367324829102 182.60337829589844 542.7367324829102 278.6614074707031 456.25994873046875 278.6614074707031
456.16754150390625 179.5612030029297 547.4196319580078 179.5612030029297 547.4196319580078 277.34912109375 456.16754150390625 277.34912109375
458.3733825683594 182.3144073486328 546.1915130615234 182.3144073486328 546.1915130615234 279.1062927246094 458.3733825683594 279.1062927246094
457.4698791503906 181.0276336669922 544.9618530273438 181.0276336669922 544.9618530273438 278.03479766845703 457.4698791503906 278.03479766845703
455.8487854003906 180.94622802734375 543.6845016479492 180.94622802734375 543.6845016479492 276.75819396972656 455.8487854003906 276.75819396972656
457.76239013671875 183.6625518798828 543.8412322998047 183.6625518798828 543.8412322998047 279.43104553222656 457.76239013671875 279.43104553222656
455.00848388671875 180.7834930419922 543.4532623291016 180.7834930419922 543.4532623291016 278.47569274902344 455.00848388671875 278.47569274902344
454.63604736328125 180.6319122314453 543.2940979003906 180.6319122314453 543.2940979003906 279.3695373535156 454.63604736328125 279.3695373535156
454.199951171875 177.93585205078125 543.1193771362305 177.93585205078125 543.1193771362305 276.7887420654297 454.199951171875 276.7887420654297
456.11004638671875 177.01022338867188 543.6071166992188 177.01022338867188 543.6071166992188 277.3471374511719 456.11004638671875 277.3471374511719
457.81658935546875 181.03919982910156 545.4663391113281 181.03919982910156 545.4663391113281 279.7120056152344 457.81658935546875 279.7120056152344
457.06842041015625 180.87210083007812 543.6547393798828 180.87210083007812 543.6547393798828 279.07691955566406 457.06842041015625 279.07691955566406
457.5436096191406 180.87942504882812 544.1481170654297 180.87942504882812 544.1481170654297 278.49208068847656 457.5436096191406 278.49208068847656
458.73516845703125 180.40335083007812 545.0836486816406 180.40335083007812 545.0836486816406 278.85260009765625 458.73516845703125 278.85260009765625
458.4320373535156 180.0282440185547 542.3705139160156 180.0282440185547 542.3705139160156 278.02769470214844 458.4320373535156 278.02769470214844
461.004638671875 179.82986450195312 544.3151397705078 179.82986450195312 544.3151397705078 279.4231414794922 461.004638671875 279.4231414794922
462.21173095703125 178.8119659423828 544.8450775146484 178.8119659423828 544.8450775146484 276.3439636230469 462.21173095703125 276.3439636230469
465.0248107910156 179.92568969726562 545.8890838623047 179.92568969726562 545.8890838623047 278.5208206176758 465.0248107910156 278.5208206176758
465.72705078125 182.82803344726562 548.3024749755859 182.82803344726562 548.3024749755859 280.24351501464844 465.72705078125 280.24351501464844
466.689453125 181.81533813476562 550.9767608642578 181.81533813476562 550.9767608642578 276.6681671142578 466.689453125 276.6681671142578
467.649169921875 184.16270446777344 551.267951965332 184.16270446777344 551.267951965332 278.56787109375 467.649169921875 278.56787109375
470.05938720703125 183.94741821289062 550.7038116455078 183.94741821289062 550.7038116455078 277.8617172241211 470.05938720703125 277.8617172241211
469.189697265625 183.27639770507812 548.3026885986328 183.27639770507812 548.3026885986328 277.61329650878906 469.189697265625 277.61329650878906
469.08740234375 182.90830993652344 549.0428085327148 182.90830993652344 549.0428085327148 276.7294921875 469.08740234375 276.7294921875
467.842041015625 181.1119384765625 547.1381912231445 181.1119384765625 547.1381912231445 277.5600128173828 467.842041015625 277.5600128173828
468.11883544921875 179.8225860595703 548.2912216186523 179.8225860595703 548.2912216186523 277.49644470214844 468.11883544921875 277.49644470214844
468.1371154785156 180.84286499023438 548.3173751831055 180.84286499023438 548.3173751831055 277.0954360961914 468.1371154785156 277.0954360961914
468.0807189941406 180.25587463378906 547.0943145751953 180.25587463378906 547.0943145751953 276.1348190307617 468.0807189941406 276.1348190307617
468.67706298828125 181.1427764892578 547.7871475219727 181.1427764892578 547.7871475219727 276.99097442626953 468.67706298828125 276.99097442626953
469.82208251953125 183.46556091308594 548.6632690429688 183.46556091308594 548.6632690429688 277.1112060546875 469.82208251953125 277.1112060546875
471.31982421875 183.23822021484375 548.5157699584961 183.23822021484375 548.5157699584961 277.1466827392578 471.31982421875 277.1466827392578
470.65167236328125 183.04486083984375 550.4372634887695 183.04486083984375 550.4372634887695 278.7078094482422 470.65167236328125 278.7078094482422
469.62115478515625 183.15719604492188 549.234748840332 183.15719604492188 549.234748840332 277.64366149902344 469.62115478515625 277.64366149902344
470.01409912109375 182.76031494140625 549.4416656494141 182.76031494140625 549.4416656494141 277.9826202392578 470.01409912109375 277.9826202392578
470.4349060058594 183.40408325195312 551.1127166748047 183.40408325195312 551.1127166748047 277.8799591064453 470.4349060058594 277.8799591064453
470.498291015625 182.90640258789062 552.0288696289062 182.90640258789062 552.0288696289062 277.7687301635742 470.498291015625 277.7687301635742
470.10858154296875 183.68655395507812 549.4352569580078 183.68655395507812 549.4352569580078 277.9710159301758 470.10858154296875 277.9710159301758
468.14764404296875 182.7668914794922 548.2387542724609 182.7668914794922 548.2387542724609 277.9886474609375 468.14764404296875 277.9886474609375
469.6478576660156 182.56600952148438 549.3013229370117 182.56600952148438 549.3013229370117 276.7560577392578 469.6478576660156 276.7560577392578
468.2794494628906 182.8513946533203 548.6160736083984 182.8513946533203 548.6160736083984 274.6889343261719 468.2794494628906 274.6889343261719
466.16278076171875 183.8131866455078 545.2620239257812 183.8131866455078 545.2620239257812 275.79467010498047 466.16278076171875 275.79467010498047
465.8876037597656 182.14175415039062 545.2004547119141 182.14175415039062 545.2004547119141 273.8800811767578 465.8876037597656 273.8800811767578
463.9165954589844 182.86941528320312 541.2630386352539 182.86941528320312 541.2630386352539 274.2188262939453 463.9165954589844 274.2188262939453
459.753173828125 183.87835693359375 538.6058731079102 183.87835693359375 538.6058731079102 276.3324737548828 459.753173828125 276.3324737548828
458.59149169921875 179.90699768066406 533.5813293457031 179.90699768066406 533.5813293457031 275.3098449707031 458.59149169921875 275.3098449707031
457.7627868652344 180.00094604492188 533.2002716064453 180.00094604492188 533.2002716064453 275.7095489501953 457.7627868652344 275.7095489501953
454.93572998046875 182.54248046875 529.2832336425781 182.54248046875 529.2832336425781 277.6578598022461 454.93572998046875 277.6578598022461
452.30303955078125 184.4798126220703 525.8175582885742 184.4798126220703 525.8175582885742 275.95916748046875 452.30303955078125 275.95916748046875
436.41607666015625 177.70013427734375 510.0168914794922 177.70013427734375 510.0168914794922 267.8799743652344 436.41607666015625 267.8799743652344
431.47418212890625 175.3300018310547 505.40015411376953 175.3300018310547 505.40015411376953 269.2588348388672 431.47418212890625 269.2588348388672
417.17962646484375 178.19430541992188 498.0026397705078 178.19430541992188 498.0026397705078 266.1483688354492 417.17962646484375 266.1483688354492
405.58404541015625 179.3220672607422 488.27205657958984 179.3220672607422 488.27205657958984 266.6914978027344 405.58404541015625 266.6914978027344
399.32904052734375 176.7216339111328 484.2644271850586 176.7216339111328 484.2644271850586 268.2566452026367 399.32904052734375 268.2566452026367
388.44451904296875 178.04428100585938 473.2249526977539 178.04428100585938 473.2249526977539 267.24517822265625 388.44451904296875 267.24517822265625
378.3031311035156 179.28514099121094 461.9710159301758 179.28514099121094 461.9710159301758 267.6726379394531 378.3031311035156 267.6726379394531
361.63897705078125 180.39230346679688 446.457275390625 180.39230346679688 446.457275390625 263.9129943847656 361.63897705078125 263.9129943847656
332.1831970214844 180.38429260253906 419.6118469238281 180.38429260253906 419.6118469238281 267.30531311035156 332.1831970214844 267.30531311035156
329.233642578125 180.3024139404297 416.72467041015625 180.3024139404297 416.72467041015625 268.28948974609375 329.233642578125 268.28948974609375
319.09747314453125 179.32522583007812 408.61656188964844 179.32522583007812 408.61656188964844 265.64854431152344 319.09747314453125 265.64854431152344
314.29742431640625 179.17984008789062 402.88399505615234 179.17984008789062 402.88399505615234 265.26429748535156 314.29742431640625 265.26429748535156
305.96063232421875 179.79196166992188 395.12422943115234 179.79196166992188 395.12422943115234 264.43029022216797 305.96063232421875 264.43029022216797
298.92608642578125 181.91810607910156 388.67250061035156 181.91810607910156 388.67250061035156 267.33338928222656 298.92608642578125 267.33338928222656
289.0634765625 179.8441619873047 380.12107849121094 179.8441619873047 380.12107849121094 266.42724609375 289.0634765625 266.42724609375
275.10235595703125 174.5653533935547 372.2022247314453 174.5653533935547 372.2022247314453 261.3201141357422 275.10235595703125 261.3201141357422
269.09039306640625 176.61209106445312 364.3494415283203 176.61209106445312 364.3494415283203 264.86134338378906 269.09039306640625 264.86134338378906
267.3699645996094 174.7481689453125 360.3375244140625 174.7481689453125 360.3375244140625 267.3363265991211 267.3699645996094 267.3363265991211
264.34185791015625 177.44068908691406 354.14392852783203 177.44068908691406 354.14392852783203 270.96883392333984 264.34185791015625 270.96883392333984
255.91226196289062 179.4508819580078 347.5325012207031 179.4508819580078 347.5325012207031 273.2442169189453 255.91226196289062 273.2442169189453
248.0359344482422 183.89572143554688 339.81707763671875 183.89572143554688 339.81707763671875 276.2739562988281 248.0359344482422 276.2739562988281
231.7884063720703 190.36683654785156 331.58367919921875 190.36683654785156 331.58367919921875 281.6137008666992 231.7884063720703 281.6137008666992
226.5566864013672 193.56228637695312 323.44200134277344 193.56228637695312 323.44200134277344 282.8324432373047 226.5566864013672 282.8324432373047
223.9248046875 197.53250122070312 318.48081970214844 197.53250122070312 318.48081970214844 285.24385833740234 223.9248046875 285.24385833740234
221.70620727539062 199.36019897460938 312.63404846191406 199.36019897460938 312.63404846191406 287.9051055908203 221.70620727539062 287.9051055908203
218.48556518554688 200.08233642578125 309.81739807128906 200.08233642578125 309.81739807128906 290.02398681640625 218.48556518554688 290.02398681640625
215.19168090820312 199.77178955078125 305.9317626953125 199.77178955078125 305.9317626953125 289.1680450439453 215.19168090820312 289.1680450439453
211.73184204101562 204.1672821044922 303.2501983642578 204.1672821044922 303.2501983642578 293.05206298828125 211.73184204101562 293.05206298828125
209.9951171875 208.28775024414062 299.2063293457031 208.28775024414062 299.2063293457031 297.5173645019531 209.9951171875 297.5173645019531
208.2186279296875 208.3747100830078 296.7031936645508 208.3747100830078 296.7031936645508 299.64842224121094 208.2186279296875 299.64842224121094
203.4051971435547 209.780029296875 294.9120788574219 209.780029296875 294.9120788574219 301.1534423828125 203.4051971435547 301.1534423828125
200.7061309814453 212.9496307373047 290.1819305419922 212.9496307373047 290.1819305419922 302.09143829345703 200.7061309814453 302.09143829345703
195.99575805664062 215.4438934326172 287.59608459472656 215.4438934326172 287.59608459472656 306.114013671875 195.99575805664062 306.114013671875
192.3963623046875 218.78170776367188 283.2223129272461 218.78170776367188 283.2223129272461 310.52703857421875 192.3963623046875 310.52703857421875
184.4488983154297 218.49746704101562 278.43898010253906 218.49746704101562 278.43898010253906 311.8180618286133 184.4488983154297 311.8180618286133
179.24038696289062 221.8980712890625 272.15148162841797 221.8980712890625 272.15148162841797 316.02713775634766 179.24038696289062 316.02713775634766
167.3527374267578 222.80419921875 264.3089370727539 222.80419921875 264.3089370727539 316.56851959228516 167.3527374267578 316.56851959228516
162.5210418701172 227.2754364013672 256.8562469482422 227.2754364013672 256.8562469482422 323.0252914428711 162.5210418701172 323.0252914428711
148.11044311523438 229.4759521484375 244.73141479492188 229.4759521484375 244.73141479492188 325.91585540771484 148.11044311523438 325.91585540771484
139.99313354492188 235.5166778564453 239.94041442871094 235.5166778564453 239.94041442871094 334.57530212402344 139.99313354492188 334.57530212402344
122.38432312011719 236.9624481201172 227.1082000732422 236.9624481201172 227.1082000732422 339.8527069091797 122.38432312011719 339.8527069091797
107.9560775756836 242.08944702148438 218.12166595458984 242.08944702148438 218.12166595458984 345.9698944091797 107.9560775756836 345.9698944091797
103.23356628417969 242.87081909179688 209.79402923583984 242.87081909179688 209.79402923583984 353.5994338989258 103.23356628417969 353.5994338989258
86.27534484863281 248.80282592773438 196.4185562133789 248.80282592773438 196.4185562133789 359.8715362548828 86.27534484863281 359.8715362548828
22.22696304321289 269.80438232421875 139.28571701049805 269.80438232421875 139.28571701049805 376.6843719482422 22.22696304321289 376.6843719482422
17.915063858032227 274.00897216796875 136.32750129699707 274.00897216796875 136.32750129699707 382.12493896484375 17.915063858032227 382.12493896484375
0.0 283.400390625 118.4097900390625 283.400390625 118.4097900390625 391.5139389038086 0.0 391.5139389038086
0.0 290.2747802734375 116.3792953491211 290.2747802734375 116.3792953491211 396.53438568115234 0.0 396.53438568115234
