206.0 174.0 277.0 174.0 277.0 231.0 206.0 231.0
206.07861328125 172.9529571533203 277.5639419555664 172.9529571533203 277.5639419555664 230.63299179077148 206.07861328125 230.63299179077148
206.1483917236328 174.49972534179688 276.88407135009766 174.49972534179688 276.88407135009766 232.26384735107422 206.1483917236328 232.26384735107422
205.88134765625 174.29283142089844 276.9775390625 174.29283142089844 276.9775390625 232.2470474243164 205.88134765625 232.2470474243164
206.09359741210938 173.4951171875 277.8695526123047 173.4951171875 277.8695526123047 231.18328857421875 206.09359741210938 231.18328857421875
205.7480010986328 173.89259338378906 277.97308349609375 173.89259338378906 277.97308349609375 231.6714210510254 205.7480010986328 231.6714210510254
205.5625457763672 174.01467895507812 278.28465270996094 174.01467895507812 278.28465270996094 231.10313034057617 205.5625457763672 231.10313034057617
205.53854370117188 173.427734375 278.0202941894531 173.427734375 278.0202941894531 232.1107292175293 205.53854370117188 232.1107292175293
205.7248077392578 173.31544494628906 277.3812484741211 173.31544494628906 277.3812484741211 231.64629364013672 205.7248077392578 231.64629364013672
206.5390167236328 173.73043823242188 278.11937713623047 173.73043823242188 278.11937713623047 231.41486358642578 206.5390167236328 231.41486358642578
205.77395629882812 173.46951293945312 277.1468963623047 173.46951293945312 277.1468963623047 231.65880584716797 205.77395629882812 231.65880584716797
205.39620971679688 173.91561889648438 277.01871490478516 173.91561889648438 277.01871490478516 231.14923095703125 205.39620971679688 231.14923095703125
206.01095581054688 173.7820281982422 278.2372589111328 173.7820281982422 278.2372589111328 231.55666732788086 206.01095581054688 231.55666732788086
206.4113006591797 173.89346313476562 277.3970642089844 173.89346313476562 277.3970642089844 231.66552734375 206.4113006591797 231.66552734375
205.45681762695312 174.28665161132812 277.48426055908203 174.28665161132812 277.48426055908203 231.16404342651367 205.45681762695312 231.16404342651367
205.29214477539062 173.7679901123047 277.3603515625 173.7679901123047 277.3603515625 230.91184997558594 205.29214477539062 230.91184997558594
205.48110961914062 174.1760711669922 277.6685256958008 174.1760711669922 277.6685256958008 230.69745254516602 205.48110961914062 230.69745254516602
205.49404907226562 174.01806640625 276.9097366333008 174.01806640625 276.9097366333008 230.85753631591797 205.49404907226562 230.85753631591797
205.6597900390625 174.6708526611328 277.60618591308594 174.6708526611328 277.60618591308594 231.07706451416016 205.6597900390625 231.07706451416016
206.5271759033203 174.5401611328125 277.1329879760742 174.5401611328125 277.1329879760742 231.44540405273438 206.5271759033203 231.44540405273438
204.76858520507812 174.2119598388672 277.9302520751953 174.2119598388672 277.9302520751953 231.53993225097656 204.76858520507812 231.53993225097656
205.9625244140625 173.53665161132812 277.86678314208984 173.53665161132812 277.86678314208984 230.61867141723633 205.9625244140625 230.61867141723633
206.2836456298828 173.58055114746094 277.45387268066406 173.58055114746094 277.45387268066406 230.91681289672852 206.2836456298828 230.91681289672852
205.42227172851562 174.2667999267578 277.5145721435547 174.2667999267578 277.5145721435547 231.42868423461914 205.42227172851562 231.42868423461914
205.5877685546875 174.51254272460938 277.67943572998047 174.51254272460938 277.67943572998047 232.48798751831055 205.5877685546875 232.48798751831055
205.7664031982422 174.5825958251953 276.9978561401367 174.5825958251953 276.9978561401367 232.67419815063477 205.7664031982422 232.67419815063477
204.80892944335938 173.90484619140625 279.2563934326172 173.90484619140625 279.2563934326172 231.46355056762695 204.80892944335938 231.46355056762695
206.3282012939453 174.0332794189453 277.6285858154297 174.0332794189453 277.6285858154297 231.5659942626953 206.3282012939453 231.5659942626953
205.099853515625 174.39675903320312 277.0379180908203 174.39675903320312 277.0379180908203 233.5706901550293 205.099853515625 233.5706901550293
205.6546630859375 174.99234008789062 277.7718048095703 174.99234008789062 277.7718048095703 233.6483154296875 205.6546630859375 233.6483154296875
205.0345458984375 175.65957641601562 278.57029724121094 175.65957641601562 278.57029724121094 232.77686309814453 205.0345458984375 232.77686309814453
203.44363403320312 174.94137573242188 277.42830657958984 174.94137573242188 277.42830657958984 232.2238540649414 203.44363403320312 232.2238540649414
204.35328674316406 174.6318817138672 276.2402877807617 174.6318817138672 276.2402877807617 231.19823455810547 204.35328674316406 231.19823455810547
203.47268676757812 175.87197875976562 276.2958068847656 175.87197875976562 276.2958068847656 231.58876419067383 203.47268676757812 231.58876419067383
201.82589721679688 176.0891876220703 275.19567108154297 176.0891876220703 275.19567108154297 232.07158660888672 201.82589721679688 232.07158660888672
200.4661102294922 174.57125854492188 278.13768768310547 174.57125854492188 278.13768768310547 230.2114028930664 200.4661102294922 230.2114028930664
196.8661651611328 174.3347930908203 277.7315673828125 174.3347930908203 277.7315673828125 229.26194763183594 196.8661651611328 229.26194763183594
202.20970153808594 172.5813446044922 278.2168884277344 172.5813446044922 278.2168884277344 228.03932189941406 202.20970153808594 228.03932189941406
202.97467041015625 173.5052032470703 276.5907287597656 173.5052032470703 276.5907287597656 229.40298080444336 202.97467041015625 229.40298080444336
203.41769409179688 173.7757110595703 277.1554718017578 173.7757110595703 277.1554718017578 230.01608657836914 203.41769409179688 230.01608657836914
205.20059204101562 174.69216918945312 276.6950454711914 174.69216918945312 276.6950454711914 231.2221450805664 205.20059204101562 231.2221450805664
204.6891326904297 175.13894653320312 277.67955017089844 175.13894653320312 277.67955017089844 231.83794021606445 204.6891326904297 231.83794021606445
205.4814910888672 173.94679260253906 277.7036437988281 173.94679260253906 277.7036437988281 231.7976837158203 205.4814910888672 231.7976837158203
204.02932739257812 174.1243438720703 277.78348541259766 174.1243438720703 277.78348541259766 231.3707618713379 204.02932739257812 231.3707618713379
204.6085662841797 173.66220092773438 278.00814056396484 173.66220092773438 278.00814056396484 230.88785552978516 204.6085662841797 230.88785552978516
205.34561157226562 173.86166381835938 278.60657501220703 173.86166381835938 278.60657501220703 231.82596969604492 205.34561157226562 231.82596969604492
205.52359008789062 174.12631225585938 278.40989685058594 174.12631225585938 278.40989685058594 231.8516616821289 205.52359008789062 231.8516616821289
205.8798065185547 174.60684204101562 278.01214599609375 174.60684204101562 278.01214599609375 231.41092681884766 205.8798065185547 231.41092681884766
205.8986053466797 173.94366455078125 278.52960205078125 173.94366455078125 278.52960205078125 230.61030197143555 205.8986053466797 230.61030197143555
205.3336944580078 173.36697387695312 276.8906936645508 173.36697387695312 276.8906936645508 231.17317962646484 205.3336944580078 231.17317962646484
205.26815795898438 173.46676635742188 277.93375396728516 173.46676635742188 277.93375396728516 230.70989227294922 205.26815795898438 230.70989227294922
205.45156860351562 174.0450897216797 277.80421447753906 174.0450897216797 277.80421447753906 231.4724464416504 205.45156860351562 231.4724464416504
206.2521209716797 173.50064086914062 277.6480941772461 173.50064086914062 277.6480941772461 231.66809844970703 206.2521209716797 231.66809844970703
205.28076171875 174.1428985595703 277.5153121948242 174.1428985595703 277.5153121948242 231.26750946044922 205.28076171875 231.26750946044922
204.87393188476562 172.99917602539062 277.45458984375 172.99917602539062 277.45458984375 230.8611068725586 204.87393188476562 230.8611068725586
205.50747680664062 173.17105102539062 276.8214340209961 173.17105102539062 276.8214340209961 231.21453094482422 205.50747680664062 231.21453094482422
205.67849731445312 174.0495147705078 277.65394592285156 174.0495147705078 277.65394592285156 231.49890518188477 205.67849731445312 231.49890518188477
205.88638305664062 174.1641845703125 277.3651351928711 174.1641845703125 277.3651351928711 231.78742599487305 205.88638305664062 231.78742599487305
204.6906280517578 174.12570190429688 277.8959426879883 174.12570190429688 277.8959426879883 231.67652130126953 204.6906280517578 231.67652130126953
205.37478637695312 173.64190673828125 278.0127410888672 173.64190673828125 278.0127410888672 231.01455688476562 205.37478637695312 231.01455688476562
205.353759765625 173.9746856689453 276.83656311035156 173.9746856689453 276.83656311035156 230.86416244506836 205.353759765625 230.86416244506836
206.22671508789062 173.68771362304688 278.1852340698242 173.68771362304688 278.1852340698242 231.1751594543457 206.22671508789062 231.1751594543457
205.81661987304688 174.48243713378906 277.3676223754883 174.48243713378906 277.3676223754883 231.4936180114746 205.81661987304688 231.4936180114746
206.10986328125 174.52500915527344 278.1267776489258 174.52500915527344 278.1267776489258 231.98407363891602 206.10986328125 231.98407363891602
205.83694458007812 174.1564178466797 278.45970916748047 174.1564178466797 278.45970916748047 231.0784454345703 205.83694458007812 231.0784454345703
206.30288696289062 172.94461059570312 276.9668731689453 172.94461059570312 276.9668731689453 230.89752960205078 206.30288696289062 230.89752960205078
205.5283966064453 173.7729034423828 277.47874450683594 173.7729034423828 277.47874450683594 230.5659942626953 205.5283966064453 230.5659942626953
205.439453125 172.77879333496094 277.5627899169922 172.77879333496094 277.5627899169922 231.23711395263672 205.439453125 231.23711395263672
205.67807006835938 174.21630859375 277.83008575439453 174.21630859375 277.83008575439453 231.8046875 205.67807006835938 231.8046875
206.18698120117188 174.210205078125 277.6571502685547 174.210205078125 277.6571502685547 231.8795166015625 206.18698120117188 231.8795166015625
204.98867797851562 173.97752380371094 277.99646759033203 173.97752380371094 277.99646759033203 231.08008193969727 204.98867797851562 231.08008193969727
205.6592559814453 172.64744567871094 278.15245056152344 172.64744567871094 278.15245056152344 230.8157615661621 205.6592559814453 230.8157615661621
205.2774200439453 173.25787353515625 277.6564025878906 173.25787353515625 277.6564025878906 230.18289184570312 205.2774200439453 230.18289184570312
205.64212036132812 173.4434356689453 277.80516052246094 173.4434356689453 277.80516052246094 230.7939224243164 205.64212036132812 230.7939224243164
205.7644500732422 173.35997009277344 277.58538818359375 173.35997009277344 277.58538818359375 231.2555809020996 205.7644500732422 231.2555809020996
205.46435546875 174.92276000976562 277.1358871459961 174.92276000976562 277.1358871459961 232.0310287475586 205.46435546875 232.0310287475586
205.093017578125 173.8697967529297 278.614013671875 173.8697967529297 278.614013671875 230.73254013061523 205.093017578125 230.73254013061523
205.9732666015625 173.33041381835938 277.2745361328125 173.33041381835938 277.2745361328125 230.3000259399414 205.9732666015625 230.3000259399414
205.51171875 173.2916259765625 277.19840240478516 173.2916259765625 277.19840240478516 230.63173294067383 205.51171875 230.63173294067383
205.73214721679688 173.19822692871094 277.34349060058594 173.19822692871094 277.34349060058594 231.36849212646484 205.73214721679688 231.36849212646484
205.75149536132812 174.09512329101562 278.53308868408203 174.09512329101562 278.53308868408203 231.31685256958008 205.75149536132812 231.31685256958008
206.02664184570312 174.2796630859375 277.97484588623047 174.2796630859375 277.97484588623047 231.72895431518555 206.02664184570312 231.72895431518555
205.8978729248047 173.4344940185547 277.5453186035156 173.4344940185547 277.5453186035156 230.77698516845703 205.8978729248047 230.77698516845703
205.77969360351562 173.5606231689453 276.88402557373047 173.5606231689453 276.88402557373047 230.30847930908203 205.77969360351562 230.30847930908203
205.48959350585938 173.59353637695312 277.99158477783203 173.59353637695312 277.99158477783203 230.28471755981445 205.48959350585938 230.28471755981445
205.8165283203125 173.67031860351562 277.7960739135742 173.67031860351562 277.7960739135742 230.8104248046875 205.8165283203125 230.8104248046875
205.829345703125 174.6970672607422 278.34765625 174.6970672607422 278.34765625 231.92101287841797 205.829345703125 231.92101287841797
205.8105926513672 173.88665771484375 277.6910629272461 173.88665771484375 277.6910629272461 231.14600372314453 205.8105926513672 231.14600372314453
205.4134521484375 173.64376831054688 277.18804931640625 173.64376831054688 277.18804931640625 230.65221405029297 205.4134521484375 230.65221405029297
205.6398162841797 173.4710235595703 277.5419464111328 173.4710235595703 277.5419464111328 230.76024627685547 205.6398162841797 230.76024627685547
205.9182891845703 173.5896453857422 277.94547271728516 173.5896453857422 277.94547271728516 231.6870880126953 205.9182891845703 231.6870880126953
205.6754913330078 173.82345581054688 278.1001510620117 173.82345581054688 278.1001510620117 231.33127975463867 205.6754913330078 231.33127975463867
206.1527099609375 173.4644317626953 277.7393112182617 173.4644317626953 277.7393112182617 231.16254043579102 206.1527099609375 231.16254043579102
205.4136505126953 173.31956481933594 277.18678283691406 173.31956481933594 277.18678283691406 230.98034286499023 205.4136505126953 230.98034286499023
204.87265014648438 174.75010681152344 277.7521438598633 174.75010681152344 277.7521438598633 232.43257904052734 204.87265014648438 232.43257904052734
205.60934448242188 174.6590576171875 277.8551025390625 174.6590576171875 277.8551025390625 231.50684356689453 205.60934448242188 231.50684356689453
205.37741088867188 174.18740844726562 277.93505096435547 174.18740844726562 277.93505096435547 230.69928741455078 205.37741088867188 230.69928741455078
206.1864471435547 173.81239318847656 277.7816390991211 173.81239318847656 277.7816390991211 230.0353126525879 206.1864471435547 230.0353126525879
205.3651885986328 173.4336700439453 277.62872314453125 173.4336700439453 277.62872314453125 231.2050323486328 205.3651885986328 231.2050323486328
205.7523193359375 174.29022216796875 277.99129486083984 174.29022216796875 277.99129486083984 232.22579193115234 205.7523193359375 232.22579193115234
205.41061401367188 173.85162353515625 277.2096710205078 173.85162353515625 277.2096710205078 231.43174362182617 205.41061401367188 231.43174362182617
205.94448852539062 174.31497192382812 277.74427795410156 174.31497192382812 277.74427795410156 230.7833480834961 205.94448852539062 230.7833480834961
205.7848358154297 173.51644897460938 277.85645294189453 173.51644897460938 277.85645294189453 231.01585006713867 205.7848358154297 231.01585006713867
205.5417938232422 173.6646270751953 277.74466705322266 173.6646270751953 277.74466705322266 231.7595977783203 205.5417938232422 231.7595977783203
204.8914337158203 175.02182006835938 278.31229400634766 175.02182006835938 278.31229400634766 232.04718017578125 204.8914337158203 232.04718017578125
205.00711059570312 173.7684326171875 278.23388671875 173.7684326171875 278.23388671875 231.86008834838867 205.00711059570312 231.86008834838867
205.7500457763672 173.39939880371094 277.9445571899414 173.39939880371094 277.9445571899414 230.3218231201172 205.7500457763672 230.3218231201172
205.02603149414062 173.44473266601562 277.2809753417969 173.44473266601562 277.2809753417969 230.10073852539062 205.02603149414062 230.10073852539062
205.7279510498047 173.65655517578125 277.51525115966797 173.65655517578125 277.51525115966797 231.38321685791016 205.7279510498047 231.38321685791016
205.6321258544922 174.38882446289062 278.0065155029297 174.38882446289062 278.0065155029297 231.98537063598633 205.6321258544922 231.98537063598633
205.61141967773438 174.49269104003906 277.6461715698242 174.49269104003906 277.6461715698242 231.50426483154297 205.61141967773438 231.50426483154297
205.82595825195312 173.1188201904297 277.1184997558594 173.1188201904297 277.1184997558594 231.02414321899414 205.82595825195312 231.02414321899414
205.5930633544922 173.57174682617188 277.8312225341797 173.57174682617188 277.8312225341797 230.98648834228516 205.5930633544922 230.98648834228516
205.78524780273438 173.4534454345703 278.04528045654297 173.4534454345703 278.04528045654297 231.63100814819336 205.78524780273438 231.63100814819336
205.04110717773438 174.8726806640625 277.66856384277344 174.8726806640625 277.66856384277344 232.0499038696289 205.04110717773438 232.0499038696289
204.9388427734375 173.35324096679688 278.27941131591797 173.35324096679688 278.27941131591797 231.63751983642578 204.9388427734375 231.63751983642578
206.02969360351562 173.6671905517578 277.6102066040039 173.6671905517578 277.6102066040039 231.1374740600586 206.02969360351562 231.1374740600586
205.76766967773438 173.52944946289062 277.20052337646484 173.52944946289062 277.20052337646484 230.3403205871582 205.76766967773438 230.3403205871582
205.65414428710938 174.44000244140625 278.18509674072266 174.44000244140625 278.18509674072266 232.26552200317383 205.65414428710938 232.26552200317383
205.0908203125 175.237548828125 278.0737609863281 175.237548828125 278.0737609863281 231.90230178833008 205.0908203125 231.90230178833008
204.77700805664062 174.34568786621094 277.68016052246094 174.34568786621094 277.68016052246094 231.71743392944336 204.77700805664062 231.71743392944336
204.6517791748047 173.1339111328125 277.76947021484375 173.1339111328125 277.76947021484375 230.56918334960938 204.6517791748047 230.56918334960938
205.29324340820312 173.76473999023438 278.55139923095703 173.76473999023438 278.55139923095703 230.83457565307617 205.29324340820312 230.83457565307617
205.10244750976562 174.25967407226562 277.67620849609375 174.25967407226562 277.67620849609375 231.32137298583984 205.10244750976562 231.32137298583984
204.84103393554688 173.8248291015625 277.5606231689453 173.8248291015625 277.5606231689453 231.28579711914062 204.84103393554688 231.28579711914062
205.28335571289062 173.72686767578125 277.2366256713867 173.72686767578125 277.2366256713867 230.70899200439453 205.28335571289062 230.70899200439453
205.32083129882812 173.8470001220703 277.38966369628906 173.8470001220703 277.38966369628906 231.15359115600586 205.32083129882812 231.15359115600586
205.4230499267578 173.2804412841797 278.28543853759766 173.2804412841797 278.28543853759766 230.7560272216797 205.4230499267578 230.7560272216797
205.5486602783203 174.60494995117188 278.3437271118164 174.60494995117188 278.3437271118164 232.1245346069336 205.5486602783203 232.1245346069336
205.6292266845703 174.6056365966797 277.4878921508789 174.6056365966797 277.4878921508789 232.06403350830078 205.6292266845703 232.06403350830078
204.70912170410156 173.3452911376953 278.14111328125 173.3452911376953 278.14111328125 230.1396713256836 204.70912170410156 230.1396713256836
205.56130981445312 173.12344360351562 277.2229537963867 173.12344360351562 277.2229537963867 231.30850219726562 205.56130981445312 231.30850219726562
205.77731323242188 173.3457794189453 277.35778045654297 173.3457794189453 277.35778045654297 230.70334243774414 205.77731323242188 230.70334243774414
205.75546264648438 173.54513549804688 278.2877960205078 173.54513549804688 278.2877960205078 232.19488525390625 205.75546264648438 232.19488525390625
205.7703857421875 173.7099151611328 277.58028411865234 173.7099151611328 277.58028411865234 230.8158950805664 205.7703857421875 230.8158950805664
205.05029296875 173.398193359375 277.34912109375 173.398193359375 277.34912109375 231.03938674926758 205.05029296875 231.03938674926758
204.29019165039062 172.76773071289062 278.8716049194336 172.76773071289062 278.8716049194336 230.3095703125 204.29019165039062 230.3095703125
205.9241180419922 174.4073028564453 278.7884826660156 174.4073028564453 278.7884826660156 231.79058456420898 205.9241180419922 231.79058456420898
205.2250213623047 174.33782958984375 277.8653564453125 174.33782958984375 277.8653564453125 232.25062942504883 205.2250213623047 232.25062942504883
205.6526641845703 174.46511840820312 278.5543670654297 174.46511840820312 278.5543670654297 231.93392944335938 205.6526641845703 231.93392944335938
205.4153289794922 172.5420684814453 276.7842712402344 172.5420684814453 276.7842712402344 229.89043807983398 205.4153289794922 229.89043807983398
204.9900360107422 173.59970092773438 278.70062255859375 173.59970092773438 278.70062255859375 230.84983444213867 204.9900360107422 230.84983444213867
205.1695098876953 173.91151428222656 277.7440719604492 173.91151428222656 277.7440719604492 231.1799774169922 205.1695098876953 231.1799774169922
205.5927276611328 174.502197265625 278.9933624267578 174.502197265625 278.9933624267578 233.6912612915039 205.5927276611328 233.6912612915039
204.88449096679688 175.09254455566406 278.31455993652344 175.09254455566406 278.31455993652344 232.8336944580078 204.88449096679688 232.8336944580078
201.22677612304688 175.05963134765625 279.5691604614258 175.05963134765625 279.5691604614258 233.29787063598633 201.22677612304688 233.29787063598633
200.889404296875 175.228759765625 279.38793182373047 175.228759765625 279.38793182373047 232.95281982421875 200.889404296875 232.95281982421875
199.43423461914062 175.80230712890625 277.3917999267578 175.80230712890625 277.3917999267578 232.8005599975586 199.43423461914062 232.8005599975586
197.21104431152344 175.51535034179688 277.10693359375 175.51535034179688 277.10693359375 234.13236236572266 197.21104431152344 234.13236236572266
196.20999145507812 175.5050506591797 275.48741149902344 175.5050506591797 275.48741149902344 233.6258316040039 196.20999145507812 233.6258316040039
190.73849487304688 170.57894897460938 270.1165237426758 170.57894897460938 270.1165237426758 234.3049201965332 190.73849487304688 234.3049201965332
184.81248474121094 164.74185180664062 265.2012939453125 164.74185180664062 265.2012939453125 229.279296875 184.81248474121094 229.279296875
187.139404296875 164.45716857910156 266.14111328125 164.45716857910156 266.14111328125 227.8810272216797 187.139404296875 227.8810272216797
194.9601593017578 174.57147216796875 276.05384826660156 174.57147216796875 276.05384826660156 229.3956184387207 194.9601593017578 229.3956184387207
198.9433135986328 176.8167266845703 284.7104797363281 176.8167266845703 284.7104797363281 230.4430809020996 198.9433135986328 230.4430809020996
199.66311645507812 175.23837280273438 281.6227493286133 175.23837280273438 281.6227493286133 231.5378646850586 199.66311645507812 231.5378646850586
203.5617218017578 174.89895629882812 278.39990234375 174.89895629882812 278.39990234375 230.98814010620117 203.5617218017578 230.98814010620117
204.38084411621094 175.337646484375 278.3947982788086 175.337646484375 278.3947982788086 232.8080062866211 204.38084411621094 232.8080062866211
205.24267578125 175.50704956054688 278.5740432739258 175.50704956054688 278.5740432739258 233.2299690246582 205.24267578125 233.2299690246582
205.1136474609375 173.99380493164062 278.36195373535156 173.99380493164062 278.36195373535156 230.98178100585938 205.1136474609375 230.98178100585938
205.5232696533203 174.1006622314453 277.9361572265625 174.1006622314453 277.9361572265625 230.94102478027344 205.5232696533203 230.94102478027344
205.36141967773438 173.5935821533203 277.28369140625 173.5935821533203 277.28369140625 230.88636779785156 205.36141967773438 230.88636779785156
206.46035766601562 174.01699829101562 277.5411682128906 174.01699829101562 277.5411682128906 231.93671798706055 206.46035766601562 231.93671798706055
205.86459350585938 174.6180419921875 277.3680191040039 174.6180419921875 277.3680191040039 231.8970832824707 205.86459350585938 231.8970832824707
204.74887084960938 174.14663696289062 278.2810745239258 174.14663696289062 278.2810745239258 230.93953323364258 204.74887084960938 230.93953323364258
205.87167358398438 173.2484588623047 277.3185577392578 173.2484588623047 277.3185577392578 230.67101669311523 205.87167358398438 230.67101669311523
205.18994140625 173.08505249023438 276.9389877319336 173.08505249023438 276.9389877319336 230.79232025146484 205.18994140625 230.79232025146484
204.7978973388672 174.09689331054688 277.79107666015625 174.09689331054688 277.79107666015625 232.18990325927734 204.7978973388672 232.18990325927734
204.95285034179688 174.03793334960938 278.25145721435547 174.03793334960938 278.25145721435547 231.50738525390625 204.95285034179688 231.50738525390625
205.33816528320312 173.07029724121094 277.61370849609375 173.07029724121094 277.61370849609375 231.74670791625977 205.33816528320312 231.74670791625977
205.2737274169922 172.57135009765625 277.324951171875 172.57135009765625 277.324951171875 230.9224853515625 205.2737274169922 230.9224853515625
206.3692626953125 173.29957580566406 277.58616638183594 173.29957580566406 277.58616638183594 231.22988510131836 206.3692626953125 231.22988510131836
205.9907684326172 174.13623046875 277.44824981689453 174.13623046875 277.44824981689453 231.9237174987793 205.9907684326172 231.9237174987793
205.3213348388672 173.62435913085938 277.4642639160156 173.62435913085938 277.4642639160156 231.55846405029297 205.3213348388672 231.55846405029297
205.4456329345703 173.29330444335938 277.1858367919922 173.29330444335938 277.1858367919922 230.71261596679688 205.4456329345703 230.71261596679688
205.45205688476562 173.41563415527344 277.1887893676758 173.41563415527344 277.1887893676758 230.97551727294922 205.45205688476562 230.97551727294922
205.58706665039062 173.56919860839844 277.1686325073242 173.56919860839844 277.1686325073242 231.01739883422852 205.58706665039062 231.01739883422852
205.37557983398438 174.70205688476562 278.0540084838867 174.70205688476562 278.0540084838867 232.29954147338867 205.37557983398438 232.29954147338867
205.4970703125 173.64633178710938 277.04564666748047 173.64633178710938 277.04564666748047 231.07362747192383 205.4970703125 231.07362747192383
205.2798309326172 172.9483184814453 277.31201171875 172.9483184814453 277.31201171875 230.4820327758789 205.2798309326172 230.4820327758789
205.5403594970703 173.74349975585938 277.34586334228516 173.74349975585938 277.34586334228516 231.13563919067383 205.5403594970703 231.13563919067383
205.89370727539062 173.9689178466797 278.26995849609375 173.9689178466797 278.26995849609375 231.68210220336914 205.89370727539062 231.68210220336914
204.9059600830078 174.04153442382812 278.11283111572266 174.04153442382812 278.11283111572266 231.56717681884766 204.9059600830078 231.56717681884766
205.1885528564453 172.7688751220703 277.41344451904297 172.7688751220703 277.41344451904297 230.90979385375977 205.1885528564453 230.90979385375977
205.43380737304688 172.935791015625 277.7067413330078 172.935791015625 277.7067413330078 230.70223236083984 205.43380737304688 230.70223236083984
204.94845581054688 172.53030395507812 278.0576858520508 172.53030395507812 278.0576858520508 231.44317626953125 204.94845581054688 231.44317626953125
205.19113159179688 174.2936248779297 278.0663604736328 174.2936248779297 278.0663604736328 232.8608169555664 205.19113159179688 232.8608169555664
204.84912109375 175.2108612060547 277.91534423828125 175.2108612060547 277.91534423828125 231.57019424438477 204.84912109375 231.57019424438477
206.13525390625 173.11770629882812 277.71900939941406 173.11770629882812 277.71900939941406 231.7536392211914 206.13525390625 231.7536392211914
207.23764038085938 174.48118591308594 277.48121643066406 174.48118591308594 277.48121643066406 231.6349105834961 207.23764038085938 231.6349105834961
206.6560516357422 174.33447265625 278.2614440917969 174.33447265625 278.2614440917969 232.8147201538086 206.6560516357422 232.8147201538086
206.185546875 174.9297637939453 278.7544708251953 174.9297637939453 278.7544708251953 233.90885162353516 206.185546875 233.90885162353516
206.15176391601562 175.32984924316406 279.645751953125 175.32984924316406 279.645751953125 232.68445205688477 206.15176391601562 232.68445205688477
203.62985229492188 174.96743774414062 281.0256805419922 174.96743774414062 281.0256805419922 233.08369064331055 203.62985229492188 233.08369064331055
204.0286407470703 173.5731964111328 279.4461898803711 173.5731964111328 279.4461898803711 232.94254302978516 204.0286407470703 232.94254302978516
202.84744262695312 175.18344116210938 279.22352600097656 175.18344116210938 279.22352600097656 234.90037155151367 202.84744262695312 234.90037155151367
202.73318481445312 174.03085327148438 278.6082077026367 174.03085327148438 278.6082077026367 236.26746368408203 202.73318481445312 236.26746368408203
203.53433227539062 174.1978302001953 279.5223083496094 174.1978302001953 279.5223083496094 235.95419692993164 203.53433227539062 235.95419692993164
201.27935791015625 172.62899780273438 279.3778839111328 172.62899780273438 279.3778839111328 233.8674430847168 201.27935791015625 233.8674430847168
200.4228515625 172.83798217773438 276.98604583740234 172.83798217773438 276.98604583740234 233.99878692626953 200.4228515625 233.99878692626953
198.4036407470703 171.9700164794922 275.6739196777344 171.9700164794922 275.6739196777344 233.12286758422852 198.4036407470703 233.12286758422852
198.69375610351562 173.32254028320312 276.4292755126953 173.32254028320312 276.4292755126953 232.47089767456055 198.69375610351562 232.47089767456055
197.5037841796875 173.78598022460938 276.6033172607422 173.78598022460938 276.6033172607422 233.50037384033203 197.5037841796875 233.50037384033203
198.704833984375 173.03558349609375 275.55165100097656 173.03558349609375 275.55165100097656 231.70586013793945 198.704833984375 231.70586013793945
197.72390747070312 172.5475311279297 276.2115020751953 172.5475311279297 276.2115020751953 231.56822204589844 197.72390747070312 231.56822204589844
198.2363739013672 173.16893005371094 274.4013977050781 173.16893005371094 274.4013977050781 231.96825790405273 198.2363739013672 231.96825790405273
200.0658721923828 174.0157470703125 274.9245834350586 174.0157470703125 274.9245834350586 232.87081146240234 200.0658721923828 232.87081146240234
201.54556274414062 174.7327117919922 275.4956588745117 174.7327117919922 275.4956588745117 234.12859725952148 201.54556274414062 234.12859725952148
203.5069122314453 175.91940307617188 277.30936431884766 175.91940307617188 277.30936431884766 233.82859420776367 203.5069122314453 233.82859420776367
203.69906616210938 174.5553436279297 276.73890686035156 174.5553436279297 276.73890686035156 231.12731170654297 203.69906616210938 231.12731170654297
203.6575469970703 174.03260803222656 276.33457946777344 174.03260803222656 276.33457946777344 230.15113067626953 203.6575469970703 230.15113067626953
203.7793731689453 174.5160675048828 277.25182342529297 174.5160675048828 277.25182342529297 231.41293716430664 203.7793731689453 231.41293716430664
204.28182983398438 174.4365997314453 277.88890838623047 174.4365997314453 277.88890838623047 232.20917510986328 204.28182983398438 232.20917510986328
204.89584350585938 174.9472198486328 278.6264953613281 174.9472198486328 278.6264953613281 231.84114837646484 204.89584350585938 231.84114837646484
204.63134765625 173.47543334960938 278.6750946044922 173.47543334960938 278.6750946044922 230.76641082763672 204.63134765625 230.76641082763672
204.9331512451172 173.14093017578125 278.0226364135742 173.14093017578125 278.0226364135742 230.56365966796875 204.9331512451172 230.56365966796875
205.78073120117188 173.2630157470703 277.12146759033203 173.2630157470703 277.12146759033203 230.47292709350586 205.78073120117188 230.47292709350586
205.65298461914062 173.74078369140625 277.58091735839844 173.74078369140625 277.58091735839844 231.46802520751953 205.65298461914062 231.46802520751953
205.75064086914062 174.84962463378906 278.23155975341797 174.84962463378906 278.23155975341797 231.94664001464844 205.75064086914062 231.94664001464844
205.7757110595703 174.09226989746094 278.0870361328125 174.09226989746094 278.0870361328125 231.07155990600586 205.7757110595703 231.07155990600586
205.54086303710938 173.33071899414062 276.74339294433594 173.33071899414062 276.74339294433594 230.16156768798828 205.54086303710938 230.16156768798828
204.8494110107422 173.6103515625 277.41590118408203 173.6103515625 277.41590118408203 230.82257843017578 204.8494110107422 230.82257843017578
202.71290588378906 172.0975341796875 278.6869812011719 172.0975341796875 278.6869812011719 232.4459114074707 202.71290588378906 232.4459114074707
205.44400024414062 173.904052734375 278.48240661621094 173.904052734375 278.48240661621094 231.67642974853516 205.44400024414062 231.67642974853516
205.9748077392578 174.6875457763672 277.24798583984375 174.6875457763672 277.24798583984375 231.4966812133789 205.9748077392578 231.4966812133789
204.69984436035156 172.91195678710938 278.11536407470703 172.91195678710938 278.11536407470703 229.92396926879883 204.69984436035156 229.92396926879883
205.6279754638672 173.58657836914062 277.6999740600586 173.58657836914062 277.6999740600586 230.58423614501953 205.6279754638672 230.58423614501953
206.1629180908203 173.4922332763672 278.15931701660156 173.4922332763672 278.15931701660156 230.9327735900879 206.1629180908203 230.9327735900879
205.666748046875 173.76614379882812 278.5966339111328 173.76614379882812 278.5966339111328 231.30415725708008 205.666748046875 231.30415725708008
205.9329071044922 173.6685791015625 277.69995880126953 173.6685791015625 277.69995880126953 231.31246185302734 205.9329071044922 231.31246185302734
205.2613983154297 174.2101287841797 277.94581604003906 174.2101287841797 277.94581604003906 230.68454360961914 205.2613983154297 230.68454360961914
205.2941436767578 173.04647827148438 277.5893249511719 173.04647827148438 277.5893249511719 230.50668334960938 205.2941436767578 230.50668334960938
205.94424438476562 172.6121063232422 278.26930236816406 172.6121063232422 278.26930236816406 230.5835838317871 205.94424438476562 230.5835838317871
205.7595977783203 174.23797607421875 278.25936126708984 174.23797607421875 278.25936126708984 231.83133697509766 205.7595977783203 231.83133697509766
206.6528778076172 174.720458984375 277.90899658203125 174.720458984375 277.90899658203125 231.66028594970703 206.6528778076172 231.66028594970703
204.66769409179688 173.52206420898438 279.23181915283203 173.52206420898438 279.23181915283203 229.37778854370117 204.66769409179688 229.37778854370117
205.4965057373047 173.26577758789062 277.8462677001953 173.26577758789062 277.8462677001953 230.09186935424805 205.4965057373047 230.09186935424805
204.5865936279297 172.9744110107422 277.5505065917969 172.9744110107422 277.5505065917969 230.0452651977539 204.5865936279297 230.0452651977539
203.66006469726562 173.75149536132812 278.76981353759766 173.75149536132812 278.76981353759766 230.56880569458008 203.66006469726562 230.56880569458008
205.52511596679688 174.3225555419922 278.17874908447266 174.3225555419922 278.17874908447266 231.8345489501953 205.52511596679688 231.8345489501953
205.75326538085938 174.8294219970703 277.51502227783203 174.8294219970703 277.51502227783203 232.28952407836914 205.75326538085938 232.28952407836914
204.15609741210938 173.78085327148438 278.6355743408203 173.78085327148438 278.6355743408203 231.3125114440918 204.15609741210938 231.3125114440918
204.66757202148438 171.85134887695312 277.5514678955078 171.85134887695312 277.5514678955078 229.55290603637695 204.66757202148438 229.55290603637695
205.34042358398438 173.8975372314453 277.7006149291992 173.8975372314453 277.7006149291992 230.99758529663086 205.34042358398438 230.99758529663086
204.8223114013672 174.12208557128906 278.2052688598633 174.12208557128906 278.2052688598633 230.92670440673828 204.8223114013672 230.92670440673828
205.79354858398438 174.6385040283203 278.26588439941406 174.6385040283203 278.26588439941406 232.28540420532227 205.79354858398438 232.28540420532227
205.88925170898438 174.15248107910156 277.9720916748047 174.15248107910156 277.9720916748047 231.3068618774414 205.88925170898438 231.3068618774414
204.63180541992188 172.70928955078125 277.6841583251953 172.70928955078125 277.6841583251953 229.5445442199707 204.63180541992188 229.5445442199707
205.07138061523438 173.47799682617188 276.8627471923828 173.47799682617188 276.8627471923828 230.18451690673828 205.07138061523438 230.18451690673828
205.53225708007812 173.92813110351562 277.6570739746094 173.92813110351562 277.6570739746094 230.75205612182617 205.53225708007812 230.75205612182617
203.59140014648438 173.3583526611328 279.7099304199219 173.3583526611328 279.7099304199219 234.42407989501953 203.59140014648438 234.42407989501953
204.08201599121094 174.07130432128906 278.97933197021484 174.07130432128906 278.97933197021484 230.6175193786621 204.08201599121094 230.6175193786621
205.3746795654297 173.21595764160156 278.3381042480469 173.21595764160156 278.3381042480469 230.11031341552734 205.3746795654297 230.11031341552734
205.302978515625 172.55136108398438 277.6303253173828 172.55136108398438 277.6303253173828 229.91450881958008 205.302978515625 229.91450881958008
205.235595703125 173.13519287109375 278.1910858154297 173.13519287109375 278.1910858154297 230.5048713684082 205.235595703125 230.5048713684082
205.8818817138672 175.13497924804688 276.91302490234375 175.13497924804688 276.91302490234375 232.1102409362793 205.8818817138672 232.1102409362793
205.2425079345703 174.49058532714844 278.1405334472656 174.49058532714844 278.1405334472656 231.21631622314453 205.2425079345703 231.21631622314453
205.69140625 172.6696319580078 278.42884063720703 172.6696319580078 278.42884063720703 229.92624282836914 205.69140625 229.92624282836914
202.79885864257812 170.64593505859375 279.26575469970703 170.64593505859375 279.26575469970703 231.67437744140625 202.79885864257812 231.67437744140625
205.54116821289062 173.20379638671875 277.7128219604492 173.20379638671875 277.7128219604492 230.6128158569336 205.54116821289062 230.6128158569336
205.3499298095703 174.9432830810547 277.77661895751953 174.9432830810547 277.77661895751953 231.78107070922852 205.3499298095703 231.78107070922852
205.6377410888672 174.3289031982422 279.2710647583008 174.3289031982422 279.2710647583008 231.49810409545898 205.6377410888672 231.49810409545898
205.76904296875 173.02430725097656 277.3486328125 173.02430725097656 277.3486328125 230.38500213623047 205.76904296875 230.38500213623047
204.83657836914062 172.6026611328125 277.1895523071289 172.6026611328125 277.1895523071289 230.49235916137695 204.83657836914062 230.49235916137695
204.96963500976562 173.5875244140625 276.9574279785156 173.5875244140625 276.9574279785156 230.41010284423828 204.96963500976562 230.41010284423828
205.1934051513672 173.59445190429688 277.1006164550781 173.59445190429688 277.1006164550781 231.19747161865234 205.1934051513672 231.19747161865234
205.7086944580078 174.6138916015625 278.14205169677734 174.6138916015625 278.14205169677734 231.8649673461914 205.7086944580078 231.8649673461914
206.2678985595703 174.1714630126953 278.890869140625 174.1714630126953 278.890869140625 231.00702667236328 206.2678985595703 231.00702667236328
205.3429718017578 173.83628845214844 277.32891845703125 173.83628845214844 277.32891845703125 231.2008934020996 205.3429718017578 231.2008934020996
205.5823516845703 173.53341674804688 277.26197052001953 173.53341674804688 277.26197052001953 230.34382247924805 205.5823516845703 230.34382247924805
205.2978057861328 172.52322387695312 278.31605529785156 172.52322387695312 278.31605529785156 230.41218948364258 205.2978057861328 230.41218948364258
204.9572296142578 174.7237548828125 277.67696380615234 174.7237548828125 277.67696380615234 232.0456771850586 204.9572296142578 232.0456771850586
205.7278594970703 174.11331176757812 277.8126678466797 174.11331176757812 277.8126678466797 231.51119995117188 205.7278594970703 231.51119995117188
205.22457885742188 173.01455688476562 277.5593490600586 173.01455688476562 277.5593490600586 230.67627716064453 205.22457885742188 230.67627716064453
205.2733917236328 173.0580596923828 277.2396011352539 173.0580596923828 277.2396011352539 230.68017959594727 205.2733917236328 230.68017959594727
205.3186492919922 172.71815490722656 278.0294189453125 172.71815490722656 278.0294189453125 230.61999893188477 205.3186492919922 230.61999893188477
204.9602508544922 173.5589141845703 278.17394256591797 173.5589141845703 278.17394256591797 231.32544708251953 204.9602508544922 231.32544708251953
204.38133239746094 174.36282348632812 279.48535919189453 174.36282348632812 279.48535919189453 231.43880081176758 204.38133239746094 231.43880081176758
205.25894165039062 173.5912628173828 277.3811950683594 173.5912628173828 277.3811950683594 230.62592315673828 205.25894165039062 230.62592315673828
203.94699096679688 171.85435485839844 280.4528579711914 171.85435485839844 280.4528579711914 232.92355728149414 203.94699096679688 232.92355728149414
205.8214874267578 172.56358337402344 278.04888916015625 172.56358337402344 278.04888916015625 230.69406509399414 205.8214874267578 230.69406509399414
205.4734344482422 173.78648376464844 278.32910919189453 173.78648376464844 278.32910919189453 231.52123260498047 205.4734344482422 231.52123260498047
205.48190307617188 173.83187866210938 278.3236999511719 173.83187866210938 278.3236999511719 232.10756301879883 205.48190307617188 232.10756301879883
204.8326416015625 174.09490966796875 278.43058013916016 174.09490966796875 278.43058013916016 230.79364013671875 204.8326416015625 230.79364013671875
204.7097930908203 172.6441650390625 277.4075927734375 172.6441650390625 277.4075927734375 229.7674674987793 204.7097930908203 229.7674674987793
201.59561157226562 171.19869995117188 278.4185485839844 171.19869995117188 278.4185485839844 231.24787139892578 201.59561157226562 231.24787139892578
205.49325561523438 174.10934448242188 277.4704132080078 174.10934448242188 277.4704132080078 230.509033203125 205.49325561523438 230.509033203125
205.94857788085938 174.4403076171875 278.0682830810547 174.4403076171875 278.0682830810547 232.1136245727539 205.94857788085938 232.1136245727539
205.1881561279297 174.23983764648438 278.0755615234375 174.23983764648438 278.0755615234375 231.6945686340332 205.1881561279297 231.6945686340332
205.34103393554688 173.48117065429688 278.52830505371094 173.48117065429688 278.52830505371094 230.61042404174805 205.34103393554688 230.61042404174805
204.97293090820312 171.84393310546875 277.1743469238281 171.84393310546875 277.1743469238281 229.48551177978516 204.97293090820312 229.48551177978516
206.0648651123047 173.24754333496094 277.8412628173828 173.24754333496094 277.8412628173828 230.2240753173828 206.0648651123047 230.2240753173828
205.4207305908203 174.17445373535156 277.5687561035156 174.17445373535156 277.5687561035156 231.81773376464844 205.4207305908203 231.81773376464844
205.40377807617188 174.50515747070312 278.0762405395508 174.50515747070312 278.0762405395508 231.79470825195312 205.40377807617188 231.79470825195312
206.2220916748047 173.91453552246094 277.40391540527344 173.91453552246094 277.40391540527344 231.61693572998047 206.2220916748047 231.61693572998047
205.05484008789062 172.91842651367188 277.54749298095703 172.91842651367188 277.54749298095703 230.71146392822266 205.05484008789062 230.71146392822266
205.9495391845703 172.95083618164062 277.6782760620117 172.95083618164062 277.6782760620117 230.21361541748047 205.9495391845703 230.21361541748047
204.5491180419922 173.81344604492188 277.8469543457031 173.81344604492188 277.8469543457031 230.1329345703125 204.5491180419922 230.1329345703125
205.9039764404297 174.54884338378906 278.45416259765625 174.54884338378906 278.45416259765625 231.60327911376953 205.9039764404297 231.60327911376953
205.0048828125 173.7067108154297 278.4767150878906 173.7067108154297 278.4767150878906 231.65370178222656 205.0048828125 231.65370178222656
205.97256469726562 173.71917724609375 277.9791564941406 173.71917724609375 277.9791564941406 230.94110107421875 205.97256469726562 230.94110107421875
204.205322265625 172.91049194335938 277.7338104248047 172.91049194335938 277.7338104248047 229.86922073364258 204.205322265625 229.86922073364258
205.0594024658203 172.04901123046875 278.32550048828125 172.04901123046875 278.32550048828125 230.37899017333984 205.0594024658203 230.37899017333984
202.1964111328125 172.19300842285156 279.4999771118164 172.19300842285156 279.4999771118164 233.41663360595703 202.1964111328125 233.41663360595703
206.64425659179688 174.486572265625 277.8301239013672 174.486572265625 277.8301239013672 232.38444137573242 206.64425659179688 232.38444137573242
204.63882446289062 174.27597045898438 278.2077941894531 174.27597045898438 278.2077941894531 231.85236740112305 204.63882446289062 231.85236740112305
204.53439331054688 172.98312377929688 277.3960876464844 172.98312377929688 277.3960876464844 229.2536506652832 204.53439331054688 229.2536506652832
205.45095825195312 173.02735900878906 277.1603775024414 173.02735900878906 277.1603775024414 230.71315002441406 205.45095825195312 230.71315002441406
204.73080444335938 173.3925323486328 278.0760803222656 173.3925323486328 278.0760803222656 230.6703643798828 204.73080444335938 230.6703643798828
205.2281494140625 174.79562377929688 278.67469024658203 174.79562377929688 278.67469024658203 231.37262725830078 205.2281494140625 231.37262725830078
205.88070678710938 174.7755126953125 278.8684616088867 174.7755126953125 278.8684616088867 231.50920867919922 205.88070678710938 231.50920867919922
205.3013153076172 173.99874877929688 277.78194427490234 173.99874877929688 277.78194427490234 230.3072509765625 205.3013153076172 230.3072509765625
205.0508575439453 172.48709106445312 278.01622009277344 172.48709106445312 278.01622009277344 229.58317947387695 205.0508575439453 229.58317947387695
205.427978515625 172.79513549804688 277.2863998413086 172.79513549804688 277.2863998413086 230.49563598632812 205.427978515625 230.49563598632812
205.26266479492188 173.22052001953125 278.1932830810547 173.22052001953125 278.1932830810547 231.74932098388672 205.26266479492188 231.74932098388672
201.9542236328125 172.61465454101562 282.7538070678711 172.61465454101562 282.7538070678711 237.14633178710938 201.9542236328125 237.14633178710938
205.04415893554688 173.7685546875 279.01622009277344 173.7685546875 279.01622009277344 230.7134017944336 205.04415893554688 230.7134017944336
205.6566925048828 172.359619140625 277.4069519042969 172.359619140625 277.4069519042969 230.17938232421875 205.6566925048828 230.17938232421875
205.7158660888672 172.91409301757812 277.6350402832031 172.91409301757812 277.6350402832031 230.33426666259766 205.7158660888672 230.33426666259766
205.16305541992188 173.611572265625 277.7390899658203 173.611572265625 277.7390899658203 231.00292205810547 205.16305541992188 231.00292205810547
205.17025756835938 175.1328125 278.5188446044922 175.1328125 278.5188446044922 232.34528350830078 205.17025756835938 232.34528350830078
205.21694946289062 174.8385467529297 278.6057434082031 174.8385467529297 278.6057434082031 231.54977798461914 205.21694946289062 231.54977798461914
205.57571411132812 173.89878845214844 278.4617691040039 173.89878845214844 278.4617691040039 230.75454330444336 205.57571411132812 230.75454330444336
205.85922241210938 172.7928466796875 277.3929977416992 172.7928466796875 277.3929977416992 230.37865447998047 205.85922241210938 230.37865447998047
206.08657836914062 173.32180786132812 278.15111541748047 173.32180786132812 278.15111541748047 230.44303131103516 206.08657836914062 230.44303131103516
204.9082489013672 173.71331787109375 277.6502914428711 173.71331787109375 277.6502914428711 230.97809982299805 204.9082489013672 230.97809982299805
205.38400268554688 175.28640747070312 278.33595275878906 175.28640747070312 278.33595275878906 232.32819366455078 205.38400268554688 232.32819366455078
205.4593505859375 173.7234649658203 277.89856719970703 173.7234649658203 277.89856719970703 231.26627349853516 205.4593505859375 231.26627349853516
205.43338012695312 172.97491455078125 277.6232604980469 172.97491455078125 277.6232604980469 230.77278518676758 205.43338012695312 230.77278518676758
205.02902221679688 172.64173889160156 277.32508087158203 172.64173889160156 277.32508087158203 230.5425567626953 205.02902221679688 230.5425567626953
205.4085235595703 172.8143310546875 277.7445297241211 172.8143310546875 277.7445297241211 230.26200485229492 205.4085235595703 230.26200485229492
205.94241333007812 174.37594604492188 278.0218200683594 174.37594604492188 278.0218200683594 231.5319595336914 205.94241333007812 231.5319595336914
206.06201171875 175.11721801757812 277.8977737426758 175.11721801757812 277.8977737426758 231.88132858276367 206.06201171875 231.88132858276367
205.06704711914062 173.92904663085938 278.6433868408203 173.92904663085938 278.6433868408203 230.93788528442383 205.06704711914062 230.93788528442383
204.91879272460938 172.85638427734375 277.63033294677734 172.85638427734375 277.63033294677734 230.31364059448242 204.91879272460938 230.31364059448242
200.81564331054688 169.5623016357422 280.7410583496094 169.5623016357422 280.7410583496094 233.83737182617188 200.81564331054688 233.83737182617188
201.05142211914062 171.7908477783203 282.04859161376953 171.7908477783203 282.04859161376953 237.1083755493164 201.05142211914062 237.1083755493164
196.1190948486328 170.13572692871094 282.18898010253906 170.13572692871094 282.18898010253906 238.85748291015625 196.1190948486328 238.85748291015625
198.38241577148438 170.36502075195312 280.06602478027344 170.36502075195312 280.06602478027344 234.8370819091797 198.38241577148438 234.8370819091797
199.1251983642578 170.54080200195312 280.1210632324219 170.54080200195312 280.1210632324219 235.28266143798828 199.1251983642578 235.28266143798828
200.12606811523438 169.92030334472656 280.6441421508789 169.92030334472656 280.6441421508789 234.59717559814453 200.12606811523438 234.59717559814453
201.4359893798828 170.3683624267578 282.33575439453125 170.3683624267578 282.33575439453125 235.0530548095703 201.4359893798828 235.0530548095703
193.45797729492188 167.55197143554688 283.49251556396484 167.55197143554688 283.49251556396484 239.94608306884766 193.45797729492188 239.94608306884766
197.82525634765625 169.63522338867188 283.2229461669922 169.63522338867188 283.2229461669922 238.04393768310547 197.82525634765625 238.04393768310547
201.407470703125 170.8641815185547 278.7374496459961 170.8641815185547 278.7374496459961 232.32971954345703 201.407470703125 232.32971954345703
203.93771362304688 171.73123168945312 280.0195846557617 171.73123168945312 280.0195846557617 232.09058380126953 203.93771362304688 232.09058380126953
205.0151824951172 173.0841522216797 278.0857391357422 173.0841522216797 278.0857391357422 231.0955047607422 205.0151824951172 231.0955047607422
205.18276977539062 174.41781616210938 277.6849822998047 174.41781616210938 277.6849822998047 232.25440216064453 205.18276977539062 232.25440216064453
199.48301696777344 170.94680786132812 280.5744934082031 170.94680786132812 280.5744934082031 235.65626525878906 199.48301696777344 235.65626525878906
201.35079956054688 171.45297241210938 279.04273986816406 171.45297241210938 279.04273986816406 233.03804779052734 201.35079956054688 233.03804779052734
204.78282165527344 172.69232177734375 277.5510559082031 172.69232177734375 277.5510559082031 230.34288787841797 204.78282165527344 230.34288787841797
203.49880981445312 170.8134765625 279.73926544189453 170.8134765625 279.73926544189453 231.5532112121582 203.49880981445312 231.5532112121582
205.4362335205078 173.5909881591797 277.9394760131836 173.5909881591797 277.9394760131836 231.6344757080078 205.4362335205078 231.6344757080078
205.79757690429688 174.3925323486328 277.66725158691406 174.3925323486328 277.66725158691406 232.1146011352539 205.79757690429688 232.1146011352539
204.6275177001953 173.7822265625 277.8523712158203 173.7822265625 277.8523712158203 230.64993286132812 204.6275177001953 230.64993286132812
205.24923706054688 173.27716064453125 277.81298065185547 173.27716064453125 277.81298065185547 230.54548263549805 205.24923706054688 230.54548263549805
205.523193359375 172.52146911621094 277.50376892089844 172.52146911621094 277.50376892089844 230.24709701538086 205.523193359375 230.24709701538086
205.7859344482422 173.38986206054688 277.64170837402344 173.38986206054688 277.64170837402344 230.25234985351562 205.7859344482422 230.25234985351562
204.9647674560547 175.00558471679688 279.14703369140625 175.00558471679688 279.14703369140625 231.57479095458984 204.9647674560547 231.57479095458984
205.74600219726562 174.9590606689453 277.4969940185547 174.9590606689453 277.4969940185547 232.18006134033203 205.74600219726562 232.18006134033203
205.3837432861328 173.5667724609375 277.1375427246094 173.5667724609375 277.1375427246094 231.58475494384766 205.3837432861328 231.58475494384766
205.15231323242188 172.11492919921875 277.9153289794922 172.11492919921875 277.9153289794922 228.85185623168945 205.15231323242188 228.85185623168945
203.49752807617188 171.39369201660156 279.64646911621094 171.39369201660156 279.64646911621094 231.45922088623047 203.49752807617188 231.45922088623047
205.0369110107422 173.8361053466797 278.5129089355469 173.8361053466797 278.5129089355469 230.7720718383789 205.0369110107422 230.7720718383789
205.22457885742188 175.5129852294922 279.0151901245117 175.5129852294922 279.0151901245117 232.18760681152344 205.22457885742188 232.18760681152344
204.9016571044922 174.2353057861328 278.9698715209961 174.2353057861328 278.9698715209961 231.38980865478516 204.9016571044922 231.38980865478516
202.2930908203125 171.12789916992188 280.00804138183594 171.12789916992188 280.00804138183594 231.7696304321289 202.2930908203125 231.7696304321289
205.0932159423828 172.39883422851562 276.9298095703125 172.39883422851562 276.9298095703125 229.34410858154297 205.0932159423828 229.34410858154297
202.98660278320312 172.69186401367188 279.5898132324219 172.69186401367188 279.5898132324219 233.54928588867188 202.98660278320312 233.54928588867188
205.2156524658203 173.93923950195312 278.3461608886719 173.93923950195312 278.3461608886719 232.0667610168457 205.2156524658203 232.0667610168457
204.03408813476562 174.36131286621094 279.6878967285156 174.36131286621094 279.6878967285156 231.1548080444336 204.03408813476562 231.1548080444336
202.2960205078125 171.80213928222656 279.5740051269531 171.80213928222656 279.5740051269531 233.07036972045898 202.2960205078125 233.07036972045898
200.2440948486328 169.2299041748047 281.5544738769531 169.2299041748047 281.5544738769531 234.140380859375 200.2440948486328 234.140380859375
205.48095703125 172.4588623046875 277.77193450927734 172.4588623046875 277.77193450927734 230.16902923583984 205.48095703125 230.16902923583984
205.4462432861328 174.46009826660156 278.2054443359375 174.46009826660156 278.2054443359375 231.95411682128906 205.4462432861328 231.95411682128906
206.3624725341797 174.3555450439453 277.4185485839844 174.3555450439453 277.4185485839844 231.8684539794922 206.3624725341797 231.8684539794922
205.0654296875 174.0973358154297 278.8893814086914 174.0973358154297 278.8893814086914 230.53427505493164 205.0654296875 230.53427505493164
205.17678833007812 173.44154357910156 277.61805725097656 173.44154357910156 277.61805725097656 229.98137664794922 205.17678833007812 229.98137664794922
205.58889770507812 172.80728149414062 277.19482421875 172.80728149414062 277.19482421875 229.92290496826172 205.58889770507812 229.92290496826172
204.63766479492188 173.93666076660156 277.80248260498047 173.93666076660156 277.80248260498047 230.87833404541016 204.63766479492188 230.87833404541016
205.6369171142578 174.7283172607422 277.63529205322266 174.7283172607422 277.63529205322266 232.68643951416016 205.6369171142578 232.68643951416016
205.33334350585938 174.12265014648438 278.7565231323242 174.12265014648438 278.7565231323242 230.89614868164062 205.33334350585938 230.89614868164062
204.5154571533203 173.24844360351562 278.0580749511719 173.24844360351562 278.0580749511719 230.54174041748047 204.5154571533203 230.54174041748047
205.00503540039062 173.19688415527344 278.0675811767578 173.19688415527344 278.0675811767578 229.64824676513672 205.00503540039062 229.64824676513672
204.02099609375 171.44363403320312 280.2700958251953 171.44363403320312 280.2700958251953 232.22041702270508 204.02099609375 232.22041702270508
205.5495147705078 172.9774169921875 277.7189712524414 172.9774169921875 277.7189712524414 231.52570724487305 205.5495147705078 231.52570724487305
200.83306884765625 171.53070068359375 281.68223571777344 171.53070068359375 281.68223571777344 236.4298324584961 200.83306884765625 236.4298324584961
205.5745849609375 173.6641387939453 278.31934356689453 173.6641387939453 278.31934356689453 230.94299697875977 205.5745849609375 230.94299697875977
202.54049682617188 172.31533813476562 278.5195007324219 172.31533813476562 278.5195007324219 232.69770050048828 202.54049682617188 232.69770050048828
205.2855987548828 172.66275024414062 278.0306854248047 172.66275024414062 278.0306854248047 230.13838958740234 205.2855987548828 230.13838958740234
205.78030395507812 173.22055053710938 277.64344024658203 173.22055053710938 277.64344024658203 230.52117156982422 205.78030395507812 230.52117156982422
203.0891571044922 173.2689971923828 279.7858200073242 173.2689971923828 279.7858200073242 234.6380157470703 203.0891571044922 234.6380157470703
205.57827758789062 174.2162322998047 278.12986755371094 174.2162322998047 278.12986755371094 232.09296417236328 205.57827758789062 232.09296417236328
200.7376708984375 170.72035217285156 281.2108383178711 170.72035217285156 281.2108383178711 234.79196166992188 200.7376708984375 234.79196166992188
192.85533142089844 167.52247619628906 282.6279296875 167.52247619628906 282.6279296875 239.12097930908203 192.85533142089844 239.12097930908203
202.60281372070312 171.52247619628906 279.06038665771484 171.52247619628906 279.06038665771484 232.65863418579102 202.60281372070312 232.65863418579102
202.1795654296875 172.313720703125 279.32313537597656 172.313720703125 279.32313537597656 233.8532485961914 202.1795654296875 233.8532485961914
200.7615203857422 172.5525360107422 281.66639709472656 172.5525360107422 281.66639709472656 237.32096099853516 200.7615203857422 237.32096099853516
205.15499877929688 174.81704711914062 278.2432403564453 174.81704711914062 278.2432403564453 231.4618911743164 205.15499877929688 231.4618911743164
199.77206420898438 170.07028198242188 280.82032775878906 170.07028198242188 280.82032775878906 234.502685546875 199.77206420898438 234.502685546875
204.9275665283203 173.63710021972656 277.98099517822266 173.63710021972656 277.98099517822266 230.3180389404297 204.9275665283203 230.3180389404297
205.8883819580078 173.37158203125 277.3680648803711 173.37158203125 277.3680648803711 230.5082778930664 205.8883819580078 230.5082778930664
206.03457641601562 174.52658081054688 277.66187286376953 174.52658081054688 277.66187286376953 231.92398071289062 206.03457641601562 231.92398071289062
202.44384765625 173.06243896484375 278.89015197753906 173.06243896484375 278.89015197753906 233.70496368408203 202.44384765625 233.70496368408203
205.3539581298828 173.24990844726562 277.3258514404297 173.24990844726562 277.3258514404297 230.34245681762695 205.3539581298828 230.34245681762695
206.1855926513672 173.0268096923828 277.46346282958984 173.0268096923828 277.46346282958984 229.92694473266602 206.1855926513672 229.92694473266602
203.90451049804688 171.48721313476562 279.7288131713867 171.48721313476562 279.7288131713867 232.34481811523438 203.90451049804688 232.34481811523438
205.6132354736328 173.5693359375 277.7263717651367 173.5693359375 277.7263717651367 231.12136840820312 205.6132354736328 231.12136840820312
205.72665405273438 175.1862335205078 277.83680725097656 175.1862335205078 277.83680725097656 232.3003807067871 205.72665405273438 232.3003807067871
205.529541015625 174.2858428955078 278.65447998046875 174.2858428955078 278.65447998046875 230.9701271057129 205.529541015625 230.9701271057129
205.3784637451172 172.97171020507812 276.97245025634766 172.97171020507812 276.97245025634766 230.1915397644043 205.3784637451172 230.1915397644043
205.5635223388672 173.6923370361328 277.1662063598633 173.6923370361328 277.1662063598633 230.5386505126953 205.5635223388672 230.5386505126953
205.84793090820312 173.36180114746094 277.78018951416016 173.36180114746094 277.78018951416016 230.88423919677734 205.84793090820312 230.88423919677734
205.8408966064453 174.77903747558594 277.5220642089844 174.77903747558594 277.5220642089844 232.3311004638672 205.8408966064453 232.3311004638672
205.0732879638672 173.72056579589844 279.047119140625 173.72056579589844 279.047119140625 231.09423446655273 205.0732879638672 231.09423446655273
205.6209259033203 172.81578063964844 277.2204360961914 172.81578063964844 277.2204360961914 230.18509674072266 205.6209259033203 230.18509674072266
206.1631622314453 172.6912384033203 277.3771743774414 172.6912384033203 277.3771743774414 230.34670639038086 206.1631622314453 230.34670639038086
