274.0 35.0 293.0 35.0 293.0 60.0 274.0 60.0
274.7839050292969 35.51420211791992 294.0278968811035 35.51420211791992 294.0278968811035 60.83524513244629 274.7839050292969 60.83524513244629
274.14801025390625 35.613121032714844 293.34790420532227 35.613121032714844 293.34790420532227 60.876142501831055 274.14801025390625 60.876142501831055
274.6806945800781 35.545013427734375 294.15771484375 35.545013427734375 294.15771484375 61.17267417907715 274.6806945800781 61.17267417907715
274.5360107421875 36.55364227294922 294.20520210266113 36.55364227294922 294.20520210266113 62.43415641784668 274.5360107421875 62.43415641784668
273.90545654296875 36.18718719482422 293.7027015686035 36.18718719482422 293.7027015686035 62.23619270324707 273.90545654296875 62.23619270324707
273.05792236328125 37.924232482910156 292.26425552368164 37.924232482910156 292.26425552368164 63.19237518310547 273.05792236328125 63.19237518310547
272.26019287109375 37.964683532714844 290.88108253479004 37.964683532714844 290.88108253479004 63.61646842956543 272.26019287109375 63.61646842956543
272.1372375488281 37.64000701904297 291.377721786499 37.64000701904297 291.377721786499 63.227861404418945 272.1372375488281 63.227861404418945
271.68597412109375 39.810264587402344 289.747127532959 39.810264587402344 289.747127532959 63.57695770263672 271.68597412109375 63.57695770263672
271.4371643066406 40.649505615234375 288.4959716796875 40.649505615234375 288.4959716796875 63.67707061767578 271.4371643066406 63.67707061767578
271.4425354003906 40.47084426879883 289.2385597229004 40.47084426879883 289.2385597229004 64.35184097290039 271.4425354003906 64.35184097290039
269.8249816894531 41.328330993652344 288.4589385986328 41.328330993652344 288.4589385986328 64.50129318237305 269.8249816894531 64.50129318237305
268.9327087402344 41.64999771118164 288.06182289123535 41.64999771118164 288.06182289123535 64.93890571594238 268.9327087402344 64.93890571594238
269.08355712890625 43.69236373901367 287.87390518188477 43.69236373901367 287.87390518188477 64.47343444824219 269.08355712890625 64.47343444824219
269.7275390625 43.2892951965332 286.84643936157227 43.2892951965332 286.84643936157227 66.15866470336914 269.7275390625 66.15866470336914
268.69049072265625 44.2335319519043 286.27857398986816 44.2335319519043 286.27857398986816 65.46945190429688 268.69049072265625 65.46945190429688
268.2841491699219 43.545143127441406 286.7330741882324 43.545143127441406 286.7330741882324 67.82004165649414 268.2841491699219 67.82004165649414
265.2970886230469 45.339378356933594 283.9844284057617 45.339378356933594 283.9844284057617 69.92798042297363 265.2970886230469 69.92798042297363
263.21331787109375 43.945167541503906 282.67202949523926 43.945167541503906 282.67202949523926 67.66140556335449 263.21331787109375 67.66140556335449
262.20623779296875 45.37702178955078 281.496150970459 45.37702178955078 281.496150970459 67.68874740600586 262.20623779296875 67.68874740600586
260.9126281738281 47.3624382019043 280.2516231536865 47.3624382019043 280.2516231536865 67.9664077758789 260.9126281738281 67.9664077758789
259.51654052734375 47.42919158935547 278.9039058685303 47.42919158935547 278.9039058685303 68.83509254455566 259.51654052734375 68.83509254455566
257.45452880859375 47.22943878173828 278.2592887878418 47.22943878173828 278.2592887878418 68.0167293548584 257.45452880859375 68.0167293548584
256.10858154296875 47.76000213623047 277.48843002319336 47.76000213623047 277.48843002319336 69.4544563293457 256.10858154296875 69.4544563293457
254.05404663085938 48.14650344848633 275.9821472167969 48.14650344848633 275.9821472167969 69.56370544433594 254.05404663085938 69.56370544433594
253.10623168945312 48.64462661743164 274.8314723968506 48.64462661743164 274.8314723968506 69.74421691894531 253.10623168945312 69.74421691894531
253.9456329345703 47.450645446777344 273.1159858703613 47.450645446777344 273.1159858703613 72.67479133605957 253.9456329345703 72.67479133605957
251.4880828857422 50.07331466674805 273.0047416687012 50.07331466674805 273.0047416687012 70.18748474121094 251.4880828857422 70.18748474121094
250.0718536376953 50.014930725097656 271.6532402038574 50.014930725097656 271.6532402038574 71.26283264160156 250.0718536376953 71.26283264160156
248.6361846923828 50.902809143066406 271.3487663269043 50.902809143066406 271.3487663269043 72.21559524536133 248.6361846923828 72.21559524536133
247.62374877929688 50.863563537597656 269.62741470336914 50.863563537597656 269.62741470336914 71.56692504882812 247.62374877929688 71.56692504882812
246.7075653076172 51.8504638671875 270.09315490722656 51.8504638671875 270.09315490722656 72.12130928039551 246.7075653076172 72.12130928039551
246.9584503173828 51.63582229614258 269.8137626647949 51.63582229614258 269.8137626647949 73.23020935058594 246.9584503173828 73.23020935058594
246.7998046875 51.080116271972656 269.553918838501 51.080116271972656 269.553918838501 74.23402404785156 246.7998046875 74.23402404785156
246.6695098876953 52.1361198425293 269.9499263763428 52.1361198425293 269.9499263763428 75.11423110961914 246.6695098876953 75.11423110961914
248.6129150390625 50.828372955322266 271.2195415496826 50.828372955322266 271.2195415496826 75.8464126586914 248.6129150390625 75.8464126586914
247.98818969726562 51.847740173339844 271.2590579986572 51.847740173339844 271.2590579986572 74.92196655273438 247.98818969726562 74.92196655273438
248.9269256591797 52.515525817871094 271.89000129699707 52.515525817871094 271.89000129699707 74.31729888916016 248.9269256591797 74.31729888916016
249.91421508789062 53.041786193847656 273.06222915649414 53.041786193847656 273.06222915649414 75.4437141418457 249.91421508789062 75.4437141418457
254.9624786376953 55.215492248535156 277.0203666687012 55.215492248535156 277.0203666687012 76.3466625213623 254.9624786376953 76.3466625213623
257.02593994140625 55.23695755004883 279.02575874328613 55.23695755004883 279.02575874328613 77.50444793701172 257.02593994140625 77.50444793701172
259.68218994140625 55.26390838623047 280.19515228271484 55.26390838623047 280.19515228271484 77.68274879455566 259.68218994140625 77.68274879455566
259.5774841308594 55.49732208251953 279.98019790649414 55.49732208251953 279.98019790649414 78.43321800231934 259.5774841308594 78.43321800231934
261.5088806152344 55.1185302734375 281.4624767303467 55.1185302734375 281.4624767303467 77.7854118347168 261.5088806152344 77.7854118347168
263.66436767578125 56.18050003051758 282.2363681793213 56.18050003051758 282.2363681793213 79.33888816833496 263.66436767578125 79.33888816833496
263.2200927734375 52.11574172973633 284.57070541381836 52.11574172973633 284.57070541381836 80.20866203308105 263.2200927734375 80.20866203308105
268.0113830566406 55.36466598510742 286.24160385131836 55.36466598510742 286.24160385131836 77.37704467773438 268.0113830566406 77.37704467773438
268.9022521972656 56.958290100097656 288.2669925689697 56.958290100097656 288.2669925689697 79.1337776184082 268.9022521972656 79.1337776184082
269.0351257324219 57.9636116027832 287.7883720397949 57.9636116027832 287.7883720397949 79.19557762145996 269.0351257324219 79.19557762145996
269.43853759765625 57.8557014465332 288.6751308441162 57.8557014465332 288.6751308441162 79.63433074951172 269.43853759765625 79.63433074951172
271.3231506347656 58.90571212768555 290.7087745666504 58.90571212768555 290.7087745666504 79.78926277160645 271.3231506347656 79.78926277160645
271.7978820800781 59.024742126464844 292.00151443481445 59.024742126464844 292.00151443481445 79.68625068664551 271.7978820800781 79.68625068664551
274.24908447265625 59.17277145385742 293.4598274230957 59.17277145385742 293.4598274230957 79.9452133178711 274.24908447265625 79.9452133178711
275.8209533691406 59.626548767089844 295.67020988464355 59.626548767089844 295.67020988464355 80.59774589538574 275.8209533691406 80.59774589538574
277.7046813964844 60.20500564575195 298.06987953186035 60.20500564575195 298.06987953186035 81.13407135009766 277.7046813964844 81.13407135009766
278.4344177246094 60.31721115112305 299.68283462524414 60.31721115112305 299.68283462524414 80.885986328125 278.4344177246094 80.885986328125
280.40704345703125 61.04316329956055 300.7518844604492 61.04316329956055 300.7518844604492 81.96206665039062 280.40704345703125 81.96206665039062
282.72613525390625 61.1302375793457 303.31962966918945 61.1302375793457 303.31962966918945 83.18298721313477 282.72613525390625 83.18298721313477
284.43927001953125 61.39795684814453 305.0232162475586 61.39795684814453 305.0232162475586 82.81036758422852 284.43927001953125 82.81036758422852
284.7212219238281 61.80305862426758 306.1935157775879 61.80305862426758 306.1935157775879 84.12174987792969 284.7212219238281 84.12174987792969
288.186279296875 62.20792770385742 309.05671310424805 62.20792770385742 309.05671310424805 83.60875129699707 288.186279296875 83.60875129699707
289.1551513671875 62.58757781982422 310.1289310455322 62.58757781982422 310.1289310455322 83.42318725585938 289.1551513671875 83.42318725585938
295.7591552734375 63.852149963378906 317.5185356140137 63.852149963378906 317.5185356140137 85.68387222290039 295.7591552734375 85.68387222290039
298.7567138671875 64.6991958618164 321.46460914611816 64.6991958618164 321.46460914611816 86.38537406921387 298.7567138671875 86.38537406921387
300.8482666015625 65.09455871582031 323.4300708770752 65.09455871582031 323.4300708770752 86.91133499145508 300.8482666015625 86.91133499145508
302.87408447265625 66.35920715332031 325.1247749328613 66.35920715332031 325.1247749328613 86.78622055053711 302.87408447265625 86.78622055053711
305.5326232910156 66.61750030517578 326.6966361999512 66.61750030517578 326.6966361999512 87.36009216308594 305.5326232910156 87.36009216308594
307.2462158203125 66.77605438232422 330.2766056060791 66.77605438232422 330.2766056060791 86.47212600708008 307.2462158203125 86.47212600708008
311.0398254394531 57.70735549926758 334.0664863586426 57.70735549926758 334.0664863586426 82.8787670135498 311.0398254394531 82.8787670135498
318.6620178222656 56.589385986328125 340.94981384277344 56.589385986328125 340.94981384277344 85.91544532775879 318.6620178222656 85.91544532775879
318.1907958984375 60.415771484375 341.92876052856445 60.415771484375 341.92876052856445 80.04998397827148 318.1907958984375 80.04998397827148
320.65020751953125 59.65580368041992 343.578125 59.65580368041992 343.578125 84.82661247253418 320.65020751953125 84.82661247253418
322.148193359375 59.14954376220703 345.416748046875 59.14954376220703 345.416748046875 84.0639419555664 322.148193359375 84.0639419555664
325.38116455078125 59.264442443847656 347.67270278930664 59.264442443847656 347.67270278930664 85.93703079223633 325.38116455078125 85.93703079223633
332.1590270996094 64.35892486572266 355.4134178161621 64.35892486572266 355.4134178161621 83.49924850463867 332.1590270996094 83.49924850463867
335.02142333984375 64.47119140625 357.88815689086914 64.47119140625 357.88815689086914 85.40531158447266 335.02142333984375 85.40531158447266
337.6251220703125 65.0274429321289 359.26734733581543 65.0274429321289 359.26734733581543 89.97957992553711 337.6251220703125 89.97957992553711
338.2755126953125 64.27532958984375 359.9981327056885 64.27532958984375 359.9981327056885 92.85773658752441 338.2755126953125 92.85773658752441
341.6070861816406 66.59274291992188 363.2498035430908 66.59274291992188 363.2498035430908 91.38104629516602 341.6070861816406 91.38104629516602
344.64337158203125 74.59815979003906 366.9436435699463 74.59815979003906 366.9436435699463 95.25512886047363 344.64337158203125 95.25512886047363
345.2169494628906 76.71587371826172 368.06318283081055 76.71587371826172 368.06318283081055 99.04186248779297 345.2169494628906 99.04186248779297
346.4615173339844 78.80423736572266 370.5487537384033 78.80423736572266 370.5487537384033 99.97439765930176 346.4615173339844 99.97439765930176
347.8833923339844 78.86762237548828 371.31393814086914 78.86762237548828 371.31393814086914 100.21332550048828 347.8833923339844 100.21332550048828
348.85296630859375 79.27070617675781 372.47494888305664 79.27070617675781 372.47494888305664 100.67264747619629 348.85296630859375 100.67264747619629
350.8147888183594 78.85377502441406 374.42979621887207 78.85377502441406 374.42979621887207 100.81709098815918 350.8147888183594 100.81709098815918
353.51617431640625 80.27033996582031 376.68651962280273 80.27033996582031 376.68651962280273 102.03458213806152 353.51617431640625 102.03458213806152
353.9674377441406 80.00984191894531 377.04492568969727 80.00984191894531 377.04492568969727 101.57931137084961 353.9674377441406 101.57931137084961
356.85260009765625 79.5772705078125 379.2631530761719 79.5772705078125 379.2631530761719 102.18052673339844 356.85260009765625 102.18052673339844
357.77252197265625 79.8266830444336 381.61034202575684 79.8266830444336 381.61034202575684 102.61326217651367 357.77252197265625 102.61326217651367
361.49774169921875 80.57774353027344 383.90578842163086 80.57774353027344 383.90578842163086 102.70446968078613 361.49774169921875 102.70446968078613
363.88330078125 80.79833984375 386.7173480987549 80.79833984375 386.7173480987549 103.55783462524414 363.88330078125 103.55783462524414
365.6741638183594 81.79841613769531 390.2473201751709 81.79841613769531 390.2473201751709 105.14375877380371 365.6741638183594 105.14375877380371
368.02020263671875 81.75413513183594 392.14680099487305 81.75413513183594 392.14680099487305 104.92568969726562 368.02020263671875 104.92568969726562
369.8941650390625 81.82942199707031 393.2418575286865 81.82942199707031 393.2418575286865 105.21037292480469 369.8941650390625 105.21037292480469
370.5905456542969 81.59292602539062 394.3152561187744 81.59292602539062 394.3152561187744 105.2553596496582 370.5905456542969 105.2553596496582
372.4457702636719 81.83135986328125 396.0965328216553 81.83135986328125 396.0965328216553 107.58177757263184 372.4457702636719 107.58177757263184
379.08062744140625 84.05049133300781 402.38088035583496 84.05049133300781 402.38088035583496 108.99116706848145 379.08062744140625 108.99116706848145
381.1180419921875 84.9713134765625 405.47331619262695 84.9713134765625 405.47331619262695 109.49656677246094 381.1180419921875 109.49656677246094
383.18011474609375 85.97431182861328 407.61842155456543 85.97431182861328 407.61842155456543 111.3274917602539 383.18011474609375 111.3274917602539
384.37261962890625 86.07833099365234 409.3057041168213 86.07833099365234 409.3057041168213 111.85542488098145 384.37261962890625 111.85542488098145
386.49041748046875 86.46224212646484 411.08684158325195 86.46224212646484 411.08684158325195 112.79256439208984 386.49041748046875 112.79256439208984
387.8509826660156 88.08229064941406 412.65024757385254 88.08229064941406 412.65024757385254 114.46246910095215 387.8509826660156 114.46246910095215
390.44110107421875 88.1026382446289 415.80730056762695 88.1026382446289 415.80730056762695 114.36977767944336 390.44110107421875 114.36977767944336
392.26605224609375 88.69313049316406 417.48313903808594 88.69313049316406 417.48313903808594 115.4976806640625 392.26605224609375 115.4976806640625
395.2103576660156 90.44862365722656 421.1075382232666 90.44862365722656 421.1075382232666 117.15358543395996 395.2103576660156 117.15358543395996
395.63592529296875 91.68156433105469 422.21943283081055 91.68156433105469 422.21943283081055 118.19095420837402 395.63592529296875 118.19095420837402
397.9016418457031 92.07552337646484 423.65046310424805 92.07552337646484 423.65046310424805 119.30536270141602 397.9016418457031 119.30536270141602
399.1746826171875 93.63207244873047 425.53892517089844 93.63207244873047 425.53892517089844 121.1754322052002 399.1746826171875 121.1754322052002
401.23480224609375 94.51728057861328 427.8169918060303 94.51728057861328 427.8169918060303 122.1203498840332 401.23480224609375 122.1203498840332
401.71795654296875 95.72956085205078 429.2851314544678 95.72956085205078 429.2851314544678 123.22246932983398 401.71795654296875 123.22246932983398
402.32183837890625 95.17670440673828 429.6798458099365 95.17670440673828 429.6798458099365 122.79403877258301 402.32183837890625 122.79403877258301
403.82318115234375 96.50277709960938 431.17665100097656 96.50277709960938 431.17665100097656 124.06756210327148 403.82318115234375 124.06756210327148
405.3913269042969 97.62275695800781 432.3742160797119 97.62275695800781 432.3742160797119 124.50149536132812 405.3913269042969 124.50149536132812
406.3171081542969 97.00251770019531 433.7899169921875 97.00251770019531 433.7899169921875 125.14403343200684 406.3171081542969 125.14403343200684
409.18402099609375 100.63230895996094 437.7845344543457 100.63230895996094 437.7845344543457 128.49107360839844 409.18402099609375 128.49107360839844
412.74188232421875 103.2984390258789 439.7302665710449 103.2984390258789 439.7302665710449 129.5795612335205 412.74188232421875 129.5795612335205
420.7999572753906 109.3114013671875 448.6797065734863 109.3114013671875 448.6797065734863 139.41641807556152 420.7999572753906 139.41641807556152
424.26708984375 110.16200256347656 450.96983337402344 110.16200256347656 450.96983337402344 136.74514770507812 424.26708984375 136.74514770507812
427.03033447265625 114.26960754394531 454.0637512207031 114.26960754394531 454.0637512207031 140.20293045043945 427.03033447265625 140.20293045043945
428.3599548339844 114.11685943603516 454.9227409362793 114.11685943603516 454.9227409362793 140.55313301086426 428.3599548339844 140.55313301086426
430.112548828125 115.81888580322266 457.45123863220215 115.81888580322266 457.45123863220215 142.63179397583008 430.112548828125 142.63179397583008
432.27557373046875 119.08610534667969 458.8268737792969 119.08610534667969 458.8268737792969 144.7110195159912 432.27557373046875 144.7110195159912
434.043701171875 120.1920394897461 460.17392349243164 120.1920394897461 460.17392349243164 146.71862602233887 434.043701171875 146.71862602233887
434.7345275878906 120.61759185791016 461.30841064453125 120.61759185791016 461.30841064453125 147.12306022644043 434.7345275878906 147.12306022644043
435.6845703125 120.31304931640625 462.6993598937988 120.31304931640625 462.6993598937988 149.18381118774414 435.6845703125 149.18381118774414
436.97381591796875 119.7913589477539 463.9646110534668 119.7913589477539 463.9646110534668 151.80315780639648 436.97381591796875 151.80315780639648
438.18511962890625 122.86198425292969 465.14626693725586 122.86198425292969 465.14626693725586 152.26398086547852 438.18511962890625 152.26398086547852
443.91619873046875 127.94329833984375 470.5292205810547 127.94329833984375 470.5292205810547 155.25417518615723 443.91619873046875 155.25417518615723
444.6165466308594 121.71925354003906 472.8597221374512 121.71925354003906 472.8597221374512 153.31150817871094 444.6165466308594 153.31150817871094
446.53521728515625 119.07304382324219 475.1706027984619 119.07304382324219 475.1706027984619 153.3260726928711 446.53521728515625 153.3260726928711
449.8900451660156 134.2161865234375 476.4439296722412 134.2161865234375 476.4439296722412 161.71115493774414 449.8900451660156 161.71115493774414
450.8257751464844 136.98648071289062 478.27678871154785 136.98648071289062 478.27678871154785 162.76478004455566 450.8257751464844 162.76478004455566
452.89453125 138.315673828125 479.89797592163086 138.315673828125 479.89797592163086 165.840087890625 452.89453125 165.840087890625
453.3226013183594 139.61373901367188 480.2249565124512 139.61373901367188 480.2249565124512 168.0357151031494 453.3226013183594 168.0357151031494
453.40478515625 140.98167419433594 480.6068305969238 140.98167419433594 480.6068305969238 168.9912986755371 453.40478515625 168.9912986755371
454.99713134765625 142.7604522705078 481.3411293029785 142.7604522705078 481.3411293029785 170.7502899169922 454.99713134765625 170.7502899169922
453.8905334472656 144.57040405273438 481.5737762451172 144.57040405273438 481.5737762451172 172.11130142211914 453.8905334472656 172.11130142211914
452.6991271972656 146.2640380859375 480.1715507507324 146.2640380859375 480.1715507507324 174.67360496520996 452.6991271972656 174.67360496520996
453.486572265625 149.0138702392578 481.0937099456787 149.0138702392578 481.0937099456787 177.47936630249023 453.486572265625 177.47936630249023
450.99639892578125 151.81871032714844 479.7999572753906 151.81871032714844 479.7999572753906 179.3492488861084 450.99639892578125 179.3492488861084
450.3064880371094 154.30831909179688 478.9982109069824 154.30831909179688 478.9982109069824 182.1220302581787 450.3064880371094 182.1220302581787
447.3692321777344 157.1195526123047 475.7443428039551 157.1195526123047 475.7443428039551 185.03271102905273 447.3692321777344 185.03271102905273
444.48748779296875 158.14096069335938 476.7525405883789 158.14096069335938 476.7525405883789 185.96342849731445 444.48748779296875 185.96342849731445
441.679443359375 159.27407836914062 472.43447494506836 159.27407836914062 472.43447494506836 187.75158309936523 441.679443359375 187.75158309936523
438.75469970703125 161.02114868164062 469.8205966949463 161.02114868164062 469.8205966949463 190.4724178314209 438.75469970703125 190.4724178314209
433.25 163.9224090576172 465.107213973999 163.9224090576172 465.107213973999 193.3605442047119 433.25 193.3605442047119
428.52764892578125 160.9608917236328 458.3188896179199 160.9608917236328 458.3188896179199 200.15990447998047 428.52764892578125 200.15990447998047
405.8943786621094 178.50460815429688 439.95653915405273 178.50460815429688 439.95653915405273 208.43085861206055 405.8943786621094 208.43085861206055
399.18231201171875 182.04220581054688 433.95531463623047 182.04220581054688 433.95531463623047 211.16402053833008 399.18231201171875 211.16402053833008
393.43682861328125 186.16036987304688 426.2576484680176 186.16036987304688 426.2576484680176 214.5788459777832 393.43682861328125 214.5788459777832
388.7098388671875 189.34254455566406 420.30176734924316 189.34254455566406 420.30176734924316 218.41588973999023 388.7098388671875 218.41588973999023
382.1109619140625 192.08599853515625 415.6551094055176 192.08599853515625 415.6551094055176 221.89967727661133 382.1109619140625 221.89967727661133
376.38165283203125 193.10667419433594 408.8537406921387 193.10667419433594 408.8537406921387 223.2037754058838 376.38165283203125 223.2037754058838
353.6548767089844 201.23672485351562 390.29312896728516 201.23672485351562 390.29312896728516 231.5396785736084 353.6548767089844 231.5396785736084
340.29913330078125 209.40371704101562 376.46732330322266 209.40371704101562 376.46732330322266 239.74735641479492 340.29913330078125 239.74735641479492
327.531982421875 215.93276977539062 363.6777572631836 215.93276977539062 363.6777572631836 244.31942749023438 327.531982421875 244.31942749023438
317.8291931152344 217.7730255126953 354.53662109375 217.7730255126953 354.53662109375 247.0893096923828 317.8291931152344 247.0893096923828
308.2275085449219 221.5377960205078 344.20743560791016 221.5377960205078 344.20743560791016 250.9998378753662 308.2275085449219 250.9998378753662
301.1130065917969 226.38442993164062 335.75150299072266 226.38442993164062 335.75150299072266 255.31438827514648 301.1130065917969 255.31438827514648
293.8501892089844 228.9110565185547 331.80213165283203 228.9110565185547 331.80213165283203 258.11936378479004 293.8501892089844 258.11936378479004
286.17877197265625 232.8643341064453 321.62483978271484 232.8643341064453 321.62483978271484 262.4253387451172 286.17877197265625 262.4253387451172
276.8856506347656 235.80908203125 312.0303421020508 235.80908203125 312.0303421020508 264.42958068847656 276.8856506347656 264.42958068847656
270.61065673828125 236.6927490234375 306.95809173583984 236.6927490234375 306.95809173583984 267.3105716705322 270.61065673828125 267.3105716705322
263.01983642578125 241.37646484375 300.2259101867676 241.37646484375 300.2259101867676 271.1297264099121 263.01983642578125 271.1297264099121
255.1259002685547 243.40744018554688 292.5377731323242 243.40744018554688 292.5377731323242 275.1973571777344 255.1259002685547 275.1973571777344
244.75167846679688 249.0637969970703 281.2872123718262 249.0637969970703 281.2872123718262 278.158899307251 244.75167846679688 278.158899307251
237.809814453125 251.99557495117188 272.4602279663086 251.99557495117188 272.4602279663086 281.2216739654541 237.809814453125 281.2216739654541
222.36636352539062 257.4879150390625 257.57450103759766 257.4879150390625 257.57450103759766 287.1602420806885 222.36636352539062 287.1602420806885
212.44424438476562 261.330078125 248.27872467041016 261.330078125 248.27872467041016 291.57839012145996 212.44424438476562 291.57839012145996
196.4240264892578 267.290283203125 232.8251190185547 267.290283203125 232.8251190185547 298.8136177062988 196.4240264892578 298.8136177062988
190.3912353515625 270.03350830078125 228.70205307006836 270.03350830078125 228.70205307006836 300.7405033111572 190.3912353515625 300.7405033111572
179.44143676757812 273.728759765625 215.7123031616211 273.728759765625 215.7123031616211 303.8110046386719 179.44143676757812 303.8110046386719
168.6095428466797 275.4861755371094 204.1280632019043 275.4861755371094 204.1280632019043 310.49884033203125 168.6095428466797 310.49884033203125
155.23178100585938 282.10986328125 192.3447494506836 282.10986328125 192.3447494506836 312.9898433685303 155.23178100585938 312.9898433685303
145.96067810058594 284.3541564941406 180.80349349975586 284.3541564941406 180.80349349975586 319.7770690917969 145.96067810058594 319.7770690917969
131.61837768554688 290.94281005859375 170.37272262573242 290.94281005859375 170.37272262573242 322.150842666626 131.61837768554688 322.150842666626
117.8411865234375 296.4020690917969 157.13459014892578 296.4020690917969 157.13459014892578 327.2337589263916 117.8411865234375 327.2337589263916
98.55299377441406 301.81427001953125 137.36924743652344 301.81427001953125 137.36924743652344 335.40253829956055 98.55299377441406 335.40253829956055
86.99798583984375 304.6457824707031 123.6702880859375 304.6457824707031 123.6702880859375 343.3475532531738 86.99798583984375 343.3475532531738
70.50511932373047 310.35565185546875 108.74659729003906 310.35565185546875 108.74659729003906 347.1212158203125 70.50511932373047 347.1212158203125
55.53547286987305 317.1075439453125 95.3997688293457 317.1075439453125 95.3997688293457 351.6081008911133 55.53547286987305 351.6081008911133
37.995994567871094 319.7126159667969 73.5711784362793 319.7126159667969 73.5711784362793 361.49990463256836 37.995994567871094 361.49990463256836
15.332979202270508 326.86187744140625 49.55189323425293 326.86187744140625 49.55189323425293 371.8867645263672 15.332979202270508 371.8867645263672
0.0 327.46533203125 34.551883697509766 327.46533203125 34.551883697509766 372.92833709716797 0.0 372.92833709716797
