571.0 225.0 604.0 225.0 604.0 301.0 571.0 301.0
570.28515625 226.8685302734375 602.3688316345215 226.8685302734375 602.3688316345215 301.29164123535156 570.28515625 301.29164123535156
565.8062744140625 227.67410278320312 598.669792175293 227.67410278320312 598.669792175293 301.07196044921875 565.8062744140625 301.07196044921875
565.02734375 225.05142211914062 596.4354057312012 225.05142211914062 596.4354057312012 302.18934631347656 565.02734375 302.18934631347656
561.9183349609375 224.79464721679688 594.5734176635742 224.79464721679688 594.5734176635742 300.1626663208008 561.9183349609375 300.1626663208008
560.281494140625 225.48019409179688 592.2028770446777 225.48019409179688 592.2028770446777 299.1989288330078 560.281494140625 299.1989288330078
558.0819702148438 226.9087371826172 590.5881576538086 226.9087371826172 590.5881576538086 301.90824127197266 558.0819702148438 301.90824127197266
554.22705078125 226.4325714111328 586.9329376220703 226.4325714111328 586.9329376220703 300.81211853027344 554.22705078125 300.81211853027344
549.8494262695312 227.0780487060547 583.6221160888672 227.0780487060547 583.6221160888672 303.9375762939453 549.8494262695312 303.9375762939453
547.0398559570312 226.77560424804688 581.045166015625 226.77560424804688 581.045166015625 304.0193405151367 547.0398559570312 304.0193405151367
543.1142578125 226.21932983398438 577.3686180114746 226.21932983398438 577.3686180114746 305.0198287963867 543.1142578125 305.0198287963867
540.0348510742188 225.71435546875 574.067813873291 225.71435546875 574.067813873291 303.8138885498047 540.0348510742188 303.8138885498047
537.8151245117188 223.3638153076172 570.8986740112305 223.3638153076172 570.8986740112305 301.37896728515625 537.8151245117188 301.37896728515625
535.5391235351562 223.60128784179688 568.5278015136719 223.60128784179688 568.5278015136719 300.99610900878906 535.5391235351562 300.99610900878906
531.7083740234375 222.46475219726562 564.9194450378418 222.46475219726562 564.9194450378418 299.2466506958008 531.7083740234375 299.2466506958008
528.7839965820312 222.4500274658203 562.3901290893555 222.4500274658203 562.3901290893555 299.8459701538086 528.7839965820312 299.8459701538086
526.91064453125 223.08203125 560.4643363952637 223.08203125 560.4643363952637 299.87010955810547 526.91064453125 299.87010955810547
523.5519409179688 224.06387329101562 556.8794593811035 224.06387329101562 556.8794593811035 300.8181686401367 523.5519409179688 300.8181686401367
521.9342041015625 225.2747039794922 555.3949356079102 225.2747039794922 555.3949356079102 302.3357925415039 521.9342041015625 302.3357925415039
518.2317504882812 228.21823120117188 552.0620193481445 228.21823120117188 552.0620193481445 306.75115966796875 518.2317504882812 306.75115966796875
515.2279052734375 228.4447021484375 549.2168655395508 228.4447021484375 549.2168655395508 306.7223205566406 515.2279052734375 306.7223205566406
511.3045349121094 227.20449829101562 545.1720161437988 227.20449829101562 545.1720161437988 305.29602813720703 511.3045349121094 305.29602813720703
511.1861267089844 226.935791015625 544.8779602050781 226.935791015625 544.8779602050781 305.03236389160156 511.1861267089844 305.03236389160156
508.83197021484375 228.17861938476562 542.8847732543945 228.17861938476562 542.8847732543945 304.3810729980469 508.83197021484375 304.3810729980469
506.07135009765625 229.1734161376953 539.9854354858398 229.1734161376953 539.9854354858398 306.9548568725586 506.07135009765625 306.9548568725586
503.8414001464844 229.05874633789062 537.7341232299805 229.05874633789062 537.7341232299805 307.3567657470703 503.8414001464844 307.3567657470703
500.21380615234375 228.3428192138672 533.9003524780273 228.3428192138672 533.9003524780273 306.2243347167969 500.21380615234375 306.2243347167969
498.10760498046875 229.9871368408203 531.7559089660645 229.9871368408203 531.7559089660645 307.48020935058594 498.10760498046875 307.48020935058594
494.8922424316406 229.8529510498047 528.6884574890137 229.8529510498047 528.6884574890137 307.6866683959961 494.8922424316406 307.6866683959961
492.53826904296875 230.73757934570312 526.1463088989258 230.73757934570312 526.1463088989258 308.13792419433594 492.53826904296875 308.13792419433594
489.6275329589844 229.96896362304688 523.0028991699219 229.96896362304688 523.0028991699219 307.7310333251953 489.6275329589844 307.7310333251953
484.56927490234375 227.14053344726562 517.7895126342773 227.14053344726562 517.7895126342773 305.7970733642578 484.56927490234375 305.7970733642578
482.40863037109375 228.79910278320312 516.5420417785645 228.79910278320312 516.5420417785645 307.4093933105469 482.40863037109375 307.4093933105469
479.7063903808594 226.39059448242188 513.9149856567383 226.39059448242188 513.9149856567383 305.1740264892578 479.7063903808594 305.1740264892578
478.0462341308594 226.2698516845703 511.92517471313477 226.2698516845703 511.92517471313477 305.563720703125 478.0462341308594 305.563720703125
474.74298095703125 225.258544921875 508.1779670715332 225.258544921875 508.1779670715332 304.47198486328125 474.74298095703125 304.47198486328125
473.3687438964844 227.520751953125 507.5042152404785 227.520751953125 507.5042152404785 307.8789825439453 473.3687438964844 307.8789825439453
469.0814514160156 227.7909698486328 504.23054122924805 227.7909698486328 504.23054122924805 308.7403869628906 469.0814514160156 308.7403869628906
466.66021728515625 226.715576171875 501.3147315979004 226.715576171875 501.3147315979004 307.02538299560547 466.66021728515625 307.02538299560547
464.03375244140625 229.41989135742188 498.20999908447266 229.41989135742188 498.20999908447266 309.5260238647461 464.03375244140625 309.5260238647461
461.7484436035156 230.5401611328125 496.47711181640625 230.5401611328125 496.47711181640625 310.5213394165039 461.7484436035156 310.5213394165039
461.0458068847656 232.14846801757812 496.0618782043457 232.14846801757812 496.0618782043457 312.79154205322266 461.0458068847656 312.79154205322266
458.1263732910156 230.2328643798828 492.71849822998047 230.2328643798828 492.71849822998047 310.6308898925781 458.1263732910156 310.6308898925781
455.3896484375 230.0752410888672 490.38601303100586 230.0752410888672 490.38601303100586 310.5800476074219 455.3896484375 310.5800476074219
453.23919677734375 231.19677734375 486.9568328857422 231.19677734375 486.9568328857422 310.86741638183594 453.23919677734375 310.86741638183594
449.64056396484375 230.5797576904297 484.0916862487793 230.5797576904297 484.0916862487793 310.61146545410156 449.64056396484375 310.61146545410156
447.8671875 232.891357421875 482.6627883911133 232.891357421875 482.6627883911133 313.45121002197266 447.8671875 313.45121002197266
444.8184509277344 231.0469970703125 478.5240249633789 231.0469970703125 478.5240249633789 308.42701721191406 444.8184509277344 308.42701721191406
442.6383361816406 231.1046905517578 475.81384658813477 231.1046905517578 475.81384658813477 311.4599914550781 442.6383361816406 311.4599914550781
437.1348571777344 230.2164306640625 471.1764144897461 230.2164306640625 471.1764144897461 311.07960510253906 437.1348571777344 311.07960510253906
433.0508728027344 229.3203125 468.37234115600586 229.3203125 468.37234115600586 309.60789489746094 433.0508728027344 309.60789489746094
430.7784729003906 230.38211059570312 465.4470558166504 230.38211059570312 465.4470558166504 310.51490783691406 430.7784729003906 310.51490783691406
429.3116149902344 231.212890625 464.75959396362305 231.212890625 464.75959396362305 312.85064697265625 429.3116149902344 312.85064697265625
424.6087341308594 228.7187957763672 459.7030448913574 228.7187957763672 459.7030448913574 311.3439178466797 424.6087341308594 311.3439178466797
422.71429443359375 227.4346160888672 458.5174102783203 227.4346160888672 458.5174102783203 309.49366760253906 422.71429443359375 309.49366760253906
419.80615234375 229.6266632080078 455.89079666137695 229.6266632080078 455.89079666137695 312.5918197631836 419.80615234375 312.5918197631836
418.1259765625 229.770751953125 453.9620361328125 229.770751953125 453.9620361328125 312.3022689819336 418.1259765625 312.3022689819336
413.1634826660156 230.11062622070312 449.510009765625 230.11062622070312 449.510009765625 313.6616973876953 413.1634826660156 313.6616973876953
411.50146484375 230.8894500732422 447.6043014526367 230.8894500732422 447.6043014526367 316.3824234008789 411.50146484375 316.3824234008789
407.9819641113281 230.58023071289062 445.48157501220703 230.58023071289062 445.48157501220703 316.9429473876953 407.9819641113281 316.9429473876953
403.48406982421875 230.6494598388672 440.68299102783203 230.6494598388672 440.68299102783203 316.31966400146484 403.48406982421875 316.31966400146484
402.9615173339844 232.6971893310547 438.9010314941406 232.6971893310547 438.9010314941406 316.67382049560547 402.9615173339844 316.67382049560547
401.11785888671875 230.665771484375 436.3733825683594 230.665771484375 436.3733825683594 315.1498565673828 401.11785888671875 315.1498565673828
397.1805419921875 229.47695922851562 432.3468818664551 229.47695922851562 432.3468818664551 313.0476837158203 397.1805419921875 313.0476837158203
395.8641357421875 234.20510864257812 430.38899993896484 234.20510864257812 430.38899993896484 316.9860305786133 395.8641357421875 316.9860305786133
390.87957763671875 231.39358520507812 424.5478858947754 231.39358520507812 424.5478858947754 313.81661224365234 390.87957763671875 313.81661224365234
388.464599609375 232.60153198242188 422.33237075805664 232.60153198242188 422.33237075805664 314.24244689941406 388.464599609375 314.24244689941406
385.2222900390625 231.8121795654297 418.1830062866211 231.8121795654297 418.1830062866211 315.36942291259766 385.2222900390625 315.36942291259766
382.3272705078125 232.7381591796875 416.22386932373047 232.7381591796875 416.22386932373047 315.97314453125 382.3272705078125 315.97314453125
378.0151062011719 230.2339630126953 412.9138946533203 230.2339630126953 412.9138946533203 315.02503204345703 378.0151062011719 315.02503204345703
377.3067626953125 228.9378204345703 411.29925537109375 228.9378204345703 411.29925537109375 314.82691192626953 377.3067626953125 314.82691192626953
373.9096374511719 229.51937866210938 407.2312545776367 229.51937866210938 407.2312545776367 312.17057037353516 373.9096374511719 312.17057037353516
373.0619812011719 228.1699981689453 407.09024810791016 228.1699981689453 407.09024810791016 311.83203887939453 373.0619812011719 311.83203887939453
369.2801513671875 228.83523559570312 403.29479217529297 228.83523559570312 403.29479217529297 313.58497619628906 369.2801513671875 313.58497619628906
366.5437927246094 229.01522827148438 400.8647994995117 229.01522827148438 400.8647994995117 312.81592559814453 366.5437927246094 312.81592559814453
362.445068359375 230.2590789794922 398.58137130737305 230.2590789794922 398.58137130737305 315.28436279296875 362.445068359375 315.28436279296875
359.92962646484375 232.0265655517578 396.1524772644043 232.0265655517578 396.1524772644043 316.7546691894531 359.92962646484375 316.7546691894531
357.8210144042969 232.50131225585938 393.3952293395996 232.50131225585938 393.3952293395996 317.65647888183594 357.8210144042969 317.65647888183594
354.67926025390625 231.10195922851562 390.60538482666016 231.10195922851562 390.60538482666016 316.08929443359375 354.67926025390625 316.08929443359375
352.49658203125 231.4779052734375 389.43760681152344 231.4779052734375 389.43760681152344 316.55419921875 352.49658203125 316.55419921875
348.25390625 230.7714385986328 384.21717071533203 230.7714385986328 384.21717071533203 315.2373352050781 348.25390625 315.2373352050781
346.75799560546875 232.2892608642578 383.2407455444336 232.2892608642578 383.2407455444336 316.3101348876953 346.75799560546875 316.3101348876953
341.77069091796875 232.76858520507812 378.8128967285156 232.76858520507812 378.8128967285156 318.07789611816406 341.77069091796875 318.07789611816406
342.77880859375 232.6868438720703 379.94579696655273 232.6868438720703 379.94579696655273 318.2835388183594 342.77880859375 318.2835388183594
337.74322509765625 233.12435913085938 375.0377731323242 233.12435913085938 375.0377731323242 319.0148239135742 337.74322509765625 319.0148239135742
336.00201416015625 232.3480987548828 373.43529510498047 232.3480987548828 373.43529510498047 320.2980041503906 336.00201416015625 320.2980041503906
334.6847229003906 231.65475463867188 369.6773147583008 231.65475463867188 369.6773147583008 320.7257843017578 334.6847229003906 320.7257843017578
331.40887451171875 229.2581024169922 367.92546463012695 229.2581024169922 367.92546463012695 320.50445556640625 331.40887451171875 320.50445556640625
327.64886474609375 230.3800506591797 363.70655822753906 230.3800506591797 363.70655822753906 319.7733917236328 327.64886474609375 319.7733917236328
326.49188232421875 229.7604522705078 362.8272399902344 229.7604522705078 362.8272399902344 318.49513244628906 326.49188232421875 318.49513244628906
320.6700134277344 229.75704956054688 359.1522979736328 229.75704956054688 359.1522979736328 318.38289642333984 320.6700134277344 318.38289642333984
319.1165466308594 228.98486328125 356.2566909790039 228.98486328125 356.2566909790039 322.17393493652344 319.1165466308594 322.17393493652344
317.142578125 230.5933380126953 353.8923873901367 230.5933380126953 353.8923873901367 322.65589904785156 317.142578125 322.65589904785156
311.74627685546875 231.2321319580078 349.64619064331055 231.2321319580078 349.64619064331055 322.08917236328125 311.74627685546875 322.08917236328125
309.7440490722656 232.3575439453125 347.7857437133789 232.3575439453125 347.7857437133789 322.07588958740234 309.7440490722656 322.07588958740234
305.4051818847656 234.1990203857422 343.08310317993164 234.1990203857422 343.08310317993164 323.6455078125 305.4051818847656 323.6455078125
305.80035400390625 234.83560180664062 341.53936767578125 234.83560180664062 341.53936767578125 326.59889221191406 305.80035400390625 326.59889221191406
302.66632080078125 232.6388397216797 338.6504554748535 232.6388397216797 338.6504554748535 326.05760192871094 302.66632080078125 326.05760192871094
298.5552673339844 233.84213256835938 336.05686950683594 233.84213256835938 336.05686950683594 324.6349105834961 298.5552673339844 324.6349105834961
296.78948974609375 234.524658203125 334.4513969421387 234.524658203125 334.4513969421387 324.8602752685547 296.78948974609375 324.8602752685547
293.29913330078125 234.9218292236328 330.2614555358887 234.9218292236328 330.2614555358887 327.4082489013672 293.29913330078125 327.4082489013672
290.81298828125 234.4066162109375 328.0463333129883 234.4066162109375 328.0463333129883 328.3413848876953 290.81298828125 328.3413848876953
288.22186279296875 235.16055297851562 323.8992614746094 235.16055297851562 323.8992614746094 326.9179992675781 288.22186279296875 326.9179992675781
285.87451171875 234.60092163085938 322.5152282714844 234.60092163085938 322.5152282714844 325.0261764526367 285.87451171875 325.0261764526367
281.33367919921875 236.66500854492188 317.57463455200195 236.66500854492188 317.57463455200195 324.55542755126953 281.33367919921875 324.55542755126953
280.75006103515625 237.78067016601562 317.11872482299805 237.78067016601562 317.11872482299805 325.6763916015625 280.75006103515625 325.6763916015625
277.2501525878906 236.7484893798828 312.9477005004883 236.7484893798828 312.9477005004883 325.421142578125 277.2501525878906 325.421142578125
274.0596618652344 238.400146484375 310.93688201904297 238.400146484375 310.93688201904297 323.3295135498047 274.0596618652344 323.3295135498047
273.8147888183594 232.19873046875 307.6041679382324 232.19873046875 307.6041679382324 322.79112243652344 273.8147888183594 322.79112243652344
271.2371520996094 231.0789794921875 304.27153396606445 231.0789794921875 304.27153396606445 322.95999908447266 271.2371520996094 322.95999908447266
269.2889404296875 231.13223266601562 301.4710273742676 231.13223266601562 301.4710273742676 326.8773498535156 269.2889404296875 326.8773498535156
264.07611083984375 238.5462188720703 301.16944122314453 238.5462188720703 301.16944122314453 323.97328186035156 264.07611083984375 323.97328186035156
263.0304260253906 232.8993377685547 298.47864151000977 232.8993377685547 298.47864151000977 322.16612243652344 263.0304260253906 322.16612243652344
258.22894287109375 240.3090057373047 294.9061508178711 240.3090057373047 294.9061508178711 328.9518280029297 258.22894287109375 328.9518280029297
252.91049194335938 236.9586639404297 290.16909408569336 236.9586639404297 290.16909408569336 322.76634979248047 252.91049194335938 322.76634979248047
251.89273071289062 239.5567169189453 288.5287284851074 239.5567169189453 288.5287284851074 323.93052673339844 251.89273071289062 323.93052673339844
247.08847045898438 236.95730590820312 283.9085350036621 236.95730590820312 283.9085350036621 321.7550277709961 247.08847045898438 321.7550277709961
245.74111938476562 237.8716583251953 282.4513053894043 237.8716583251953 282.4513053894043 322.4163284301758 245.74111938476562 322.4163284301758
243.7706756591797 239.719482421875 279.8909378051758 239.719482421875 279.8909378051758 322.90553283691406 243.7706756591797 322.90553283691406
240.32022094726562 238.4588623046875 276.9837417602539 238.4588623046875 276.9837417602539 322.8960494995117 240.32022094726562 322.8960494995117
237.3968505859375 241.1558837890625 274.0736312866211 241.1558837890625 274.0736312866211 325.62359619140625 237.3968505859375 325.62359619140625
237.17758178710938 241.1661834716797 273.0923767089844 241.1661834716797 273.0923767089844 323.8790283203125 237.17758178710938 323.8790283203125
231.58010864257812 240.6590576171875 267.97046661376953 240.6590576171875 267.97046661376953 324.4671401977539 231.58010864257812 324.4671401977539
230.05587768554688 243.4627685546875 266.3495445251465 243.4627685546875 266.3495445251465 327.0481719970703 230.05587768554688 327.0481719970703
224.99960327148438 241.1798095703125 261.7231216430664 241.1798095703125 261.7231216430664 325.7551727294922 224.99960327148438 325.7551727294922
221.1516876220703 239.5606689453125 258.02471923828125 239.5606689453125 258.02471923828125 324.4803695678711 221.1516876220703 324.4803695678711
218.06576538085938 239.75839233398438 255.14651107788086 239.75839233398438 255.14651107788086 325.1564636230469 218.06576538085938 325.1564636230469
214.203857421875 239.48410034179688 251.3713035583496 239.48410034179688 251.3713035583496 325.08184814453125 214.203857421875 325.08184814453125
213.34548950195312 239.9176483154297 250.74413299560547 239.9176483154297 250.74413299560547 326.04784393310547 213.34548950195312 326.04784393310547
210.45126342773438 241.10107421875 247.79949569702148 241.10107421875 247.79949569702148 327.1151657104492 210.45126342773438 327.1151657104492
205.69961547851562 242.1437530517578 243.33868408203125 242.1437530517578 243.33868408203125 328.82765197753906 205.69961547851562 328.82765197753906
202.8900146484375 245.42550659179688 239.78126525878906 245.42550659179688 239.78126525878906 330.3871612548828 202.8900146484375 330.3871612548828
199.30824279785156 244.5059814453125 236.35338973999023 244.5059814453125 236.35338973999023 329.8220672607422 199.30824279785156 329.8220672607422
196.99253845214844 246.2290496826172 234.28476333618164 246.2290496826172 234.28476333618164 332.1141662597656 196.99253845214844 332.1141662597656
194.19229125976562 243.6432647705078 232.0739288330078 243.6432647705078 232.0739288330078 330.8858184814453 194.19229125976562 330.8858184814453
190.3138885498047 240.72976684570312 228.32573699951172 240.72976684570312 228.32573699951172 329.10633850097656 190.3138885498047 329.10633850097656
188.6310577392578 242.13076782226562 227.4754180908203 242.13076782226562 227.4754180908203 331.5905075073242 188.6310577392578 331.5905075073242
184.4665069580078 240.8080596923828 223.45773315429688 240.8080596923828 223.45773315429688 330.6060333251953 184.4665069580078 330.6060333251953
