469.0 104.0 487.0 104.0 487.0 146.0 469.0 146.0
468.59234619140625 104.0791015625 486.57564544677734 104.0791015625 486.57564544677734 145.42342376708984 468.59234619140625 145.42342376708984
469.19232177734375 104.69172668457031 486.5368824005127 104.69172668457031 486.5368824005127 145.44097137451172 469.19232177734375 145.44097137451172
469.984130859375 103.89154052734375 486.2865047454834 103.89154052734375 486.2865047454834 145.58149337768555 469.984130859375 145.58149337768555
468.57867431640625 104.62957763671875 485.9502296447754 104.62957763671875 485.9502296447754 144.71466827392578 468.57867431640625 144.71466827392578
468.5909118652344 104.28971099853516 486.2774257659912 104.28971099853516 486.2774257659912 144.72920608520508 468.5909118652344 144.72920608520508
468.3409118652344 104.66387939453125 486.36893463134766 104.66387939453125 486.36893463134766 146.3492546081543 468.3409118652344 146.3492546081543
467.32977294921875 105.61138916015625 485.45276260375977 105.61138916015625 485.45276260375977 146.29830169677734 467.32977294921875 146.29830169677734
467.61395263671875 103.89188385009766 485.02866554260254 103.89188385009766 485.02866554260254 149.08759689331055 467.61395263671875 149.08759689331055
467.30352783203125 104.21573638916016 485.54845237731934 104.21573638916016 485.54845237731934 148.90217971801758 467.30352783203125 148.90217971801758
466.56787109375 104.06083679199219 484.8412609100342 104.06083679199219 484.8412609100342 148.32540130615234 466.56787109375 148.32540130615234
466.6544494628906 105.55555725097656 483.99174880981445 105.55555725097656 483.99174880981445 147.75276947021484 466.6544494628906 147.75276947021484
467.21160888671875 105.33915710449219 484.5590476989746 105.33915710449219 484.5590476989746 148.2458839416504 467.21160888671875 148.2458839416504
467.4476623535156 105.2991943359375 484.7748107910156 105.2991943359375 484.7748107910156 148.79003143310547 467.4476623535156 148.79003143310547
466.687255859375 105.94425201416016 483.9962348937988 105.94425201416016 483.9962348937988 149.77791595458984 466.687255859375 149.77791595458984
467.37396240234375 105.5279769897461 484.7934913635254 105.5279769897461 484.7934913635254 149.15481185913086 467.37396240234375 149.15481185913086
467.810546875 105.81937408447266 484.8843936920166 105.81937408447266 484.8843936920166 149.5306854248047 467.810546875 149.5306854248047
467.5834045410156 104.99308776855469 485.15477561950684 104.99308776855469 485.15477561950684 150.57588958740234 467.5834045410156 150.57588958740234
468.03076171875 104.13458251953125 484.859582901001 104.13458251953125 484.859582901001 151.51001739501953 468.03076171875 151.51001739501953
466.67279052734375 105.83646392822266 484.7687110900879 105.83646392822266 484.7687110900879 149.2013702392578 466.67279052734375 149.2013702392578
466.59844970703125 106.37120056152344 484.9903678894043 106.37120056152344 484.9903678894043 150.4242820739746 466.59844970703125 150.4242820739746
466.4249572753906 107.1646957397461 484.3542881011963 107.1646957397461 484.3542881011963 150.26028060913086 466.4249572753906 150.26028060913086
465.8421936035156 105.55728912353516 484.1997470855713 105.55728912353516 484.1997470855713 150.72433471679688 465.8421936035156 150.72433471679688
466.55511474609375 105.3368148803711 484.388879776001 105.3368148803711 484.388879776001 150.53475952148438 466.55511474609375 150.53475952148438
466.47198486328125 106.9864501953125 484.27302169799805 106.9864501953125 484.27302169799805 150.34273529052734 466.47198486328125 150.34273529052734
466.4451599121094 106.15998840332031 484.4616241455078 106.15998840332031 484.4616241455078 150.39446640014648 466.4451599121094 150.39446640014648
466.4981384277344 105.63326263427734 484.162389755249 105.63326263427734 484.162389755249 151.47921752929688 466.4981384277344 151.47921752929688
465.843017578125 105.94598388671875 484.1163520812988 105.94598388671875 484.1163520812988 151.87728118896484 465.843017578125 151.87728118896484
464.55535888671875 104.26319885253906 482.7299327850342 104.26319885253906 482.7299327850342 151.57543182373047 464.55535888671875 151.57543182373047
462.73382568359375 104.05091857910156 481.347713470459 104.05091857910156 481.347713470459 153.0178680419922 462.73382568359375 153.0178680419922
461.9986267089844 106.1576156616211 480.1375255584717 106.1576156616211 480.1375255584717 151.71852111816406 461.9986267089844 151.71852111816406
461.5035095214844 107.2867202758789 479.9630832672119 107.2867202758789 479.9630832672119 152.3093719482422 461.5035095214844 152.3093719482422
461.43133544921875 107.102783203125 479.22498512268066 107.102783203125 479.22498512268066 153.01691436767578 461.43133544921875 153.01691436767578
461.4479064941406 107.6102523803711 479.3388156890869 107.6102523803711 479.3388156890869 152.9392547607422 461.4479064941406 152.9392547607422
460.37994384765625 107.2561264038086 478.875696182251 107.2561264038086 478.875696182251 152.27038955688477 460.37994384765625 152.27038955688477
461.16802978515625 107.65254211425781 478.855863571167 107.65254211425781 478.855863571167 151.31402206420898 461.16802978515625 151.31402206420898
460.38433837890625 106.74305725097656 477.89802742004395 106.74305725097656 477.89802742004395 151.95589447021484 460.38433837890625 151.95589447021484
460.48828125 107.83613586425781 477.4398136138916 107.83613586425781 477.4398136138916 153.82415008544922 460.48828125 153.82415008544922
459.46240234375 107.1214599609375 476.5015449523926 107.1214599609375 476.5015449523926 154.3207664489746 459.46240234375 154.3207664489746
457.6533203125 110.32084655761719 475.80844497680664 110.32084655761719 475.80844497680664 152.34759902954102 457.6533203125 152.34759902954102
457.11468505859375 107.94588470458984 475.52105140686035 107.94588470458984 475.52105140686035 154.6700897216797 457.11468505859375 154.6700897216797
456.9300842285156 109.6180648803711 474.80714988708496 109.6180648803711 474.80714988708496 154.56503677368164 456.9300842285156 154.56503677368164
456.26470947265625 109.02056884765625 474.54352378845215 109.02056884765625 474.54352378845215 153.99045181274414 456.26470947265625 153.99045181274414
457.119140625 108.20361328125 474.7679252624512 108.20361328125 474.7679252624512 155.04021072387695 457.119140625 155.04021072387695
456.8714294433594 108.7116470336914 473.8246650695801 108.7116470336914 473.8246650695801 154.60976791381836 456.8714294433594 154.60976791381836
455.8392639160156 109.47853088378906 473.94541931152344 109.47853088378906 473.94541931152344 157.72174835205078 455.8392639160156 157.72174835205078
455.0243225097656 109.4314193725586 473.1386070251465 109.4314193725586 473.1386070251465 157.318603515625 455.0243225097656 157.318603515625
454.619873046875 109.04256439208984 472.9857692718506 109.04256439208984 472.9857692718506 157.63714218139648 454.619873046875 157.63714218139648
454.1197204589844 109.1895523071289 473.086727142334 109.1895523071289 473.086727142334 157.02606201171875 454.1197204589844 157.02606201171875
453.4305114746094 108.50242614746094 471.6493797302246 108.50242614746094 471.6493797302246 157.22968292236328 453.4305114746094 157.22968292236328
452.73638916015625 109.568603515625 470.9028377532959 109.568603515625 470.9028377532959 157.63533782958984 452.73638916015625 157.63533782958984
453.27783203125 110.17481994628906 471.0655708312988 110.17481994628906 471.0655708312988 158.10208892822266 453.27783203125 158.10208892822266
452.68798828125 111.2503433227539 470.3460063934326 111.2503433227539 470.3460063934326 157.97476196289062 452.68798828125 157.97476196289062
452.7386779785156 111.45892333984375 470.90874099731445 111.45892333984375 470.90874099731445 158.48138046264648 452.7386779785156 158.48138046264648
452.2815856933594 111.50715637207031 469.97339630126953 111.50715637207031 469.97339630126953 158.52889251708984 452.2815856933594 158.52889251708984
451.7469177246094 111.10527038574219 469.8898696899414 111.10527038574219 469.8898696899414 158.36202239990234 451.7469177246094 158.36202239990234
452.37298583984375 110.60823059082031 469.7310085296631 110.60823059082031 469.7310085296631 157.29632568359375 452.37298583984375 157.29632568359375
449.4190368652344 112.08622741699219 466.805082321167 112.08622741699219 466.805082321167 160.7987518310547 449.4190368652344 160.7987518310547
448.429443359375 110.83856201171875 466.10448455810547 110.83856201171875 466.10448455810547 159.18697357177734 448.429443359375 159.18697357177734
446.9009704589844 111.96734619140625 464.6631603240967 111.96734619140625 464.6631603240967 158.9820327758789 446.9009704589844 158.9820327758789
447.2908630371094 114.06758880615234 465.4409999847412 114.06758880615234 465.4409999847412 159.86328125 447.2908630371094 159.86328125
446.19610595703125 114.85197448730469 465.27892875671387 114.85197448730469 465.27892875671387 161.41230010986328 446.19610595703125 161.41230010986328
446.7474670410156 114.25907897949219 464.6919975280762 114.25907897949219 464.6919975280762 160.55146408081055 446.7474670410156 160.55146408081055
447.4771423339844 112.72672271728516 465.14562606811523 112.72672271728516 465.14562606811523 160.25632858276367 447.4771423339844 160.25632858276367
445.92840576171875 114.1790542602539 463.89948081970215 114.1790542602539 463.89948081970215 159.0013084411621 445.92840576171875 159.0013084411621
446.25567626953125 114.22564697265625 464.1151695251465 114.22564697265625 464.1151695251465 160.02330780029297 446.25567626953125 160.02330780029297
444.9576110839844 116.00357818603516 463.4317970275879 116.00357818603516 463.4317970275879 161.4508399963379 444.9576110839844 161.4508399963379
443.72711181640625 114.70042419433594 462.20526123046875 114.70042419433594 462.20526123046875 160.76270294189453 443.72711181640625 160.76270294189453
443.3857421875 113.91805267333984 462.3575210571289 113.91805267333984 462.3575210571289 160.61632537841797 443.3857421875 160.61632537841797
443.571533203125 113.48954010009766 461.9177417755127 113.48954010009766 461.9177417755127 160.52651977539062 443.571533203125 160.52651977539062
442.84912109375 113.83201599121094 461.6284294128418 113.83201599121094 461.6284294128418 160.3149871826172 442.84912109375 160.3149871826172
442.9862365722656 115.12657165527344 461.8754940032959 115.12657165527344 461.8754940032959 158.9717025756836 442.9862365722656 158.9717025756836
443.7146911621094 115.59953308105469 462.06857109069824 115.59953308105469 462.06857109069824 160.84041595458984 443.7146911621094 160.84041595458984
444.29119873046875 116.356201171875 462.36533546447754 116.356201171875 462.36533546447754 160.36612701416016 444.29119873046875 160.36612701416016
443.4048767089844 117.07438659667969 461.8570213317871 117.07438659667969 461.8570213317871 161.4951400756836 443.4048767089844 161.4951400756836
443.56768798828125 115.78675842285156 461.77181243896484 115.78675842285156 461.77181243896484 161.15118789672852 443.56768798828125 161.15118789672852
443.9119567871094 114.56657409667969 462.7743740081787 114.56657409667969 462.7743740081787 159.19769668579102 443.9119567871094 159.19769668579102
443.33489990234375 116.23897552490234 461.6019992828369 116.23897552490234 461.6019992828369 160.48916625976562 443.33489990234375 160.48916625976562
442.45440673828125 117.7326889038086 461.598783493042 117.7326889038086 461.598783493042 160.27902221679688 442.45440673828125 160.27902221679688
442.061279296875 116.330810546875 461.5165367126465 116.330810546875 461.5165367126465 161.5724868774414 442.061279296875 161.5724868774414
441.43011474609375 117.42730712890625 460.5706787109375 117.42730712890625 460.5706787109375 160.70371627807617 441.43011474609375 160.70371627807617
441.1736755371094 116.10786437988281 460.0510883331299 116.10786437988281 460.0510883331299 158.2917137145996 441.1736755371094 158.2917137145996
440.71990966796875 116.36320495605469 460.1505470275879 116.36320495605469 460.1505470275879 158.8796730041504 440.71990966796875 158.8796730041504
441.519775390625 118.3089370727539 461.0062313079834 118.3089370727539 461.0062313079834 158.53298568725586 441.519775390625 158.53298568725586
441.2464904785156 117.7680892944336 460.7160129547119 117.7680892944336 460.7160129547119 161.27272415161133 441.2464904785156 161.27272415161133
441.51910400390625 118.38525390625 461.5646171569824 118.38525390625 461.5646171569824 161.03934860229492 441.51910400390625 161.03934860229492
441.5147399902344 119.9252700805664 461.01172256469727 119.9252700805664 461.01172256469727 160.7818946838379 441.5147399902344 160.7818946838379
440.62091064453125 120.7138900756836 459.07287788391113 120.7138900756836 459.07287788391113 162.971435546875 440.62091064453125 162.971435546875
440.5882263183594 119.6419906616211 459.2787227630615 119.6419906616211 459.2787227630615 163.8060073852539 440.5882263183594 163.8060073852539
440.37213134765625 118.58372497558594 460.07630729675293 118.58372497558594 460.07630729675293 160.6944236755371 440.37213134765625 160.6944236755371
440.0646057128906 119.49847412109375 459.88483238220215 119.49847412109375 459.88483238220215 161.50763702392578 440.0646057128906 161.50763702392578
440.9150390625 118.0907974243164 459.70659255981445 118.0907974243164 459.70659255981445 160.72096252441406 440.9150390625 160.72096252441406
440.427490234375 118.9079360961914 459.3080711364746 118.9079360961914 459.3080711364746 160.3521385192871 440.427490234375 160.3521385192871
440.4574279785156 119.79637145996094 459.5580940246582 119.79637145996094 459.5580940246582 162.37557220458984 440.4574279785156 162.37557220458984
441.320068359375 121.10628509521484 459.76213455200195 121.10628509521484 459.76213455200195 161.359619140625 441.320068359375 161.359619140625
441.25634765625 120.49349212646484 460.7088279724121 120.49349212646484 460.7088279724121 162.40895080566406 441.25634765625 162.40895080566406
441.73382568359375 121.69398498535156 460.5154438018799 121.69398498535156 460.5154438018799 161.97649765014648 441.73382568359375 161.97649765014648
441.7933654785156 122.01602935791016 460.4202709197998 122.01602935791016 460.4202709197998 161.90272521972656 441.7933654785156 161.90272521972656
442.7032165527344 121.38127136230469 460.8796844482422 121.38127136230469 460.8796844482422 162.18848419189453 442.7032165527344 162.18848419189453
442.916015625 121.72628021240234 460.36919021606445 121.72628021240234 460.36919021606445 162.32471466064453 442.916015625 162.32471466064453
441.2578125 122.76060485839844 458.98886489868164 122.76060485839844 458.98886489868164 162.91211700439453 441.2578125 162.91211700439453
441.9955139160156 122.9157485961914 459.6510353088379 122.9157485961914 459.6510353088379 162.42773056030273 441.9955139160156 162.42773056030273
441.8541564941406 122.2442626953125 459.3692874908447 122.2442626953125 459.3692874908447 162.67610931396484 441.8541564941406 162.67610931396484
441.7464904785156 122.72603607177734 460.33210372924805 122.72603607177734 460.33210372924805 163.50807571411133 441.7464904785156 163.50807571411133
440.5589294433594 123.00833892822266 459.6528434753418 123.00833892822266 459.6528434753418 163.85173797607422 440.5589294433594 163.85173797607422
440.656494140625 122.32867431640625 459.2552719116211 122.32867431640625 459.2552719116211 161.946533203125 440.656494140625 161.946533203125
441.423095703125 124.0726547241211 460.0439567565918 124.0726547241211 460.0439567565918 161.6469268798828 441.423095703125 161.6469268798828
442.46600341796875 122.93937683105469 461.1708164215088 122.93937683105469 461.1708164215088 164.4314956665039 442.46600341796875 164.4314956665039
442.50457763671875 124.5903549194336 461.15882301330566 124.5903549194336 461.15882301330566 165.37974548339844 442.50457763671875 165.37974548339844
443.00225830078125 124.8927230834961 461.4491386413574 124.8927230834961 461.4491386413574 165.79807662963867 443.00225830078125 165.79807662963867
442.61395263671875 124.23783874511719 461.10084533691406 124.23783874511719 461.10084533691406 164.78307723999023 442.61395263671875 164.78307723999023
442.83538818359375 124.08113098144531 461.59381675720215 124.08113098144531 461.59381675720215 167.16858291625977 442.83538818359375 167.16858291625977
442.50079345703125 124.14857482910156 461.4159355163574 124.14857482910156 461.4159355163574 165.60149383544922 442.50079345703125 165.60149383544922
441.74249267578125 124.85394287109375 461.9492588043213 124.85394287109375 461.9492588043213 165.70211791992188 441.74249267578125 165.70211791992188
442.3284606933594 125.1524658203125 462.72642517089844 125.1524658203125 462.72642517089844 166.91320419311523 442.3284606933594 166.91320419311523
443.8016052246094 125.8340072631836 462.8876647949219 125.8340072631836 462.8876647949219 167.8085594177246 443.8016052246094 167.8085594177246
444.2583923339844 125.05320739746094 463.7692279815674 125.05320739746094 463.7692279815674 169.27690887451172 444.2583923339844 169.27690887451172
444.1329040527344 124.58109283447266 464.26958084106445 124.58109283447266 464.26958084106445 169.4136962890625 444.1329040527344 169.4136962890625
444.0577697753906 125.16854095458984 463.51293563842773 125.16854095458984 463.51293563842773 169.59709930419922 444.0577697753906 169.59709930419922
444.3680114746094 125.94749450683594 463.58222007751465 125.94749450683594 463.58222007751465 168.4958839416504 444.3680114746094 168.4958839416504
444.54168701171875 125.43080139160156 463.44509506225586 125.43080139160156 463.44509506225586 168.76557159423828 444.54168701171875 168.76557159423828
443.731201171875 126.76777648925781 462.6625728607178 126.76777648925781 462.6625728607178 169.83042907714844 443.731201171875 169.83042907714844
443.13446044921875 127.4892349243164 462.0130214691162 127.4892349243164 462.0130214691162 169.5234603881836 443.13446044921875 169.5234603881836
442.5146484375 127.38533020019531 461.1897277832031 127.38533020019531 461.1897277832031 171.02558135986328 442.5146484375 171.02558135986328
442.73529052734375 126.59355163574219 461.868200302124 126.59355163574219 461.868200302124 169.9554214477539 442.73529052734375 169.9554214477539
443.2071228027344 125.8969955444336 462.128116607666 125.8969955444336 462.128116607666 168.82088088989258 443.2071228027344 168.82088088989258
443.09735107421875 126.8561019897461 462.6492500305176 126.8561019897461 462.6492500305176 169.11952209472656 443.09735107421875 169.11952209472656
442.85125732421875 126.9856185913086 462.14344024658203 126.9856185913086 462.14344024658203 168.63856506347656 442.85125732421875 168.63856506347656
443.148681640625 127.6733169555664 462.73054122924805 127.6733169555664 462.73054122924805 171.44203567504883 443.148681640625 171.44203567504883
444.31353759765625 129.09164428710938 463.21907806396484 129.09164428710938 463.21907806396484 171.7215805053711 444.31353759765625 171.7215805053711
445.29052734375 127.67909240722656 463.09839248657227 127.67909240722656 463.09839248657227 170.27938079833984 445.29052734375 170.27938079833984
443.9140625 128.32025146484375 463.3077812194824 128.32025146484375 463.3077812194824 171.3207244873047 443.9140625 171.3207244873047
444.8804626464844 127.344970703125 463.3095703125 127.344970703125 463.3095703125 171.22771835327148 444.8804626464844 171.22771835327148
444.537353515625 127.84596252441406 464.2461452484131 127.84596252441406 464.2461452484131 171.9904022216797 444.537353515625 171.9904022216797
443.902587890625 129.36099243164062 463.61310958862305 129.36099243164062 463.61310958862305 171.9961929321289 443.902587890625 171.9961929321289
444.26123046875 128.80398559570312 464.32179832458496 128.80398559570312 464.32179832458496 171.2669563293457 444.26123046875 171.2669563293457
441.3628845214844 129.80101013183594 461.357364654541 129.80101013183594 461.357364654541 173.13022994995117 441.3628845214844 173.13022994995117
442.4937438964844 129.73291015625 462.03056716918945 129.73291015625 462.03056716918945 172.67200469970703 442.4937438964844 172.67200469970703
443.029541015625 130.0831298828125 462.41921615600586 130.0831298828125 462.41921615600586 172.68463897705078 443.029541015625 172.68463897705078
442.98583984375 131.00238037109375 461.92482566833496 131.00238037109375 461.92482566833496 172.24966049194336 442.98583984375 172.24966049194336
442.9595642089844 129.13287353515625 462.5295295715332 129.13287353515625 462.5295295715332 172.04144668579102 442.9595642089844 172.04144668579102
442.0354919433594 129.73153686523438 461.1560459136963 129.73153686523438 461.1560459136963 172.25617218017578 442.0354919433594 172.25617218017578
441.3262634277344 130.20851135253906 461.07945442199707 130.20851135253906 461.07945442199707 172.99945449829102 441.3262634277344 172.99945449829102
440.637451171875 131.6097412109375 459.9046821594238 131.6097412109375 459.9046821594238 173.9723243713379 440.637451171875 173.9723243713379
439.91265869140625 132.0233612060547 459.50318145751953 132.0233612060547 459.50318145751953 172.8561668395996 439.91265869140625 172.8561668395996
439.74261474609375 131.461181640625 458.87474250793457 131.461181640625 458.87474250793457 173.15354537963867 439.74261474609375 173.15354537963867
439.72894287109375 131.8862762451172 458.07213973999023 131.8862762451172 458.07213973999023 173.02230834960938 439.72894287109375 173.02230834960938
440.1703186035156 132.8582763671875 459.73794174194336 132.8582763671875 459.73794174194336 174.06973266601562 440.1703186035156 174.06973266601562
440.18878173828125 134.22723388671875 459.6843681335449 134.22723388671875 459.6843681335449 174.49940872192383 440.18878173828125 174.49940872192383
440.5970153808594 133.33030700683594 459.81671714782715 133.33030700683594 459.81671714782715 175.59270858764648 440.5970153808594 175.59270858764648
441.46270751953125 131.7523956298828 459.79409408569336 131.7523956298828 459.79409408569336 173.93663787841797 441.46270751953125 173.93663787841797
440.418212890625 132.53387451171875 459.059513092041 132.53387451171875 459.059513092041 173.52005767822266 440.418212890625 173.52005767822266
440.705078125 133.59963989257812 459.45886611938477 133.59963989257812 459.45886611938477 175.89455032348633 440.705078125 175.89455032348633
439.37200927734375 135.330810546875 458.1520175933838 135.330810546875 458.1520175933838 176.84799194335938 439.37200927734375 176.84799194335938
439.46923828125 135.1520538330078 458.5553150177002 135.1520538330078 458.5553150177002 174.76476287841797 439.46923828125 174.76476287841797
439.1556091308594 134.6734619140625 458.2215805053711 134.6734619140625 458.2215805053711 175.6216812133789 439.1556091308594 175.6216812133789
438.64739990234375 135.2140350341797 457.6837921142578 135.2140350341797 457.6837921142578 177.22489166259766 438.64739990234375 177.22489166259766
437.44366455078125 134.69204711914062 456.7483940124512 134.69204711914062 456.7483940124512 178.29724884033203 437.44366455078125 178.29724884033203
438.3382263183594 134.5857696533203 457.45105171203613 134.5857696533203 457.45105171203613 178.23957443237305 438.3382263183594 178.23957443237305
438.54327392578125 137.064697265625 458.3430290222168 137.064697265625 458.3430290222168 179.0933609008789 438.54327392578125 179.0933609008789
438.9444274902344 137.4801483154297 459.0711078643799 137.4801483154297 459.0711078643799 181.0544662475586 438.9444274902344 181.0544662475586
439.82421875 136.8126678466797 459.6654472351074 136.8126678466797 459.6654472351074 178.03644561767578 439.82421875 178.03644561767578
439.087890625 136.19924926757812 459.72219467163086 136.19924926757812 459.72219467163086 179.2131462097168 439.087890625 179.2131462097168
440.4520568847656 135.2110137939453 459.16280364990234 135.2110137939453 459.16280364990234 179.98098754882812 440.4520568847656 179.98098754882812
440.0367736816406 136.37789916992188 458.97922134399414 136.37789916992188 458.97922134399414 179.82240295410156 440.0367736816406 179.82240295410156
440.2392578125 136.542724609375 459.17233085632324 136.542724609375 459.17233085632324 179.30234909057617 440.2392578125 179.30234909057617
441.14129638671875 137.90087890625 459.6388416290283 137.90087890625 459.6388416290283 180.55084991455078 441.14129638671875 180.55084991455078
440.2228088378906 138.03736877441406 458.957239151001 138.03736877441406 458.957239151001 180.89262008666992 440.2228088378906 180.89262008666992
440.30084228515625 137.63577270507812 459.321044921875 137.63577270507812 459.321044921875 180.2617645263672 440.30084228515625 180.2617645263672
440.60272216796875 137.5508270263672 459.49109268188477 137.5508270263672 459.49109268188477 180.3606185913086 440.60272216796875 180.3606185913086
439.80078125 138.04736328125 460.29618072509766 138.04736328125 460.29618072509766 181.68484497070312 439.80078125 181.68484497070312
440.99945068359375 137.69393920898438 460.244140625 137.69393920898438 460.244140625 183.56200408935547 440.99945068359375 183.56200408935547
440.978759765625 139.57589721679688 461.75550270080566 139.57589721679688 461.75550270080566 182.73958587646484 440.978759765625 182.73958587646484
441.76849365234375 139.49594116210938 461.54277992248535 139.49594116210938 461.54277992248535 183.26822662353516 441.76849365234375 183.26822662353516
442.017333984375 138.84097290039062 461.7969856262207 138.84097290039062 461.7969856262207 182.60737991333008 442.017333984375 182.60737991333008
441.8045959472656 139.2324981689453 461.95471382141113 139.2324981689453 461.95471382141113 181.84960174560547 441.8045959472656 181.84960174560547
441.995361328125 138.65426635742188 462.0677967071533 138.65426635742188 462.0677967071533 184.47990798950195 441.995361328125 184.47990798950195
441.74798583984375 137.90573120117188 462.3637237548828 137.90573120117188 462.3637237548828 185.11968231201172 441.74798583984375 185.11968231201172
442.4305114746094 140.4486846923828 461.552188873291 140.4486846923828 461.552188873291 186.80493545532227 442.4305114746094 186.80493545532227
443.1129455566406 139.65847778320312 462.5185070037842 139.65847778320312 462.5185070037842 184.00323104858398 443.1129455566406 184.00323104858398
442.28497314453125 141.22811889648438 461.903356552124 141.22811889648438 461.903356552124 185.95515060424805 442.28497314453125 185.95515060424805
443.9734802246094 141.3902130126953 464.8589515686035 141.3902130126953 464.8589515686035 186.62994766235352 443.9734802246094 186.62994766235352
443.11895751953125 141.3245086669922 463.56560134887695 141.3245086669922 463.56560134887695 187.19336700439453 443.11895751953125 187.19336700439453
444.02569580078125 142.6282196044922 465.5169334411621 142.6282196044922 465.5169334411621 187.24373626708984 444.02569580078125 187.24373626708984
446.5003967285156 141.41690063476562 466.9173049926758 141.41690063476562 466.9173049926758 187.6663589477539 446.5003967285156 187.6663589477539
447.5196838378906 141.41282653808594 467.5929298400879 141.41282653808594 467.5929298400879 187.22480010986328 447.5196838378906 187.22480010986328
446.76806640625 141.91586303710938 468.1024532318115 141.91586303710938 468.1024532318115 189.1898307800293 446.76806640625 189.1898307800293
447.3089904785156 142.53659057617188 468.43143463134766 142.53659057617188 468.43143463134766 187.115478515625 447.3089904785156 187.115478515625
447.1717224121094 143.20834350585938 467.85622787475586 143.20834350585938 467.85622787475586 188.98651504516602 447.1717224121094 188.98651504516602
447.39788818359375 143.16746520996094 468.3362293243408 143.16746520996094 468.3362293243408 188.45568466186523 447.39788818359375 188.45568466186523
447.6263122558594 143.83389282226562 468.85081672668457 143.83389282226562 468.85081672668457 188.62871170043945 447.6263122558594 188.62871170043945
448.9395446777344 143.22215270996094 469.9476718902588 143.22215270996094 469.9476718902588 190.07829666137695 448.9395446777344 190.07829666137695
448.4007873535156 146.2107391357422 470.435359954834 146.2107391357422 470.435359954834 190.82196807861328 448.4007873535156 190.82196807861328
450.43914794921875 145.83546447753906 471.1518211364746 145.83546447753906 471.1518211364746 191.68685150146484 450.43914794921875 191.68685150146484
451.1133728027344 145.6733856201172 472.2125549316406 145.6733856201172 472.2125549316406 191.51968383789062 451.1133728027344 191.51968383789062
451.4983825683594 145.00831604003906 472.76512336730957 145.00831604003906 472.76512336730957 191.27278900146484 451.4983825683594 191.27278900146484
451.86932373046875 143.56201171875 474.5555114746094 143.56201171875 474.5555114746094 190.89707565307617 451.86932373046875 190.89707565307617
452.43231201171875 145.69302368164062 474.0188751220703 145.69302368164062 474.0188751220703 191.23854446411133 452.43231201171875 191.23854446411133
453.1236877441406 146.51234436035156 474.3761177062988 146.51234436035156 474.3761177062988 189.89666748046875 453.1236877441406 189.89666748046875
451.9080505371094 147.32162475585938 473.97114181518555 147.32162475585938 473.97114181518555 192.34600067138672 451.9080505371094 192.34600067138672
454.3617248535156 145.58868408203125 474.6934623718262 145.58868408203125 474.6934623718262 190.34405517578125 454.3617248535156 190.34405517578125
454.5220642089844 145.17355346679688 475.51550102233887 145.17355346679688 475.51550102233887 191.00923919677734 454.5220642089844 191.00923919677734
453.26007080078125 144.26585388183594 475.0697727203369 144.26585388183594 475.0697727203369 192.44908142089844 453.26007080078125 192.44908142089844
453.323486328125 144.81747436523438 476.034122467041 144.81747436523438 476.034122467041 192.8385238647461 453.323486328125 192.8385238647461
454.63800048828125 146.384033203125 476.7885856628418 146.384033203125 476.7885856628418 191.94099044799805 454.63800048828125 191.94099044799805
453.86907958984375 147.40162658691406 475.6516304016113 147.40162658691406 475.6516304016113 192.76384735107422 453.86907958984375 192.76384735107422
454.691162109375 146.86758422851562 476.42708015441895 146.86758422851562 476.42708015441895 192.77111053466797 454.691162109375 192.77111053466797
455.4029235839844 146.51385498046875 477.7236843109131 146.51385498046875 477.7236843109131 191.91905975341797 455.4029235839844 191.91905975341797
454.154541015625 146.85475158691406 476.39888191223145 146.85475158691406 476.39888191223145 192.80501174926758 454.154541015625 192.80501174926758
455.4300842285156 146.03216552734375 477.1683750152588 146.03216552734375 477.1683750152588 190.2728042602539 455.4300842285156 190.2728042602539
455.246826171875 147.97769165039062 476.54366874694824 147.97769165039062 476.54366874694824 192.75861740112305 455.246826171875 192.75861740112305
454.9541931152344 148.80911254882812 476.8696632385254 148.80911254882812 476.8696632385254 192.35315704345703 454.9541931152344 192.35315704345703
455.18524169921875 147.86656188964844 476.7806739807129 147.86656188964844 476.7806739807129 192.48366928100586 455.18524169921875 192.48366928100586
454.6190490722656 148.43629455566406 476.347806930542 148.43629455566406 476.347806930542 193.37372970581055 454.6190490722656 193.37372970581055
455.7637634277344 148.58023071289062 476.65623664855957 148.58023071289062 476.65623664855957 193.87683486938477 455.7637634277344 193.87683486938477
455.6661682128906 147.94558715820312 477.0768013000488 147.94558715820312 477.0768013000488 193.41984939575195 455.6661682128906 193.41984939575195
455.13995361328125 149.2675323486328 476.8810405731201 149.2675323486328 476.8810405731201 193.9840316772461 455.13995361328125 193.9840316772461
455.654052734375 150.7532958984375 477.69303131103516 150.7532958984375 477.69303131103516 194.21868515014648 455.654052734375 194.21868515014648
457.53558349609375 149.9525146484375 478.679292678833 149.9525146484375 478.679292678833 193.56549453735352 457.53558349609375 193.56549453735352
457.863037109375 149.05027770996094 478.9687843322754 149.05027770996094 478.9687843322754 194.18897247314453 457.863037109375 194.18897247314453
458.0877380371094 147.8129119873047 480.084774017334 147.8129119873047 480.084774017334 192.18566513061523 458.0877380371094 192.18566513061523
458.2337341308594 149.3734893798828 480.2114067077637 149.3734893798828 480.2114067077637 194.46359252929688 458.2337341308594 194.46359252929688
458.4112243652344 151.95201110839844 479.5840549468994 151.95201110839844 479.5840549468994 195.84400939941406 458.4112243652344 195.84400939941406
457.8109436035156 152.27944946289062 480.18211555480957 152.27944946289062 480.18211555480957 196.08216857910156 457.8109436035156 196.08216857910156
458.01702880859375 152.32778930664062 479.94015884399414 152.32778930664062 479.94015884399414 197.14897537231445 458.01702880859375 197.14897537231445
457.694580078125 150.9547576904297 481.1807441711426 150.9547576904297 481.1807441711426 197.40392303466797 457.694580078125 197.40392303466797
458.3511657714844 150.43899536132812 480.0325584411621 150.43899536132812 480.0325584411621 196.36666107177734 458.3511657714844 196.36666107177734
459.497802734375 151.34552001953125 481.97788429260254 151.34552001953125 481.97788429260254 197.4057960510254 459.497802734375 197.4057960510254
459.8692321777344 152.7947540283203 482.4472312927246 152.7947540283203 482.4472312927246 199.80823516845703 459.8692321777344 199.80823516845703
461.5740661621094 151.1197052001953 484.3618278503418 151.1197052001953 484.3618278503418 200.7591209411621 461.5740661621094 200.7591209411621
462.3724060058594 151.45425415039062 485.2137813568115 151.45425415039062 485.2137813568115 201.7782325744629 462.3724060058594 201.7782325744629
463.33599853515625 152.4629669189453 485.33434295654297 152.4629669189453 485.33434295654297 203.4368553161621 463.33599853515625 203.4368553161621
463.8873596191406 152.80897521972656 485.2854652404785 152.80897521972656 485.2854652404785 203.6032600402832 463.8873596191406 203.6032600402832
464.81439208984375 154.5087890625 485.2921714782715 154.5087890625 485.2921714782715 206.10342407226562 464.81439208984375 206.10342407226562
463.87017822265625 153.74227905273438 485.1220226287842 153.74227905273438 485.1220226287842 205.40267944335938 463.87017822265625 205.40267944335938
463.31402587890625 152.1496124267578 484.1338634490967 152.1496124267578 484.1338634490967 203.41008758544922 463.31402587890625 203.41008758544922
462.1728515625 154.6522216796875 483.8708686828613 154.6522216796875 483.8708686828613 207.24673461914062 462.1728515625 207.24673461914062
463.12176513671875 156.4962615966797 483.5657615661621 156.4962615966797 483.5657615661621 209.74414443969727 463.12176513671875 209.74414443969727
462.9049377441406 156.46292114257812 483.74411392211914 156.46292114257812 483.74411392211914 207.95907592773438 462.9049377441406 207.95907592773438
463.5108947753906 155.97842407226562 483.8110752105713 155.97842407226562 483.8110752105713 209.2334976196289 463.5108947753906 209.2334976196289
463.4071350097656 157.62379455566406 484.0675277709961 157.62379455566406 484.0675277709961 210.5322036743164 463.4071350097656 210.5322036743164
461.54498291015625 162.00045776367188 483.1249141693115 162.00045776367188 483.1249141693115 212.4394416809082 461.54498291015625 212.4394416809082
462.2765197753906 159.93777465820312 483.7684841156006 159.93777465820312 483.7684841156006 211.53429412841797 462.2765197753906 211.53429412841797
463.35418701171875 162.1541290283203 483.9419574737549 162.1541290283203 483.9419574737549 214.04347229003906 463.35418701171875 214.04347229003906
462.79461669921875 160.65859985351562 484.00077629089355 160.65859985351562 484.00077629089355 214.07609176635742 462.79461669921875 214.07609176635742
463.41015625 159.41049194335938 484.2993679046631 159.41049194335938 484.2993679046631 212.80545043945312 463.41015625 212.80545043945312
462.74884033203125 159.97718811035156 484.14855003356934 159.97718811035156 484.14855003356934 214.96039581298828 462.74884033203125 214.96039581298828
463.06964111328125 159.35882568359375 484.2402153015137 159.35882568359375 484.2402153015137 215.97281646728516 463.06964111328125 215.97281646728516
463.80621337890625 160.1863555908203 484.45213508605957 160.1863555908203 484.45213508605957 215.17531967163086 463.80621337890625 215.17531967163086
462.8975524902344 164.04403686523438 485.2998790740967 164.04403686523438 485.2998790740967 219.32880783081055 462.8975524902344 219.32880783081055
463.6163024902344 163.25392150878906 484.99762535095215 163.25392150878906 484.99762535095215 219.10621643066406 463.6163024902344 219.10621643066406
464.95660400390625 165.19149780273438 486.21836280822754 165.19149780273438 486.21836280822754 221.4048957824707 464.95660400390625 221.4048957824707
464.16064453125 163.77914428710938 485.79114151000977 163.77914428710938 485.79114151000977 221.33071899414062 464.16064453125 221.33071899414062
464.6480407714844 163.9345245361328 486.0340175628662 163.9345245361328 486.0340175628662 220.20580673217773 464.6480407714844 220.20580673217773
464.3814392089844 163.86387634277344 487.4481620788574 163.86387634277344 487.4481620788574 220.6548309326172 464.3814392089844 220.6548309326172
466.27734375 163.30328369140625 488.2587032318115 163.30328369140625 488.2587032318115 221.27639770507812 466.27734375 221.27639770507812
465.942138671875 164.64491271972656 488.6695156097412 164.64491271972656 488.6695156097412 222.15888214111328 465.942138671875 222.15888214111328
465.84735107421875 165.93499755859375 488.4187068939209 165.93499755859375 488.4187068939209 222.77821731567383 465.84735107421875 222.77821731567383
465.27386474609375 166.49185180664062 488.8913993835449 166.49185180664062 488.8913993835449 224.34454345703125 465.27386474609375 224.34454345703125
465.0323181152344 164.96505737304688 489.789005279541 164.96505737304688 489.789005279541 224.71895599365234 465.0323181152344 224.71895599365234
466.96319580078125 164.1280059814453 489.02216720581055 164.1280059814453 489.02216720581055 224.76346588134766 466.96319580078125 224.76346588134766
466.66766357421875 165.17404174804688 489.0462245941162 165.17404174804688 489.0462245941162 225.40443801879883 466.66766357421875 225.40443801879883
467.17205810546875 166.11033630371094 489.9878673553467 166.11033630371094 489.9878673553467 227.2992935180664 467.17205810546875 227.2992935180664
467.35540771484375 166.3507537841797 490.17185974121094 166.3507537841797 490.17185974121094 229.4702377319336 467.35540771484375 229.4702377319336
467.49267578125 167.2278594970703 491.11826515197754 167.2278594970703 491.11826515197754 229.4084129333496 467.49267578125 229.4084129333496
467.02545166015625 168.52304077148438 491.88967514038086 168.52304077148438 491.88967514038086 229.36552810668945 467.02545166015625 229.36552810668945
468.54656982421875 168.2061309814453 493.21310234069824 168.2061309814453 493.21310234069824 227.9607925415039 468.54656982421875 227.9607925415039
467.83837890625 168.67019653320312 493.3563690185547 168.67019653320312 493.3563690185547 229.62907028198242 467.83837890625 229.62907028198242
468.4326171875 169.3744659423828 493.51356506347656 169.3744659423828 493.51356506347656 230.12519073486328 468.4326171875 230.12519073486328
468.5425720214844 169.89292907714844 493.45718002319336 169.89292907714844 493.45718002319336 229.9045753479004 468.5425720214844 229.9045753479004
468.8563537597656 170.24801635742188 494.08728981018066 170.24801635742188 494.08728981018066 230.90217208862305 468.8563537597656 230.90217208862305
468.179443359375 170.95291137695312 492.96504974365234 170.95291137695312 492.96504974365234 231.71535110473633 468.179443359375 231.71535110473633
469.8904724121094 170.64935302734375 493.43494606018066 170.64935302734375 493.43494606018066 231.8614273071289 469.8904724121094 231.8614273071289
471.6271057128906 169.9680938720703 494.4320487976074 169.9680938720703 494.4320487976074 233.83989715576172 471.6271057128906 233.83989715576172
472.0252380371094 171.2613983154297 494.80762100219727 171.2613983154297 494.80762100219727 234.6254539489746 472.0252380371094 234.6254539489746
472.18707275390625 171.6893310546875 496.4699878692627 171.6893310546875 496.4699878692627 236.20279693603516 472.18707275390625 236.20279693603516
472.84375 172.280029296875 496.76823806762695 172.280029296875 496.76823806762695 235.70797729492188 472.84375 235.70797729492188
473.64385986328125 170.844970703125 498.37889862060547 170.844970703125 498.37889862060547 235.75423431396484 473.64385986328125 235.75423431396484
474.08984375 172.02195739746094 497.9132194519043 172.02195739746094 497.9132194519043 233.67566299438477 474.08984375 233.67566299438477
473.40179443359375 172.06019592285156 498.8356456756592 172.06019592285156 498.8356456756592 233.20833587646484 473.40179443359375 233.20833587646484
473.5538024902344 172.03921508789062 498.71173095703125 172.03921508789062 498.71173095703125 232.76385498046875 473.5538024902344 232.76385498046875
474.88983154296875 172.19476318359375 499.30534744262695 172.19476318359375 499.30534744262695 233.23752975463867 474.88983154296875 233.23752975463867
473.85614013671875 174.36032104492188 499.4644966125488 174.36032104492188 499.4644966125488 234.12361907958984 473.85614013671875 234.12361907958984
474.48724365234375 173.947021484375 500.15654945373535 173.947021484375 500.15654945373535 233.99672317504883 474.48724365234375 233.99672317504883
474.5076599121094 174.3285369873047 499.80219650268555 174.3285369873047 499.80219650268555 233.18060684204102 474.5076599121094 233.18060684204102
475.0616149902344 171.8396453857422 499.7609634399414 171.8396453857422 499.7609634399414 236.46334838867188 475.0616149902344 236.46334838867188
475.89007568359375 172.14797973632812 499.5938777923584 172.14797973632812 499.5938777923584 235.74154663085938 475.89007568359375 235.74154663085938
476.777587890625 171.89996337890625 501.0396366119385 171.89996337890625 501.0396366119385 238.76866149902344 476.777587890625 238.76866149902344
476.7959899902344 175.48939514160156 501.9413948059082 175.48939514160156 501.9413948059082 239.1042251586914 476.7959899902344 239.1042251586914
477.1593322753906 176.5464324951172 502.6336307525635 176.5464324951172 502.6336307525635 238.8068084716797 477.1593322753906 238.8068084716797
478.4867248535156 175.43148803710938 503.5089817047119 175.43148803710938 503.5089817047119 239.2608757019043 478.4867248535156 239.2608757019043
478.36053466796875 175.65982055664062 504.6892890930176 175.65982055664062 504.6892890930176 236.71231079101562 478.36053466796875 236.71231079101562
479.05780029296875 175.8980712890625 505.7571315765381 175.8980712890625 505.7571315765381 236.22246551513672 479.05780029296875 236.22246551513672
479.40185546875 176.30532836914062 506.08270835876465 176.30532836914062 506.08270835876465 237.3100814819336 479.40185546875 237.3100814819336
480.509765625 177.096435546875 506.3784370422363 177.096435546875 506.3784370422363 238.53251266479492 480.509765625 238.53251266479492
481.1227111816406 177.53387451171875 506.4408359527588 177.53387451171875 506.4408359527588 238.86286544799805 481.1227111816406 238.86286544799805
481.3017578125 177.2698974609375 507.4024257659912 177.2698974609375 507.4024257659912 237.870849609375 481.3017578125 237.870849609375
481.5174865722656 177.51663208007812 508.8540916442871 177.51663208007812 508.8540916442871 238.40592575073242 481.5174865722656 238.40592575073242
483.77142333984375 176.6000213623047 508.2788486480713 176.6000213623047 508.2788486480713 241.38482666015625 483.77142333984375 241.38482666015625
486.2169494628906 176.9306640625 510.84301948547363 176.9306640625 510.84301948547363 243.77130889892578 486.2169494628906 243.77130889892578
488.9203186035156 178.85818481445312 513.3226985931396 178.85818481445312 513.3226985931396 245.9060821533203 488.9203186035156 245.9060821533203
490.04168701171875 178.4176788330078 515.346565246582 178.4176788330078 515.346565246582 245.08273315429688 490.04168701171875 245.08273315429688
492.2884826660156 178.94850158691406 517.115650177002 178.94850158691406 517.115650177002 244.95378875732422 492.2884826660156 244.95378875732422
491.75079345703125 180.4937744140625 518.487133026123 180.4937744140625 518.487133026123 243.36927032470703 491.75079345703125 243.36927032470703
492.4732971191406 179.69981384277344 518.2380428314209 179.69981384277344 518.2380428314209 241.88597106933594 492.4732971191406 241.88597106933594
493.3287048339844 181.9141845703125 520.7491512298584 181.9141845703125 520.7491512298584 242.27384567260742 493.3287048339844 242.27384567260742
495.04150390625 182.08444213867188 522.4285469055176 182.08444213867188 522.4285469055176 243.63140869140625 495.04150390625 243.63140869140625
495.05908203125 183.27426147460938 521.5071601867676 183.27426147460938 521.5071601867676 244.07719802856445 495.05908203125 244.07719802856445
496.8235778808594 184.1460723876953 523.3057441711426 184.1460723876953 523.3057441711426 243.78888702392578 496.8235778808594 243.78888702392578
496.11676025390625 184.50357055664062 524.3160209655762 184.50357055664062 524.3160209655762 246.16047286987305 496.11676025390625 246.16047286987305
498.6300354003906 182.93255615234375 524.2965641021729 182.93255615234375 524.2965641021729 245.40763473510742 498.6300354003906 245.40763473510742
500.563232421875 182.0359344482422 525.7418918609619 182.0359344482422 525.7418918609619 249.22137451171875 500.563232421875 249.22137451171875
502.42608642578125 183.70806884765625 527.3721923828125 183.70806884765625 527.3721923828125 249.7862548828125 502.42608642578125 249.7862548828125
503.29547119140625 184.90133666992188 528.0944671630859 184.90133666992188 528.0944671630859 249.67080688476562 503.29547119140625 249.67080688476562
504.26513671875 185.11227416992188 529.7797737121582 185.11227416992188 529.7797737121582 251.20386505126953 504.26513671875 251.20386505126953
504.82794189453125 184.2220458984375 531.959493637085 184.2220458984375 531.959493637085 248.78941345214844 504.82794189453125 248.78941345214844
504.83514404296875 184.93687438964844 532.5154571533203 184.93687438964844 532.5154571533203 246.43183135986328 504.83514404296875 246.43183135986328
506.5665588378906 186.87857055664062 533.8339805603027 186.87857055664062 533.8339805603027 247.83745574951172 506.5665588378906 247.83745574951172
508.2603454589844 187.2420654296875 535.0125274658203 187.2420654296875 535.0125274658203 247.15493774414062 508.2603454589844 247.15493774414062
508.9710998535156 187.44967651367188 535.6074886322021 187.44967651367188 535.6074886322021 248.2945327758789 508.9710998535156 248.2945327758789
509.9344787597656 189.12448120117188 537.2402534484863 189.12448120117188 537.2402534484863 249.29261016845703 509.9344787597656 249.29261016845703
509.96832275390625 187.74282836914062 538.1777801513672 187.74282836914062 538.1777801513672 248.96574783325195 509.96832275390625 248.96574783325195
511.526123046875 189.63223266601562 537.8642425537109 189.63223266601562 537.8642425537109 249.71129608154297 511.526123046875 249.71129608154297
512.4752197265625 186.75315856933594 539.107666015625 186.75315856933594 539.107666015625 248.52997207641602 512.4752197265625 248.52997207641602
516.009033203125 187.4781494140625 544.3157596588135 187.4781494140625 544.3157596588135 247.79396438598633 516.009033203125 247.79396438598633
513.27783203125 189.48095703125 541.7788906097412 189.48095703125 541.7788906097412 243.9039077758789 513.27783203125 243.9039077758789
517.5223388671875 190.81675720214844 545.7679843902588 190.81675720214844 545.7679843902588 249.96514129638672 517.5223388671875 249.96514129638672
520.4445190429688 190.68698120117188 548.2903690338135 190.68698120117188 548.2903690338135 252.31348419189453 520.4445190429688 252.31348419189453
522.1766357421875 193.1527862548828 548.5732307434082 193.1527862548828 548.5732307434082 254.62266540527344 522.1766357421875 254.62266540527344
523.2198486328125 192.98129272460938 549.7795524597168 192.98129272460938 549.7795524597168 255.43745803833008 523.2198486328125 255.43745803833008
523.2156372070312 194.54287719726562 550.6987648010254 194.54287719726562 550.6987648010254 256.3649101257324 523.2156372070312 256.3649101257324
525.5609130859375 193.78598022460938 552.133487701416 193.78598022460938 552.133487701416 256.8325309753418 525.5609130859375 256.8325309753418
526.7481689453125 193.5977020263672 552.2483005523682 193.5977020263672 552.2483005523682 257.6398010253906 526.7481689453125 257.6398010253906
529.2469482421875 194.30166625976562 555.1668453216553 194.30166625976562 555.1668453216553 259.19883728027344 529.2469482421875 259.19883728027344
532.248291015625 197.9275360107422 557.827070236206 197.9275360107422 557.827070236206 261.80809020996094 532.248291015625 261.80809020996094
533.9959106445312 196.85386657714844 559.9126644134521 196.85386657714844 559.9126644134521 261.5827941894531 533.9959106445312 261.5827941894531
535.38330078125 197.13961791992188 562.137451171875 197.13961791992188 562.137451171875 258.90836334228516 535.38330078125 258.90836334228516
536.2318725585938 197.0592498779297 563.6528511047363 197.0592498779297 563.6528511047363 257.6549415588379 536.2318725585938 257.6549415588379
536.4308471679688 199.6620635986328 563.5244655609131 199.6620635986328 563.5244655609131 260.36742782592773 536.4308471679688 260.36742782592773
537.9174194335938 200.44107055664062 564.9140892028809 200.44107055664062 564.9140892028809 260.5447006225586 537.9174194335938 260.5447006225586
537.3580932617188 200.638916015625 565.9728736877441 200.638916015625 565.9728736877441 261.07916259765625 537.3580932617188 261.07916259765625
540.5187377929688 199.54470825195312 566.8851280212402 199.54470825195312 566.8851280212402 262.3084487915039 540.5187377929688 262.3084487915039
541.4772338867188 200.2501983642578 568.2990169525146 200.2501983642578 568.2990169525146 265.37860107421875 541.4772338867188 265.37860107421875
543.1211547851562 200.51254272460938 569.0568599700928 200.51254272460938 569.0568599700928 266.97406005859375 543.1211547851562 266.97406005859375
543.6746215820312 201.49998474121094 570.8468971252441 201.49998474121094 570.8468971252441 267.86500549316406 543.6746215820312 267.86500549316406
545.7235107421875 203.84219360351562 572.9249782562256 203.84219360351562 572.9249782562256 267.510009765625 545.7235107421875 267.510009765625
548.4843139648438 202.74276733398438 575.5617370605469 202.74276733398438 575.5617370605469 267.8261413574219 548.4843139648438 267.8261413574219
549.0579833984375 202.47686767578125 577.738525390625 202.47686767578125 577.738525390625 266.57857513427734 549.0579833984375 266.57857513427734
549.5230712890625 202.4153594970703 578.2301578521729 202.4153594970703 578.2301578521729 263.61780166625977 549.5230712890625 263.61780166625977
551.4249877929688 204.39947509765625 579.5486698150635 204.39947509765625 579.5486698150635 268.2245101928711 551.4249877929688 268.2245101928711
552.1448974609375 205.817138671875 580.9306831359863 205.817138671875 580.9306831359863 268.8323059082031 552.1448974609375 268.8323059082031
553.5230102539062 207.09072875976562 581.3035678863525 207.09072875976562 581.3035678863525 269.0161933898926 553.5230102539062 269.0161933898926
555.2637939453125 208.02395629882812 583.2157535552979 208.02395629882812 583.2157535552979 269.9731674194336 555.2637939453125 269.9731674194336
555.6505126953125 206.66220092773438 583.2493534088135 206.66220092773438 583.2493534088135 271.89491271972656 555.6505126953125 271.89491271972656
556.7267456054688 205.46835327148438 583.3513240814209 205.46835327148438 583.3513240814209 274.09681701660156 556.7267456054688 274.09681701660156
557.2913818359375 209.38412475585938 585.1755924224854 209.38412475585938 585.1755924224854 274.89575958251953 557.2913818359375 274.89575958251953
558.2967529296875 208.00308227539062 586.6946907043457 208.00308227539062 586.6946907043457 274.76053619384766 558.2967529296875 274.76053619384766
559.7601318359375 207.75790405273438 588.5213813781738 207.75790405273438 588.5213813781738 272.6102981567383 559.7601318359375 272.6102981567383
558.39013671875 207.6644287109375 587.2300300598145 207.6644287109375 587.2300300598145 275.03009033203125 558.39013671875 275.03009033203125
559.3585205078125 209.35049438476562 588.6745052337646 209.35049438476562 588.6745052337646 275.20460510253906 559.3585205078125 275.20460510253906
558.87158203125 213.35507202148438 588.5947456359863 213.35507202148438 588.5947456359863 278.6407012939453 558.87158203125 278.6407012939453
558.2525634765625 212.60397338867188 588.0353488922119 212.60397338867188 588.0353488922119 277.9711456298828 558.2525634765625 277.9711456298828
559.4075927734375 211.8849639892578 588.4604091644287 211.8849639892578 588.4604091644287 276.6287536621094 559.4075927734375 276.6287536621094
559.0450439453125 211.31005859375 588.7460994720459 211.31005859375 588.7460994720459 279.4069061279297 559.0450439453125 279.4069061279297
559.134521484375 209.20101928710938 588.7321109771729 209.20101928710938 588.7321109771729 279.8835983276367 559.134521484375 279.8835983276367
560.7426147460938 211.8162841796875 588.5925903320312 211.8162841796875 588.5925903320312 281.8591003417969 560.7426147460938 281.8591003417969
562.6334228515625 213.12710571289062 591.0442237854004 213.12710571289062 591.0442237854004 284.8467559814453 562.6334228515625 284.8467559814453
562.9767456054688 217.0065155029297 591.6364078521729 217.0065155029297 591.6364078521729 284.1315612792969 562.9767456054688 284.1315612792969
564.1116333007812 216.0831298828125 593.1437740325928 216.0831298828125 593.1437740325928 285.3434066772461 564.1116333007812 285.3434066772461
564.8714599609375 215.23062133789062 593.638484954834 215.23062133789062 593.638484954834 284.1995391845703 564.8714599609375 284.1995391845703
564.1575927734375 216.2621307373047 593.8561210632324 216.2621307373047 593.8561210632324 284.47144317626953 564.1575927734375 284.47144317626953
564.4408569335938 216.45474243164062 593.4672660827637 216.45474243164062 593.4672660827637 282.69458770751953 564.4408569335938 282.69458770751953
564.2294921875 216.97067260742188 593.9176483154297 216.97067260742188 593.9176483154297 283.9185562133789 564.2294921875 283.9185562133789
563.0665283203125 218.40725708007812 593.9847965240479 218.40725708007812 593.9847965240479 284.69873809814453 563.0665283203125 284.69873809814453
563.5747680664062 219.7921600341797 593.7452449798584 219.7921600341797 593.7452449798584 285.95111083984375 563.5747680664062 285.95111083984375
563.65771484375 218.36007690429688 593.6523094177246 218.36007690429688 593.6523094177246 285.66361236572266 563.65771484375 285.66361236572266
565.1326904296875 217.9882354736328 595.3052425384521 217.9882354736328 595.3052425384521 286.81998443603516 565.1326904296875 286.81998443603516
564.6878662109375 219.69775390625 595.3468780517578 219.69775390625 595.3468780517578 287.2138442993164 564.6878662109375 287.2138442993164
569.1951904296875 219.53866577148438 597.3895149230957 219.53866577148438 597.3895149230957 289.8727493286133 569.1951904296875 289.8727493286133
571.3582763671875 219.9351806640625 600.3490180969238 219.9351806640625 600.3490180969238 292.1829071044922 571.3582763671875 292.1829071044922
573.3545532226562 221.7514190673828 601.9302730560303 221.7514190673828 601.9302730560303 291.5749969482422 573.3545532226562 291.5749969482422
574.8179931640625 223.28402709960938 604.2850704193115 223.28402709960938 604.2850704193115 292.75011444091797 574.8179931640625 292.75011444091797
576.1165161132812 221.0005340576172 607.4222202301025 221.0005340576172 607.4222202301025 291.40746307373047 576.1165161132812 291.40746307373047
577.5755615234375 223.5096435546875 608.261438369751 223.5096435546875 608.261438369751 291.7805709838867 577.5755615234375 291.7805709838867
578.3077392578125 225.6222686767578 609.2420463562012 225.6222686767578 609.2420463562012 294.01145935058594 578.3077392578125 294.01145935058594
578.9068603515625 226.35726928710938 609.8739433288574 226.35726928710938 609.8739433288574 296.23033142089844 578.9068603515625 296.23033142089844
577.82763671875 226.23342895507812 609.665491104126 226.23342895507812 609.665491104126 296.0773391723633 577.82763671875 296.0773391723633
578.8045043945312 225.5869598388672 611.8984451293945 225.5869598388672 611.8984451293945 296.2552947998047 578.8045043945312 296.2552947998047
579.966064453125 225.4446258544922 611.8444328308105 225.4446258544922 611.8444328308105 298.7633514404297 579.966064453125 298.7633514404297
581.5358276367188 224.731201171875 612.8951377868652 224.731201171875 612.8951377868652 298.9870147705078 581.5358276367188 298.9870147705078
584.1636962890625 225.43893432617188 613.9680480957031 225.43893432617188 613.9680480957031 301.8527603149414 584.1636962890625 301.8527603149414
583.8889770507812 227.46286010742188 615.992431640625 227.46286010742188 615.992431640625 302.2521438598633 583.8889770507812 302.2521438598633
585.7906494140625 227.8305206298828 617.4213619232178 227.8305206298828 617.4213619232178 302.5994338989258 585.7906494140625 302.5994338989258
