64.0 63.0 82.0 63.0 82.0 113.0 64.0 113.0
68.8147201538086 62.28400802612305 86.88211822509766 62.28400802612305 86.88211822509766 110.9875373840332 68.8147201538086 110.9875373840332
73.12017059326172 63.5424690246582 89.56466102600098 63.5424690246582 89.56466102600098 107.21186447143555 73.12017059326172 107.21186447143555
73.7010726928711 62.33220291137695 90.95256614685059 62.33220291137695 90.95256614685059 110.06206893920898 73.7010726928711 110.06206893920898
76.63316345214844 62.638572692871094 94.16313934326172 62.638572692871094 94.16313934326172 108.13107299804688 76.63316345214844 108.13107299804688
80.74321746826172 62.10900115966797 96.09383392333984 62.10900115966797 96.09383392333984 106.54780197143555 80.74321746826172 106.54780197143555
83.54524993896484 60.26848220825195 100.2787036895752 60.26848220825195 100.2787036895752 107.81122970581055 83.54524993896484 107.81122970581055
86.64286804199219 61.51112747192383 102.83978652954102 61.51112747192383 102.83978652954102 104.44636917114258 86.64286804199219 104.44636917114258
90.1596908569336 61.03474044799805 106.51898956298828 61.03474044799805 106.51898956298828 105.49401092529297 90.1596908569336 105.49401092529297
94.2621078491211 60.9896354675293 111.38218879699707 60.9896354675293 111.38218879699707 105.35610961914062 94.2621078491211 105.35610961914062
98.72483825683594 60.006103515625 114.9598274230957 60.006103515625 114.9598274230957 103.9424057006836 98.72483825683594 103.9424057006836
101.21805572509766 59.58736038208008 118.16801834106445 59.58736038208008 118.16801834106445 105.21801376342773 101.21805572509766 105.21801376342773
103.67633056640625 58.61113357543945 121.14875602722168 58.61113357543945 121.14875602722168 103.86848831176758 103.67633056640625 103.86848831176758
107.80207824707031 59.366310119628906 124.08791732788086 59.366310119628906 124.08791732788086 106.21804809570312 107.80207824707031 106.21804809570312
109.44029235839844 57.28398895263672 126.27005004882812 57.28398895263672 126.27005004882812 105.55611801147461 109.44029235839844 105.55611801147461
112.0865249633789 57.692298889160156 128.95663261413574 57.692298889160156 128.95663261413574 107.00814819335938 112.0865249633789 107.00814819335938
114.75807189941406 57.27888107299805 132.06534004211426 57.27888107299805 132.06534004211426 106.33902359008789 114.75807189941406 106.33902359008789
119.16109466552734 54.646202087402344 136.08146286010742 54.646202087402344 136.08146286010742 105.85286712646484 119.16109466552734 105.85286712646484
121.8412857055664 54.76188278198242 137.6851577758789 54.76188278198242 137.6851577758789 106.75592422485352 121.8412857055664 106.75592422485352
122.4160385131836 56.58861541748047 140.07168769836426 56.58861541748047 140.07168769836426 105.63211059570312 122.4160385131836 105.63211059570312
134.00279235839844 61.8036994934082 151.76804542541504 61.8036994934082 151.76804542541504 111.15164947509766 134.00279235839844 111.15164947509766
135.37033081054688 56.226051330566406 150.72804260253906 56.226051330566406 150.72804260253906 107.80983352661133 135.37033081054688 107.80983352661133
135.9796905517578 53.670631408691406 152.80462646484375 53.670631408691406 152.80462646484375 104.58243560791016 135.9796905517578 104.58243560791016
138.4363555908203 54.93693161010742 155.2602882385254 54.93693161010742 155.2602882385254 107.08074188232422 138.4363555908203 107.08074188232422
144.3096923828125 53.55651092529297 160.05108642578125 53.55651092529297 160.05108642578125 107.10538864135742 144.3096923828125 107.10538864135742
147.53900146484375 55.67687225341797 163.2622833251953 55.67687225341797 163.2622833251953 108.28911590576172 147.53900146484375 108.28911590576172
151.84835815429688 52.3187370300293 167.66335773468018 52.3187370300293 167.66335773468018 105.11027908325195 151.84835815429688 105.11027908325195
155.53736877441406 53.34980392456055 172.5341739654541 53.34980392456055 172.5341739654541 103.6877212524414 155.53736877441406 103.6877212524414
157.9633026123047 56.182647705078125 174.84588432312012 56.182647705078125 174.84588432312012 105.30885696411133 157.9633026123047 105.30885696411133
161.0261688232422 54.77943801879883 177.02444744110107 54.77943801879883 177.02444744110107 104.00518417358398 161.0261688232422 104.00518417358398
162.23654174804688 55.22026824951172 178.8468360900879 55.22026824951172 178.8468360900879 103.29556274414062 162.23654174804688 103.29556274414062
166.25344848632812 57.74604034423828 183.26120376586914 57.74604034423828 183.26120376586914 104.85972213745117 166.25344848632812 104.85972213745117
171.85145568847656 56.868988037109375 188.91338729858398 56.868988037109375 188.91338729858398 104.17940139770508 171.85145568847656 104.17940139770508
173.7836151123047 53.928466796875 192.36452674865723 53.928466796875 192.36452674865723 105.3555908203125 173.7836151123047 105.3555908203125
177.20033264160156 54.683021545410156 195.97341346740723 54.683021545410156 195.97341346740723 107.57857894897461 177.20033264160156 107.57857894897461
180.82437133789062 54.99690628051758 199.29626655578613 54.99690628051758 199.29626655578613 105.19907760620117 180.82437133789062 105.19907760620117
186.34120178222656 54.19105911254883 201.60275268554688 54.19105911254883 201.60275268554688 104.78287124633789 186.34120178222656 104.78287124633789
189.33883666992188 54.531394958496094 206.1183204650879 54.531394958496094 206.1183204650879 103.75650405883789 189.33883666992188 103.75650405883789
190.2026824951172 53.74969482421875 207.6273078918457 53.74969482421875 207.6273078918457 107.2702522277832 190.2026824951172 107.2702522277832
194.8300323486328 50.92921829223633 211.89329719543457 50.92921829223633 211.89329719543457 107.11470413208008 194.8300323486328 107.11470413208008
196.23825073242188 52.08769607543945 214.58760452270508 52.08769607543945 214.58760452270508 109.18073654174805 196.23825073242188 109.18073654174805
198.5262451171875 48.54224395751953 217.56439781188965 48.54224395751953 217.56439781188965 107.05714797973633 198.5262451171875 107.05714797973633
200.4622802734375 57.7099723815918 218.99876022338867 57.7099723815918 218.99876022338867 115.92242813110352 200.4622802734375 115.92242813110352
201.2402801513672 58.17502975463867 221.66503143310547 58.17502975463867 221.66503143310547 114.91050338745117 201.2402801513672 114.91050338745117
213.3863983154297 51.262847900390625 234.06390953063965 51.262847900390625 234.06390953063965 108.70043182373047 213.3863983154297 108.70043182373047
216.2154998779297 48.63633728027344 235.92267990112305 48.63633728027344 235.92267990112305 102.04977798461914 216.2154998779297 102.04977798461914
218.9893341064453 48.2322998046875 238.25800704956055 48.2322998046875 238.25800704956055 98.8556900024414 218.9893341064453 98.8556900024414
222.0083465576172 52.25665283203125 240.0473747253418 52.25665283203125 240.0473747253418 104.1985092163086 222.0083465576172 104.1985092163086
226.156982421875 48.73497009277344 244.02940940856934 48.73497009277344 244.02940940856934 105.22787094116211 226.156982421875 105.22787094116211
231.1421661376953 47.642478942871094 249.93159103393555 47.642478942871094 249.93159103393555 102.4080924987793 231.1421661376953 102.4080924987793
234.43783569335938 47.209999084472656 251.9831199645996 47.209999084472656 251.9831199645996 101.23397445678711 234.43783569335938 101.23397445678711
236.5616455078125 50.167274475097656 254.35188102722168 50.167274475097656 254.35188102722168 102.28777694702148 236.5616455078125 102.28777694702148
243.0479278564453 50.186378479003906 261.7317581176758 50.186378479003906 261.7317581176758 101.05172348022461 243.0479278564453 101.05172348022461
244.7769012451172 50.89756393432617 264.23380851745605 50.89756393432617 264.23380851745605 106.76790618896484 244.7769012451172 106.76790618896484
250.33535766601562 46.77804946899414 270.084041595459 46.77804946899414 270.084041595459 103.33981704711914 250.33535766601562 103.33981704711914
249.82205200195312 46.43328094482422 270.1327476501465 46.43328094482422 270.1327476501465 102.77530288696289 249.82205200195312 102.77530288696289
262.14239501953125 42.13029098510742 279.9927558898926 42.13029098510742 279.9927558898926 106.62005233764648 262.14239501953125 106.62005233764648
262.8458251953125 42.04719924926758 280.5955810546875 42.04719924926758 280.5955810546875 105.69086837768555 262.8458251953125 105.69086837768555
266.2076110839844 45.29079818725586 287.1251640319824 45.29079818725586 287.1251640319824 103.39514923095703 266.2076110839844 103.39514923095703
270.88348388671875 45.547698974609375 290.40380477905273 45.547698974609375 290.40380477905273 104.09362030029297 270.88348388671875 104.09362030029297
274.22509765625 47.02593994140625 294.13182830810547 47.02593994140625 294.13182830810547 106.40380096435547 274.22509765625 106.40380096435547
278.1314392089844 46.42034149169922 297.46442794799805 46.42034149169922 297.46442794799805 102.88862609863281 278.1314392089844 102.88862609863281
280.89300537109375 46.215576171875 301.2998924255371 46.215576171875 301.2998924255371 100.00984573364258 280.89300537109375 100.00984573364258
285.25390625 46.827789306640625 305.6539497375488 46.827789306640625 305.6539497375488 101.00022506713867 285.25390625 101.00022506713867
286.1376647949219 43.986366271972656 308.1917381286621 43.986366271972656 308.1917381286621 99.84353256225586 286.1376647949219 99.84353256225586
287.6248474121094 44.879722595214844 309.76014137268066 44.879722595214844 309.76014137268066 101.71048355102539 287.6248474121094 101.71048355102539
294.0348205566406 46.33219528198242 316.5921325683594 46.33219528198242 316.5921325683594 103.17549514770508 294.0348205566406 103.17549514770508
284.36041259765625 47.1867790222168 307.779296875 47.1867790222168 307.779296875 112.23926162719727 284.36041259765625 112.23926162719727
280.9713134765625 46.94578170776367 304.27718925476074 46.94578170776367 304.27718925476074 111.68435287475586 280.9713134765625 111.68435287475586
281.9640197753906 26.4426212310791 305.98609352111816 26.4426212310791 305.98609352111816 93.17063331604004 281.9640197753906 93.17063331604004
309.64068603515625 34.89667892456055 329.20448303222656 34.89667892456055 329.20448303222656 95.50177383422852 309.64068603515625 95.50177383422852
312.43841552734375 39.72700119018555 332.176721572876 39.72700119018555 332.176721572876 100.68088912963867 312.43841552734375 100.68088912963867
315.2276306152344 45.61320114135742 336.58912658691406 45.61320114135742 336.58912658691406 108.28426361083984 315.2276306152344 108.28426361083984
319.2793884277344 46.54022979736328 339.4559841156006 46.54022979736328 339.4559841156006 104.36634826660156 319.2793884277344 104.36634826660156
321.844970703125 46.25080108642578 341.1811809539795 46.25080108642578 341.1811809539795 102.38812255859375 321.844970703125 102.38812255859375
324.0695495605469 45.5221061706543 345.1341133117676 45.5221061706543 345.1341133117676 105.17474746704102 324.0695495605469 105.17474746704102
328.089599609375 48.5262565612793 347.6114273071289 48.5262565612793 347.6114273071289 105.06109619140625 328.089599609375 105.06109619140625
331.7370300292969 48.50215148925781 351.5158805847168 48.50215148925781 351.5158805847168 104.18030166625977 331.7370300292969 104.18030166625977
335.06854248046875 47.77678680419922 355.3279323577881 47.77678680419922 355.3279323577881 105.26388931274414 335.06854248046875 105.26388931274414
338.49188232421875 47.17461013793945 357.7769241333008 47.17461013793945 357.7769241333008 103.75434112548828 338.49188232421875 103.75434112548828
340.9939880371094 49.75984191894531 360.0622310638428 49.75984191894531 360.0622310638428 105.04194641113281 340.9939880371094 105.04194641113281
343.883056640625 45.7730827331543 363.20337104797363 45.7730827331543 363.20337104797363 105.18138885498047 343.883056640625 105.18138885498047
347.9686584472656 49.799400329589844 367.1051769256592 49.799400329589844 367.1051769256592 109.4160385131836 347.9686584472656 109.4160385131836
350.93927001953125 48.46521759033203 370.44122314453125 48.46521759033203 370.44122314453125 105.36857986450195 350.93927001953125 105.36857986450195
353.3070373535156 45.613399505615234 373.4292583465576 45.613399505615234 373.4292583465576 107.73889541625977 353.3070373535156 107.73889541625977
355.1995544433594 39.99540710449219 378.2307014465332 39.99540710449219 378.2307014465332 105.1876220703125 355.1995544433594 105.1876220703125
361.01873779296875 45.231117248535156 381.4445285797119 45.231117248535156 381.4445285797119 100.9908218383789 361.01873779296875 100.9908218383789
362.44036865234375 48.544219970703125 383.70210456848145 48.544219970703125 383.70210456848145 107.11881637573242 362.44036865234375 107.11881637573242
365.470947265625 47.6033821105957 386.16630363464355 47.6033821105957 386.16630363464355 105.82416915893555 365.470947265625 105.82416915893555
368.54534912109375 50.2447509765625 390.1367492675781 50.2447509765625 390.1367492675781 107.13182830810547 368.54534912109375 107.13182830810547
373.4674987792969 46.362586975097656 395.0232162475586 46.362586975097656 395.0232162475586 108.80595779418945 373.4674987792969 108.80595779418945
377.802978515625 47.70612716674805 397.63318061828613 47.70612716674805 397.63318061828613 104.80126953125 377.802978515625 104.80126953125
379.39923095703125 47.57047653198242 400.8887062072754 47.57047653198242 400.8887062072754 104.30858612060547 379.39923095703125 104.30858612060547
382.1919860839844 50.24359130859375 404.000280380249 50.24359130859375 404.000280380249 103.40110397338867 382.1919860839844 103.40110397338867
387.96319580078125 47.467063903808594 407.7110710144043 47.467063903808594 407.7110710144043 103.76334762573242 387.96319580078125 103.76334762573242
390.50701904296875 43.77748489379883 410.9689826965332 43.77748489379883 410.9689826965332 101.59616088867188 390.50701904296875 101.59616088867188
393.15179443359375 45.86017990112305 412.01926040649414 45.86017990112305 412.01926040649414 104.44882583618164 393.15179443359375 104.44882583618164
394.6350402832031 42.991188049316406 414.1558723449707 42.991188049316406 414.1558723449707 100.3437271118164 394.6350402832031 100.3437271118164
400.87799072265625 45.20703887939453 419.70262908935547 45.20703887939453 419.70262908935547 105.79012680053711 400.87799072265625 105.79012680053711
403.8026428222656 44.292118072509766 422.68273162841797 44.292118072509766 422.68273162841797 103.88240051269531 403.8026428222656 103.88240051269531
407.08001708984375 43.696983337402344 424.7717170715332 43.696983337402344 424.7717170715332 105.63240814208984 407.08001708984375 105.63240814208984
409.3859558105469 43.0491828918457 427.46223640441895 43.0491828918457 427.46223640441895 103.31524658203125 409.3859558105469 103.31524658203125
410.43536376953125 41.176395416259766 430.4952049255371 41.176395416259766 430.4952049255371 103.76073837280273 410.43536376953125 103.76073837280273
417.43719482421875 52.349815368652344 441.3912239074707 52.349815368652344 441.3912239074707 118.88874053955078 417.43719482421875 118.88874053955078
419.553955078125 51.968170166015625 443.3471488952637 51.968170166015625 443.3471488952637 118.06033325195312 419.553955078125 118.06033325195312
419.7100524902344 42.4987678527832 440.95569038391113 42.4987678527832 440.95569038391113 104.58629989624023 419.7100524902344 104.58629989624023
422.121337890625 40.48779296875 441.529016494751 40.48779296875 441.529016494751 101.52034759521484 422.121337890625 101.52034759521484
424.374267578125 41.50969314575195 444.0960388183594 41.50969314575195 444.0960388183594 99.70020294189453 424.374267578125 99.70020294189453
428.61749267578125 45.0006103515625 446.94723892211914 45.0006103515625 446.94723892211914 101.02225875854492 428.61749267578125 101.02225875854492
430.989013671875 42.597084045410156 449.7517032623291 42.597084045410156 449.7517032623291 98.27879333496094 430.989013671875 98.27879333496094
432.8235778808594 46.933815002441406 451.96972274780273 46.933815002441406 451.96972274780273 102.355224609375 432.8235778808594 102.355224609375
436.00982666015625 44.692161560058594 456.9766387939453 44.692161560058594 456.9766387939453 97.36764526367188 436.00982666015625 97.36764526367188
440.0953674316406 44.60247802734375 459.3192710876465 44.60247802734375 459.3192710876465 98.4639778137207 440.0953674316406 98.4639778137207
442.75714111328125 47.04088592529297 461.2974605560303 47.04088592529297 461.2974605560303 101.2645492553711 442.75714111328125 101.2645492553711
445.2041931152344 46.04235076904297 464.94121742248535 46.04235076904297 464.94121742248535 103.29039764404297 445.2041931152344 103.29039764404297
447.1524963378906 44.35709762573242 467.9311237335205 44.35709762573242 467.9311237335205 97.51953506469727 447.1524963378906 97.51953506469727
448.6127014160156 45.67894744873047 470.8545436859131 45.67894744873047 470.8545436859131 100.63380432128906 448.6127014160156 100.63380432128906
454.85223388671875 43.709346771240234 474.9275493621826 43.709346771240234 474.9275493621826 96.66852188110352 454.85223388671875 96.66852188110352
458.22705078125 43.04387664794922 477.99949645996094 43.04387664794922 477.99949645996094 97.59988403320312 458.22705078125 97.59988403320312
461.39630126953125 43.69116973876953 481.5635395050049 43.69116973876953 481.5635395050049 99.57498168945312 461.39630126953125 99.57498168945312
463.3428649902344 43.15249252319336 484.41922760009766 43.15249252319336 484.41922760009766 98.73453140258789 463.3428649902344 98.73453140258789
466.94647216796875 44.483699798583984 487.71462059020996 44.483699798583984 487.71462059020996 96.87330627441406 466.94647216796875 96.87330627441406
471.01593017578125 40.704986572265625 491.0645809173584 40.704986572265625 491.0645809173584 94.76460647583008 471.01593017578125 94.76460647583008
473.7394104003906 41.44511032104492 494.43761825561523 41.44511032104492 494.43761825561523 98.7286491394043 473.7394104003906 98.7286491394043
476.7813415527344 37.252685546875 496.6732692718506 37.252685546875 496.6732692718506 90.4749641418457 476.7813415527344 90.4749641418457
479.34307861328125 43.86650848388672 498.45177459716797 43.86650848388672 498.45177459716797 96.0395736694336 479.34307861328125 96.0395736694336
482.7620544433594 41.07350540161133 503.6709613800049 41.07350540161133 503.6709613800049 95.20392990112305 482.7620544433594 95.20392990112305
