458.0 159.0 524.0 159.0 524.0 197.0 458.0 197.0
458.82122802734375 159.69125366210938 523.7920379638672 159.69125366210938 523.7920379638672 196.66860961914062 458.82122802734375 196.66860961914062
458.63238525390625 160.08621215820312 523.0771331787109 160.08621215820312 523.0771331787109 196.31936264038086 458.63238525390625 196.31936264038086
459.748779296875 160.5561065673828 522.6314926147461 160.5561065673828 522.6314926147461 195.93505477905273 459.748779296875 195.93505477905273
459.375 160.00729370117188 523.3488655090332 160.00729370117188 523.3488655090332 196.92266464233398 459.375 196.92266464233398
460.54998779296875 160.38870239257812 523.4361991882324 160.38870239257812 523.4361991882324 196.8515853881836 460.54998779296875 196.8515853881836
460.65283203125 160.76730346679688 523.2021102905273 160.76730346679688 523.2021102905273 196.20624542236328 460.65283203125 196.20624542236328
460.67510986328125 159.92007446289062 522.3556098937988 159.92007446289062 522.3556098937988 196.8264389038086 460.67510986328125 196.8264389038086
461.1290588378906 159.47592163085938 523.8338508605957 159.47592163085938 523.8338508605957 195.80999374389648 461.1290588378906 195.80999374389648
459.933349609375 160.6298065185547 522.685375213623 160.6298065185547 522.685375213623 196.54983139038086 459.933349609375 196.54983139038086
460.79656982421875 160.15536499023438 522.259521484375 160.15536499023438 522.259521484375 195.45142364501953 460.79656982421875 195.45142364501953
460.3622131347656 159.9654541015625 522.1382026672363 159.9654541015625 522.1382026672363 195.80560302734375 460.3622131347656 195.80560302734375
462.16741943359375 159.48020935058594 520.5162048339844 159.48020935058594 520.5162048339844 195.13260650634766 462.16741943359375 195.13260650634766
461.6481018066406 159.15249633789062 522.079948425293 159.15249633789062 522.079948425293 195.1262435913086 461.6481018066406 195.1262435913086
461.908203125 159.13009643554688 521.7841377258301 159.13009643554688 521.7841377258301 196.01212310791016 461.908203125 196.01212310791016
461.5564880371094 159.4147491455078 521.4060134887695 159.4147491455078 521.4060134887695 196.5196647644043 461.5564880371094 196.5196647644043
462.2763671875 159.2659912109375 522.7773551940918 159.2659912109375 522.7773551940918 195.99047088623047 462.2763671875 195.99047088623047
463.49652099609375 158.74679565429688 522.8358879089355 158.74679565429688 522.8358879089355 196.7158203125 463.49652099609375 196.7158203125
463.3497009277344 159.04409790039062 523.1510200500488 159.04409790039062 523.1510200500488 196.72406768798828 463.3497009277344 196.72406768798828
462.13543701171875 157.7580108642578 522.2383728027344 157.7580108642578 522.2383728027344 196.8803367614746 462.13543701171875 196.8803367614746
464.2384338378906 157.38641357421875 522.6181411743164 157.38641357421875 522.6181411743164 196.49874114990234 464.2384338378906 196.49874114990234
461.93975830078125 156.90618896484375 523.4960556030273 156.90618896484375 523.4960556030273 196.71459197998047 461.93975830078125 196.71459197998047
462.01361083984375 157.20559692382812 523.101188659668 157.20559692382812 523.101188659668 197.41801834106445 462.01361083984375 197.41801834106445
462.56903076171875 156.2945098876953 523.4332046508789 156.2945098876953 523.4332046508789 197.75414657592773 462.56903076171875 197.75414657592773
460.2274475097656 157.89852905273438 523.7934494018555 157.89852905273438 523.7934494018555 198.18880462646484 460.2274475097656 198.18880462646484
458.79571533203125 157.6134490966797 521.892204284668 157.6134490966797 521.892204284668 197.0116958618164 458.79571533203125 197.0116958618164
461.3558044433594 157.0420684814453 522.1642684936523 157.0420684814453 522.1642684936523 196.7912368774414 461.3558044433594 196.7912368774414
458.0940856933594 156.63043212890625 521.0574340820312 156.63043212890625 521.0574340820312 196.77616500854492 458.0940856933594 196.77616500854492
461.5931091308594 156.9462127685547 521.054328918457 156.9462127685547 521.054328918457 196.75762939453125 461.5931091308594 196.75762939453125
461.15478515625 157.26138305664062 520.2496719360352 157.26138305664062 520.2496719360352 196.78977966308594 461.15478515625 196.78977966308594
460.5045471191406 159.33572387695312 520.3623886108398 159.33572387695312 520.3623886108398 196.71532821655273 460.5045471191406 196.71532821655273
461.1519470214844 158.6147918701172 520.7538986206055 158.6147918701172 520.7538986206055 196.66864013671875 461.1519470214844 196.66864013671875
460.24884033203125 159.54562377929688 521.7781982421875 159.54562377929688 521.7781982421875 196.7743911743164 460.24884033203125 196.7743911743164
461.8599548339844 160.69351196289062 522.9758491516113 160.69351196289062 522.9758491516113 196.81661987304688 461.8599548339844 196.81661987304688
462.77618408203125 160.93646240234375 522.7659721374512 160.93646240234375 522.7659721374512 197.29575729370117 462.77618408203125 197.29575729370117
461.14007568359375 161.44252014160156 523.0327644348145 161.44252014160156 523.0327644348145 197.9386215209961 461.14007568359375 197.9386215209961
462.10748291015625 160.83856201171875 523.9731063842773 160.83856201171875 523.9731063842773 197.86471939086914 462.10748291015625 197.86471939086914
463.70489501953125 161.6787567138672 523.8183517456055 161.6787567138672 523.8183517456055 196.72229766845703 463.70489501953125 196.72229766845703
460.71966552734375 160.27377319335938 523.6522750854492 160.27377319335938 523.6522750854492 196.91027069091797 460.71966552734375 196.91027069091797
461.61578369140625 160.6665496826172 523.1839370727539 160.6665496826172 523.1839370727539 196.00558853149414 461.61578369140625 196.00558853149414
461.48858642578125 160.224609375 523.3445854187012 160.224609375 523.3445854187012 196.24656295776367 461.48858642578125 196.24656295776367
461.4495544433594 159.98350524902344 523.3947219848633 159.98350524902344 523.3947219848633 196.7733268737793 461.4495544433594 196.7733268737793
461.49359130859375 159.92507934570312 524.1233444213867 159.92507934570312 524.1233444213867 195.72833633422852 461.49359130859375 195.72833633422852
461.8778381347656 160.3907928466797 523.3993225097656 160.3907928466797 523.3993225097656 196.17984771728516 461.8778381347656 196.17984771728516
460.2840881347656 159.91644287109375 524.3667984008789 159.91644287109375 524.3667984008789 196.85832595825195 460.2840881347656 196.85832595825195
461.30877685546875 160.13650512695312 522.6169738769531 160.13650512695312 522.6169738769531 196.27139282226562 461.30877685546875 196.27139282226562
460.2545471191406 160.19915771484375 523.0968818664551 160.19915771484375 523.0968818664551 196.25429916381836 460.2545471191406 196.25429916381836
461.59515380859375 159.99513244628906 523.334644317627 159.99513244628906 523.334644317627 196.2925796508789 461.59515380859375 196.2925796508789
460.5552673339844 160.3306121826172 523.4333610534668 160.3306121826172 523.4333610534668 196.67296981811523 460.5552673339844 196.67296981811523
461.991455078125 160.75308227539062 522.8035087585449 160.75308227539062 522.8035087585449 195.8183708190918 461.991455078125 195.8183708190918
461.767822265625 160.563720703125 526.0239028930664 160.563720703125 526.0239028930664 196.38641357421875 461.767822265625 196.38641357421875
462.309814453125 160.44676208496094 524.7805290222168 160.44676208496094 524.7805290222168 195.8012351989746 462.309814453125 195.8012351989746
461.12542724609375 159.89596557617188 523.0322036743164 159.89596557617188 523.0322036743164 196.8474006652832 461.12542724609375 196.8474006652832
461.5389709472656 159.79638671875 523.5022392272949 159.79638671875 523.5022392272949 196.0510711669922 461.5389709472656 196.0510711669922
460.688232421875 159.32080078125 524.576000213623 159.32080078125 524.576000213623 196.9140853881836 460.688232421875 196.9140853881836
460.40228271484375 158.84732055664062 524.3945083618164 158.84732055664062 524.3945083618164 196.90005111694336 460.40228271484375 196.90005111694336
461.8324279785156 159.60726928710938 525.5343933105469 159.60726928710938 525.5343933105469 196.06050872802734 461.8324279785156 196.06050872802734
462.412109375 159.65277099609375 523.9903373718262 159.65277099609375 523.9903373718262 195.19085311889648 462.412109375 195.19085311889648
460.57373046875 159.6237335205078 525.077278137207 159.6237335205078 525.077278137207 196.13222885131836 460.57373046875 196.13222885131836
459.9351501464844 159.89418029785156 523.3709297180176 159.89418029785156 523.3709297180176 196.79422760009766 459.9351501464844 196.79422760009766
461.46490478515625 159.9551239013672 523.7773933410645 159.9551239013672 523.7773933410645 196.06415176391602 461.46490478515625 196.06415176391602
460.90374755859375 159.8482666015625 523.999828338623 159.8482666015625 523.999828338623 196.74788284301758 460.90374755859375 196.74788284301758
460.5442810058594 159.0609130859375 524.8976364135742 159.0609130859375 524.8976364135742 196.82637786865234 460.5442810058594 196.82637786865234
461.5365295410156 160.30264282226562 523.791130065918 160.30264282226562 523.791130065918 196.3775863647461 461.5365295410156 196.3775863647461
461.4713439941406 159.96290588378906 524.639045715332 159.96290588378906 524.639045715332 196.35015106201172 461.4713439941406 196.35015106201172
461.73223876953125 159.75274658203125 524.4986572265625 159.75274658203125 524.4986572265625 196.45379638671875 461.73223876953125 196.45379638671875
459.68212890625 160.39651489257812 523.7929916381836 160.39651489257812 523.7929916381836 196.44769287109375 459.68212890625 196.44769287109375
461.3102111816406 159.59872436523438 526.3525390625 159.59872436523438 526.3525390625 196.2683334350586 461.3102111816406 196.2683334350586
460.21575927734375 159.75791931152344 524.1011123657227 159.75791931152344 524.1011123657227 197.08578872680664 460.21575927734375 197.08578872680664
461.09710693359375 159.79379272460938 524.6238822937012 159.79379272460938 524.6238822937012 196.9321403503418 461.09710693359375 196.9321403503418
461.74139404296875 159.9646453857422 525.9838943481445 159.9646453857422 525.9838943481445 196.76525115966797 461.74139404296875 196.76525115966797
462.090576171875 160.49058532714844 523.740894317627 160.49058532714844 523.740894317627 196.29828262329102 462.090576171875 196.29828262329102
460.1552734375 160.52615356445312 524.4034881591797 160.52615356445312 524.4034881591797 196.95616912841797 460.1552734375 196.95616912841797
462.05364990234375 160.09274291992188 523.9330368041992 160.09274291992188 523.9330368041992 195.8878059387207 462.05364990234375 195.8878059387207
461.68731689453125 159.8927764892578 523.4481086730957 159.8927764892578 523.4481086730957 196.60708618164062 461.68731689453125 196.60708618164062
460.60205078125 159.9349822998047 523.6197395324707 159.9349822998047 523.6197395324707 196.19887924194336 460.60205078125 196.19887924194336
461.64776611328125 159.55213928222656 524.6178359985352 159.55213928222656 524.6178359985352 196.28400039672852 461.64776611328125 196.28400039672852
461.79864501953125 160.01931762695312 523.641242980957 160.01931762695312 523.641242980957 196.3176040649414 461.79864501953125 196.3176040649414
461.55731201171875 160.17642211914062 524.2087287902832 160.17642211914062 524.2087287902832 196.17354583740234 461.55731201171875 196.17354583740234
463.05328369140625 160.08749389648438 522.6408386230469 160.08749389648438 522.6408386230469 195.77193069458008 463.05328369140625 195.77193069458008
461.8524475097656 159.8994903564453 523.7005424499512 159.8994903564453 523.7005424499512 196.75929260253906 461.8524475097656 196.75929260253906
461.531494140625 160.21099853515625 523.8921089172363 160.21099853515625 523.8921089172363 195.86169052124023 461.531494140625 195.86169052124023
461.7769470214844 160.1300048828125 523.8327751159668 160.1300048828125 523.8327751159668 195.66594314575195 461.7769470214844 195.66594314575195
460.27783203125 159.47238159179688 525.1975402832031 159.47238159179688 525.1975402832031 196.99798583984375 460.27783203125 196.99798583984375
461.4584045410156 160.0714569091797 524.4697189331055 160.0714569091797 524.4697189331055 196.2820167541504 461.4584045410156 196.2820167541504
461.38433837890625 159.8453369140625 525.4251251220703 159.8453369140625 525.4251251220703 196.26391983032227 461.38433837890625 196.26391983032227
461.2276306152344 159.9240264892578 523.7170600891113 159.9240264892578 523.7170600891113 196.78847885131836 461.2276306152344 196.78847885131836
461.0865783691406 159.47323608398438 524.7696113586426 159.47323608398438 524.7696113586426 196.2197380065918 461.0865783691406 196.2197380065918
462.11700439453125 160.53919982910156 523.5677680969238 160.53919982910156 523.5677680969238 196.1634063720703 462.11700439453125 196.1634063720703
461.3260803222656 160.23193359375 525.0831489562988 160.23193359375 525.0831489562988 196.14746856689453 461.3260803222656 196.14746856689453
460.7744140625 159.95452880859375 523.7773628234863 159.95452880859375 523.7773628234863 196.46709442138672 460.7744140625 196.46709442138672
462.20916748046875 160.26242065429688 523.9832954406738 160.26242065429688 523.9832954406738 196.1078109741211 462.20916748046875 196.1078109741211
461.6907653808594 160.24964904785156 524.0510025024414 160.24964904785156 524.0510025024414 195.52899551391602 461.6907653808594 195.52899551391602
461.398193359375 161.01150512695312 522.7759284973145 161.01150512695312 522.7759284973145 195.59678268432617 461.398193359375 195.59678268432617
461.0927734375 161.2281494140625 524.873119354248 161.2281494140625 524.873119354248 196.67862701416016 461.0927734375 196.67862701416016
461.0148010253906 160.03550720214844 524.2702560424805 160.03550720214844 524.2702560424805 196.24935150146484 461.0148010253906 196.24935150146484
459.64630126953125 159.4707794189453 524.4023513793945 159.4707794189453 524.4023513793945 196.61896514892578 459.64630126953125 196.61896514892578
460.48028564453125 159.56219482421875 524.3687553405762 159.56219482421875 524.3687553405762 196.28516387939453 460.48028564453125 196.28516387939453
460.6937561035156 160.2149658203125 524.9466552734375 160.2149658203125 524.9466552734375 197.28949737548828 460.6937561035156 197.28949737548828
461.302978515625 159.8445587158203 524.6319198608398 159.8445587158203 524.6319198608398 196.42694473266602 461.302978515625 196.42694473266602
461.2225036621094 160.75106811523438 524.5882148742676 160.75106811523438 524.5882148742676 196.83926010131836 461.2225036621094 196.83926010131836
461.9248046875 159.28701782226562 524.8084526062012 159.28701782226562 524.8084526062012 196.56300354003906 461.9248046875 196.56300354003906
461.33203125 160.0203094482422 524.7409286499023 160.0203094482422 524.7409286499023 196.29938507080078 461.33203125 196.29938507080078
461.83953857421875 160.05299377441406 526.2654266357422 160.05299377441406 526.2654266357422 195.73896026611328 461.83953857421875 195.73896026611328
461.1878356933594 159.55831909179688 525.2788619995117 159.55831909179688 525.2788619995117 196.7129364013672 461.1878356933594 196.7129364013672
460.26910400390625 159.80148315429688 525.8033065795898 159.80148315429688 525.8033065795898 197.35383987426758 460.26910400390625 197.35383987426758
461.31982421875 159.81396484375 524.8758316040039 159.81396484375 524.8758316040039 196.3028335571289 461.31982421875 196.3028335571289
461.1988830566406 160.00607299804688 523.5521240234375 160.00607299804688 523.5521240234375 196.02501678466797 461.1988830566406 196.02501678466797
460.38885498046875 159.95286560058594 524.0361938476562 159.95286560058594 524.0361938476562 196.06622314453125 460.38885498046875 196.06622314453125
461.739990234375 159.12139892578125 524.3734016418457 159.12139892578125 524.3734016418457 196.4330177307129 461.739990234375 196.4330177307129
461.5833435058594 160.02133178710938 524.3797798156738 160.02133178710938 524.3797798156738 196.7840690612793 461.5833435058594 196.7840690612793
460.89312744140625 160.09100341796875 523.7014465332031 160.09100341796875 523.7014465332031 197.20065689086914 460.89312744140625 197.20065689086914
459.51409912109375 159.05108642578125 523.6883773803711 159.05108642578125 523.6883773803711 197.16458129882812 459.51409912109375 197.16458129882812
461.12335205078125 159.71896362304688 525.2774047851562 159.71896362304688 525.2774047851562 196.50292587280273 461.12335205078125 196.50292587280273
461.7509765625 159.42300415039062 525.9251251220703 159.42300415039062 525.9251251220703 196.25314331054688 461.7509765625 196.25314331054688
460.33795166015625 159.1306610107422 526.1840362548828 159.1306610107422 526.1840362548828 196.90110397338867 460.33795166015625 196.90110397338867
461.11346435546875 159.13412475585938 524.985424041748 159.13412475585938 524.985424041748 197.28734970092773 461.11346435546875 197.28734970092773
460.89764404296875 159.43348693847656 525.1381683349609 159.43348693847656 525.1381683349609 197.05096054077148 460.89764404296875 197.05096054077148
460.20404052734375 160.10824584960938 524.4581146240234 160.10824584960938 524.4581146240234 197.11071014404297 460.20404052734375 197.11071014404297
461.45751953125 160.2347869873047 525.0297470092773 160.2347869873047 525.0297470092773 197.24568939208984 461.45751953125 197.24568939208984
461.32476806640625 159.80796813964844 524.548225402832 159.80796813964844 524.548225402832 196.8902244567871 461.32476806640625 196.8902244567871
460.7777404785156 159.05569458007812 524.082389831543 159.05569458007812 524.082389831543 196.8283233642578 460.7777404785156 196.8283233642578
463.04071044921875 159.9576416015625 523.4069137573242 159.9576416015625 523.4069137573242 195.43231964111328 463.04071044921875 195.43231964111328
459.82391357421875 160.23223876953125 525.4967651367188 160.23223876953125 525.4967651367188 197.0368766784668 459.82391357421875 197.0368766784668
462.05584716796875 159.27012634277344 524.4719467163086 159.27012634277344 524.4719467163086 196.60243225097656 462.05584716796875 196.60243225097656
460.8816833496094 160.0771484375 524.2261657714844 160.0771484375 524.2261657714844 197.1720085144043 460.8816833496094 197.1720085144043
461.45623779296875 160.13438415527344 524.4049377441406 160.13438415527344 524.4049377441406 196.3222541809082 461.45623779296875 196.3222541809082
462.6224060058594 160.68212890625 525.1007995605469 160.68212890625 525.1007995605469 196.43872833251953 462.6224060058594 196.43872833251953
460.8531188964844 159.95761108398438 525.6691741943359 159.95761108398438 525.6691741943359 197.03206634521484 460.8531188964844 197.03206634521484
461.1741638183594 159.36322021484375 524.8742790222168 159.36322021484375 524.8742790222168 196.27809524536133 461.1741638183594 196.27809524536133
460.650634765625 159.7352294921875 525.1883010864258 159.7352294921875 525.1883010864258 197.10922241210938 460.650634765625 197.10922241210938
461.5343322753906 159.86569213867188 524.2540702819824 159.86569213867188 524.2540702819824 196.31278610229492 461.5343322753906 196.31278610229492
461.2056579589844 159.73558044433594 523.7619934082031 159.73558044433594 523.7619934082031 196.58081436157227 461.2056579589844 196.58081436157227
462.61224365234375 160.23721313476562 523.4102783203125 160.23721313476562 523.4102783203125 195.42884063720703 462.61224365234375 195.42884063720703
460.01904296875 159.92823791503906 525.1598892211914 159.92823791503906 525.1598892211914 196.64193725585938 460.01904296875 196.64193725585938
460.862548828125 159.31912231445312 525.370491027832 159.31912231445312 525.370491027832 197.01066207885742 460.862548828125 197.01066207885742
460.6924743652344 159.781494140625 524.265796661377 159.781494140625 524.265796661377 196.58711624145508 460.6924743652344 196.58711624145508
460.9591369628906 158.9464874267578 525.8604049682617 158.9464874267578 525.8604049682617 197.23867416381836 460.9591369628906 197.23867416381836
462.117431640625 160.03909301757812 525.6302185058594 160.03909301757812 525.6302185058594 196.045166015625 462.117431640625 196.045166015625
461.62139892578125 160.031005859375 524.9252510070801 160.031005859375 524.9252510070801 196.256591796875 461.62139892578125 196.256591796875
460.5672302246094 160.03060913085938 523.9459648132324 160.03060913085938 523.9459648132324 196.72405624389648 460.5672302246094 196.72405624389648
460.8445739746094 159.41842651367188 526.0555648803711 159.41842651367188 526.0555648803711 196.8422393798828 460.8445739746094 196.8422393798828
461.718017578125 159.82638549804688 524.127815246582 159.82638549804688 524.127815246582 196.1689453125 461.718017578125 196.1689453125
461.045166015625 159.45504760742188 524.9428939819336 159.45504760742188 524.9428939819336 196.96582794189453 461.045166015625 196.96582794189453
461.021484375 159.0238800048828 525.0295639038086 159.0238800048828 525.0295639038086 196.42346572875977 461.021484375 196.42346572875977
461.60882568359375 160.0802764892578 525.4528503417969 160.0802764892578 525.4528503417969 196.73709869384766 461.60882568359375 196.73709869384766
461.5401916503906 159.25315856933594 526.0655975341797 159.25315856933594 526.0655975341797 196.71814727783203 461.5401916503906 196.71814727783203
462.6026306152344 159.3695526123047 526.2741470336914 159.3695526123047 526.2741470336914 196.6352081298828 462.6026306152344 196.6352081298828
460.22686767578125 158.99038696289062 525.0835113525391 158.99038696289062 525.0835113525391 197.27254486083984 460.22686767578125 197.27254486083984
461.23614501953125 158.83396911621094 524.551097869873 158.83396911621094 524.551097869873 196.8874740600586 461.23614501953125 196.8874740600586
460.9363708496094 159.53607177734375 523.9877738952637 159.53607177734375 523.9877738952637 196.95280075073242 460.9363708496094 196.95280075073242
460.2085876464844 159.54067993164062 524.3744049072266 159.54067993164062 524.3744049072266 197.61365509033203 460.2085876464844 197.61365509033203
461.5362243652344 159.6628875732422 524.7567329406738 159.6628875732422 524.7567329406738 197.1609649658203 461.5362243652344 197.1609649658203
461.2434997558594 159.37313842773438 524.7423286437988 159.37313842773438 524.7423286437988 197.10802459716797 461.2434997558594 197.10802459716797
462.06903076171875 159.6507568359375 524.0943832397461 159.6507568359375 524.0943832397461 196.5816650390625 462.06903076171875 196.5816650390625
460.2254333496094 159.11398315429688 525.0702133178711 159.11398315429688 525.0702133178711 196.80245208740234 460.2254333496094 196.80245208740234
461.1024475097656 159.38339233398438 524.5662231445312 159.38339233398438 524.5662231445312 196.67669677734375 461.1024475097656 196.67669677734375
460.06097412109375 158.95376586914062 525.3118209838867 158.95376586914062 525.3118209838867 197.06102752685547 460.06097412109375 197.06102752685547
460.4635314941406 158.74124145507812 526.3347015380859 158.74124145507812 526.3347015380859 197.0124282836914 460.4635314941406 197.0124282836914
461.36541748046875 159.23898315429688 524.9597282409668 159.23898315429688 524.9597282409668 196.9917984008789 461.36541748046875 196.9917984008789
461.4959411621094 159.52491760253906 526.2869033813477 159.52491760253906 526.2869033813477 198.06653594970703 461.4959411621094 198.06653594970703
462.267578125 159.59014892578125 523.5608215332031 159.59014892578125 523.5608215332031 196.40653228759766 462.267578125 196.40653228759766
458.99749755859375 158.01205444335938 523.4990844726562 158.01205444335938 523.4990844726562 196.99564361572266 458.99749755859375 196.99564361572266
459.8770446777344 158.11434936523438 522.5800704956055 158.11434936523438 522.5800704956055 196.3976707458496 459.8770446777344 196.3976707458496
460.57958984375 158.8283233642578 523.5478324890137 158.8283233642578 523.5478324890137 196.7652702331543 460.57958984375 196.7652702331543
461.3982849121094 158.3787384033203 524.5293769836426 158.3787384033203 524.5293769836426 196.29608535766602 461.3982849121094 196.29608535766602
461.93585205078125 158.4546661376953 524.4792556762695 158.4546661376953 524.4792556762695 196.55341339111328 461.93585205078125 196.55341339111328
461.824951171875 158.66720581054688 523.825798034668 158.66720581054688 523.825798034668 196.27799224853516 461.824951171875 196.27799224853516
461.27667236328125 158.43283081054688 523.636833190918 158.43283081054688 523.636833190918 196.20061492919922 461.27667236328125 196.20061492919922
461.42132568359375 157.89974975585938 523.8630599975586 157.89974975585938 523.8630599975586 196.91839981079102 461.42132568359375 196.91839981079102
460.4950256347656 157.3766632080078 521.0924453735352 157.3766632080078 521.0924453735352 196.46039199829102 460.4950256347656 196.46039199829102
459.5708923339844 158.18978881835938 521.7277641296387 158.18978881835938 521.7277641296387 196.10027313232422 459.5708923339844 196.10027313232422
461.5205078125 157.28321838378906 523.5970153808594 157.28321838378906 523.5970153808594 196.39068222045898 461.5205078125 196.39068222045898
461.5384826660156 156.96890258789062 522.235221862793 156.96890258789062 522.235221862793 195.96609497070312 461.5384826660156 195.96609497070312
460.79083251953125 157.12416076660156 522.2298355102539 157.12416076660156 522.2298355102539 195.98595428466797 460.79083251953125 195.98595428466797
460.7494201660156 158.07229614257812 522.6927070617676 158.07229614257812 522.6927070617676 197.05734252929688 460.7494201660156 197.05734252929688
461.5086364746094 157.99746704101562 522.7722854614258 157.99746704101562 522.7722854614258 196.52584075927734 461.5086364746094 196.52584075927734
459.6529235839844 157.59469604492188 521.3297309875488 157.59469604492188 521.3297309875488 195.76384353637695 459.6529235839844 195.76384353637695
459.76947021484375 157.95660400390625 522.4661865234375 157.95660400390625 522.4661865234375 195.84355545043945 459.76947021484375 195.84355545043945
460.63983154296875 158.48190307617188 521.680736541748 158.48190307617188 521.680736541748 196.4103126525879 460.63983154296875 196.4103126525879
457.86492919921875 158.6184539794922 520.327751159668 158.6184539794922 520.327751159668 194.5907211303711 457.86492919921875 194.5907211303711
458.0282287597656 158.69570922851562 519.244514465332 158.69570922851562 519.244514465332 195.52893829345703 458.0282287597656 195.52893829345703
457.88531494140625 158.04440307617188 518.8293228149414 158.04440307617188 518.8293228149414 194.79248809814453 457.88531494140625 194.79248809814453
457.34796142578125 157.9221649169922 518.100513458252 157.9221649169922 518.100513458252 194.85398864746094 457.34796142578125 194.85398864746094
457.54571533203125 158.3489532470703 518.6051750183105 158.3489532470703 518.6051750183105 194.76569366455078 457.54571533203125 194.76569366455078
457.00677490234375 158.03216552734375 518.1944389343262 158.03216552734375 518.1944389343262 195.53859329223633 457.00677490234375 195.53859329223633
458.5387268066406 158.93936157226562 520.0302734375 158.93936157226562 520.0302734375 196.12616729736328 458.5387268066406 196.12616729736328
458.29217529296875 158.2903594970703 519.8405075073242 158.2903594970703 519.8405075073242 194.77581405639648 458.29217529296875 194.77581405639648
457.7859802246094 158.676513671875 520.489143371582 158.676513671875 520.489143371582 195.38108825683594 457.7859802246094 195.38108825683594
456.49383544921875 157.99400329589844 520.3339729309082 157.99400329589844 520.3339729309082 195.2132453918457 456.49383544921875 195.2132453918457
457.1240234375 158.74815368652344 517.9620475769043 158.74815368652344 517.9620475769043 195.34349822998047 457.1240234375 195.34349822998047
457.0401306152344 158.87973022460938 518.5421333312988 158.87973022460938 518.5421333312988 194.6092414855957 457.0401306152344 194.6092414855957
456.67852783203125 158.8639678955078 517.1151504516602 158.8639678955078 517.1151504516602 195.60583877563477 456.67852783203125 195.60583877563477
454.3338317871094 158.44325256347656 516.129264831543 158.44325256347656 516.129264831543 194.59705352783203 454.3338317871094 194.59705352783203
455.67578125 158.53005981445312 515.8178405761719 158.53005981445312 515.8178405761719 193.48025512695312 455.67578125 193.48025512695312
454.146240234375 157.76693725585938 515.5999984741211 157.76693725585938 515.5999984741211 194.01720428466797 454.146240234375 194.01720428466797
454.75897216796875 158.23049926757812 515.9031257629395 158.23049926757812 515.9031257629395 193.92915725708008 454.75897216796875 193.92915725708008
454.657958984375 157.51699829101562 516.3850173950195 157.51699829101562 516.3850173950195 193.91219329833984 454.657958984375 193.91219329833984
454.4601135253906 157.93594360351562 517.0615768432617 157.93594360351562 517.0615768432617 194.5155906677246 454.4601135253906 194.5155906677246
453.9637145996094 157.84043884277344 516.0145645141602 157.84043884277344 516.0145645141602 194.2422866821289 453.9637145996094 194.2422866821289
452.0848693847656 157.97259521484375 515.5512390136719 157.97259521484375 515.5512390136719 194.21466827392578 452.0848693847656 194.21466827392578
452.07745361328125 157.9267120361328 513.6644287109375 157.9267120361328 513.6644287109375 193.24711227416992 452.07745361328125 193.24711227416992
450.4027404785156 157.3645782470703 513.4215888977051 157.3645782470703 513.4215888977051 193.0831069946289 450.4027404785156 193.0831069946289
450.8789978027344 157.2051239013672 514.1249084472656 157.2051239013672 514.1249084472656 193.7557144165039 450.8789978027344 193.7557144165039
450.94873046875 156.23574829101562 512.7859191894531 156.23574829101562 512.7859191894531 193.34703063964844 450.94873046875 193.34703063964844
448.1456604003906 156.4218292236328 512.0817070007324 156.4218292236328 512.0817070007324 193.13003158569336 448.1456604003906 193.13003158569336
450.14251708984375 157.3863067626953 514.4041595458984 157.3863067626953 514.4041595458984 193.31403350830078 450.14251708984375 193.31403350830078
450.490234375 156.2640838623047 513.8929252624512 156.2640838623047 513.8929252624512 192.9097442626953 450.490234375 192.9097442626953
448.83428955078125 156.076904296875 512.5977668762207 156.076904296875 512.5977668762207 193.01329803466797 448.83428955078125 193.01329803466797
448.9881896972656 155.7305450439453 513.4604034423828 155.7305450439453 513.4604034423828 193.3825225830078 448.9881896972656 193.3825225830078
449.3517150878906 156.11495971679688 513.6752243041992 156.11495971679688 513.6752243041992 193.54969024658203 449.3517150878906 193.54969024658203
449.23162841796875 157.08697509765625 512.7831611633301 157.08697509765625 512.7831611633301 192.47734832763672 449.23162841796875 192.47734832763672
449.1695251464844 156.53012084960938 512.808219909668 156.53012084960938 512.808219909668 192.7917709350586 449.1695251464844 192.7917709350586
450.52593994140625 156.0369415283203 511.65657806396484 156.0369415283203 511.65657806396484 191.86315536499023 450.52593994140625 191.86315536499023
448.0460510253906 156.63516235351562 509.1468276977539 156.63516235351562 509.1468276977539 191.2309112548828 448.0460510253906 191.2309112548828
447.37493896484375 156.40623474121094 509.54158782958984 156.40623474121094 509.54158782958984 192.19973373413086 447.37493896484375 192.19973373413086
447.57806396484375 156.9029541015625 509.56649017333984 156.9029541015625 509.56649017333984 190.94400024414062 447.57806396484375 190.94400024414062
448.2772521972656 155.84579467773438 509.2233657836914 155.84579467773438 509.2233657836914 189.9932632446289 448.2772521972656 189.9932632446289
449.27606201171875 156.779541015625 508.82819747924805 156.779541015625 508.82819747924805 189.6642951965332 449.27606201171875 189.6642951965332
448.15875244140625 156.43141174316406 509.64636993408203 156.43141174316406 509.64636993408203 191.0291404724121 448.15875244140625 191.0291404724121
447.0113830566406 156.19668579101562 508.4246292114258 156.19668579101562 508.4246292114258 190.8736343383789 447.0113830566406 190.8736343383789
448.5419921875 156.935791015625 508.28129959106445 156.935791015625 508.28129959106445 190.28102111816406 448.5419921875 190.28102111816406
448.1279296875 157.3333282470703 507.66473388671875 157.3333282470703 507.66473388671875 190.39665985107422 448.1279296875 190.39665985107422
448.138671875 157.22146606445312 508.4443359375 157.22146606445312 508.4443359375 190.48594284057617 448.138671875 190.48594284057617
447.48931884765625 157.0341796875 509.8233222961426 157.0341796875 509.8233222961426 190.13567733764648 447.48931884765625 190.13567733764648
447.4955139160156 156.77105712890625 505.81395721435547 156.77105712890625 505.81395721435547 189.72125244140625 447.4955139160156 189.72125244140625
446.19512939453125 155.5399932861328 506.9288520812988 155.5399932861328 506.9288520812988 190.31727981567383 446.19512939453125 190.31727981567383
446.48785400390625 156.4230194091797 506.052001953125 156.4230194091797 506.052001953125 189.96606826782227 446.48785400390625 189.96606826782227
445.34893798828125 154.7306365966797 505.58056640625 154.7306365966797 505.58056640625 189.2176971435547 445.34893798828125 189.2176971435547
445.3822326660156 155.84085083007812 505.4465637207031 155.84085083007812 505.4465637207031 189.63727951049805 445.3822326660156 189.63727951049805
444.57952880859375 154.21267700195312 504.23665618896484 154.21267700195312 504.23665618896484 189.3070411682129 444.57952880859375 189.3070411682129
444.8201599121094 154.9644775390625 502.8597106933594 154.9644775390625 502.8597106933594 189.90772247314453 444.8201599121094 189.90772247314453
444.11688232421875 155.29298400878906 503.12590408325195 155.29298400878906 503.12590408325195 190.55799102783203 444.11688232421875 190.55799102783203
444.57025146484375 154.84133911132812 502.7447624206543 154.84133911132812 502.7447624206543 189.3772964477539 444.57025146484375 189.3772964477539
440.87237548828125 154.10557556152344 501.3370590209961 154.10557556152344 501.3370590209961 188.76769638061523 440.87237548828125 188.76769638061523
441.443115234375 153.7860870361328 501.21662521362305 153.7860870361328 501.21662521362305 189.18636322021484 441.443115234375 189.18636322021484
439.76055908203125 153.01370239257812 501.4062614440918 153.01370239257812 501.4062614440918 188.29808807373047 439.76055908203125 188.29808807373047
440.08489990234375 153.96896362304688 500.4724426269531 153.96896362304688 500.4724426269531 188.39869689941406 440.08489990234375 188.39869689941406
440.7523498535156 154.4216766357422 500.49027252197266 154.4216766357422 500.49027252197266 187.29230117797852 440.7523498535156 187.29230117797852
439.25616455078125 154.63693237304688 500.5454330444336 154.63693237304688 500.5454330444336 188.4245147705078 439.25616455078125 188.4245147705078
439.3731384277344 153.94558715820312 499.8055610656738 153.94558715820312 499.8055610656738 188.8323745727539 439.3731384277344 188.8323745727539
439.904052734375 153.86349487304688 500.4189453125 153.86349487304688 500.4189453125 187.69450759887695 439.904052734375 187.69450759887695
438.16259765625 154.388671875 500.53177642822266 154.388671875 500.53177642822266 188.5642318725586 438.16259765625 188.5642318725586
437.76715087890625 153.64114379882812 500.9510612487793 153.64114379882812 500.9510612487793 188.47024154663086 437.76715087890625 188.47024154663086
437.36505126953125 153.2680206298828 501.5296096801758 153.2680206298828 501.5296096801758 188.28385162353516 437.36505126953125 188.28385162353516
436.30572509765625 152.42459106445312 500.96861267089844 152.42459106445312 500.96861267089844 188.73076629638672 436.30572509765625 188.73076629638672
436.47808837890625 153.33851623535156 500.4057731628418 153.33851623535156 500.4057731628418 188.70973205566406 436.47808837890625 188.70973205566406
436.72076416015625 152.36724853515625 498.01061248779297 152.36724853515625 498.01061248779297 188.22246551513672 436.72076416015625 188.22246551513672
436.31207275390625 153.32342529296875 498.4780464172363 153.32342529296875 498.4780464172363 188.30772399902344 436.31207275390625 188.30772399902344
436.6017150878906 153.6067657470703 498.11978912353516 153.6067657470703 498.11978912353516 188.23087692260742 436.6017150878906 188.23087692260742
434.182373046875 152.5989532470703 498.1041679382324 152.5989532470703 498.1041679382324 188.52648162841797 434.182373046875 188.52648162841797
435.70379638671875 153.37057495117188 499.8700637817383 153.37057495117188 499.8700637817383 187.98211288452148 435.70379638671875 187.98211288452148
433.72412109375 153.16159057617188 497.9880828857422 153.16159057617188 497.9880828857422 187.74393844604492 433.72412109375 187.74393844604492
433.69451904296875 151.9320831298828 498.7635269165039 151.9320831298828 498.7635269165039 188.5682601928711 433.69451904296875 188.5682601928711
434.16748046875 152.21609497070312 499.4535598754883 152.21609497070312 499.4535598754883 187.59782028198242 434.16748046875 187.59782028198242
432.45928955078125 151.6300506591797 497.1680221557617 151.6300506591797 497.1680221557617 188.12194061279297 432.45928955078125 188.12194061279297
431.551025390625 151.7215576171875 495.8991470336914 151.7215576171875 495.8991470336914 187.27410125732422 431.551025390625 187.27410125732422
431.2066955566406 151.684326171875 497.1928253173828 151.684326171875 497.1928253173828 187.13192749023438 431.2066955566406 187.13192749023438
429.414306640625 151.70274353027344 496.78453826904297 151.70274353027344 496.78453826904297 186.93996047973633 429.414306640625 186.93996047973633
430.52117919921875 151.41668701171875 496.8425979614258 151.41668701171875 496.8425979614258 186.71735382080078 430.52117919921875 186.71735382080078
429.56719970703125 151.65882873535156 496.1984100341797 151.65882873535156 496.1984100341797 186.3085708618164 429.56719970703125 186.3085708618164
429.28240966796875 151.5673370361328 495.4645080566406 151.5673370361328 495.4645080566406 186.42795181274414 429.28240966796875 186.42795181274414
427.7254943847656 150.94613647460938 495.64276123046875 150.94613647460938 495.64276123046875 185.66020965576172 427.7254943847656 185.66020965576172
429.14312744140625 151.7337646484375 494.14351654052734 151.7337646484375 494.14351654052734 185.82808685302734 429.14312744140625 185.82808685302734
430.1690368652344 152.2614288330078 493.1869812011719 152.2614288330078 493.1869812011719 185.92400741577148 430.1690368652344 185.92400741577148
427.764404296875 151.36502075195312 492.6936340332031 151.36502075195312 492.6936340332031 186.38304138183594 427.764404296875 186.38304138183594
427.6458435058594 151.2210693359375 493.0981140136719 151.2210693359375 493.0981140136719 185.4733772277832 427.6458435058594 185.4733772277832
425.4390563964844 149.47750854492188 490.5083694458008 149.47750854492188 490.5083694458008 186.14763641357422 425.4390563964844 186.14763641357422
424.4290466308594 149.7628173828125 489.76158142089844 149.7628173828125 489.76158142089844 186.49257278442383 424.4290466308594 186.49257278442383
426.4674377441406 150.8851318359375 491.74562072753906 150.8851318359375 491.74562072753906 186.1678352355957 426.4674377441406 186.1678352355957
425.49786376953125 150.61093139648438 490.15543365478516 150.61093139648438 490.15543365478516 185.67928314208984 425.49786376953125 185.67928314208984
425.2547302246094 151.09390258789062 489.2220230102539 151.09390258789062 489.2220230102539 185.65482330322266 425.2547302246094 185.65482330322266
423.3238830566406 150.01834106445312 487.40245056152344 150.01834106445312 487.40245056152344 185.0883560180664 423.3238830566406 185.0883560180664
423.76861572265625 150.5372772216797 487.7479019165039 150.5372772216797 487.7479019165039 185.65076065063477 423.76861572265625 185.65076065063477
421.7103576660156 149.68508911132812 488.2372283935547 149.68508911132812 488.2372283935547 185.70005416870117 421.7103576660156 185.70005416870117
419.0035705566406 149.49215698242188 485.9113006591797 149.49215698242188 485.9113006591797 186.41038513183594 419.0035705566406 186.41038513183594
412.34942626953125 149.22752380371094 479.37158966064453 149.22752380371094 479.37158966064453 186.1194839477539 412.34942626953125 186.1194839477539
412.7759704589844 149.67955017089844 478.97745513916016 149.67955017089844 478.97745513916016 185.86023712158203 412.7759704589844 185.86023712158203
412.04949951171875 148.6343231201172 476.7188720703125 148.6343231201172 476.7188720703125 185.8682518005371 412.04949951171875 185.8682518005371
410.2832946777344 149.41781616210938 474.3889617919922 149.41781616210938 474.3889617919922 186.32719039916992 410.2832946777344 186.32719039916992
407.7511291503906 147.9783935546875 471.6832809448242 147.9783935546875 471.6832809448242 184.7878646850586 407.7511291503906 184.7878646850586
410.45513916015625 149.6454315185547 473.8729248046875 149.6454315185547 473.8729248046875 186.15875244140625 410.45513916015625 186.15875244140625
406.5364685058594 148.29873657226562 469.89373779296875 148.29873657226562 469.89373779296875 184.8851776123047 406.5364685058594 184.8851776123047
408.84735107421875 149.19891357421875 472.4866752624512 149.19891357421875 472.4866752624512 185.8130645751953 408.84735107421875 185.8130645751953
407.70416259765625 148.5038604736328 470.0691719055176 148.5038604736328 470.0691719055176 184.41103744506836 407.70416259765625 184.41103744506836
406.6604309082031 149.6759796142578 468.19633865356445 149.6759796142578 468.19633865356445 185.25217819213867 406.6604309082031 185.25217819213867
404.0376892089844 149.37356567382812 466.2002067565918 149.37356567382812 466.2002067565918 185.16415786743164 404.0376892089844 185.16415786743164
403.02630615234375 149.38134765625 465.27254486083984 149.38134765625 465.27254486083984 185.22014236450195 403.02630615234375 185.22014236450195
399.6546630859375 148.90846252441406 462.2556686401367 148.90846252441406 462.2556686401367 184.95151901245117 399.6546630859375 184.95151901245117
399.887451171875 149.78909301757812 461.82343673706055 149.78909301757812 461.82343673706055 185.44925689697266 399.887451171875 185.44925689697266
397.6542663574219 149.04348754882812 459.5831184387207 149.04348754882812 459.5831184387207 184.69954299926758 397.6542663574219 184.69954299926758
398.2939453125 149.26351928710938 460.221435546875 149.26351928710938 460.221435546875 184.9187889099121 398.2939453125 184.9187889099121
394.44207763671875 148.27877807617188 456.70458221435547 148.27877807617188 456.70458221435547 184.12693786621094 394.44207763671875 184.12693786621094
393.871337890625 148.36038208007812 455.49446868896484 148.36038208007812 455.49446868896484 183.84041595458984 393.871337890625 183.84041595458984
394.06512451171875 149.08509826660156 455.9156265258789 149.08509826660156 455.9156265258789 184.69604110717773 394.06512451171875 184.69604110717773
393.1601257324219 149.5792694091797 454.8292922973633 149.5792694091797 454.8292922973633 185.08580780029297 393.1601257324219 185.08580780029297
392.26678466796875 149.52175903320312 453.83040618896484 149.52175903320312 453.83040618896484 184.967529296875 392.26678466796875 184.967529296875
389.9202575683594 148.7761688232422 451.7470703125 148.7761688232422 451.7470703125 184.37347030639648 389.9202575683594 184.37347030639648
389.3821105957031 148.33309936523438 450.9511299133301 148.33309936523438 450.9511299133301 183.78197479248047 389.3821105957031 183.78197479248047
386.68438720703125 148.6018524169922 447.2982711791992 148.6018524169922 447.2982711791992 183.50080108642578 386.68438720703125 183.50080108642578
384.5379333496094 148.2776641845703 445.7620964050293 148.2776641845703 445.7620964050293 183.52798080444336 384.5379333496094 183.52798080444336
384.43365478515625 148.3827362060547 445.4757308959961 148.3827362060547 445.4757308959961 183.52821731567383 384.43365478515625 183.52821731567383
381.8162536621094 147.30636596679688 443.1884574890137 147.30636596679688 443.1884574890137 182.6419219970703 381.8162536621094 182.6419219970703
382.78619384765625 149.04605102539062 443.92021560668945 149.04605102539062 443.92021560668945 184.24446868896484 382.78619384765625 184.24446868896484
380.5159912109375 148.5208282470703 440.7586555480957 148.5208282470703 440.7586555480957 183.2060432434082 380.5159912109375 183.2060432434082
380.4261169433594 149.0023956298828 440.4035530090332 149.0023956298828 440.4035530090332 183.53490447998047 380.4261169433594 183.53490447998047
376.36407470703125 149.0833740234375 436.7745246887207 149.0833740234375 436.7745246887207 183.86519241333008 376.36407470703125 183.86519241333008
363.010986328125 147.91085815429688 423.1737060546875 147.91085815429688 423.1737060546875 182.55004501342773 363.010986328125 182.55004501342773
360.869873046875 148.74600219726562 421.27672576904297 148.74600219726562 421.27672576904297 183.52574920654297 360.869873046875 183.52574920654297
358.4184875488281 147.85342407226562 418.27086639404297 147.85342407226562 418.27086639404297 182.3139305114746 358.4184875488281 182.3139305114746
356.552490234375 148.37722778320312 417.6478042602539 148.37722778320312 417.6478042602539 183.55336380004883 356.552490234375 183.55336380004883
355.6683044433594 147.62376403808594 417.2995414733887 147.62376403808594 417.2995414733887 183.10846328735352 355.6683044433594 183.10846328735352
352.69830322265625 146.3395233154297 414.80826568603516 146.3395233154297 414.80826568603516 182.09984970092773 352.69830322265625 182.09984970092773
352.6244201660156 146.93179321289062 414.65843963623047 146.93179321289062 414.65843963623047 182.64839553833008 352.6244201660156 182.64839553833008
350.448974609375 147.29281616210938 413.6815490722656 147.29281616210938 413.6815490722656 183.69950103759766 350.448974609375 183.69950103759766
344.2596740722656 146.76846313476562 408.7351531982422 146.76846313476562 408.7351531982422 183.89076614379883 344.2596740722656 183.89076614379883
339.9437255859375 146.61810302734375 405.6051254272461 146.61810302734375 405.6051254272461 184.42321014404297 339.9437255859375 184.42321014404297
338.5398864746094 145.8609619140625 405.1696319580078 145.8609619140625 405.1696319580078 184.22360229492188 338.5398864746094 184.22360229492188
336.46588134765625 146.9742431640625 403.00894927978516 146.9742431640625 403.00894927978516 185.2869758605957 336.46588134765625 185.2869758605957
331.4645690917969 147.4991912841797 398.39403533935547 147.4991912841797 398.39403533935547 186.0344009399414 331.4645690917969 186.0344009399414
320.41070556640625 146.59384155273438 388.5420913696289 146.59384155273438 388.5420913696289 184.03541564941406 320.41070556640625 184.03541564941406
323.823486328125 147.3221893310547 390.4781723022461 147.3221893310547 390.4781723022461 185.69918823242188 323.823486328125 185.69918823242188
320.05462646484375 147.4104461669922 386.58958435058594 147.4104461669922 386.58958435058594 185.06581115722656 320.05462646484375 185.06581115722656
318.70941162109375 147.3202667236328 384.78338623046875 147.3202667236328 384.78338623046875 185.36291122436523 318.70941162109375 185.36291122436523
311.79669189453125 146.20443725585938 378.9309844970703 146.20443725585938 378.9309844970703 184.1863784790039 311.79669189453125 184.1863784790039
310.63323974609375 147.47117614746094 375.35184478759766 147.47117614746094 375.35184478759766 185.30581665039062 310.63323974609375 185.30581665039062
309.04644775390625 147.16827392578125 373.46092987060547 147.16827392578125 373.46092987060547 185.35134887695312 309.04644775390625 185.35134887695312
306.28106689453125 146.8691864013672 371.29244232177734 146.8691864013672 371.29244232177734 185.25501251220703 306.28106689453125 185.25501251220703
305.50738525390625 146.82546997070312 370.50657653808594 146.82546997070312 370.50657653808594 185.14374542236328 305.50738525390625 185.14374542236328
302.2030029296875 147.24810791015625 368.2806854248047 147.24810791015625 368.2806854248047 184.8896369934082 302.2030029296875 184.8896369934082
295.4611511230469 148.8013458251953 363.3054733276367 148.8013458251953 363.3054733276367 186.08905410766602 295.4611511230469 186.08905410766602
300.1239013671875 148.4612274169922 365.6208953857422 148.4612274169922 365.6208953857422 186.1922264099121 300.1239013671875 186.1922264099121
296.4898986816406 149.28622436523438 362.11936950683594 149.28622436523438 362.11936950683594 185.58544158935547 296.4898986816406 185.58544158935547
292.63970947265625 149.67025756835938 358.5784683227539 149.67025756835938 358.5784683227539 186.72576141357422 292.63970947265625 186.72576141357422
293.9405822753906 149.61825561523438 360.4352493286133 149.61825561523438 360.4352493286133 187.90312957763672 293.9405822753906 187.90312957763672
291.4542541503906 149.223876953125 358.95335388183594 149.223876953125 358.95335388183594 188.08706283569336 291.4542541503906 188.08706283569336
288.91485595703125 149.24124145507812 356.2890167236328 149.24124145507812 356.2890167236328 188.0324935913086 288.91485595703125 188.0324935913086
287.6626281738281 149.7864227294922 354.9511413574219 149.7864227294922 354.9511413574219 188.46074676513672 287.6626281738281 188.46074676513672
286.93896484375 150.57998657226562 353.8510971069336 150.57998657226562 353.8510971069336 189.10522842407227 286.93896484375 189.10522842407227
285.27777099609375 150.4330291748047 352.02262115478516 150.4330291748047 352.02262115478516 188.71210098266602 285.27777099609375 188.71210098266602
284.92840576171875 151.29295349121094 350.5198745727539 151.29295349121094 350.5198745727539 189.05781173706055 284.92840576171875 189.05781173706055
282.7728576660156 150.3265380859375 348.5332794189453 150.3265380859375 348.5332794189453 188.1886749267578 282.7728576660156 188.1886749267578
283.95684814453125 150.46542358398438 349.6849136352539 150.46542358398438 349.6849136352539 188.30892944335938 283.95684814453125 188.30892944335938
281.5125732421875 151.02687072753906 347.7751922607422 151.02687072753906 347.7751922607422 189.17815399169922 281.5125732421875 189.17815399169922
280.4374694824219 150.049560546875 346.7655715942383 150.049560546875 346.7655715942383 188.70610809326172 280.4374694824219 188.70610809326172
282.15704345703125 151.2529754638672 348.06910705566406 151.2529754638672 348.06910705566406 189.2024154663086 282.15704345703125 189.2024154663086
280.6688537597656 151.26815795898438 346.99439239501953 151.26815795898438 346.99439239501953 189.4556541442871 280.6688537597656 189.4556541442871
278.36749267578125 151.50933837890625 344.18699645996094 151.50933837890625 344.18699645996094 189.40547943115234 278.36749267578125 189.40547943115234
280.03057861328125 150.7445526123047 345.3541946411133 150.7445526123047 345.3541946411133 188.35518264770508 280.03057861328125 188.35518264770508
278.1595764160156 151.88201904296875 343.32350158691406 151.88201904296875 343.32350158691406 189.40070724487305 278.1595764160156 189.40070724487305
277.6712646484375 150.8735809326172 342.45513916015625 150.8735809326172 342.45513916015625 188.1734504699707 277.6712646484375 188.1734504699707
277.37841796875 151.7615203857422 342.43785095214844 151.7615203857422 342.43785095214844 189.22005081176758 277.37841796875 189.22005081176758
276.7106628417969 151.569091796875 340.89329528808594 151.569091796875 340.89329528808594 188.5227928161621 276.7106628417969 188.5227928161621
274.97869873046875 153.48960876464844 338.44287872314453 153.48960876464844 338.44287872314453 190.0296516418457 274.97869873046875 190.0296516418457
274.4822692871094 153.55039978027344 338.4710884094238 153.55039978027344 338.4710884094238 190.39250946044922 274.4822692871094 190.39250946044922
274.9110107421875 152.05064392089844 337.81449127197266 152.05064392089844 337.81449127197266 188.26786041259766 274.9110107421875 188.26786041259766
273.6904602050781 152.80801391601562 336.4700698852539 152.80801391601562 336.4700698852539 188.95391082763672 273.6904602050781 188.95391082763672
273.62298583984375 153.91519165039062 336.39361572265625 153.91519165039062 336.39361572265625 190.05591583251953 273.62298583984375 190.05591583251953
273.1866149902344 152.4308624267578 336.4028205871582 152.4308624267578 336.4028205871582 188.82813262939453 273.1866149902344 188.82813262939453
271.5150146484375 153.25425720214844 333.77607345581055 153.25425720214844 333.77607345581055 189.76082611083984 271.5150146484375 189.76082611083984
270.5518493652344 153.07205200195312 333.6030960083008 153.07205200195312 333.6030960083008 189.37434005737305 270.5518493652344 189.37434005737305
272.1376953125 153.0001220703125 334.26579666137695 153.0001220703125 334.26579666137695 189.47295379638672 272.1376953125 189.47295379638672
271.7452697753906 154.4626922607422 334.1602249145508 154.4626922607422 334.1602249145508 190.39862823486328 271.7452697753906 190.39862823486328
272.09893798828125 154.18243408203125 334.17386627197266 154.18243408203125 334.17386627197266 189.92259979248047 272.09893798828125 189.92259979248047
270.9883728027344 154.09054565429688 333.8402633666992 154.09054565429688 333.8402633666992 190.2780532836914 270.9883728027344 190.2780532836914
269.9354248046875 154.07568359375 331.736083984375 154.07568359375 331.736083984375 190.29533767700195 269.9354248046875 190.29533767700195
272.07171630859375 154.70742797851562 333.96826934814453 154.70742797851562 333.96826934814453 191.06067657470703 272.07171630859375 191.06067657470703
269.61151123046875 155.29525756835938 331.69538497924805 155.29525756835938 331.69538497924805 191.04057693481445 269.61151123046875 191.04057693481445
268.28118896484375 156.75357055664062 327.9255599975586 156.75357055664062 327.9255599975586 192.5591049194336 268.28118896484375 192.5591049194336
269.2783508300781 156.5336456298828 328.5930404663086 156.5336456298828 328.5930404663086 191.4257049560547 269.2783508300781 191.4257049560547
267.228271484375 155.39141845703125 327.0055847167969 155.39141845703125 327.0055847167969 189.8087158203125 267.228271484375 189.8087158203125
266.4819030761719 157.45907592773438 326.1346549987793 157.45907592773438 326.1346549987793 192.654541015625 266.4819030761719 192.654541015625
268.1187438964844 155.0604248046875 325.4830322265625 155.0604248046875 325.4830322265625 191.5396499633789 268.1187438964844 191.5396499633789
269.77490234375 156.1834716796875 323.2184066772461 156.1834716796875 323.2184066772461 192.5143280029297 269.77490234375 192.5143280029297
269.0858154296875 157.64523315429688 322.92874908447266 157.64523315429688 322.92874908447266 193.50336837768555 269.0858154296875 193.50336837768555
268.06103515625 157.5797576904297 321.6817626953125 157.5797576904297 321.6817626953125 192.68994903564453 268.06103515625 192.68994903564453
265.8603515625 158.60501098632812 323.3810920715332 158.60501098632812 323.3810920715332 193.1432228088379 265.8603515625 193.1432228088379
266.5141906738281 158.67298889160156 325.00281524658203 158.67298889160156 325.00281524658203 192.3483123779297 266.5141906738281 192.3483123779297
267.53875732421875 159.87477111816406 325.4932174682617 159.87477111816406 325.4932174682617 193.24254608154297 267.53875732421875 193.24254608154297
267.9022216796875 158.7154083251953 325.7592468261719 158.7154083251953 325.7592468261719 192.02708435058594 267.9022216796875 192.02708435058594
269.7953796386719 160.0146026611328 328.7336959838867 160.0146026611328 328.7336959838867 193.94884490966797 269.7953796386719 193.94884490966797
269.0829162597656 160.30116271972656 327.1589660644531 160.30116271972656 327.1589660644531 193.73894500732422 269.0829162597656 193.73894500732422
270.01361083984375 160.71865844726562 328.3769226074219 160.71865844726562 328.3769226074219 194.32183456420898 270.01361083984375 194.32183456420898
270.8404235839844 160.31004333496094 329.3156204223633 160.31004333496094 329.3156204223633 193.97763442993164 270.8404235839844 193.97763442993164
271.5149841308594 160.88766479492188 329.2636528015137 160.88766479492188 329.2636528015137 195.18111419677734 271.5149841308594 195.18111419677734
273.6725769042969 160.75082397460938 331.67130279541016 160.75082397460938 331.67130279541016 194.14408493041992 273.6725769042969 194.14408493041992
273.65338134765625 160.6062469482422 332.0048141479492 160.6062469482422 332.0048141479492 194.20257949829102 273.65338134765625 194.20257949829102
276.29534912109375 160.7030487060547 335.1681213378906 160.7030487060547 335.1681213378906 194.59954452514648 276.29534912109375 194.59954452514648
275.3271484375 159.7775421142578 333.91961669921875 159.7775421142578 333.91961669921875 193.5126495361328 275.3271484375 193.5126495361328
276.5013122558594 159.3364715576172 336.0357246398926 159.3364715576172 336.0357246398926 193.61391067504883 276.5013122558594 193.61391067504883
277.7157897949219 160.14222717285156 337.17485427856445 160.14222717285156 337.17485427856445 194.37628173828125 277.7157897949219 194.37628173828125
277.36865234375 160.86380004882812 334.6121635437012 160.86380004882812 334.6121635437012 196.3469009399414 277.36865234375 196.3469009399414
280.8074645996094 160.32159423828125 340.95885467529297 160.32159423828125 340.95885467529297 194.95426177978516 280.8074645996094 194.95426177978516
282.56109619140625 160.30361938476562 341.8900375366211 160.30361938476562 341.8900375366211 194.4627571105957 282.56109619140625 194.4627571105957
286.09259033203125 160.54351806640625 344.529052734375 160.54351806640625 344.529052734375 194.18880462646484 286.09259033203125 194.18880462646484
284.78448486328125 161.35702514648438 339.78864669799805 161.35702514648438 339.78864669799805 196.32537078857422 284.78448486328125 196.32537078857422
287.3295593261719 160.99362182617188 342.533935546875 160.99362182617188 342.533935546875 195.06933212280273 287.3295593261719 195.06933212280273
288.58050537109375 161.4080810546875 344.3168525695801 161.4080810546875 344.3168525695801 195.3974494934082 288.58050537109375 195.3974494934082
291.5696716308594 161.34327697753906 348.5584716796875 161.34327697753906 348.5584716796875 194.15505599975586 291.5696716308594 194.15505599975586
292.01312255859375 162.29026794433594 346.1855278015137 162.29026794433594 346.1855278015137 196.0748634338379 292.01312255859375 196.0748634338379
295.148681640625 161.8223114013672 351.565185546875 161.8223114013672 351.565185546875 194.30458068847656 295.148681640625 194.30458068847656
293.7873229980469 162.155517578125 347.3833808898926 162.155517578125 347.3833808898926 195.86125946044922 293.7873229980469 195.86125946044922
297.8035583496094 161.33279418945312 352.3451156616211 161.33279418945312 352.3451156616211 194.40546417236328 297.8035583496094 194.40546417236328
298.405029296875 161.9904327392578 351.1590576171875 161.9904327392578 351.1590576171875 195.42750930786133 298.405029296875 195.42750930786133
299.8424377441406 161.79678344726562 352.4090461730957 161.79678344726562 352.4090461730957 194.06956100463867 299.8424377441406 194.06956100463867
302.950927734375 161.0526580810547 354.96781158447266 161.0526580810547 354.96781158447266 194.08694458007812 302.950927734375 194.08694458007812
301.99749755859375 161.8745574951172 355.9536018371582 161.8745574951172 355.9536018371582 194.30743789672852 301.99749755859375 194.30743789672852
305.91741943359375 162.2498016357422 359.4718818664551 162.2498016357422 359.4718818664551 194.9944610595703 305.91741943359375 194.9944610595703
308.92974853515625 162.0949249267578 361.9228286743164 162.0949249267578 361.9228286743164 194.53561782836914 308.92974853515625 194.53561782836914
308.28118896484375 161.58421325683594 359.8046684265137 161.58421325683594 359.8046684265137 194.14564514160156 308.28118896484375 194.14564514160156
315.0591125488281 160.3854522705078 369.1034469604492 160.3854522705078 369.1034469604492 192.17722702026367 315.0591125488281 192.17722702026367
315.61004638671875 161.66098022460938 365.0225486755371 161.66098022460938 365.0225486755371 193.41262817382812 315.61004638671875 193.41262817382812
317.6178283691406 161.63778686523438 370.23165130615234 161.63778686523438 370.23165130615234 193.7650146484375 317.6178283691406 193.7650146484375
321.9395446777344 161.3475341796875 375.9339790344238 161.3475341796875 375.9339790344238 192.43528175354004 321.9395446777344 192.43528175354004
322.925537109375 162.60916137695312 377.24217987060547 162.60916137695312 377.24217987060547 193.88242530822754 322.925537109375 193.88242530822754
325.67022705078125 162.556640625 379.77031326293945 162.556640625 379.77031326293945 193.70521926879883 325.67022705078125 193.70521926879883
324.45074462890625 161.25718688964844 376.5387382507324 161.25718688964844 376.5387382507324 193.28273391723633 324.45074462890625 193.28273391723633
328.3756103515625 161.7695770263672 382.77730560302734 161.7695770263672 382.77730560302734 193.09181213378906 328.3756103515625 193.09181213378906
328.3168029785156 161.10629272460938 381.20600509643555 161.10629272460938 381.20600509643555 193.50739288330078 328.3168029785156 193.50739288330078
330.93963623046875 161.90335083007812 385.3394546508789 161.90335083007812 385.3394546508789 193.22450828552246 330.93963623046875 193.22450828552246
330.9115905761719 161.9656219482422 384.9658317565918 161.9656219482422 384.9658317565918 193.08781051635742 330.9115905761719 193.08781051635742
335.8630065917969 162.1220703125 389.5073432922363 162.1220703125 389.5073432922363 193.00825119018555 335.8630065917969 193.00825119018555
336.06903076171875 161.9447479248047 390.5925407409668 161.9447479248047 390.5925407409668 193.3371181488037 336.06903076171875 193.3371181488037
340.10809326171875 162.267578125 394.4795837402344 162.267578125 394.4795837402344 193.57242393493652 340.10809326171875 193.57242393493652
339.8716735839844 162.40164184570312 393.8597602844238 162.40164184570312 393.8597602844238 193.48573875427246 339.8716735839844 193.48573875427246
345.982666015625 163.215087890625 399.1754150390625 163.215087890625 399.1754150390625 193.84125900268555 345.982666015625 193.84125900268555
349.7578125 163.4022979736328 402.7356948852539 163.4022979736328 402.7356948852539 193.90475845336914 349.7578125 193.90475845336914
353.1748352050781 163.59266662597656 405.55268478393555 163.59266662597656 405.55268478393555 193.74965286254883 353.1748352050781 193.74965286254883
356.64154052734375 163.90383911132812 408.84014892578125 163.90383911132812 408.84014892578125 193.95762252807617 356.64154052734375 193.95762252807617
358.17864990234375 164.13038635253906 410.68852615356445 164.13038635253906 410.68852615356445 194.36338806152344 358.17864990234375 194.36338806152344
358.4390563964844 164.26222229003906 410.8457145690918 164.26222229003906 410.8457145690918 194.4357967376709 358.4390563964844 194.4357967376709
361.243408203125 164.53799438476562 413.1598129272461 164.53799438476562 413.1598129272461 194.42930030822754 361.243408203125 194.42930030822754
362.43902587890625 164.91624450683594 414.22879791259766 164.91624450683594 414.22879791259766 194.73464393615723 362.43902587890625 194.73464393615723
367.5318298339844 166.0283660888672 419.2646293640137 166.0283660888672 419.2646293640137 195.81396102905273 367.5318298339844 195.81396102905273
368.865478515625 167.10647583007812 421.14257049560547 167.10647583007812 421.14257049560547 197.20545387268066 368.865478515625 197.20545387268066
371.75592041015625 167.7596435546875 423.9999313354492 167.7596435546875 423.9999313354492 197.83957481384277 371.75592041015625 197.83957481384277
371.61932373046875 167.41497802734375 423.42818450927734 167.41497802734375 423.42818450927734 197.24436950683594 371.61932373046875 197.24436950683594
372.0025634765625 167.8756103515625 424.10546112060547 167.8756103515625 424.10546112060547 197.87429428100586 372.0025634765625 197.87429428100586
371.21435546875 168.19027709960938 424.35443115234375 168.19027709960938 424.35443115234375 198.7861270904541 371.21435546875 198.7861270904541
371.60028076171875 168.89414978027344 424.4677200317383 168.89414978027344 424.4677200317383 199.33302879333496 371.60028076171875 199.33302879333496
373.36688232421875 169.84725952148438 425.48661041259766 169.84725952148438 425.48661041259766 199.85564041137695 373.36688232421875 199.85564041137695
373.3492431640625 170.12179565429688 425.96955490112305 170.12179565429688 425.96955490112305 200.41839599609375 373.3492431640625 200.41839599609375
373.52783203125 170.4538116455078 425.37808990478516 170.4538116455078 425.37808990478516 200.30704307556152 373.52783203125 200.30704307556152
374.81573486328125 170.68885803222656 426.82422637939453 170.68885803222656 426.82422637939453 200.6331901550293 374.81573486328125 200.6331901550293
375.44635009765625 171.69541931152344 427.3708915710449 171.69541931152344 427.3708915710449 201.5914192199707 375.44635009765625 201.5914192199707
375.4235534667969 173.16087341308594 427.3632507324219 173.16087341308594 427.3632507324219 203.0655975341797 375.4235534667969 203.0655975341797
377.0721130371094 173.7462158203125 429.4140319824219 173.7462158203125 429.4140319824219 203.8825225830078 377.0721130371094 203.8825225830078
379.7236328125 174.7831573486328 432.18677520751953 174.7831573486328 432.18677520751953 204.9892578125 379.7236328125 204.9892578125
