206.0 161.0 244.0 161.0 244.0 225.0 206.0 225.0
206.4390869140625 160.9597625732422 243.3350601196289 160.9597625732422 243.3350601196289 224.00607681274414 206.4390869140625 224.00607681274414
205.06689453125 160.06578063964844 243.3593864440918 160.06578063964844 243.3593864440918 224.0470428466797 205.06689453125 224.0470428466797
204.973876953125 158.8581085205078 242.92168426513672 158.8581085205078 242.92168426513672 222.65182876586914 204.973876953125 222.65182876586914
204.36050415039062 160.29534912109375 242.47037506103516 160.29534912109375 242.47037506103516 224.48040008544922 204.36050415039062 224.48040008544922
203.746337890625 159.5164337158203 242.48487854003906 159.5164337158203 242.48487854003906 224.7602996826172 203.746337890625 224.7602996826172
203.11509704589844 159.42074584960938 241.79003524780273 159.42074584960938 241.79003524780273 224.55748748779297 203.11509704589844 224.55748748779297
201.8426055908203 158.6104278564453 241.15814971923828 158.6104278564453 241.15814971923828 224.82608795166016 201.8426055908203 224.82608795166016
202.27854919433594 160.22836303710938 241.06915664672852 160.22836303710938 241.06915664672852 225.55992126464844 202.27854919433594 225.55992126464844
201.05523681640625 158.05953979492188 240.13428497314453 158.05953979492188 240.13428497314453 223.87689971923828 201.05523681640625 223.87689971923828
200.4492950439453 158.8447723388672 239.4178237915039 158.8447723388672 239.4178237915039 224.47599029541016 200.4492950439453 224.47599029541016
201.47015380859375 160.3014373779297 240.49556732177734 160.3014373779297 240.49556732177734 226.02845001220703 201.47015380859375 226.02845001220703
200.87127685546875 160.72000122070312 238.90356826782227 160.72000122070312 238.90356826782227 224.77438354492188 200.87127685546875 224.77438354492188
201.97149658203125 161.202392578125 239.77368927001953 161.202392578125 239.77368927001953 224.8692512512207 201.97149658203125 224.8692512512207
200.87387084960938 159.81967163085938 238.05084991455078 159.81967163085938 238.05084991455078 222.43354415893555 200.87387084960938 222.43354415893555
201.48056030273438 159.96878051757812 238.44454193115234 159.96878051757812 238.44454193115234 222.22391891479492 201.48056030273438 222.22391891479492
201.67141723632812 163.02330017089844 238.5827865600586 163.02330017089844 238.5827865600586 225.18982696533203 201.67141723632812 225.18982696533203
201.37503051757812 161.37120056152344 238.37479400634766 161.37120056152344 238.37479400634766 223.6865997314453 201.37503051757812 223.6865997314453
200.5140838623047 159.6248321533203 238.0272560119629 159.6248321533203 238.0272560119629 222.80491638183594 200.5140838623047 222.80491638183594
200.64901733398438 158.86021423339844 238.79440307617188 158.86021423339844 238.79440307617188 223.10507202148438 200.64901733398438 223.10507202148438
200.58221435546875 160.24044799804688 238.78310012817383 160.24044799804688 238.78310012817383 224.57877349853516 200.58221435546875 224.57877349853516
200.06356811523438 160.2525634765625 238.53575897216797 160.2525634765625 238.53575897216797 225.04781341552734 200.06356811523438 225.04781341552734
199.74586486816406 158.7269287109375 238.75954818725586 158.7269287109375 238.75954818725586 224.43416595458984 199.74586486816406 224.43416595458984
198.7261505126953 159.8743133544922 238.24493408203125 159.8743133544922 238.24493408203125 226.4322509765625 198.7261505126953 226.4322509765625
199.393798828125 158.20985412597656 238.9032859802246 158.20985412597656 238.9032859802246 227.82596588134766 199.393798828125 227.82596588134766
199.67210388183594 157.9475860595703 239.1127586364746 157.9475860595703 239.1127586364746 225.75713348388672 199.67210388183594 225.75713348388672
199.87486267089844 158.1649169921875 239.58066177368164 158.1649169921875 239.58066177368164 225.03782653808594 199.87486267089844 225.03782653808594
200.3438262939453 159.43927001953125 240.2053451538086 159.43927001953125 240.2053451538086 226.5744400024414 200.3438262939453 226.5744400024414
199.85287475585938 158.96481323242188 239.8116111755371 158.96481323242188 239.8116111755371 229.0512924194336 199.85287475585938 229.0512924194336
199.83901977539062 160.07945251464844 240.58064651489258 160.07945251464844 240.58064651489258 229.936279296875 199.83901977539062 229.936279296875
200.03298950195312 159.39193725585938 240.51963806152344 159.39193725585938 240.51963806152344 229.8672637939453 200.03298950195312 229.8672637939453
200.1774444580078 159.3320770263672 241.26773071289062 159.3320770263672 241.26773071289062 229.62796020507812 200.1774444580078 229.62796020507812
201.2421112060547 159.42303466796875 241.81023406982422 159.42303466796875 241.81023406982422 228.57574462890625 201.2421112060547 228.57574462890625
201.98458862304688 162.3507843017578 241.33942031860352 162.3507843017578 241.33942031860352 231.27780151367188 201.98458862304688 231.27780151367188
203.3201904296875 162.2087860107422 241.4377212524414 162.2087860107422 241.4377212524414 232.46511840820312 203.3201904296875 232.46511840820312
204.57681274414062 165.482666015625 242.35270309448242 165.482666015625 242.35270309448242 234.5742416381836 204.57681274414062 234.5742416381836
204.71279907226562 163.22103881835938 242.9534797668457 163.22103881835938 242.9534797668457 233.2074737548828 204.71279907226562 233.2074737548828
205.7559814453125 161.61990356445312 242.09531784057617 161.61990356445312 242.09531784057617 232.84788513183594 205.7559814453125 232.84788513183594
207.57693481445312 160.98507690429688 241.92565155029297 160.98507690429688 241.92565155029297 234.4717025756836 207.57693481445312 234.4717025756836
208.7113037109375 161.03555297851562 243.61357498168945 161.03555297851562 243.61357498168945 234.20529174804688 208.7113037109375 234.20529174804688
209.090576171875 161.0170440673828 242.83423614501953 161.0170440673828 242.83423614501953 235.22794342041016 209.090576171875 235.22794342041016
209.84237670898438 161.8367156982422 242.91968536376953 161.8367156982422 242.91968536376953 234.71839141845703 209.84237670898438 234.71839141845703
209.7824249267578 161.56517028808594 243.1104507446289 161.56517028808594 243.1104507446289 234.94776153564453 209.7824249267578 234.94776153564453
211.01950073242188 161.72805786132812 243.61774063110352 161.72805786132812 243.61774063110352 234.92499542236328 211.01950073242188 234.92499542236328
211.1022491455078 160.56703186035156 244.4944839477539 160.56703186035156 244.4944839477539 235.43265533447266 211.1022491455078 235.43265533447266
211.1630401611328 160.24142456054688 244.59224700927734 160.24142456054688 244.59224700927734 236.0886688232422 211.1630401611328 236.0886688232422
210.81802368164062 161.82379150390625 245.5122184753418 161.82379150390625 245.5122184753418 233.99236297607422 210.81802368164062 233.99236297607422
210.8441925048828 161.49832153320312 245.90399932861328 161.49832153320312 245.90399932861328 234.522216796875 210.8441925048828 234.522216796875
211.7161865234375 159.84327697753906 246.05110931396484 159.84327697753906 246.05110931396484 236.09849548339844 211.7161865234375 236.09849548339844
211.107177734375 160.59878540039062 246.96634674072266 160.59878540039062 246.96634674072266 237.00362396240234 211.107177734375 237.00362396240234
212.91091918945312 161.34555053710938 247.32720565795898 161.34555053710938 247.32720565795898 237.46561431884766 212.91091918945312 237.46561431884766
213.2612762451172 160.8819122314453 247.39764785766602 160.8819122314453 247.39764785766602 236.6839599609375 213.2612762451172 236.6839599609375
212.9005584716797 159.74252319335938 249.34450912475586 159.74252319335938 249.34450912475586 238.986083984375 212.9005584716797 238.986083984375
213.99063110351562 161.50637817382812 253.025390625 161.50637817382812 253.025390625 238.81807708740234 213.99063110351562 238.81807708740234
215.1290740966797 160.8764190673828 250.69452285766602 160.8764190673828 250.69452285766602 238.73001098632812 215.1290740966797 238.73001098632812
216.63131713867188 159.78741455078125 255.47865295410156 159.78741455078125 255.47865295410156 237.07154083251953 216.63131713867188 237.07154083251953
217.66439819335938 160.2982635498047 255.9756317138672 160.2982635498047 255.9756317138672 238.7752685546875 217.66439819335938 238.7752685546875
218.4373779296875 157.63812255859375 258.84980392456055 157.63812255859375 258.84980392456055 235.6905288696289 218.4373779296875 235.6905288696289
219.658203125 160.0211639404297 258.95716857910156 160.0211639404297 258.95716857910156 237.4325180053711 219.658203125 237.4325180053711
220.85232543945312 159.85256958007812 260.3025360107422 159.85256958007812 260.3025360107422 238.1064682006836 220.85232543945312 238.1064682006836
221.9510040283203 159.48724365234375 261.59521102905273 159.48724365234375 261.59521102905273 237.38341522216797 221.9510040283203 237.38341522216797
222.2881622314453 160.5814666748047 262.54135513305664 160.5814666748047 262.54135513305664 235.46953582763672 222.2881622314453 235.46953582763672
222.4332275390625 160.1439666748047 262.0403060913086 160.1439666748047 262.0403060913086 237.17969512939453 222.4332275390625 237.17969512939453
221.38833618164062 158.2993927001953 262.4341239929199 158.2993927001953 262.4341239929199 236.2895965576172 221.38833618164062 236.2895965576172
221.25735473632812 160.4695281982422 262.3969268798828 160.4695281982422 262.3969268798828 237.28907012939453 221.25735473632812 237.28907012939453
220.51296997070312 159.20111083984375 262.57704162597656 159.20111083984375 262.57704162597656 235.01771545410156 220.51296997070312 235.01771545410156
218.6093292236328 158.41949462890625 261.75744247436523 158.41949462890625 261.75744247436523 233.8335418701172 218.6093292236328 233.8335418701172
219.81106567382812 160.00045776367188 262.52994537353516 160.00045776367188 262.52994537353516 236.08936309814453 219.81106567382812 236.08936309814453
218.9619598388672 160.83120727539062 260.7287139892578 160.83120727539062 260.7287139892578 239.38648986816406 218.9619598388672 239.38648986816406
218.2122344970703 160.88626098632812 258.7917137145996 160.88626098632812 258.7917137145996 239.06371307373047 218.2122344970703 239.06371307373047
217.9642333984375 160.81558227539062 258.2227897644043 160.81558227539062 258.2227897644043 239.3258056640625 217.9642333984375 239.3258056640625
216.6109619140625 161.3223419189453 256.48239517211914 161.3223419189453 256.48239517211914 238.4917755126953 216.6109619140625 238.4917755126953
214.8721160888672 162.58590698242188 255.48993682861328 162.58590698242188 255.48993682861328 237.54786682128906 214.8721160888672 237.54786682128906
213.8656768798828 161.74551391601562 252.4312973022461 161.74551391601562 252.4312973022461 237.29674530029297 213.8656768798828 237.29674530029297
213.391845703125 165.30935668945312 250.6845703125 165.30935668945312 250.6845703125 233.4967498779297 213.391845703125 233.4967498779297
213.130859375 170.92967224121094 251.99287796020508 170.92967224121094 251.99287796020508 238.1555938720703 213.130859375 238.1555938720703
214.18649291992188 170.9796142578125 251.52379608154297 170.9796142578125 251.52379608154297 241.60491943359375 214.18649291992188 241.60491943359375
212.4867706298828 171.75672912597656 250.72526168823242 171.75672912597656 250.72526168823242 241.39105224609375 212.4867706298828 241.39105224609375
210.67672729492188 170.6083984375 249.29003143310547 170.6083984375 249.29003143310547 239.2924346923828 210.67672729492188 239.2924346923828
210.60501098632812 167.7678680419922 247.37172317504883 167.7678680419922 247.37172317504883 233.85929107666016 210.60501098632812 233.85929107666016
209.82485961914062 165.3886260986328 247.0507583618164 165.3886260986328 247.0507583618164 234.8861312866211 209.82485961914062 234.8861312866211
209.62002563476562 164.52328491210938 247.25688934326172 164.52328491210938 247.25688934326172 236.7418975830078 209.62002563476562 236.7418975830078
208.6553192138672 163.35520935058594 246.0788803100586 163.35520935058594 246.0788803100586 241.67147064208984 208.6553192138672 241.67147064208984
208.3817596435547 163.33779907226562 246.29771041870117 163.33779907226562 246.29771041870117 240.57333374023438 208.3817596435547 240.57333374023438
207.1580352783203 163.23147583007812 246.80475616455078 163.23147583007812 246.80475616455078 240.5173797607422 207.1580352783203 240.5173797607422
207.3136444091797 163.49057006835938 246.47172927856445 163.49057006835938 246.47172927856445 240.39334869384766 207.3136444091797 240.39334869384766
206.513916015625 161.85301208496094 244.03083038330078 161.85301208496094 244.03083038330078 240.76986694335938 206.513916015625 240.76986694335938
207.09921264648438 162.32766723632812 245.24846267700195 162.32766723632812 245.24846267700195 240.97122192382812 207.09921264648438 240.97122192382812
207.25399780273438 162.68948364257812 244.54822540283203 162.68948364257812 244.54822540283203 240.42330169677734 207.25399780273438 240.42330169677734
206.87173461914062 162.7694549560547 246.33228302001953 162.7694549560547 246.33228302001953 241.12396240234375 206.87173461914062 241.12396240234375
206.1395263671875 163.15892028808594 245.86368560791016 163.15892028808594 245.86368560791016 239.95494842529297 206.1395263671875 239.95494842529297
206.82479858398438 163.48239135742188 245.24721145629883 163.48239135742188 245.24721145629883 240.4134292602539 206.82479858398438 240.4134292602539
206.45962524414062 163.93980407714844 244.38030242919922 163.93980407714844 244.38030242919922 239.90884399414062 206.45962524414062 239.90884399414062
207.1492156982422 163.57725524902344 244.93173599243164 163.57725524902344 244.93173599243164 240.0924530029297 207.1492156982422 240.0924530029297
207.3112335205078 163.4873504638672 246.98448181152344 163.4873504638672 246.98448181152344 241.45087432861328 207.3112335205078 241.45087432861328
207.73861694335938 164.41220092773438 245.2579116821289 164.41220092773438 245.2579116821289 241.95794677734375 207.73861694335938 241.95794677734375
208.20352172851562 163.935302734375 246.92075729370117 163.935302734375 246.92075729370117 241.6361846923828 208.20352172851562 241.6361846923828
208.3751678466797 163.59774780273438 245.91063690185547 163.59774780273438 245.91063690185547 242.0604019165039 208.3751678466797 242.0604019165039
208.2656707763672 163.64024353027344 246.4925193786621 163.64024353027344 246.4925193786621 243.4610137939453 208.2656707763672 243.4610137939453
208.6317901611328 164.8767547607422 247.2892074584961 164.8767547607422 247.2892074584961 243.02230834960938 208.6317901611328 243.02230834960938
209.91372680664062 164.1839141845703 248.96109771728516 164.1839141845703 248.96109771728516 243.3236083984375 209.91372680664062 243.3236083984375
209.70639038085938 164.33828735351562 250.18206405639648 164.33828735351562 250.18206405639648 245.05262756347656 209.70639038085938 245.05262756347656
209.6278076171875 164.33212280273438 248.39842987060547 164.33212280273438 248.39842987060547 244.62559509277344 209.6278076171875 244.62559509277344
210.7628936767578 163.83749389648438 249.79321670532227 163.83749389648438 249.79321670532227 243.86187744140625 210.7628936767578 243.86187744140625
212.50039672851562 164.46774291992188 251.85494232177734 164.46774291992188 251.85494232177734 243.70026397705078 212.50039672851562 243.70026397705078
211.9886474609375 163.7969512939453 252.9550323486328 163.7969512939453 252.9550323486328 241.05538177490234 211.9886474609375 241.05538177490234
214.03466796875 163.3086700439453 253.28830337524414 163.3086700439453 253.28830337524414 243.2462921142578 214.03466796875 243.2462921142578
214.57742309570312 163.64776611328125 254.95269775390625 163.64776611328125 254.95269775390625 243.15567779541016 214.57742309570312 243.15567779541016
215.55368041992188 164.7057342529297 254.61547088623047 164.7057342529297 254.61547088623047 243.4467010498047 215.55368041992188 243.4467010498047
216.95333862304688 166.1276397705078 255.25569915771484 166.1276397705078 255.25569915771484 244.46446228027344 216.95333862304688 244.46446228027344
216.7674102783203 164.4241943359375 255.98599243164062 164.4241943359375 255.98599243164062 244.19063568115234 216.7674102783203 244.19063568115234
216.67855834960938 165.955078125 257.36762619018555 165.955078125 257.36762619018555 243.4604721069336 216.67855834960938 243.4604721069336
217.73202514648438 165.89134216308594 258.25910568237305 165.89134216308594 258.25910568237305 243.9103012084961 217.73202514648438 243.9103012084961
218.41552734375 166.16111755371094 257.4812660217285 166.16111755371094 257.4812660217285 243.97232055664062 218.41552734375 243.97232055664062
219.27755737304688 166.4166259765625 258.8458137512207 166.4166259765625 258.8458137512207 243.66567993164062 219.27755737304688 243.66567993164062
219.2905731201172 164.9873809814453 257.94960021972656 164.9873809814453 257.94960021972656 243.2573699951172 219.2905731201172 243.2573699951172
218.5170135498047 165.72486877441406 259.0490951538086 165.72486877441406 259.0490951538086 245.00735473632812 218.5170135498047 245.00735473632812
219.0047149658203 166.4754638671875 257.96864318847656 166.4754638671875 257.96864318847656 245.5622100830078 219.0047149658203 245.5622100830078
217.910888671875 166.86373901367188 257.6155471801758 166.86373901367188 257.6155471801758 245.41600799560547 217.910888671875 245.41600799560547
217.771240234375 166.70091247558594 256.9839515686035 166.70091247558594 256.9839515686035 245.38914489746094 217.771240234375 245.38914489746094
218.4984893798828 165.5444793701172 258.4147262573242 165.5444793701172 258.4147262573242 245.08548736572266 218.4984893798828 245.08548736572266
218.2856903076172 166.03494262695312 258.49612045288086 166.03494262695312 258.49612045288086 244.01679229736328 218.2856903076172 244.01679229736328
217.0290069580078 166.0781707763672 256.6234550476074 166.0781707763672 256.6234550476074 243.61939239501953 217.0290069580078 243.61939239501953
217.7634735107422 166.2784881591797 257.06324005126953 166.2784881591797 257.06324005126953 243.50089263916016 217.7634735107422 243.50089263916016
217.17916870117188 167.52963256835938 257.45390701293945 167.52963256835938 257.45390701293945 242.5435028076172 217.17916870117188 242.5435028076172
216.0888671875 165.018798828125 256.25290298461914 165.018798828125 256.25290298461914 243.04629516601562 216.0888671875 243.04629516601562
215.8392791748047 164.40780639648438 255.9301528930664 164.40780639648438 255.9301528930664 243.9523162841797 215.8392791748047 243.9523162841797
215.52664184570312 164.60134887695312 255.07752227783203 164.60134887695312 255.07752227783203 244.0201873779297 215.52664184570312 244.0201873779297
214.74624633789062 164.01539611816406 254.5181655883789 164.01539611816406 254.5181655883789 245.56637573242188 214.74624633789062 245.56637573242188
215.7890167236328 164.92877197265625 253.24096298217773 164.92877197265625 253.24096298217773 241.87189483642578 215.7890167236328 241.87189483642578
214.7108154296875 164.64212036132812 253.39696884155273 164.64212036132812 253.39696884155273 242.26676177978516 214.7108154296875 242.26676177978516
213.63381958007812 163.1011199951172 251.87578964233398 163.1011199951172 251.87578964233398 242.8890151977539 213.63381958007812 242.8890151977539
214.4783935546875 163.27474975585938 252.54817581176758 163.27474975585938 252.54817581176758 242.803466796875 214.4783935546875 242.803466796875
213.97702026367188 162.72047424316406 252.32741165161133 162.72047424316406 252.32741165161133 242.42688751220703 213.97702026367188 242.42688751220703
213.9420623779297 162.2950897216797 252.17901992797852 162.2950897216797 252.17901992797852 241.96841430664062 213.9420623779297 241.96841430664062
212.95156860351562 162.66793823242188 251.92483520507812 162.66793823242188 251.92483520507812 239.22265625 212.95156860351562 239.22265625
215.04678344726562 163.4937744140625 253.79130172729492 163.4937744140625 253.79130172729492 239.16302490234375 215.04678344726562 239.16302490234375
215.0995635986328 163.98434448242188 253.29668807983398 163.98434448242188 253.29668807983398 238.85265350341797 215.0995635986328 238.85265350341797
213.8492889404297 162.30020141601562 252.61035537719727 162.30020141601562 252.61035537719727 238.36830139160156 213.8492889404297 238.36830139160156
214.7298126220703 163.37399291992188 252.34566497802734 163.37399291992188 252.34566497802734 239.32718658447266 214.7298126220703 239.32718658447266
214.95144653320312 163.45797729492188 252.6487045288086 163.45797729492188 252.6487045288086 239.3076934814453 214.95144653320312 239.3076934814453
214.2847900390625 162.6494598388672 252.58365631103516 162.6494598388672 252.58365631103516 239.45416259765625 214.2847900390625 239.45416259765625
215.06564331054688 163.6187286376953 252.17980575561523 163.6187286376953 252.17980575561523 239.31539916992188 215.06564331054688 239.31539916992188
214.8273468017578 163.26510620117188 252.82086181640625 163.26510620117188 252.82086181640625 238.62355041503906 214.8273468017578 238.62355041503906
214.447021484375 164.2014923095703 252.22712326049805 164.2014923095703 252.22712326049805 238.5257110595703 214.447021484375 238.5257110595703
213.8701934814453 163.6208953857422 251.42462921142578 163.6208953857422 251.42462921142578 238.1375732421875 213.8701934814453 238.1375732421875
214.37838745117188 163.0933837890625 251.64582443237305 163.0933837890625 251.64582443237305 236.3021697998047 214.37838745117188 236.3021697998047
215.38357543945312 163.3947296142578 251.86678314208984 163.3947296142578 251.86678314208984 236.9349822998047 215.38357543945312 236.9349822998047
215.50271606445312 163.33094787597656 252.43477630615234 163.33094787597656 252.43477630615234 237.5633316040039 215.50271606445312 237.5633316040039
213.19503784179688 162.23707580566406 251.69104766845703 162.23707580566406 251.69104766845703 235.70941925048828 213.19503784179688 235.70941925048828
216.0582275390625 163.2032012939453 252.2651710510254 163.2032012939453 252.2651710510254 236.86749267578125 216.0582275390625 236.86749267578125
216.50863647460938 163.5218963623047 252.68369674682617 163.5218963623047 252.68369674682617 237.8777313232422 216.50863647460938 237.8777313232422
215.7932586669922 163.65872192382812 251.41989517211914 163.65872192382812 251.41989517211914 235.21123504638672 215.7932586669922 235.21123504638672
215.58493041992188 163.1265411376953 252.50196075439453 163.1265411376953 252.50196075439453 233.98895263671875 215.58493041992188 233.98895263671875
216.065673828125 163.92137145996094 253.0955696105957 163.92137145996094 253.0955696105957 233.57958984375 216.065673828125 233.57958984375
216.6486358642578 164.78831481933594 252.6305809020996 164.78831481933594 252.6305809020996 236.29937744140625 216.6486358642578 236.29937744140625
215.8798370361328 162.84811401367188 252.5005874633789 162.84811401367188 252.5005874633789 236.44224548339844 215.8798370361328 236.44224548339844
213.6749267578125 163.31288146972656 251.38111114501953 163.31288146972656 251.38111114501953 231.78805541992188 213.6749267578125 231.78805541992188
213.76919555664062 162.2622528076172 252.03986740112305 162.2622528076172 252.03986740112305 232.21270751953125 213.76919555664062 232.21270751953125
214.5335693359375 163.56423950195312 252.7254981994629 163.56423950195312 252.7254981994629 233.40245056152344 214.5335693359375 233.40245056152344
214.15255737304688 163.87657165527344 252.52019119262695 163.87657165527344 252.52019119262695 232.68710327148438 214.15255737304688 232.68710327148438
216.38082885742188 164.0614471435547 252.7885971069336 164.0614471435547 252.7885971069336 237.599853515625 216.38082885742188 237.599853515625
215.72750854492188 163.9110107421875 252.28216171264648 163.9110107421875 252.28216171264648 237.3708953857422 215.72750854492188 237.3708953857422
214.85238647460938 164.83724975585938 251.4877815246582 164.83724975585938 251.4877815246582 237.47998809814453 214.85238647460938 237.47998809814453
214.33041381835938 164.3692169189453 252.06009674072266 164.3692169189453 252.06009674072266 235.7132797241211 214.33041381835938 235.7132797241211
214.93917846679688 164.14077758789062 253.1134147644043 164.14077758789062 253.1134147644043 235.09564971923828 214.93917846679688 235.09564971923828
214.30160522460938 164.3076171875 252.44962692260742 164.3076171875 252.44962692260742 236.60462951660156 214.30160522460938 236.60462951660156
215.4688262939453 163.21493530273438 252.8407440185547 163.21493530273438 252.8407440185547 238.48313903808594 215.4688262939453 238.48313903808594
214.64657592773438 163.59463500976562 253.02231979370117 163.59463500976562 253.02231979370117 236.93866729736328 214.64657592773438 236.93866729736328
213.9609832763672 164.3383331298828 252.5658721923828 164.3383331298828 252.5658721923828 237.70582580566406 213.9609832763672 237.70582580566406
215.49404907226562 164.9295196533203 252.28641891479492 164.9295196533203 252.28641891479492 239.1625747680664 215.49404907226562 239.1625747680664
215.09982299804688 164.99258422851562 252.61139678955078 164.99258422851562 252.61139678955078 237.8277130126953 215.09982299804688 237.8277130126953
215.3150177001953 164.79949951171875 253.29473114013672 164.79949951171875 253.29473114013672 237.68453216552734 215.3150177001953 237.68453216552734
215.42922973632812 164.14642333984375 252.87862396240234 164.14642333984375 252.87862396240234 237.04627227783203 215.42922973632812 237.04627227783203
214.95455932617188 164.24313354492188 252.4490737915039 164.24313354492188 252.4490737915039 236.27043914794922 214.95455932617188 236.27043914794922
214.852783203125 166.06529235839844 252.06755828857422 166.06529235839844 252.06755828857422 237.35120391845703 214.852783203125 237.35120391845703
214.91519165039062 163.9566192626953 253.30806732177734 163.9566192626953 253.30806732177734 236.8901596069336 214.91519165039062 236.8901596069336
215.8040008544922 165.64186096191406 252.55759811401367 165.64186096191406 252.55759811401367 237.97268676757812 215.8040008544922 237.97268676757812
214.9673309326172 164.7368927001953 252.2538604736328 164.7368927001953 252.2538604736328 239.03993225097656 214.9673309326172 239.03993225097656
214.8436279296875 164.30348205566406 251.83829498291016 164.30348205566406 251.83829498291016 237.35006713867188 214.8436279296875 237.35006713867188
214.60299682617188 164.47488403320312 251.5643081665039 164.47488403320312 251.5643081665039 237.40326690673828 214.60299682617188 237.40326690673828
215.16659545898438 165.5063934326172 252.13416290283203 165.5063934326172 252.13416290283203 236.77645874023438 215.16659545898438 236.77645874023438
214.7569122314453 164.70480346679688 251.74710845947266 164.70480346679688 251.74710845947266 237.3214569091797 214.7569122314453 237.3214569091797
215.3394012451172 164.45822143554688 252.23637008666992 164.45822143554688 252.23637008666992 235.8507537841797 215.3394012451172 235.8507537841797
214.33456420898438 163.66195678710938 251.04318237304688 163.66195678710938 251.04318237304688 236.3121795654297 214.33456420898438 236.3121795654297
214.36276245117188 164.4148406982422 250.98482513427734 164.4148406982422 250.98482513427734 236.10997772216797 214.36276245117188 236.10997772216797
214.09848022460938 164.483154296875 249.95929718017578 164.483154296875 249.95929718017578 237.56938934326172 214.09848022460938 237.56938934326172
214.24154663085938 165.0701141357422 251.01873016357422 165.0701141357422 251.01873016357422 237.73564910888672 214.24154663085938 237.73564910888672
215.317626953125 163.49618530273438 252.0930061340332 163.49618530273438 252.0930061340332 239.60487365722656 215.317626953125 239.60487365722656
215.88427734375 164.74191284179688 253.66662216186523 164.74191284179688 253.66662216186523 236.28191375732422 215.88427734375 236.28191375732422
215.33633422851562 164.6626434326172 253.48011016845703 164.6626434326172 253.48011016845703 236.37677001953125 215.33633422851562 236.37677001953125
216.6847381591797 165.15895080566406 254.31678771972656 165.15895080566406 254.31678771972656 235.99681854248047 216.6847381591797 235.99681854248047
218.40786743164062 167.2329559326172 255.9044952392578 167.2329559326172 255.9044952392578 236.22540283203125 218.40786743164062 236.22540283203125
218.8560333251953 166.96678161621094 256.28868865966797 166.96678161621094 256.28868865966797 237.3544921875 218.8560333251953 237.3544921875
218.5281524658203 167.4017333984375 255.2387580871582 167.4017333984375 255.2387580871582 238.14581298828125 218.5281524658203 238.14581298828125
219.3247833251953 166.06341552734375 257.370304107666 166.06341552734375 257.370304107666 236.3872528076172 219.3247833251953 236.3872528076172
220.03524780273438 166.5386962890625 257.94373321533203 166.5386962890625 257.94373321533203 236.8229217529297 220.03524780273438 236.8229217529297
219.9281005859375 166.9064483642578 258.1713066101074 166.9064483642578 258.1713066101074 238.56735229492188 219.9281005859375 238.56735229492188
219.9329071044922 165.99449157714844 258.06959533691406 165.99449157714844 258.06959533691406 238.0381317138672 219.9329071044922 238.0381317138672
220.35647583007812 166.9815673828125 257.31212997436523 166.9815673828125 257.31212997436523 237.2234878540039 220.35647583007812 237.2234878540039
221.14486694335938 167.19113159179688 258.1108703613281 167.19113159179688 258.1108703613281 236.31028747558594 221.14486694335938 236.31028747558594
221.636962890625 167.3603973388672 259.43201446533203 167.3603973388672 259.43201446533203 237.73411560058594 221.636962890625 237.73411560058594
221.58023071289062 168.19065856933594 258.2914848327637 168.19065856933594 258.2914848327637 238.44134521484375 221.58023071289062 238.44134521484375
220.22329711914062 168.05517578125 258.6159477233887 168.05517578125 258.6159477233887 237.9202651977539 220.22329711914062 237.9202651977539
219.9647216796875 167.6171112060547 258.68286514282227 167.6171112060547 258.68286514282227 240.01293182373047 219.9647216796875 240.01293182373047
219.755126953125 167.38848876953125 257.8232192993164 167.38848876953125 257.8232192993164 238.5386505126953 219.755126953125 238.5386505126953
219.54153442382812 168.1671905517578 258.38818740844727 168.1671905517578 258.38818740844727 239.55149841308594 219.54153442382812 239.55149841308594
220.2047882080078 168.10568237304688 257.83744049072266 168.10568237304688 257.83744049072266 239.28140258789062 220.2047882080078 239.28140258789062
218.99075317382812 167.3937530517578 256.5269355773926 167.3937530517578 256.5269355773926 238.90911865234375 218.99075317382812 238.90911865234375
219.64523315429688 166.0729217529297 257.51686096191406 166.0729217529297 257.51686096191406 240.58792877197266 219.64523315429688 240.58792877197266
218.6553955078125 167.4914093017578 257.4565849304199 167.4914093017578 257.4565849304199 239.1367416381836 218.6553955078125 239.1367416381836
219.6680145263672 168.0192413330078 256.9919967651367 168.0192413330078 256.9919967651367 239.97642517089844 219.6680145263672 239.97642517089844
218.1151580810547 166.068603515625 257.2661361694336 166.068603515625 257.2661361694336 237.03316497802734 218.1151580810547 237.03316497802734
218.93405151367188 167.38522338867188 257.2287712097168 167.38522338867188 257.2287712097168 237.6721649169922 218.93405151367188 237.6721649169922
218.96670532226562 168.3375701904297 257.37370681762695 168.3375701904297 257.37370681762695 238.92668914794922 218.96670532226562 238.92668914794922
219.17868041992188 169.0198516845703 256.02196502685547 169.0198516845703 256.02196502685547 240.07868194580078 219.17868041992188 240.07868194580078
218.5424041748047 168.07870483398438 256.2146224975586 168.07870483398438 256.2146224975586 238.41655731201172 218.5424041748047 238.41655731201172
218.9010467529297 166.86073303222656 256.77777099609375 166.86073303222656 256.77777099609375 238.88038635253906 218.9010467529297 238.88038635253906
218.59536743164062 167.84439086914062 255.7445411682129 167.84439086914062 255.7445411682129 239.5826873779297 218.59536743164062 239.5826873779297
218.77294921875 167.89248657226562 257.04486083984375 167.89248657226562 257.04486083984375 240.09791564941406 218.77294921875 240.09791564941406
219.2693634033203 168.4838104248047 256.7705421447754 168.4838104248047 256.7705421447754 240.51437377929688 219.2693634033203 240.51437377929688
219.7662353515625 167.2134246826172 256.8010482788086 167.2134246826172 256.8010482788086 241.08590698242188 219.7662353515625 241.08590698242188
218.97463989257812 167.14271545410156 256.30792236328125 167.14271545410156 256.30792236328125 240.9912338256836 218.97463989257812 240.9912338256836
219.23446655273438 167.2548370361328 257.46443939208984 167.2548370361328 257.46443939208984 241.02792358398438 219.23446655273438 241.02792358398438
218.63534545898438 166.45083618164062 257.24036407470703 166.45083618164062 257.24036407470703 240.62815856933594 218.63534545898438 240.62815856933594
219.1405029296875 167.87973022460938 257.37097549438477 167.87973022460938 257.37097549438477 241.0605926513672 219.1405029296875 241.0605926513672
218.95376586914062 166.78561401367188 256.7460021972656 166.78561401367188 256.7460021972656 238.83226776123047 218.95376586914062 238.83226776123047
220.56283569335938 167.80709838867188 257.24432373046875 167.80709838867188 257.24432373046875 239.79871368408203 220.56283569335938 239.79871368408203
218.9467315673828 165.84645080566406 257.29076385498047 165.84645080566406 257.29076385498047 237.81729888916016 218.9467315673828 237.81729888916016
218.442626953125 164.73046875 257.9876937866211 164.73046875 257.9876937866211 234.37146759033203 218.442626953125 234.37146759033203
219.5610809326172 168.05661010742188 257.5155830383301 168.05661010742188 257.5155830383301 237.77513885498047 219.5610809326172 237.77513885498047
219.04336547851562 166.77206420898438 257.40555572509766 166.77206420898438 257.40555572509766 238.30393981933594 219.04336547851562 238.30393981933594
219.9528350830078 167.9713897705078 258.4686851501465 167.9713897705078 258.4686851501465 240.0840301513672 219.9528350830078 240.0840301513672
219.3531494140625 167.90283203125 257.32586669921875 167.90283203125 257.32586669921875 239.58424377441406 219.3531494140625 239.58424377441406
218.578369140625 168.05697631835938 257.1832046508789 168.05697631835938 257.1832046508789 238.64586639404297 218.578369140625 238.64586639404297
220.08145141601562 168.04164123535156 256.7677803039551 168.04164123535156 256.7677803039551 239.79315185546875 220.08145141601562 239.79315185546875
219.6567840576172 167.5871124267578 257.6136474609375 167.5871124267578 257.6136474609375 241.08950805664062 219.6567840576172 241.08950805664062
217.80322265625 166.1205596923828 257.9751739501953 166.1205596923828 257.9751739501953 238.85580444335938 217.80322265625 238.85580444335938
219.6052703857422 167.5452423095703 256.9915542602539 167.5452423095703 256.9915542602539 240.97344207763672 219.6052703857422 240.97344207763672
219.2854461669922 167.37664794921875 257.052188873291 167.37664794921875 257.052188873291 241.3540802001953 219.2854461669922 241.3540802001953
219.7847442626953 166.88246154785156 256.8391571044922 166.88246154785156 256.8391571044922 240.55071258544922 219.7847442626953 240.55071258544922
219.8134307861328 167.2959442138672 257.4147720336914 167.2959442138672 257.4147720336914 240.68626403808594 219.8134307861328 240.68626403808594
218.54196166992188 166.52328491210938 257.27119064331055 166.52328491210938 257.27119064331055 236.73300170898438 218.54196166992188 236.73300170898438
218.8169708251953 167.39547729492188 257.2358093261719 167.39547729492188 257.2358093261719 238.07259368896484 218.8169708251953 238.07259368896484
219.481201171875 168.07444763183594 256.5743179321289 168.07444763183594 256.5743179321289 240.61392211914062 219.481201171875 240.61392211914062
218.5718994140625 166.63986206054688 256.7887954711914 166.63986206054688 256.7887954711914 239.0425567626953 218.5718994140625 239.0425567626953
218.73495483398438 166.63958740234375 257.64962005615234 166.63958740234375 257.64962005615234 238.8344497680664 218.73495483398438 238.8344497680664
219.43408203125 166.7662811279297 256.8847846984863 166.7662811279297 256.8847846984863 240.39852905273438 219.43408203125 240.39852905273438
219.2904510498047 166.9962615966797 257.5974884033203 166.9962615966797 257.5974884033203 239.39837646484375 219.2904510498047 239.39837646484375
219.4521026611328 166.20596313476562 258.09762954711914 166.20596313476562 258.09762954711914 238.0336456298828 219.4521026611328 238.0336456298828
218.9481964111328 167.1311492919922 257.50268936157227 167.1311492919922 257.50268936157227 239.70465850830078 218.9481964111328 239.70465850830078
218.23452758789062 166.16610717773438 255.94419479370117 166.16610717773438 255.94419479370117 238.88392639160156 218.23452758789062 238.88392639160156
217.87319946289062 166.3197479248047 256.11264419555664 166.3197479248047 256.11264419555664 237.02478790283203 217.87319946289062 237.02478790283203
219.0236053466797 166.62484741210938 256.6905860900879 166.62484741210938 256.6905860900879 238.33074188232422 219.0236053466797 238.33074188232422
219.5005340576172 167.1951904296875 258.7328872680664 167.1951904296875 258.7328872680664 239.29471588134766 219.5005340576172 239.29471588134766
218.9730224609375 167.8531036376953 257.3716621398926 167.8531036376953 257.3716621398926 239.9336395263672 218.9730224609375 239.9336395263672
219.4578094482422 167.714599609375 257.4194679260254 167.714599609375 257.4194679260254 240.89300537109375 219.4578094482422 240.89300537109375
220.08975219726562 165.8762664794922 257.52884674072266 165.8762664794922 257.52884674072266 242.1178741455078 220.08975219726562 242.1178741455078
219.48312377929688 167.2107391357422 257.3317222595215 167.2107391357422 257.3317222595215 241.06527709960938 219.48312377929688 241.06527709960938
219.920654296875 166.80641174316406 257.7221145629883 166.80641174316406 257.7221145629883 242.93853759765625 219.920654296875 242.93853759765625
219.58663940429688 166.8280487060547 257.9402847290039 166.8280487060547 257.9402847290039 242.43988037109375 219.58663940429688 242.43988037109375
220.1443328857422 167.54934692382812 258.33446502685547 167.54934692382812 258.33446502685547 242.83544158935547 220.1443328857422 242.83544158935547
219.6619110107422 166.98001098632812 258.46437072753906 166.98001098632812 258.46437072753906 241.8149871826172 219.6619110107422 241.8149871826172
220.17019653320312 167.57302856445312 258.0567626953125 167.57302856445312 258.0567626953125 242.05200958251953 220.17019653320312 242.05200958251953
219.69924926757812 167.41294860839844 257.7048873901367 167.41294860839844 257.7048873901367 242.3565673828125 219.69924926757812 242.3565673828125
219.7725372314453 168.37741088867188 258.63509368896484 168.37741088867188 258.63509368896484 242.43251037597656 219.7725372314453 242.43251037597656
219.39205932617188 167.934814453125 257.5189399719238 167.934814453125 257.5189399719238 242.70079040527344 219.39205932617188 242.70079040527344
219.9488067626953 167.40109252929688 258.0005912780762 167.40109252929688 258.0005912780762 242.07644653320312 219.9488067626953 242.07644653320312
219.69711303710938 166.01754760742188 257.0458755493164 166.01754760742188 257.0458755493164 241.84644317626953 219.69711303710938 241.84644317626953
219.33486938476562 167.19715881347656 257.77748107910156 167.19715881347656 257.77748107910156 241.48655700683594 219.33486938476562 241.48655700683594
219.5181427001953 166.9770050048828 256.87429428100586 166.9770050048828 256.87429428100586 242.3398208618164 219.5181427001953 242.3398208618164
219.33901977539062 167.4435272216797 257.5608253479004 167.4435272216797 257.5608253479004 243.21053314208984 219.33901977539062 243.21053314208984
219.56417846679688 167.6084747314453 256.5929641723633 167.6084747314453 256.5929641723633 242.70875549316406 219.56417846679688 242.70875549316406
219.4154510498047 168.29934692382812 258.38890838623047 168.29934692382812 258.38890838623047 242.75402069091797 219.4154510498047 242.75402069091797
218.9580535888672 167.33096313476562 257.7952194213867 167.33096313476562 257.7952194213867 242.43672943115234 218.9580535888672 242.43672943115234
219.606201171875 166.69784545898438 257.29164123535156 166.69784545898438 257.29164123535156 241.38179779052734 219.606201171875 241.38179779052734
220.18826293945312 167.11929321289062 258.30551528930664 167.11929321289062 258.30551528930664 241.69666290283203 220.18826293945312 241.69666290283203
218.5915985107422 166.12338256835938 257.5865821838379 166.12338256835938 257.5865821838379 242.9527130126953 218.5915985107422 242.9527130126953
218.81918334960938 166.29196166992188 257.4709053039551 166.29196166992188 257.4709053039551 241.02533721923828 218.81918334960938 241.02533721923828
219.6073760986328 165.89515686035156 257.9923553466797 165.89515686035156 257.9923553466797 239.9315948486328 219.6073760986328 239.9315948486328
219.3265838623047 166.1628875732422 256.35890197753906 166.1628875732422 256.35890197753906 239.89549255371094 219.3265838623047 239.89549255371094
218.8701171875 165.9911651611328 256.6269340515137 165.9911651611328 256.6269340515137 240.86763763427734 218.8701171875 240.86763763427734
218.756103515625 165.2626495361328 258.32301330566406 165.2626495361328 258.32301330566406 241.36862182617188 218.756103515625 241.36862182617188
218.9859619140625 165.4817657470703 258.12286376953125 165.4817657470703 258.12286376953125 241.21275329589844 218.9859619140625 241.21275329589844
218.8526611328125 164.9821319580078 257.6682586669922 164.9821319580078 257.6682586669922 240.6964340209961 218.8526611328125 240.6964340209961
218.6757049560547 164.27774047851562 257.8993606567383 164.27774047851562 257.8993606567383 242.6959991455078 218.6757049560547 242.6959991455078
219.7439422607422 163.3994140625 257.67931365966797 163.3994140625 257.67931365966797 240.95945739746094 219.7439422607422 240.95945739746094
219.12643432617188 164.54444885253906 257.4370307922363 164.54444885253906 257.4370307922363 241.02513885498047 219.12643432617188 241.02513885498047
219.64553833007812 164.1122283935547 258.19344329833984 164.1122283935547 258.19344329833984 242.5081024169922 219.64553833007812 242.5081024169922
219.9477996826172 162.84193420410156 258.15445709228516 162.84193420410156 258.15445709228516 243.00415802001953 219.9477996826172 243.00415802001953
219.6522979736328 162.792236328125 258.88732147216797 162.792236328125 258.88732147216797 242.6919174194336 219.6522979736328 242.6919174194336
219.880126953125 164.06008911132812 259.2645378112793 164.06008911132812 259.2645378112793 241.8771514892578 219.880126953125 241.8771514892578
220.9502410888672 163.98223876953125 260.13212966918945 163.98223876953125 260.13212966918945 242.2250747680664 220.9502410888672 242.2250747680664
220.79049682617188 163.51637268066406 262.1057434082031 163.51637268066406 262.1057434082031 242.98332977294922 220.79049682617188 242.98332977294922
221.13330078125 163.68785095214844 263.29569244384766 163.68785095214844 263.29569244384766 242.36685180664062 221.13330078125 242.36685180664062
222.12646484375 162.92001342773438 262.9629821777344 162.92001342773438 262.9629821777344 242.3451385498047 222.12646484375 242.3451385498047
222.2869110107422 163.69056701660156 265.6397018432617 163.69056701660156 265.6397018432617 240.54771423339844 222.2869110107422 240.54771423339844
222.93807983398438 163.43527221679688 265.6307601928711 163.43527221679688 265.6307601928711 241.91167449951172 222.93807983398438 241.91167449951172
224.28158569335938 164.19110107421875 265.9063911437988 164.19110107421875 265.9063911437988 241.81879425048828 224.28158569335938 241.81879425048828
225.0699462890625 164.68698120117188 267.15679931640625 164.68698120117188 267.15679931640625 241.19479370117188 225.0699462890625 241.19479370117188
226.00732421875 165.13461303710938 268.16701889038086 165.13461303710938 268.16701889038086 240.25525665283203 226.00732421875 240.25525665283203
226.17416381835938 163.8168487548828 268.7904281616211 163.8168487548828 268.7904281616211 239.45545196533203 226.17416381835938 239.45545196533203
227.68362426757812 162.7789306640625 270.26268768310547 162.7789306640625 270.26268768310547 239.77308654785156 227.68362426757812 239.77308654785156
228.3063507080078 160.13369750976562 272.00393295288086 160.13369750976562 272.00393295288086 234.62552642822266 228.3063507080078 234.62552642822266
231.32284545898438 161.32240295410156 274.2665328979492 161.32240295410156 274.2665328979492 237.05396270751953 231.32284545898438 237.05396270751953
231.04495239257812 161.41415405273438 273.9873161315918 161.41415405273438 273.9873161315918 236.5274200439453 231.04495239257812 236.5274200439453
233.54464721679688 160.17283630371094 275.9821243286133 160.17283630371094 275.9821243286133 236.64154815673828 233.54464721679688 236.64154815673828
233.65536499023438 159.19277954101562 276.1937026977539 159.19277954101562 276.1937026977539 233.92990112304688 233.65536499023438 233.92990112304688
235.7215118408203 159.94656372070312 277.58361053466797 159.94656372070312 277.58361053466797 234.48693084716797 235.7215118408203 234.48693084716797
236.7707061767578 160.27334594726562 278.86309814453125 160.27334594726562 278.86309814453125 234.2923812866211 236.7707061767578 234.2923812866211
237.6790008544922 159.53550720214844 280.38460540771484 159.53550720214844 280.38460540771484 235.05213928222656 237.6790008544922 235.05213928222656
237.40365600585938 157.3555908203125 280.67270278930664 157.3555908203125 280.67270278930664 230.2298583984375 237.40365600585938 230.2298583984375
237.45199584960938 156.3689422607422 280.52739334106445 156.3689422607422 280.52739334106445 228.91705322265625 237.45199584960938 228.91705322265625
238.5878448486328 155.90908813476562 281.6915092468262 155.90908813476562 281.6915092468262 228.5048065185547 238.5878448486328 228.5048065185547
239.280517578125 158.4665985107422 281.7500801086426 158.4665985107422 281.7500801086426 232.11309814453125 239.280517578125 232.11309814453125
238.123046875 155.94078063964844 281.20434188842773 155.94078063964844 281.20434188842773 228.49881744384766 238.123046875 228.49881744384766
238.0456085205078 155.42459106445312 281.3706588745117 155.42459106445312 281.3706588745117 228.39315795898438 238.0456085205078 228.39315795898438
238.13754272460938 157.15823364257812 280.8973197937012 157.15823364257812 280.8973197937012 229.17476654052734 238.13754272460938 229.17476654052734
237.9729461669922 156.95278930664062 280.0660171508789 156.95278930664062 280.0660171508789 227.84644317626953 237.9729461669922 227.84644317626953
236.6052703857422 156.46583557128906 278.0322036743164 156.46583557128906 278.0322036743164 226.23757934570312 236.6052703857422 226.23757934570312
237.4385223388672 157.94952392578125 278.69309997558594 157.94952392578125 278.69309997558594 227.4309844970703 237.4385223388672 227.4309844970703
236.4668426513672 157.83554077148438 278.32775497436523 157.83554077148438 278.32775497436523 228.3382110595703 236.4668426513672 228.3382110595703
237.09457397460938 158.2840118408203 278.7965087890625 158.2840118408203 278.7965087890625 228.51892852783203 237.09457397460938 228.51892852783203
235.1884765625 158.8325958251953 277.61460876464844 158.8325958251953 277.61460876464844 230.3858642578125 235.1884765625 230.3858642578125
235.09030151367188 158.76907348632812 278.03742599487305 158.76907348632812 278.03742599487305 231.1011505126953 235.09030151367188 231.1011505126953
234.43930053710938 157.70419311523438 277.0670280456543 157.70419311523438 277.0670280456543 229.3991470336914 234.43930053710938 229.3991470336914
233.79019165039062 159.2391815185547 276.5803680419922 159.2391815185547 276.5803680419922 231.37350463867188 233.79019165039062 231.37350463867188
233.1906280517578 159.65072631835938 274.9989776611328 159.65072631835938 274.9989776611328 230.62954711914062 233.1906280517578 230.62954711914062
233.8329315185547 159.79425048828125 275.7405014038086 159.79425048828125 275.7405014038086 230.37549591064453 233.8329315185547 230.37549591064453
232.787841796875 160.26797485351562 274.5237236022949 160.26797485351562 274.5237236022949 230.52291870117188 232.787841796875 230.52291870117188
234.2362823486328 159.132080078125 275.71538162231445 159.132080078125 275.71538162231445 228.99169158935547 234.2362823486328 228.99169158935547
233.9781494140625 159.05726623535156 276.0779685974121 159.05726623535156 276.0779685974121 229.9463653564453 233.9781494140625 229.9463653564453
234.143310546875 160.63389587402344 276.1736831665039 160.63389587402344 276.1736831665039 231.63528442382812 234.143310546875 231.63528442382812
234.82858276367188 158.07818603515625 277.2145576477051 158.07818603515625 277.2145576477051 229.4651641845703 234.82858276367188 229.4651641845703
234.1953125 158.6599578857422 276.5457954406738 158.6599578857422 276.5457954406738 229.98715209960938 234.1953125 229.98715209960938
236.7019805908203 156.94189453125 278.5191345214844 156.94189453125 278.5191345214844 227.37086486816406 236.7019805908203 227.37086486816406
235.9826202392578 158.59613037109375 276.88691329956055 158.59613037109375 276.88691329956055 227.48765563964844 235.9826202392578 227.48765563964844
236.6188507080078 159.5439910888672 278.2520866394043 159.5439910888672 278.2520866394043 229.66321563720703 236.6188507080078 229.66321563720703
238.548828125 158.6617889404297 279.9978828430176 158.6617889404297 279.9978828430176 228.47080993652344 238.548828125 228.47080993652344
237.6664276123047 158.24398803710938 279.616886138916 158.24398803710938 279.616886138916 228.89747619628906 237.6664276123047 228.89747619628906
237.8052520751953 157.5191192626953 280.3994789123535 157.5191192626953 280.3994789123535 229.25685119628906 237.8052520751953 229.25685119628906
238.56857299804688 156.71609497070312 280.7299118041992 156.71609497070312 280.7299118041992 227.72476196289062 238.56857299804688 227.72476196289062
240.58987426757812 156.73703002929688 282.6603088378906 156.73703002929688 282.6603088378906 227.59259796142578 240.58987426757812 227.59259796142578
242.22119140625 156.3200225830078 283.96056365966797 156.3200225830078 283.96056365966797 226.61801147460938 242.22119140625 226.61801147460938
242.014892578125 157.48431396484375 284.4377746582031 157.48431396484375 284.4377746582031 228.93347930908203 242.014892578125 228.93347930908203
242.44400024414062 155.4847412109375 285.3065414428711 155.4847412109375 285.3065414428711 227.67438507080078 242.44400024414062 227.67438507080078
242.4975128173828 156.3566436767578 285.1436958312988 156.3566436767578 285.1436958312988 228.18189239501953 242.4975128173828 228.18189239501953
243.5374755859375 154.23880004882812 285.7669868469238 154.23880004882812 285.7669868469238 225.3622817993164 243.5374755859375 225.3622817993164
245.33035278320312 156.39312744140625 287.0418014526367 156.39312744140625 287.0418014526367 226.64408111572266 245.33035278320312 226.64408111572266
246.1790313720703 155.09854125976562 287.97884368896484 155.09854125976562 287.97884368896484 225.49832153320312 246.1790313720703 225.49832153320312
249.29238891601562 158.73873901367188 290.5730895996094 158.73873901367188 290.5730895996094 228.50791931152344 249.29238891601562 228.50791931152344
247.71273803710938 155.9469451904297 289.3074073791504 155.9469451904297 289.3074073791504 226.55651092529297 247.71273803710938 226.55651092529297
250.767333984375 157.80978393554688 291.91422271728516 157.80978393554688 291.91422271728516 228.07765197753906 250.767333984375 228.07765197753906
250.28396606445312 156.90914916992188 291.74593353271484 156.90914916992188 291.74593353271484 227.79954528808594 250.28396606445312 227.79954528808594
251.7578125 158.31944274902344 293.16451263427734 158.31944274902344 293.16451263427734 229.856201171875 251.7578125 229.856201171875
253.0740203857422 158.58865356445312 294.0569190979004 158.58865356445312 294.0569190979004 230.55360412597656 253.0740203857422 230.55360412597656
254.0037384033203 158.78488159179688 293.8371353149414 158.78488159179688 293.8371353149414 230.42103576660156 254.0037384033203 230.42103576660156
253.2451934814453 158.64736938476562 293.25716400146484 158.64736938476562 293.25716400146484 230.19452667236328 253.2451934814453 230.19452667236328
251.9651336669922 158.71592712402344 292.2885513305664 158.71592712402344 292.2885513305664 229.04879760742188 251.9651336669922 229.04879760742188
253.72103881835938 159.44259643554688 293.3678207397461 159.44259643554688 293.3678207397461 230.71479034423828 253.72103881835938 230.71479034423828
252.15811157226562 157.034912109375 293.1558723449707 157.034912109375 293.1558723449707 229.27510833740234 252.15811157226562 229.27510833740234
251.54898071289062 155.25393676757812 292.8100471496582 155.25393676757812 292.8100471496582 226.9792938232422 251.54898071289062 226.9792938232422
251.82015991210938 156.8031463623047 293.3293571472168 156.8031463623047 293.3293571472168 228.8905029296875 251.82015991210938 228.8905029296875
251.2720489501953 155.88623046875 292.06551361083984 155.88623046875 292.06551361083984 227.20191955566406 251.2720489501953 227.20191955566406
250.48312377929688 155.75723266601562 291.5283393859863 155.75723266601562 291.5283393859863 226.05885314941406 250.48312377929688 226.05885314941406
250.52914428710938 156.01788330078125 291.0760841369629 156.01788330078125 291.0760841369629 225.40250396728516 250.52914428710938 225.40250396728516
253.4996795654297 158.0225372314453 293.0237464904785 158.0225372314453 293.0237464904785 228.74818420410156 253.4996795654297 228.74818420410156
254.4254150390625 158.3821563720703 293.3115539550781 158.3821563720703 293.3115539550781 229.1473388671875 254.4254150390625 229.1473388671875
251.36355590820312 155.53163146972656 291.9081497192383 155.53163146972656 291.9081497192383 224.66476440429688 251.36355590820312 224.66476440429688
251.3782501220703 156.0123748779297 292.13656997680664 156.0123748779297 292.13656997680664 225.94120025634766 251.3782501220703 225.94120025634766
249.71347045898438 154.22048950195312 290.85083770751953 154.22048950195312 290.85083770751953 224.33786010742188 249.71347045898438 224.33786010742188
248.8286590576172 153.9164581298828 289.56974029541016 153.9164581298828 289.56974029541016 222.53311157226562 248.8286590576172 222.53311157226562
250.41012573242188 155.63450622558594 290.9265670776367 155.63450622558594 290.9265670776367 225.43197631835938 250.41012573242188 225.43197631835938
249.9768829345703 154.46356201171875 290.776424407959 154.46356201171875 290.776424407959 223.96443939208984 249.9768829345703 223.96443939208984
249.26998901367188 152.00921630859375 290.7068099975586 152.00921630859375 290.7068099975586 222.52896881103516 249.26998901367188 222.52896881103516
249.1812744140625 152.4921112060547 289.9252624511719 152.4921112060547 289.9252624511719 221.11366271972656 249.1812744140625 221.11366271972656
250.63442993164062 152.62814331054688 291.68741607666016 152.62814331054688 291.68741607666016 221.77011108398438 250.63442993164062 221.77011108398438
250.1162109375 152.14666748046875 291.5564765930176 152.14666748046875 291.5564765930176 221.94090270996094 250.1162109375 221.94090270996094
252.82662963867188 154.37478637695312 293.9454345703125 154.37478637695312 293.9454345703125 225.48403930664062 252.82662963867188 225.48403930664062
254.08230590820312 156.19924926757812 294.59345626831055 156.19924926757812 294.59345626831055 228.9850616455078 254.08230590820312 228.9850616455078
253.1829071044922 155.3452606201172 295.5224380493164 155.3452606201172 295.5224380493164 227.57022094726562 253.1829071044922 227.57022094726562
252.9434814453125 155.80905151367188 295.63228607177734 155.80905151367188 295.63228607177734 227.44244384765625 252.9434814453125 227.44244384765625
252.56680297851562 157.33692932128906 295.2605285644531 157.33692932128906 295.2605285644531 229.0328369140625 252.56680297851562 229.0328369140625
251.364013671875 156.94921875 293.3917808532715 156.94921875 293.3917808532715 227.73292541503906 251.364013671875 227.73292541503906
250.7495574951172 157.4085693359375 292.9492950439453 157.4085693359375 292.9492950439453 228.48191833496094 250.7495574951172 228.48191833496094
251.20523071289062 155.74838256835938 293.37084197998047 155.74838256835938 293.37084197998047 226.7642593383789 251.20523071289062 226.7642593383789
252.5099639892578 155.1031036376953 294.5004692077637 155.1031036376953 294.5004692077637 225.49761962890625 252.5099639892578 225.49761962890625
250.9554901123047 155.85858154296875 293.476863861084 155.85858154296875 293.476863861084 227.4736328125 250.9554901123047 227.4736328125
253.20401000976562 158.9252166748047 296.1361961364746 158.9252166748047 296.1361961364746 230.87902069091797 253.20401000976562 230.87902069091797
250.53369140625 155.6848907470703 293.9058074951172 155.6848907470703 293.9058074951172 228.73278045654297 250.53369140625 228.73278045654297
252.08718872070312 158.21023559570312 294.8345947265625 158.21023559570312 294.8345947265625 230.34188842773438 252.08718872070312 230.34188842773438
252.9105987548828 155.9444122314453 295.0919075012207 155.9444122314453 295.0919075012207 226.74846649169922 252.9105987548828 226.74846649169922
252.74234008789062 158.4831085205078 295.3124237060547 158.4831085205078 295.3124237060547 229.88943481445312 252.74234008789062 229.88943481445312
252.10195922851562 156.69808959960938 294.4464225769043 156.69808959960938 294.4464225769043 228.01520538330078 252.10195922851562 228.01520538330078
252.5681610107422 156.5552520751953 294.8868293762207 156.5552520751953 294.8868293762207 227.82891845703125 252.5681610107422 227.82891845703125
252.01284790039062 159.45352172851562 293.6992301940918 159.45352172851562 293.6992301940918 229.6622772216797 252.01284790039062 229.6622772216797
252.7581329345703 156.446533203125 294.260440826416 156.446533203125 294.260440826416 226.34526824951172 252.7581329345703 226.34526824951172
252.2583770751953 157.99545288085938 293.66983795166016 157.99545288085938 293.66983795166016 227.74118041992188 252.2583770751953 227.74118041992188
252.6283721923828 157.33132934570312 294.5379867553711 157.33132934570312 294.5379867553711 227.9160614013672 252.6283721923828 227.9160614013672
251.36685180664062 157.12911987304688 293.2868423461914 157.12911987304688 293.2868423461914 227.73133087158203 251.36685180664062 227.73133087158203
253.0390167236328 156.16722106933594 295.0529441833496 156.16722106933594 295.0529441833496 226.69854736328125 253.0390167236328 226.69854736328125
252.01492309570312 157.0572967529297 294.2288131713867 157.0572967529297 294.2288131713867 228.15451049804688 252.01492309570312 228.15451049804688
251.2028045654297 158.23617553710938 294.08755111694336 158.23617553710938 294.08755111694336 229.91343688964844 251.2028045654297 229.91343688964844
252.3724365234375 159.2124481201172 294.92280197143555 159.2124481201172 294.92280197143555 230.45758056640625 252.3724365234375 230.45758056640625
253.8737030029297 160.0132598876953 297.1378746032715 160.0132598876953 297.1378746032715 232.325927734375 253.8737030029297 232.325927734375
251.4551239013672 156.52442932128906 294.6011505126953 156.52442932128906 294.6011505126953 229.5158462524414 251.4551239013672 229.5158462524414
252.3008270263672 158.459716796875 296.3759994506836 158.459716796875 296.3759994506836 231.69925689697266 252.3008270263672 231.69925689697266
249.5979766845703 155.5547637939453 294.2542037963867 155.5547637939453 294.2542037963867 230.76539611816406 249.5979766845703 230.76539611816406
251.7489471435547 157.19281005859375 296.41014099121094 157.19281005859375 296.41014099121094 232.04681396484375 251.7489471435547 232.04681396484375
250.07913208007812 155.4014129638672 295.17193603515625 155.4014129638672 295.17193603515625 231.34732818603516 250.07913208007812 231.34732818603516
250.40231323242188 155.7713623046875 294.86539459228516 155.7713623046875 294.86539459228516 230.6566925048828 250.40231323242188 230.6566925048828
250.7045440673828 157.0030975341797 295.4786911010742 157.0030975341797 295.4786911010742 232.4123306274414 250.7045440673828 232.4123306274414
251.607177734375 156.5006561279297 295.0382423400879 156.5006561279297 295.0382423400879 229.6478500366211 251.607177734375 229.6478500366211
251.2062530517578 155.4627227783203 294.7822265625 155.4627227783203 294.7822265625 228.85397338867188 251.2062530517578 228.85397338867188
251.0425262451172 157.199462890625 294.54560470581055 157.199462890625 294.54560470581055 230.4679412841797 251.0425262451172 230.4679412841797
251.70761108398438 158.3392791748047 295.66292572021484 158.3392791748047 295.66292572021484 232.3694305419922 251.70761108398438 232.3694305419922
250.646240234375 155.26104736328125 295.28870010375977 155.26104736328125 295.28870010375977 230.44850158691406 250.646240234375 230.44850158691406
250.25942993164062 155.73251342773438 295.08441162109375 155.73251342773438 295.08441162109375 231.2273712158203 250.25942993164062 231.2273712158203
251.78811645507812 155.80630493164062 295.3984832763672 155.80630493164062 295.3984832763672 229.2554931640625 251.78811645507812 229.2554931640625
251.2792205810547 156.43551635742188 294.6553039550781 156.43551635742188 294.6553039550781 229.49011993408203 251.2792205810547 229.49011993408203
251.3539581298828 156.10069274902344 295.4072036743164 156.10069274902344 295.4072036743164 230.2957763671875 251.3539581298828 230.2957763671875
252.5195770263672 157.93580627441406 296.38138580322266 157.93580627441406 296.38138580322266 231.8084716796875 252.5195770263672 231.8084716796875
252.1415557861328 155.6427001953125 295.54048919677734 155.6427001953125 295.54048919677734 228.73578643798828 252.1415557861328 228.73578643798828
252.3111572265625 153.85479736328125 296.7282905578613 153.85479736328125 296.7282905578613 228.6627426147461 252.3111572265625 228.6627426147461
252.14108276367188 155.7754364013672 297.1708984375 155.7754364013672 297.1708984375 231.61526489257812 252.14108276367188 231.61526489257812
253.64633178710938 150.52743530273438 299.19461822509766 150.52743530273438 299.19461822509766 227.240478515625 253.64633178710938 227.240478515625
252.3286590576172 150.94680786132812 298.33044815063477 150.94680786132812 298.33044815063477 228.42363739013672 252.3286590576172 228.42363739013672
252.89404296875 148.71035766601562 299.4784278869629 148.71035766601562 299.4784278869629 227.16840362548828 252.89404296875 227.16840362548828
251.91641235351562 149.88247680664062 299.23037338256836 149.88247680664062 299.23037338256836 229.56928253173828 251.91641235351562 229.56928253173828
251.9578094482422 146.63259887695312 299.57073974609375 146.63259887695312 299.57073974609375 226.82292938232422 251.9578094482422 226.82292938232422
250.5358428955078 143.65597534179688 299.3252372741699 143.65597534179688 299.3252372741699 225.82772827148438 250.5358428955078 225.82772827148438
249.89035034179688 147.33868408203125 299.1075096130371 147.33868408203125 299.1075096130371 230.2308807373047 249.89035034179688 230.2308807373047
250.21322631835938 143.4501190185547 300.09009552001953 143.4501190185547 300.09009552001953 227.45339965820312 250.21322631835938 227.45339965820312
249.1637420654297 146.64938354492188 299.651912689209 146.64938354492188 299.651912689209 231.68223571777344 249.1637420654297 231.68223571777344
249.9800567626953 142.62799072265625 301.11083221435547 142.62799072265625 301.11083221435547 228.74312591552734 249.9800567626953 228.74312591552734
249.66885375976562 142.58694458007812 301.1807174682617 142.58694458007812 301.1807174682617 229.3439178466797 249.66885375976562 229.3439178466797
246.8493194580078 140.4491729736328 298.2792282104492 140.4491729736328 298.2792282104492 227.068115234375 246.8493194580078 227.068115234375
246.3306427001953 141.97698974609375 297.4227638244629 141.97698974609375 297.4227638244629 228.0270233154297 246.3306427001953 228.0270233154297
242.54019165039062 139.2025604248047 294.3350410461426 139.2025604248047 294.3350410461426 226.43614196777344 242.54019165039062 226.43614196777344
238.28018188476562 138.7610321044922 290.66422271728516 138.7610321044922 290.66422271728516 226.98692321777344 238.28018188476562 226.98692321777344
236.11483764648438 138.8774871826172 288.8171920776367 138.8774871826172 288.8171920776367 227.63949584960938 236.11483764648438 227.63949584960938
235.8361358642578 136.46749877929688 289.91219329833984 136.46749877929688 289.91219329833984 227.54310607910156 235.8361358642578 227.54310607910156
232.3358612060547 134.00254821777344 286.4667282104492 134.00254821777344 286.4667282104492 225.17046356201172 232.3358612060547 225.17046356201172
225.4955291748047 135.11166381835938 281.03088760375977 135.11166381835938 281.03088760375977 228.64503479003906 225.4955291748047 228.64503479003906
223.0546112060547 136.076904296875 278.56446838378906 136.076904296875 278.56446838378906 229.56732177734375 223.0546112060547 229.56732177734375
218.08935546875 136.07362365722656 273.6962776184082 136.07362365722656 273.6962776184082 229.72752380371094 218.08935546875 229.72752380371094
216.20755004882812 135.9861602783203 273.24654388427734 135.9861602783203 273.24654388427734 232.05197143554688 216.20755004882812 232.05197143554688
214.7161865234375 137.9309844970703 271.2239875793457 137.9309844970703 271.2239875793457 233.10214233398438 214.7161865234375 233.10214233398438
213.3494873046875 141.59193420410156 268.99357986450195 141.59193420410156 268.99357986450195 235.30841827392578 213.3494873046875 235.30841827392578
210.21981811523438 141.7970428466797 264.4795722961426 141.7970428466797 264.4795722961426 233.1820068359375 210.21981811523438 233.1820068359375
207.84921264648438 144.2103729248047 261.5760192871094 144.2103729248047 261.5760192871094 234.69774627685547 207.84921264648438 234.69774627685547
209.9077911376953 142.49710083007812 263.67127990722656 142.49710083007812 263.67127990722656 233.04624938964844 209.9077911376953 233.04624938964844
209.9289093017578 144.9003448486328 262.26258850097656 144.9003448486328 262.26258850097656 233.0413818359375 209.9289093017578 233.0413818359375
209.0524139404297 145.75953674316406 261.844539642334 145.75953674316406 261.844539642334 234.67269897460938 209.0524139404297 234.67269897460938
