395.0 229.0 555.0 229.0 555.0 384.0 395.0 384.0
394.3033752441406 226.93417358398438 551.8578186035156 226.93417358398438 551.8578186035156 380.23805236816406 394.3033752441406 380.23805236816406
391.57708740234375 225.6944122314453 548.2126617431641 225.6944122314453 548.2126617431641 375.6177520751953 391.57708740234375 375.6177520751953
388.72003173828125 221.49020385742188 542.6880493164062 221.49020385742188 542.6880493164062 370.8066101074219 388.72003173828125 370.8066101074219
386.38702392578125 219.3657684326172 537.5871276855469 219.3657684326172 537.5871276855469 366.05567932128906 386.38702392578125 366.05567932128906
382.2367248535156 215.75112915039062 530.7714385986328 215.75112915039062 530.7714385986328 358.48687744140625 382.2367248535156 358.48687744140625
381.6378479003906 215.2635498046875 526.2601928710938 215.2635498046875 526.2601928710938 354.4004669189453 381.6378479003906 354.4004669189453
376.9567565917969 211.6096649169922 523.322998046875 211.6096649169922 523.322998046875 350.9229736328125 376.9567565917969 350.9229736328125
371.7864990234375 206.56192016601562 515.972412109375 206.56192016601562 515.972412109375 341.0377197265625 371.7864990234375 341.0377197265625
367.67669677734375 201.69680786132812 510.9933776855469 201.69680786132812 510.9933776855469 335.53802490234375 367.67669677734375 335.53802490234375
362.6927185058594 198.12997436523438 506.46250915527344 198.12997436523438 506.46250915527344 329.8558349609375 362.6927185058594 329.8558349609375
359.74664306640625 194.18502807617188 503.64430236816406 194.18502807617188 503.64430236816406 325.0656280517578 359.74664306640625 325.0656280517578
355.9508056640625 189.23329162597656 499.81800842285156 189.23329162597656 499.81800842285156 322.4337615966797 355.9508056640625 322.4337615966797
354.86590576171875 188.6430206298828 498.0843811035156 188.6430206298828 498.0843811035156 320.1146545410156 354.86590576171875 320.1146545410156
353.0588073730469 185.35345458984375 496.6554412841797 185.35345458984375 496.6554412841797 317.81724548339844 353.0588073730469 317.81724548339844
350.66363525390625 183.5362091064453 494.2571563720703 183.5362091064453 494.2571563720703 313.8353576660156 350.66363525390625 313.8353576660156
346.8955383300781 180.5497589111328 489.61614990234375 180.5497589111328 489.61614990234375 310.7541198730469 346.8955383300781 310.7541198730469
346.3140563964844 179.66305541992188 487.9159393310547 179.66305541992188 487.9159393310547 307.7833251953125 346.3140563964844 307.7833251953125
344.6161193847656 177.39505004882812 484.9864959716797 177.39505004882812 484.9864959716797 305.1101837158203 344.6161193847656 305.1101837158203
341.95709228515625 175.7404022216797 481.8035888671875 175.7404022216797 481.8035888671875 302.9584426879883 341.95709228515625 302.9584426879883
329.6344299316406 170.7581787109375 470.40447998046875 170.7581787109375 470.40447998046875 292.35172271728516 329.6344299316406 292.35172271728516
323.35638427734375 166.2769775390625 459.50511169433594 166.2769775390625 459.50511169433594 284.2681121826172 323.35638427734375 284.2681121826172
318.7249450683594 165.42575073242188 455.11582946777344 165.42575073242188 455.11582946777344 281.4264450073242 318.7249450683594 281.4264450073242
316.26873779296875 164.0991668701172 450.91212463378906 164.0991668701172 450.91212463378906 278.59716796875 316.26873779296875 278.59716796875
313.5135192871094 164.3647918701172 447.90943908691406 164.3647918701172 447.90943908691406 277.0720443725586 313.5135192871094 277.0720443725586
312.03204345703125 162.58004760742188 443.6103820800781 162.58004760742188 443.6103820800781 275.44105529785156 312.03204345703125 275.44105529785156
309.11395263671875 160.91757202148438 438.0965270996094 160.91757202148438 438.0965270996094 272.8368453979492 309.11395263671875 272.8368453979492
304.9009704589844 158.6100616455078 435.3245086669922 158.6100616455078 435.3245086669922 269.9772033691406 304.9009704589844 269.9772033691406
302.44683837890625 159.62562561035156 431.05364990234375 159.62562561035156 431.05364990234375 268.6009063720703 302.44683837890625 268.6009063720703
299.162353515625 157.23716735839844 428.4196319580078 157.23716735839844 428.4196319580078 266.17969512939453 299.162353515625 266.17969512939453
297.8760070800781 154.1472930908203 424.6615753173828 154.1472930908203 424.6615753173828 264.9005889892578 297.8760070800781 264.9005889892578
295.78277587890625 154.24880981445312 421.5330047607422 154.24880981445312 421.5330047607422 261.9631652832031 295.78277587890625 261.9631652832031
292.5951232910156 151.97799682617188 418.91980743408203 151.97799682617188 418.91980743408203 259.2336730957031 292.5951232910156 259.2336730957031
290.75384521484375 151.5480194091797 416.5399932861328 151.5480194091797 416.5399932861328 256.83184814453125 290.75384521484375 256.83184814453125
289.9203186035156 151.7913818359375 408.87135314941406 151.7913818359375 408.87135314941406 255.319091796875 289.9203186035156 255.319091796875
287.0696716308594 149.18148803710938 406.8042755126953 149.18148803710938 406.8042755126953 252.0392608642578 287.0696716308594 252.0392608642578
281.8609924316406 148.93336486816406 399.0189666748047 148.93336486816406 399.0189666748047 247.85192108154297 281.8609924316406 247.85192108154297
280.01324462890625 147.9683837890625 395.37318420410156 147.9683837890625 395.37318420410156 246.61048889160156 280.01324462890625 246.61048889160156
275.9150695800781 145.41030883789062 391.2878723144531 145.41030883789062 391.2878723144531 243.25647735595703 275.9150695800781 243.25647735595703
269.8323669433594 141.62010192871094 384.38109588623047 141.62010192871094 384.38109588623047 238.61028289794922 269.8323669433594 238.61028289794922
268.37823486328125 141.89227294921875 378.96632385253906 141.89227294921875 378.96632385253906 235.4839324951172 268.37823486328125 235.4839324951172
265.26812744140625 138.30068969726562 375.3426971435547 138.30068969726562 375.3426971435547 233.99320220947266 265.26812744140625 233.99320220947266
263.8392333984375 138.37576293945312 373.3805923461914 138.37576293945312 373.3805923461914 232.32681274414062 263.8392333984375 232.32681274414062
260.97637939453125 135.70164489746094 369.9459991455078 135.70164489746094 369.9459991455078 229.92902374267578 260.97637939453125 229.92902374267578
260.945556640625 135.48342895507812 365.9314422607422 135.48342895507812 365.9314422607422 227.60667419433594 260.945556640625 227.60667419433594
259.912841796875 135.71652221679688 365.2342071533203 135.71652221679688 365.2342071533203 226.63279724121094 259.912841796875 226.63279724121094
258.6462097167969 133.4382781982422 363.26344299316406 133.4382781982422 363.26344299316406 226.51968383789062 258.6462097167969 226.51968383789062
256.59930419921875 131.85415649414062 361.2401885986328 131.85415649414062 361.2401885986328 224.1697006225586 256.59930419921875 224.1697006225586
258.60552978515625 132.54225158691406 356.8585968017578 132.54225158691406 356.8585968017578 222.30187225341797 258.60552978515625 222.30187225341797
257.66888427734375 132.28009033203125 357.29002380371094 132.28009033203125 357.29002380371094 220.82737731933594 257.66888427734375 220.82737731933594
256.3805847167969 129.9447021484375 357.28307342529297 129.9447021484375 357.28307342529297 220.23746490478516 256.3805847167969 220.23746490478516
254.6098175048828 128.3931884765625 354.6824951171875 128.3931884765625 354.6824951171875 218.75804138183594 254.6098175048828 218.75804138183594
254.46054077148438 127.33256530761719 353.45359802246094 127.33256530761719 353.45359802246094 216.8107452392578 254.46054077148438 216.8107452392578
253.97177124023438 126.87431335449219 353.1779327392578 126.87431335449219 353.1779327392578 215.54199981689453 253.97177124023438 215.54199981689453
255.038818359375 125.32197570800781 351.4364547729492 125.32197570800781 351.4364547729492 212.92324829101562 255.038818359375 212.92324829101562
254.5645751953125 124.1682357788086 350.80076599121094 124.1682357788086 350.80076599121094 212.29497528076172 254.5645751953125 212.29497528076172
253.8474884033203 122.91600036621094 349.2772216796875 122.91600036621094 349.2772216796875 210.58126068115234 253.8474884033203 210.58126068115234
253.9199676513672 122.56864929199219 349.3572235107422 122.56864929199219 349.3572235107422 209.80136108398438 253.9199676513672 209.80136108398438
254.19894409179688 122.14205169677734 348.2885055541992 122.14205169677734 348.2885055541992 207.6743621826172 254.19894409179688 207.6743621826172
255.1090087890625 120.59846496582031 347.99647521972656 120.59846496582031 347.99647521972656 206.01720428466797 255.1090087890625 206.01720428466797
254.0221710205078 119.95513916015625 347.8749084472656 119.95513916015625 347.8749084472656 205.88170623779297 254.0221710205078 205.88170623779297
253.4960479736328 117.9678726196289 347.4704055786133 117.9678726196289 347.4704055786133 204.12773895263672 253.4960479736328 204.12773895263672
253.7519989013672 116.5113525390625 349.01488494873047 116.5113525390625 349.01488494873047 202.93516540527344 253.7519989013672 202.93516540527344
254.57913208007812 117.59033203125 348.75553131103516 117.59033203125 348.75553131103516 202.24202728271484 254.57913208007812 202.24202728271484
254.76071166992188 114.90360260009766 348.0463638305664 114.90360260009766 348.0463638305664 201.49658203125 254.76071166992188 201.49658203125
255.02587890625 114.22320556640625 347.44854736328125 114.22320556640625 347.44854736328125 200.5583953857422 255.02587890625 200.5583953857422
256.529052734375 114.55216217041016 348.0680389404297 114.55216217041016 348.0680389404297 199.1079330444336 256.529052734375 199.1079330444336
257.6941833496094 113.21903991699219 350.50545501708984 113.21903991699219 350.50545501708984 196.90615844726562 257.6941833496094 196.90615844726562
258.5546875 112.8582534790039 348.30104064941406 112.8582534790039 348.30104064941406 196.11631774902344 258.5546875 196.11631774902344
259.111328125 111.63631439208984 350.21216583251953 111.63631439208984 350.21216583251953 194.2802963256836 259.111328125 194.2802963256836
267.3202209472656 107.00211334228516 355.80912017822266 107.00211334228516 355.80912017822266 188.11226654052734 267.3202209472656 188.11226654052734
266.6456604003906 106.48426818847656 354.3406066894531 106.48426818847656 354.3406066894531 188.15296936035156 266.6456604003906 188.15296936035156
269.9610290527344 105.56843566894531 357.6180953979492 105.56843566894531 357.6180953979492 185.91253662109375 269.9610290527344 185.91253662109375
270.33221435546875 105.19862365722656 358.834228515625 105.19862365722656 358.834228515625 185.03419494628906 270.33221435546875 185.03419494628906
274.0132751464844 105.8755874633789 360.3912658691406 105.8755874633789 360.3912658691406 183.78092193603516 274.0132751464844 183.78092193603516
273.28558349609375 103.889404296875 358.58966064453125 103.889404296875 358.58966064453125 183.9839630126953 273.28558349609375 183.9839630126953
275.35528564453125 103.5577392578125 360.8663864135742 103.5577392578125 360.8663864135742 183.0996856689453 275.35528564453125 183.0996856689453
277.5893249511719 103.4386215209961 363.53269958496094 103.4386215209961 363.53269958496094 181.94281768798828 277.5893249511719 181.94281768798828
280.8138122558594 103.74002838134766 362.4993209838867 103.74002838134766 362.4993209838867 182.87295532226562 280.8138122558594 182.87295532226562
280.58441162109375 103.46089935302734 362.620361328125 103.46089935302734 362.620361328125 181.7887954711914 280.58441162109375 181.7887954711914
285.4753112792969 101.47700500488281 365.3378219604492 101.47700500488281 365.3378219604492 178.84390258789062 285.4753112792969 178.84390258789062
287.52545166015625 99.93095397949219 367.4327392578125 99.93095397949219 367.4327392578125 177.3412322998047 287.52545166015625 177.3412322998047
288.81707763671875 101.91324615478516 367.40560150146484 101.91324615478516 367.40560150146484 178.0459747314453 288.81707763671875 178.0459747314453
291.82513427734375 101.4126968383789 369.5392837524414 101.4126968383789 369.5392837524414 176.69837188720703 291.82513427734375 176.69837188720703
291.22039794921875 101.57183837890625 367.74178314208984 101.57183837890625 367.74178314208984 175.7020263671875 291.22039794921875 175.7020263671875
296.781494140625 100.31387329101562 374.718017578125 100.31387329101562 374.718017578125 173.8030242919922 296.781494140625 173.8030242919922
295.7570495605469 99.72825622558594 373.0608673095703 99.72825622558594 373.0608673095703 174.61642456054688 295.7570495605469 174.61642456054688
298.5704650878906 99.789306640625 375.11849212646484 99.789306640625 375.11849212646484 173.94529724121094 298.5704650878906 173.94529724121094
302.1485290527344 98.1871337890625 379.00294494628906 98.1871337890625 379.00294494628906 172.6399383544922 302.1485290527344 172.6399383544922
301.8843994140625 98.70027160644531 379.75880432128906 98.70027160644531 379.75880432128906 174.14119720458984 301.8843994140625 174.14119720458984
305.0525817871094 94.57713317871094 382.77947998046875 94.57713317871094 382.77947998046875 169.87516021728516 305.0525817871094 169.87516021728516
307.3387145996094 97.11470794677734 383.6255340576172 97.11470794677734 383.6255340576172 171.0176544189453 307.3387145996094 171.0176544189453
308.0815734863281 94.72151947021484 384.38199615478516 94.72151947021484 384.38199615478516 168.63764190673828 308.0815734863281 168.63764190673828
311.2063293457031 93.58795166015625 386.15052795410156 93.58795166015625 386.15052795410156 166.19022369384766 311.2063293457031 166.19022369384766
314.42803955078125 95.45841979980469 390.2530059814453 95.45841979980469 390.2530059814453 168.9139404296875 314.42803955078125 168.9139404296875
313.86883544921875 93.71632385253906 392.4609146118164 93.71632385253906 392.4609146118164 167.5757598876953 313.86883544921875 167.5757598876953
316.72308349609375 91.027099609375 394.80445861816406 91.027099609375 394.80445861816406 166.66851043701172 316.72308349609375 166.66851043701172
317.88836669921875 92.23168182373047 396.0375518798828 92.23168182373047 396.0375518798828 167.93878173828125 317.88836669921875 167.93878173828125
319.3116455078125 90.27632141113281 400.5244598388672 90.27632141113281 400.5244598388672 162.3887939453125 319.3116455078125 162.3887939453125
320.74884033203125 88.83364868164062 402.8979034423828 88.83364868164062 402.8979034423828 161.3025894165039 320.74884033203125 161.3025894165039
326.0679626464844 87.96788787841797 405.6421813964844 87.96788787841797 405.6421813964844 162.4163360595703 326.0679626464844 162.4163360595703
328.95452880859375 84.24668884277344 410.17002868652344 84.24668884277344 410.17002868652344 158.12051391601562 328.95452880859375 158.12051391601562
333.01123046875 85.254150390625 413.98238372802734 85.254150390625 413.98238372802734 157.04442596435547 333.01123046875 157.04442596435547
335.666015625 85.2430419921875 417.55433654785156 85.2430419921875 417.55433654785156 156.90928649902344 335.666015625 156.90928649902344
338.30810546875 83.75516510009766 417.7409210205078 83.75516510009766 417.7409210205078 155.49608612060547 338.30810546875 155.49608612060547
340.1854553222656 82.81761169433594 420.2852325439453 82.81761169433594 420.2852325439453 155.37787628173828 340.1854553222656 155.37787628173828
342.6651306152344 82.43250274658203 419.6245346069336 82.43250274658203 419.6245346069336 156.98700714111328 342.6651306152344 156.98700714111328
345.876953125 84.17720794677734 421.8329849243164 84.17720794677734 421.8329849243164 156.92887115478516 345.876953125 156.92887115478516
346.7843933105469 84.26240539550781 422.9506149291992 84.26240539550781 422.9506149291992 153.67098999023438 346.7843933105469 153.67098999023438
353.3482971191406 83.97355651855469 427.9097366333008 83.97355651855469 427.9097366333008 154.80318450927734 353.3482971191406 154.80318450927734
353.94683837890625 82.2069320678711 429.2280960083008 82.2069320678711 429.2280960083008 153.67855072021484 353.94683837890625 153.67855072021484
355.2259826660156 80.57664489746094 430.13753509521484 80.57664489746094 430.13753509521484 152.22830200195312 355.2259826660156 152.22830200195312
357.295654296875 80.46041870117188 433.10865783691406 80.46041870117188 433.10865783691406 153.90435028076172 357.295654296875 153.90435028076172
360.2449951171875 79.30123901367188 435.20396423339844 79.30123901367188 435.20396423339844 150.54954528808594 360.2449951171875 150.54954528808594
363.3956298828125 81.57371520996094 436.64502716064453 81.57371520996094 436.64502716064453 152.5341567993164 363.3956298828125 152.5341567993164
365.15283203125 78.8775863647461 439.6955871582031 78.8775863647461 439.6955871582031 151.0909652709961 365.15283203125 151.0909652709961
367.98370361328125 78.10673522949219 442.42801666259766 78.10673522949219 442.42801666259766 149.54846954345703 367.98370361328125 149.54846954345703
368.5711364746094 75.72276306152344 443.9595031738281 75.72276306152344 443.9595031738281 146.3905029296875 368.5711364746094 146.3905029296875
371.36907958984375 75.09867095947266 446.23206329345703 75.09867095947266 446.23206329345703 145.4413833618164 371.36907958984375 145.4413833618164
373.64532470703125 77.25822448730469 447.3463897705078 77.25822448730469 447.3463897705078 148.65621948242188 373.64532470703125 148.65621948242188
373.91070556640625 77.30390930175781 448.29136657714844 77.30390930175781 448.29136657714844 145.12319946289062 373.91070556640625 145.12319946289062
378.12005615234375 77.56291198730469 450.12757873535156 77.56291198730469 450.12757873535156 145.68234252929688 378.12005615234375 145.68234252929688
381.4737548828125 76.10427856445312 453.2600555419922 76.10427856445312 453.2600555419922 143.6688461303711 381.4737548828125 143.6688461303711
382.62969970703125 77.3869857788086 453.7560806274414 77.3869857788086 453.7560806274414 143.3838119506836 382.62969970703125 143.3838119506836
383.5265197753906 77.42448425292969 453.669921875 77.42448425292969 453.669921875 145.37600708007812 383.5265197753906 145.37600708007812
385.83990478515625 75.07597351074219 457.02962493896484 75.07597351074219 457.02962493896484 142.76143646240234 385.83990478515625 142.76143646240234
388.32952880859375 74.66032409667969 459.4816436767578 74.66032409667969 459.4816436767578 142.21493530273438 388.32952880859375 142.21493530273438
392.38092041015625 74.82474517822266 462.78651428222656 74.82474517822266 462.78651428222656 141.63201141357422 392.38092041015625 141.63201141357422
393.748046875 74.57076263427734 463.23416900634766 74.57076263427734 463.23416900634766 139.63426971435547 393.748046875 139.63426971435547
