268.0 198.0 303.0 198.0 303.0 293.0 268.0 293.0
267.72998046875 198.2979736328125 302.4700736999512 198.2979736328125 302.4700736999512 292.7006072998047 267.72998046875 292.7006072998047
268.5586853027344 197.35214233398438 303.48524475097656 197.35214233398438 303.48524475097656 291.9877166748047 268.5586853027344 291.9877166748047
268.1590576171875 197.9867706298828 303.4549140930176 197.9867706298828 303.4549140930176 293.78978729248047 268.1590576171875 293.78978729248047
267.4764404296875 197.2764129638672 302.7607192993164 197.2764129638672 302.7607192993164 291.3930969238281 267.4764404296875 291.3930969238281
268.55120849609375 198.6333465576172 302.9706916809082 198.6333465576172 302.9706916809082 290.05689239501953 268.55120849609375 290.05689239501953
268.26483154296875 198.3408966064453 303.1276321411133 198.3408966064453 303.1276321411133 291.52764892578125 268.26483154296875 291.52764892578125
268.4072570800781 197.1344451904297 303.2798309326172 197.1344451904297 303.2798309326172 290.3229446411133 268.4072570800781 290.3229446411133
268.86468505859375 196.97113037109375 304.12052154541016 196.97113037109375 304.12052154541016 291.9141845703125 268.86468505859375 291.9141845703125
269.25921630859375 196.6569061279297 304.4264259338379 196.6569061279297 304.4264259338379 291.5337677001953 269.25921630859375 291.5337677001953
269.56494140625 196.5924072265625 304.38022232055664 196.5924072265625 304.38022232055664 291.11572265625 269.56494140625 291.11572265625
269.83380126953125 195.39244079589844 305.0969467163086 195.39244079589844 305.0969467163086 290.78807830810547 269.83380126953125 290.78807830810547
268.7916564941406 192.54653930664062 305.68988037109375 192.54653930664062 305.68988037109375 288.7318878173828 268.7916564941406 288.7318878173828
269.59100341796875 192.17489624023438 305.1910629272461 192.17489624023438 305.1910629272461 288.89891052246094 269.59100341796875 288.89891052246094
269.6511535644531 192.6072998046875 304.5801239013672 192.6072998046875 304.5801239013672 287.96543884277344 269.6511535644531 287.96543884277344
270.0797424316406 192.69851684570312 305.8885612487793 192.69851684570312 305.8885612487793 288.66493225097656 270.0797424316406 288.66493225097656
269.7228088378906 190.9781036376953 305.06656646728516 190.9781036376953 305.06656646728516 287.9966125488281 269.7228088378906 287.9966125488281
269.71331787109375 192.4956817626953 304.4403991699219 192.4956817626953 304.4403991699219 288.17491912841797 269.71331787109375 288.17491912841797
269.44744873046875 192.25357055664062 304.97460174560547 192.25357055664062 304.97460174560547 287.06620025634766 269.44744873046875 287.06620025634766
269.57891845703125 195.50119018554688 305.0119743347168 195.50119018554688 305.0119743347168 286.9760284423828 269.57891845703125 286.9760284423828
269.8359375 194.04022216796875 304.26909255981445 194.04022216796875 304.26909255981445 286.57972717285156 269.8359375 286.57972717285156
269.12860107421875 193.50839233398438 304.24573516845703 193.50839233398438 304.24573516845703 285.32508850097656 269.12860107421875 285.32508850097656
269.36151123046875 193.83914184570312 304.2305374145508 193.83914184570312 304.2305374145508 286.75196838378906 269.36151123046875 286.75196838378906
268.9461975097656 193.1537628173828 304.0272026062012 193.1537628173828 304.0272026062012 284.85870361328125 268.9461975097656 284.85870361328125
268.7911682128906 191.63609313964844 303.8229293823242 191.63609313964844 303.8229293823242 284.4110641479492 268.7911682128906 284.4110641479492
268.9040222167969 190.57179260253906 303.61046600341797 190.57179260253906 303.61046600341797 282.7269821166992 268.9040222167969 282.7269821166992
269.0963439941406 191.04359436035156 303.41976165771484 191.04359436035156 303.41976165771484 282.72105407714844 269.0963439941406 282.72105407714844
269.05474853515625 190.27357482910156 304.11563873291016 190.27357482910156 304.11563873291016 281.50538635253906 269.05474853515625 281.50538635253906
268.23846435546875 189.1403350830078 304.1235466003418 189.1403350830078 304.1235466003418 281.0273666381836 268.23846435546875 281.0273666381836
269.5819396972656 189.53067016601562 303.8971138000488 189.53067016601562 303.8971138000488 281.84009552001953 269.5819396972656 281.84009552001953
269.0679626464844 189.3599090576172 304.56182861328125 189.3599090576172 304.56182861328125 280.5852355957031 269.0679626464844 280.5852355957031
269.4388732910156 190.56411743164062 304.22029876708984 190.56411743164062 304.22029876708984 281.22547912597656 269.4388732910156 281.22547912597656
269.37054443359375 188.1756134033203 304.30702209472656 188.1756134033203 304.30702209472656 282.2389221191406 269.37054443359375 282.2389221191406
270.1749572753906 189.91566467285156 305.15486907958984 189.91566467285156 305.15486907958984 281.0614700317383 270.1749572753906 281.0614700317383
269.797607421875 188.98101806640625 305.2669143676758 188.98101806640625 305.2669143676758 283.50516510009766 269.797607421875 283.50516510009766
270.8038024902344 189.49560546875 305.39884185791016 189.49560546875 305.39884185791016 282.6438293457031 270.8038024902344 282.6438293457031
270.92340087890625 187.90347290039062 306.26558685302734 187.90347290039062 306.26558685302734 282.33728790283203 270.92340087890625 282.33728790283203
271.728759765625 186.29486083984375 306.33338165283203 186.29486083984375 306.33338165283203 280.75782775878906 271.728759765625 280.75782775878906
271.21807861328125 186.63009643554688 306.83885192871094 186.63009643554688 306.83885192871094 280.1063919067383 271.21807861328125 280.1063919067383
271.1787109375 184.1937713623047 306.4202194213867 184.1937713623047 306.4202194213867 279.3756790161133 271.1787109375 279.3756790161133
271.6835632324219 184.6785888671875 306.1543502807617 184.6785888671875 306.1543502807617 279.1106414794922 271.6835632324219 279.1106414794922
271.72412109375 185.9556121826172 306.1779899597168 185.9556121826172 306.1779899597168 278.97723388671875 271.72412109375 278.97723388671875
272.08050537109375 185.3696746826172 306.1211738586426 185.3696746826172 306.1211738586426 278.4127960205078 272.08050537109375 278.4127960205078
272.4910583496094 185.2846221923828 306.1918716430664 185.2846221923828 306.1918716430664 277.8824005126953 272.4910583496094 277.8824005126953
271.7560119628906 186.0904083251953 305.55318450927734 186.0904083251953 305.55318450927734 278.7302551269531 271.7560119628906 278.7302551269531
271.541015625 185.91604614257812 306.1433296203613 185.91604614257812 306.1433296203613 278.5313186645508 271.541015625 278.5313186645508
271.69659423828125 186.13247680664062 305.34719467163086 186.13247680664062 305.34719467163086 278.70750427246094 271.69659423828125 278.70750427246094
271.2872009277344 185.74114990234375 305.9730758666992 185.74114990234375 305.9730758666992 277.70481872558594 271.2872009277344 277.70481872558594
271.03143310546875 187.08409118652344 305.8689193725586 187.08409118652344 305.8689193725586 277.3250732421875 271.03143310546875 277.3250732421875
270.791015625 185.36410522460938 305.5469436645508 185.36410522460938 305.5469436645508 276.98827362060547 270.791015625 276.98827362060547
270.49908447265625 186.39280700683594 305.04594802856445 186.39280700683594 305.04594802856445 276.9978561401367 270.49908447265625 276.9978561401367
270.8626403808594 185.72943115234375 305.2508125305176 185.72943115234375 305.2508125305176 275.4878616333008 270.8626403808594 275.4878616333008
270.859130859375 184.53741455078125 305.22269439697266 184.53741455078125 305.22269439697266 275.0691680908203 270.859130859375 275.0691680908203
270.9592590332031 182.3061981201172 304.5686264038086 182.3061981201172 304.5686264038086 274.1089324951172 270.9592590332031 274.1089324951172
269.93731689453125 182.7316131591797 305.5208930969238 182.7316131591797 305.5208930969238 273.584716796875 269.93731689453125 273.584716796875
271.27606201171875 181.80116271972656 304.85634994506836 181.80116271972656 304.85634994506836 273.91698455810547 271.27606201171875 273.91698455810547
270.9535217285156 181.48138427734375 304.70129776000977 181.48138427734375 304.70129776000977 273.4157943725586 270.9535217285156 273.4157943725586
271.51025390625 184.02944946289062 305.14382553100586 184.02944946289062 305.14382553100586 274.5612335205078 271.51025390625 274.5612335205078
271.9808654785156 182.60757446289062 305.8903388977051 182.60757446289062 305.8903388977051 273.90989685058594 271.9808654785156 273.90989685058594
271.42864990234375 183.1100616455078 305.337589263916 183.1100616455078 305.337589263916 275.1461181640625 271.42864990234375 275.1461181640625
271.4748840332031 181.77816772460938 305.14102935791016 181.77816772460938 305.14102935791016 273.9017791748047 271.4748840332031 273.9017791748047
271.7825622558594 182.0315704345703 305.52843475341797 182.0315704345703 305.52843475341797 273.8384780883789 271.7825622558594 273.8384780883789
272.0606384277344 181.23123168945312 305.9052734375 181.23123168945312 305.9052734375 273.50364685058594 272.0606384277344 273.50364685058594
272.84075927734375 180.73995971679688 306.78586196899414 180.73995971679688 306.78586196899414 272.96724700927734 272.84075927734375 272.96724700927734
272.5187683105469 180.40037536621094 307.1650085449219 180.40037536621094 307.1650085449219 273.1843566894531 272.5187683105469 273.1843566894531
272.71875 178.71392822265625 307.08877182006836 178.71392822265625 307.08877182006836 270.52954864501953 272.71875 270.52954864501953
272.59014892578125 177.86410522460938 306.7882080078125 177.86410522460938 306.7882080078125 270.8387451171875 272.59014892578125 270.8387451171875
272.65057373046875 177.28030395507812 306.3917770385742 177.28030395507812 306.3917770385742 271.1213836669922 272.65057373046875 271.1213836669922
272.91632080078125 178.027587890625 306.6380958557129 178.027587890625 306.6380958557129 270.3930206298828 272.91632080078125 270.3930206298828
272.6922912597656 181.07229614257812 306.8592720031738 181.07229614257812 306.8592720031738 271.10394287109375 272.6922912597656 271.10394287109375
273.35162353515625 179.54147338867188 305.9585647583008 179.54147338867188 305.9585647583008 270.4271926879883 273.35162353515625 270.4271926879883
272.49127197265625 179.09085083007812 305.7998466491699 179.09085083007812 305.7998466491699 269.6917037963867 272.49127197265625 269.6917037963867
271.97723388671875 180.2720184326172 305.28570556640625 180.2720184326172 305.28570556640625 269.2209243774414 271.97723388671875 269.2209243774414
272.0391540527344 179.7749481201172 305.9022560119629 179.7749481201172 305.9022560119629 269.14697265625 272.0391540527344 269.14697265625
271.6450500488281 178.38156127929688 306.11648178100586 178.38156127929688 306.11648178100586 267.373779296875 271.6450500488281 267.373779296875
270.884033203125 181.3647003173828 305.26534271240234 181.3647003173828 305.26534271240234 268.05045318603516 270.884033203125 268.05045318603516
270.43133544921875 178.8399658203125 304.99442291259766 178.8399658203125 304.99442291259766 267.21166229248047 270.43133544921875 267.21166229248047
270.28302001953125 178.5480194091797 305.2157554626465 178.5480194091797 305.2157554626465 266.53314208984375 270.28302001953125 266.53314208984375
270.8346252441406 177.3463134765625 304.65887451171875 177.3463134765625 304.65887451171875 265.2971725463867 270.8346252441406 265.2971725463867
269.82366943359375 177.197265625 304.01824951171875 177.197265625 304.01824951171875 264.60386657714844 269.82366943359375 264.60386657714844
269.97406005859375 175.0201416015625 304.6173210144043 175.0201416015625 304.6173210144043 263.6954116821289 269.97406005859375 263.6954116821289
270.132080078125 176.2838897705078 304.25964736938477 176.2838897705078 304.25964736938477 263.2065963745117 270.132080078125 263.2065963745117
270.48321533203125 176.01995849609375 303.8985824584961 176.01995849609375 303.8985824584961 264.05442810058594 270.48321533203125 264.05442810058594
269.94598388671875 176.23886108398438 303.79225158691406 176.23886108398438 303.79225158691406 264.03014373779297 269.94598388671875 264.03014373779297
269.98992919921875 177.0213165283203 303.41547775268555 177.0213165283203 303.41547775268555 265.5423278808594 269.98992919921875 265.5423278808594
269.36480712890625 176.70114135742188 303.51448822021484 176.70114135742188 303.51448822021484 263.9204864501953 269.36480712890625 263.9204864501953
269.489013671875 175.5464324951172 304.4430961608887 175.5464324951172 304.4430961608887 265.0015563964844 269.489013671875 265.0015563964844
270.09515380859375 173.8006591796875 304.1549301147461 173.8006591796875 304.1549301147461 263.6123809814453 270.09515380859375 263.6123809814453
270.1709899902344 171.7294464111328 304.55977630615234 171.7294464111328 304.55977630615234 263.3166198730469 270.1709899902344 263.3166198730469
269.3833923339844 170.1463165283203 304.3830871582031 170.1463165283203 304.3830871582031 261.33995819091797 269.3833923339844 261.33995819091797
270.0323486328125 171.3975067138672 304.6536636352539 171.3975067138672 304.6536636352539 260.5624237060547 270.0323486328125 260.5624237060547
270.27593994140625 169.06069946289062 303.9020690917969 169.06069946289062 303.9020690917969 261.16188049316406 270.27593994140625 261.16188049316406
269.0106506347656 169.80572509765625 304.3876266479492 169.80572509765625 304.3876266479492 260.12586975097656 269.0106506347656 260.12586975097656
269.2595520019531 169.12448120117188 304.2160758972168 169.12448120117188 304.2160758972168 259.8270568847656 269.2595520019531 259.8270568847656
269.0733947753906 169.4663543701172 303.5645980834961 169.4663543701172 303.5645980834961 261.3916320800781 269.0733947753906 261.3916320800781
268.89495849609375 171.28729248046875 302.95576095581055 171.28729248046875 302.95576095581055 262.6589813232422 268.89495849609375 262.6589813232422
268.73577880859375 171.62301635742188 303.0363998413086 171.62301635742188 303.0363998413086 260.91725158691406 268.73577880859375 260.91725158691406
267.85845947265625 170.37124633789062 302.4894599914551 170.37124633789062 302.4894599914551 261.0439682006836 267.85845947265625 261.0439682006836
267.43218994140625 172.1805419921875 302.15816497802734 172.1805419921875 302.15816497802734 259.0744400024414 267.43218994140625 259.0744400024414
266.74725341796875 170.39315795898438 300.38928985595703 170.39315795898438 300.38928985595703 258.5841293334961 266.74725341796875 258.5841293334961
265.73394775390625 170.033447265625 300.1757125854492 170.033447265625 300.1757125854492 257.3024139404297 265.73394775390625 257.3024139404297
265.0682678222656 169.7236785888672 299.0785026550293 169.7236785888672 299.0785026550293 256.34825134277344 265.0682678222656 256.34825134277344
265.09490966796875 170.9135284423828 298.3441963195801 170.9135284423828 298.3441963195801 255.84455108642578 265.09490966796875 255.84455108642578
265.2046203613281 168.9508056640625 298.276309967041 168.9508056640625 298.276309967041 256.2986297607422 265.2046203613281 256.2986297607422
264.33984375 169.28152465820312 298.3464698791504 169.28152465820312 298.3464698791504 255.2707977294922 264.33984375 255.2707977294922
264.3818054199219 168.5673828125 298.20008087158203 168.5673828125 298.20008087158203 255.72249603271484 264.3818054199219 255.72249603271484
263.477294921875 170.49969482421875 297.5811462402344 170.49969482421875 297.5811462402344 257.3430938720703 263.477294921875 257.3430938720703
263.88043212890625 170.2537384033203 298.18334197998047 170.2537384033203 298.18334197998047 255.42007446289062 263.88043212890625 255.42007446289062
264.2677307128906 169.4995880126953 297.6716537475586 169.4995880126953 297.6716537475586 256.9382019042969 264.2677307128906 256.9382019042969
263.6515808105469 167.69248962402344 297.9791488647461 167.69248962402344 297.9791488647461 255.98971557617188 263.6515808105469 255.98971557617188
263.4632873535156 167.92709350585938 297.8393325805664 167.92709350585938 297.8393325805664 254.88809204101562 263.4632873535156 254.88809204101562
263.1070861816406 168.59140014648438 297.48632049560547 168.59140014648438 297.48632049560547 253.37110900878906 263.1070861816406 253.37110900878906
263.6979064941406 166.90499877929688 296.75964736938477 166.90499877929688 296.75964736938477 253.99320220947266 263.6979064941406 253.99320220947266
263.3349609375 165.41445922851562 296.34569931030273 165.41445922851562 296.34569931030273 254.7034454345703 263.3349609375 254.7034454345703
263.8708190917969 163.36720275878906 296.10303115844727 163.36720275878906 296.10303115844727 252.99652099609375 263.8708190917969 252.99652099609375
262.87054443359375 164.24832153320312 295.97550201416016 164.24832153320312 295.97550201416016 253.41852569580078 262.87054443359375 253.41852569580078
262.53228759765625 163.85617065429688 295.41295623779297 163.85617065429688 295.41295623779297 252.43975067138672 262.53228759765625 252.43975067138672
262.014404296875 162.54061889648438 296.0354690551758 162.54061889648438 296.0354690551758 252.6764678955078 262.014404296875 252.6764678955078
261.58978271484375 163.05735778808594 295.56844329833984 163.05735778808594 295.56844329833984 252.33847045898438 261.58978271484375 252.33847045898438
261.5472106933594 163.44924926757812 295.3265609741211 163.44924926757812 295.3265609741211 252.86056518554688 261.5472106933594 252.86056518554688
261.35809326171875 163.9086151123047 294.2686462402344 163.9086151123047 294.2686462402344 252.32440185546875 261.35809326171875 252.32440185546875
260.64508056640625 166.93893432617188 294.4283256530762 166.93893432617188 294.4283256530762 251.05182647705078 260.64508056640625 251.05182647705078
259.17559814453125 166.01895141601562 293.1607131958008 166.01895141601562 293.1607131958008 251.2199249267578 259.17559814453125 251.2199249267578
259.2646789550781 165.16049194335938 291.65567779541016 165.16049194335938 291.65567779541016 248.9970245361328 259.2646789550781 248.9970245361328
257.91668701171875 165.25881958007812 291.0415382385254 165.25881958007812 291.0415382385254 248.82395935058594 257.91668701171875 248.82395935058594
256.87750244140625 163.50991821289062 290.7556838989258 163.50991821289062 290.7556838989258 246.9696502685547 256.87750244140625 246.9696502685547
256.5015869140625 163.55477905273438 289.91416931152344 163.55477905273438 289.91416931152344 246.8616180419922 256.5015869140625 246.8616180419922
256.4205627441406 162.45556640625 288.69188690185547 162.45556640625 288.69188690185547 247.51271057128906 256.4205627441406 247.51271057128906
256.05511474609375 164.0474853515625 288.8218307495117 164.0474853515625 288.8218307495117 247.47843170166016 256.05511474609375 247.47843170166016
255.66836547851562 162.845703125 288.3701591491699 162.845703125 288.3701591491699 247.77752685546875 255.66836547851562 247.77752685546875
254.7292022705078 165.34376525878906 288.1052589416504 165.34376525878906 288.1052589416504 248.25385284423828 254.7292022705078 248.25385284423828
254.6637725830078 164.56637573242188 287.7233009338379 164.56637573242188 287.7233009338379 246.32366180419922 254.6637725830078 246.32366180419922
254.08596801757812 164.16653442382812 287.13892364501953 164.16653442382812 287.13892364501953 247.77832794189453 254.08596801757812 247.77832794189453
254.0943603515625 164.8180389404297 286.96387481689453 164.8180389404297 286.96387481689453 248.15460968017578 254.0943603515625 248.15460968017578
253.9009552001953 162.51321411132812 286.7548141479492 162.51321411132812 286.7548141479492 246.35100555419922 253.9009552001953 246.35100555419922
253.02334594726562 161.58352661132812 286.6383590698242 161.58352661132812 286.6383590698242 244.91146850585938 253.02334594726562 244.91146850585938
252.98190307617188 161.0329132080078 285.78306579589844 161.0329132080078 285.78306579589844 244.77025604248047 252.98190307617188 244.77025604248047
252.35354614257812 160.46763610839844 285.157470703125 160.46763610839844 285.157470703125 244.6341552734375 252.35354614257812 244.6341552734375
251.4856414794922 158.89846801757812 284.808650970459 158.89846801757812 284.808650970459 245.10342407226562 251.4856414794922 245.10342407226562
250.85690307617188 157.7208251953125 284.68444061279297 157.7208251953125 284.68444061279297 244.17269134521484 250.85690307617188 244.17269134521484
250.67263793945312 158.88223266601562 283.8046875 158.88223266601562 283.8046875 245.57244873046875 250.67263793945312 245.57244873046875
250.3522491455078 158.70443725585938 283.8602752685547 158.70443725585938 283.8602752685547 245.4792251586914 250.3522491455078 245.4792251586914
250.38619995117188 159.4523468017578 282.9195976257324 159.4523468017578 282.9195976257324 245.95396423339844 250.38619995117188 245.95396423339844
249.3054656982422 159.93753051757812 282.4182357788086 159.93753051757812 282.4182357788086 245.68164825439453 249.3054656982422 245.68164825439453
247.9438018798828 161.06533813476562 281.31436920166016 161.06533813476562 281.31436920166016 244.91444396972656 247.9438018798828 244.91444396972656
247.14816284179688 161.47955322265625 281.08544158935547 161.47955322265625 281.08544158935547 244.25205993652344 247.14816284179688 244.25205993652344
246.19485473632812 161.0596923828125 279.70655059814453 161.0596923828125 279.70655059814453 243.49321746826172 246.19485473632812 243.49321746826172
245.3011474609375 160.79391479492188 278.87653732299805 160.79391479492188 278.87653732299805 241.97288513183594 245.3011474609375 241.97288513183594
244.7013397216797 159.6363525390625 278.6240577697754 159.6363525390625 278.6240577697754 241.96111297607422 244.7013397216797 241.96111297607422
244.0328826904297 160.00791931152344 277.7593307495117 160.00791931152344 277.7593307495117 241.85923767089844 244.0328826904297 241.85923767089844
243.3916778564453 158.46554565429688 276.61185455322266 158.46554565429688 276.61185455322266 241.3056182861328 243.3916778564453 241.3056182861328
242.778564453125 158.1995849609375 276.93222427368164 158.1995849609375 276.93222427368164 240.21328735351562 242.778564453125 240.21328735351562
242.30398559570312 158.58401489257812 276.3544006347656 158.58401489257812 276.3544006347656 238.29138946533203 242.30398559570312 238.29138946533203
241.70785522460938 159.08737182617188 275.49932861328125 159.08737182617188 275.49932861328125 238.46907806396484 241.70785522460938 238.46907806396484
241.07473754882812 159.67843627929688 275.5000305175781 159.67843627929688 275.5000305175781 238.88267517089844 241.07473754882812 238.88267517089844
240.79312133789062 158.43724060058594 275.3441696166992 158.43724060058594 275.3441696166992 239.8383026123047 240.79312133789062 239.8383026123047
240.170654296875 160.42523193359375 275.03287506103516 160.42523193359375 275.03287506103516 238.43370819091797 240.170654296875 238.43370819091797
240.4028778076172 158.5712432861328 274.25765228271484 158.5712432861328 274.25765228271484 237.98880004882812 240.4028778076172 237.98880004882812
238.83493041992188 157.6888885498047 273.92887115478516 157.6888885498047 273.92887115478516 237.62445068359375 238.83493041992188 237.62445068359375
239.03720092773438 157.3103485107422 273.8011131286621 157.3103485107422 273.8011131286621 237.92755126953125 239.03720092773438 237.92755126953125
238.6958770751953 156.42733764648438 273.3786087036133 156.42733764648438 273.3786087036133 237.5443344116211 238.6958770751953 237.5443344116211
238.546630859375 155.04672241210938 272.2335014343262 155.04672241210938 272.2335014343262 236.90090942382812 238.546630859375 236.90090942382812
238.5099639892578 153.6151580810547 271.9043502807617 153.6151580810547 271.9043502807617 237.5234375 238.5099639892578 237.5234375
238.3846435546875 152.65074157714844 271.4769058227539 152.65074157714844 271.4769058227539 237.88287353515625 238.3846435546875 237.88287353515625
238.2729034423828 152.33786010742188 271.4222068786621 152.33786010742188 271.4222068786621 238.1859588623047 238.2729034423828 238.1859588623047
237.5941162109375 153.16860961914062 271.41854095458984 153.16860961914062 271.41854095458984 240.8581085205078 237.5941162109375 240.8581085205078
236.8463897705078 151.97637939453125 270.81482315063477 151.97637939453125 270.81482315063477 238.71260833740234 236.8463897705078 238.71260833740234
236.8826141357422 153.312744140625 270.3260269165039 153.312744140625 270.3260269165039 238.0834732055664 236.8826141357422 238.0834732055664
235.7074737548828 153.9220428466797 269.59204864501953 153.9220428466797 269.59204864501953 238.47669219970703 235.7074737548828 238.47669219970703
234.60562133789062 153.30923461914062 268.77559661865234 153.30923461914062 268.77559661865234 238.1019744873047 234.60562133789062 238.1019744873047
234.29824829101562 153.14093017578125 268.0807685852051 153.14093017578125 268.0807685852051 237.6221466064453 234.29824829101562 237.6221466064453
233.22219848632812 153.58438110351562 267.21118545532227 153.58438110351562 267.21118545532227 236.35865783691406 233.22219848632812 236.35865783691406
233.18362426757812 152.31607055664062 266.1858444213867 152.31607055664062 266.1858444213867 235.9928970336914 233.18362426757812 235.9928970336914
233.60800170898438 149.5811767578125 266.35615158081055 149.5811767578125 266.35615158081055 234.1753158569336 233.60800170898438 234.1753158569336
233.5969696044922 150.33583068847656 266.1578826904297 150.33583068847656 266.1578826904297 234.44944763183594 233.5969696044922 234.44944763183594
232.2278594970703 149.72085571289062 266.0580062866211 149.72085571289062 266.0580062866211 234.52842712402344 232.2278594970703 234.52842712402344
232.92965698242188 149.394287109375 265.7893714904785 149.394287109375 265.7893714904785 234.73725128173828 232.92965698242188 234.73725128173828
232.18527221679688 151.18392944335938 265.98908615112305 151.18392944335938 265.98908615112305 234.57989501953125 232.18527221679688 234.57989501953125
231.34323120117188 151.16049194335938 266.38629150390625 151.16049194335938 266.38629150390625 235.07850646972656 231.34323120117188 235.07850646972656
231.574462890625 150.997802734375 266.76749420166016 150.997802734375 266.76749420166016 234.24853515625 231.574462890625 234.24853515625
231.97933959960938 150.329345703125 265.65889739990234 150.329345703125 265.65889739990234 234.6040802001953 231.97933959960938 234.6040802001953
231.6793670654297 150.72885131835938 266.01038360595703 150.72885131835938 266.01038360595703 234.12713623046875 231.6793670654297 234.12713623046875
232.5474853515625 149.4209442138672 266.0186996459961 149.4209442138672 266.0186996459961 233.17486572265625 232.5474853515625 233.17486572265625
231.8574676513672 148.57681274414062 266.66907501220703 148.57681274414062 266.66907501220703 231.78079986572266 231.8574676513672 231.78079986572266
231.902099609375 149.0712890625 265.9374313354492 149.0712890625 265.9374313354492 232.49517059326172 231.902099609375 232.49517059326172
232.15255737304688 147.71273803710938 265.3276062011719 147.71273803710938 265.3276062011719 232.35365295410156 232.15255737304688 232.35365295410156
232.28463745117188 146.28431701660156 265.7783317565918 146.28431701660156 265.7783317565918 232.02129364013672 232.28463745117188 232.02129364013672
232.37448120117188 146.44546508789062 265.70333099365234 146.44546508789062 265.70333099365234 231.16537475585938 232.37448120117188 231.16537475585938
232.0914306640625 146.07363891601562 265.1308479309082 146.07363891601562 265.1308479309082 231.9659881591797 232.0914306640625 231.9659881591797
232.61123657226562 146.7762908935547 265.96717071533203 146.7762908935547 265.96717071533203 231.96087646484375 232.61123657226562 231.96087646484375
231.66796875 148.11166381835938 265.533447265625 148.11166381835938 265.533447265625 231.86399841308594 231.66796875 231.86399841308594
231.5401153564453 148.8191375732422 266.0550079345703 148.8191375732422 266.0550079345703 231.71601104736328 231.5401153564453 231.71601104736328
231.20480346679688 149.46275329589844 265.5595932006836 149.46275329589844 265.5595932006836 231.69170379638672 231.20480346679688 231.69170379638672
231.24032592773438 148.43679809570312 265.0685157775879 148.43679809570312 265.0685157775879 230.9661102294922 231.24032592773438 230.9661102294922
230.9709014892578 148.616455078125 264.6273422241211 148.616455078125 264.6273422241211 230.6996841430664 230.9709014892578 230.6996841430664
231.0110321044922 146.9119873046875 264.6751022338867 146.9119873046875 264.6751022338867 229.78270721435547 231.0110321044922 229.78270721435547
230.7965545654297 147.27708435058594 264.42898178100586 147.27708435058594 264.42898178100586 229.13348388671875 230.7965545654297 229.13348388671875
230.92294311523438 145.81124877929688 264.4766502380371 145.81124877929688 264.4766502380371 228.43685150146484 230.92294311523438 228.43685150146484
230.62490844726562 145.17623901367188 264.27562713623047 145.17623901367188 264.27562713623047 227.18653869628906 230.62490844726562 227.18653869628906
230.81271362304688 144.2774658203125 263.4860725402832 144.2774658203125 263.4860725402832 228.43253326416016 230.81271362304688 228.43253326416016
231.05050659179688 144.2669219970703 263.7868843078613 144.2669219970703 263.7868843078613 228.4481964111328 231.05050659179688 228.4481964111328
231.23983764648438 145.39854431152344 263.8104019165039 145.39854431152344 263.8104019165039 229.28424072265625 231.23983764648438 229.28424072265625
231.5395050048828 145.27740478515625 264.00513458251953 145.27740478515625 264.00513458251953 227.22808837890625 231.5395050048828 227.22808837890625
231.1202392578125 145.23623657226562 264.4254951477051 145.23623657226562 264.4254951477051 226.77621459960938 231.1202392578125 226.77621459960938
231.0035858154297 145.7608642578125 264.12346267700195 145.7608642578125 264.12346267700195 228.28990173339844 231.0035858154297 228.28990173339844
231.0889892578125 144.5796661376953 263.9918441772461 144.5796661376953 263.9918441772461 227.60296630859375 231.0889892578125 227.60296630859375
230.9119110107422 143.70639038085938 264.73091888427734 143.70639038085938 264.73091888427734 226.3486557006836 230.9119110107422 226.3486557006836
231.9068145751953 143.45201110839844 264.60892486572266 143.45201110839844 264.60892486572266 227.16841888427734 231.9068145751953 227.16841888427734
231.43832397460938 143.19815063476562 263.9879150390625 143.19815063476562 263.9879150390625 225.99119567871094 231.43832397460938 225.99119567871094
231.52609252929688 142.6724090576172 264.45733642578125 142.6724090576172 264.45733642578125 226.63382720947266 231.52609252929688 226.63382720947266
231.48086547851562 140.7960968017578 265.30145263671875 140.7960968017578 265.30145263671875 226.15660095214844 231.48086547851562 226.15660095214844
231.7841033935547 140.62149047851562 263.8174133300781 140.62149047851562 263.8174133300781 224.87139129638672 231.7841033935547 224.87139129638672
231.55966186523438 140.5841064453125 264.4656219482422 140.5841064453125 264.4656219482422 223.90771484375 231.55966186523438 223.90771484375
231.18606567382812 140.59176635742188 263.56856536865234 140.59176635742188 263.56856536865234 224.8344268798828 231.18606567382812 224.8344268798828
231.14755249023438 142.3732147216797 263.6884536743164 142.3732147216797 263.6884536743164 224.98660278320312 231.14755249023438 224.98660278320312
230.71371459960938 141.6074981689453 263.14383697509766 141.6074981689453 263.14383697509766 224.40150451660156 230.71371459960938 224.40150451660156
231.08154296875 142.33372497558594 264.0321464538574 142.33372497558594 264.0321464538574 225.51009368896484 231.08154296875 225.51009368896484
229.6292724609375 142.8098602294922 263.0633010864258 142.8098602294922 263.0633010864258 223.5956039428711 229.6292724609375 223.5956039428711
229.5435791015625 143.59048461914062 263.1875991821289 143.59048461914062 263.1875991821289 223.7027816772461 229.5435791015625 223.7027816772461
229.490234375 142.39642333984375 262.2718963623047 142.39642333984375 262.2718963623047 222.0661163330078 229.490234375 222.0661163330078
228.4697723388672 141.9528350830078 261.2982177734375 141.9528350830078 261.2982177734375 222.61474609375 228.4697723388672 222.61474609375
228.93008422851562 140.8426971435547 260.44587326049805 140.8426971435547 260.44587326049805 223.05441284179688 228.93008422851562 223.05441284179688
227.9888458251953 139.60888671875 260.2712173461914 139.60888671875 260.2712173461914 223.22093963623047 227.9888458251953 223.22093963623047
228.9433135986328 140.0344696044922 260.5599880218506 140.0344696044922 260.5599880218506 219.97083282470703 228.9433135986328 219.97083282470703
228.5074920654297 139.3175811767578 260.3883457183838 139.3175811767578 260.3883457183838 223.18124389648438 228.5074920654297 223.18124389648438
228.48800659179688 140.384765625 260.29365158081055 140.384765625 260.29365158081055 221.83101654052734 228.48800659179688 221.83101654052734
228.7632293701172 140.5105438232422 261.028133392334 140.5105438232422 261.028133392334 220.56198120117188 228.7632293701172 220.56198120117188
227.77035522460938 141.15548706054688 260.5753364562988 141.15548706054688 260.5753364562988 221.61611938476562 227.77035522460938 221.61611938476562
227.83670043945312 140.2079315185547 260.9859275817871 140.2079315185547 260.9859275817871 222.38762664794922 227.83670043945312 222.38762664794922
227.44692993164062 140.07789611816406 260.6523666381836 140.07789611816406 260.6523666381836 221.2533721923828 227.44692993164062 221.2533721923828
228.3334503173828 139.3209228515625 261.39586639404297 139.3209228515625 261.39586639404297 221.34823608398438 228.3334503173828 221.34823608398438
227.52798461914062 140.68797302246094 261.2031555175781 140.68797302246094 261.2031555175781 220.0517807006836 227.52798461914062 220.0517807006836
227.4774627685547 137.69825744628906 260.87509536743164 137.69825744628906 260.87509536743164 218.5521240234375 227.4774627685547 218.5521240234375
227.380859375 137.10592651367188 259.97855377197266 137.10592651367188 259.97855377197266 220.67023468017578 227.380859375 220.67023468017578
227.1387939453125 134.3739471435547 260.134033203125 134.3739471435547 260.134033203125 220.331298828125 227.1387939453125 220.331298828125
227.36685180664062 134.83816528320312 259.9006462097168 134.83816528320312 259.9006462097168 219.44513702392578 227.36685180664062 219.44513702392578
226.3379669189453 134.0966796875 260.3090400695801 134.0966796875 260.3090400695801 218.97341918945312 226.3379669189453 218.97341918945312
226.26077270507812 136.26446533203125 259.83092498779297 136.26446533203125 259.83092498779297 218.2003631591797 226.26077270507812 218.2003631591797
226.4828643798828 135.94552612304688 259.82925033569336 135.94552612304688 259.82925033569336 219.85142517089844 226.4828643798828 219.85142517089844
226.0355224609375 136.93643188476562 260.1528434753418 136.93643188476562 260.1528434753418 219.20372009277344 226.0355224609375 219.20372009277344
226.01699829101562 137.75759887695312 259.21509552001953 137.75759887695312 259.21509552001953 219.3592987060547 226.01699829101562 219.3592987060547
225.8464813232422 137.40811157226562 258.2833023071289 137.40811157226562 258.2833023071289 219.03197479248047 225.8464813232422 219.03197479248047
225.4502716064453 137.57388305664062 257.6796188354492 137.57388305664062 257.6796188354492 217.76271057128906 225.4502716064453 217.76271057128906
224.66360473632812 137.1846160888672 256.54126358032227 137.1846160888672 256.54126358032227 216.416748046875 224.66360473632812 216.416748046875
224.3911895751953 135.0281219482422 255.56947708129883 135.0281219482422 255.56947708129883 216.00900268554688 224.3911895751953 216.00900268554688
224.4885711669922 133.88775634765625 255.46010780334473 133.88775634765625 255.46010780334473 215.15040588378906 224.4885711669922 215.15040588378906
224.1011962890625 133.6416473388672 254.36895370483398 133.6416473388672 254.36895370483398 215.1661605834961 224.1011962890625 215.1661605834961
224.35791015625 131.8200225830078 254.87228393554688 131.8200225830078 254.87228393554688 213.60372924804688 224.35791015625 213.60372924804688
223.91757202148438 132.45555114746094 254.02144813537598 132.45555114746094 254.02144813537598 211.64703369140625 223.91757202148438 211.64703369140625
224.187255859375 133.97164916992188 254.27363967895508 133.97164916992188 254.27363967895508 214.26129913330078 224.187255859375 214.26129913330078
223.4420623779297 133.87806701660156 253.89951133728027 133.87806701660156 253.89951133728027 213.4190444946289 223.4420623779297 213.4190444946289
222.9430694580078 135.14305114746094 253.3705539703369 135.14305114746094 253.3705539703369 215.21149444580078 222.9430694580078 215.21149444580078
224.12258911132812 134.581298828125 253.51511573791504 134.581298828125 253.51511573791504 213.42388916015625 224.12258911132812 213.42388916015625
223.3640899658203 135.41592407226562 254.00246047973633 135.41592407226562 254.00246047973633 213.8677215576172 223.3640899658203 213.8677215576172
222.33407592773438 134.29208374023438 253.66586685180664 134.29208374023438 253.66586685180664 212.28241729736328 222.33407592773438 212.28241729736328
223.2248992919922 131.3821258544922 253.38405990600586 131.3821258544922 253.38405990600586 211.67018127441406 223.2248992919922 211.67018127441406
223.00405883789062 132.66966247558594 253.22828674316406 132.66966247558594 253.22828674316406 212.29174041748047 223.00405883789062 212.29174041748047
222.4833221435547 130.08956909179688 252.59604263305664 130.08956909179688 252.59604263305664 210.71906280517578 222.4833221435547 210.71906280517578
222.3016357421875 130.61660766601562 252.30716514587402 130.61660766601562 252.30716514587402 211.5964584350586 222.3016357421875 211.5964584350586
221.47488403320312 130.75955200195312 252.38365173339844 130.75955200195312 252.38365173339844 213.24640655517578 221.47488403320312 213.24640655517578
221.61001586914062 131.1610107421875 251.8396110534668 131.1610107421875 251.8396110534668 212.17305755615234 221.61001586914062 212.17305755615234
221.727294921875 131.6815185546875 252.5886936187744 131.6815185546875 252.5886936187744 211.97547149658203 221.727294921875 211.97547149658203
221.3821563720703 131.65084838867188 251.32330894470215 131.65084838867188 251.32330894470215 213.58527374267578 221.3821563720703 213.58527374267578
220.80419921875 132.47189331054688 251.42551803588867 132.47189331054688 251.42551803588867 213.27826690673828 220.80419921875 213.27826690673828
219.6409912109375 132.42572021484375 251.2196807861328 132.42572021484375 251.2196807861328 212.5605926513672 219.6409912109375 212.5605926513672
219.95382690429688 132.95530700683594 251.3790740966797 132.95530700683594 251.3790740966797 212.62173461914062 219.95382690429688 212.62173461914062
218.97970581054688 133.23020935058594 250.7263298034668 133.23020935058594 250.7263298034668 212.06598663330078 218.97970581054688 212.06598663330078
218.54739379882812 132.68362426757812 250.99450302124023 132.68362426757812 250.99450302124023 210.02000427246094 218.54739379882812 210.02000427246094
217.0424346923828 130.8798370361328 249.55663681030273 130.8798370361328 249.55663681030273 212.0216827392578 217.0424346923828 212.0216827392578
217.1034698486328 131.8900909423828 250.10895919799805 131.8900909423828 250.10895919799805 210.7457275390625 217.1034698486328 210.7457275390625
216.67544555664062 130.87705993652344 250.08015060424805 130.87705993652344 250.08015060424805 208.90208435058594 216.67544555664062 208.90208435058594
216.74197387695312 130.96299743652344 250.14853286743164 130.96299743652344 250.14853286743164 207.96588897705078 216.74197387695312 207.96588897705078
216.05337524414062 131.3634796142578 250.23566436767578 131.3634796142578 250.23566436767578 208.56470489501953 216.05337524414062 208.56470489501953
216.5223846435547 131.7325897216797 249.42220306396484 131.7325897216797 249.42220306396484 209.22349548339844 216.5223846435547 209.22349548339844
216.1929168701172 131.90414428710938 249.89246368408203 131.90414428710938 249.89246368408203 209.41083526611328 216.1929168701172 209.41083526611328
216.10025024414062 132.43527221679688 249.52804565429688 132.43527221679688 249.52804565429688 209.61368560791016 216.10025024414062 209.61368560791016
215.58065795898438 131.4935760498047 250.07062530517578 131.4935760498047 250.07062530517578 208.67742919921875 215.58065795898438 208.67742919921875
216.2127227783203 131.33718872070312 249.68196868896484 131.33718872070312 249.68196868896484 209.43479919433594 216.2127227783203 209.43479919433594
215.6563262939453 129.64602661132812 249.86797332763672 129.64602661132812 249.86797332763672 208.95985412597656 215.6563262939453 208.95985412597656
215.6197052001953 130.17730712890625 249.2100601196289 130.17730712890625 249.2100601196289 209.20157623291016 215.6197052001953 209.20157623291016
216.07376098632812 128.6141357421875 248.8671989440918 128.6141357421875 248.8671989440918 208.9921112060547 216.07376098632812 208.9921112060547
215.27285766601562 127.1120834350586 248.77752685546875 127.1120834350586 248.77752685546875 210.10135650634766 215.27285766601562 210.10135650634766
215.9252471923828 127.18359375 248.78969192504883 127.18359375 248.78969192504883 209.01055908203125 215.9252471923828 209.01055908203125
212.9508514404297 126.3085708618164 249.33317184448242 126.3085708618164 249.33317184448242 210.37496185302734 212.9508514404297 210.37496185302734
204.28219604492188 118.8009262084961 238.393798828125 118.8009262084961 238.393798828125 211.38995361328125 204.28219604492188 211.38995361328125
197.033447265625 121.58207702636719 232.0380973815918 121.58207702636719 232.0380973815918 212.72293090820312 197.033447265625 212.72293090820312
186.07559204101562 124.6877212524414 222.48646545410156 124.6877212524414 222.48646545410156 214.01663970947266 186.07559204101562 214.01663970947266
180.02243041992188 119.58455657958984 214.67800903320312 119.58455657958984 214.67800903320312 213.65008544921875 180.02243041992188 213.65008544921875
167.20327758789062 129.011962890625 204.6410789489746 129.011962890625 204.6410789489746 213.25440216064453 167.20327758789062 213.25440216064453
161.33799743652344 119.31327819824219 195.7770767211914 119.31327819824219 195.7770767211914 212.79116821289062 161.33799743652344 212.79116821289062
152.14999389648438 122.497802734375 186.27216339111328 122.497802734375 186.27216339111328 215.1155014038086 152.14999389648438 215.1155014038086
141.85256958007812 119.55250549316406 176.31837463378906 119.55250549316406 176.31837463378906 213.10293579101562 141.85256958007812 213.10293579101562
134.781494140625 119.45704650878906 169.22588348388672 119.45704650878906 169.22588348388672 212.9493408203125 134.781494140625 212.9493408203125
124.02055358886719 122.15397644042969 160.23424911499023 122.15397644042969 160.23424911499023 212.2297592163086 124.02055358886719 212.2297592163086
116.81437683105469 120.31687927246094 151.73096466064453 120.31687927246094 151.73096466064453 215.09085845947266 116.81437683105469 215.09085845947266
105.14353942871094 126.08534240722656 143.19998168945312 126.08534240722656 143.19998168945312 209.29598236083984 105.14353942871094 209.29598236083984
103.4209976196289 127.08219146728516 139.5303840637207 127.08219146728516 139.5303840637207 209.8021240234375 103.4209976196289 209.8021240234375
115.8019790649414 122.50276184082031 150.60759353637695 122.50276184082031 150.60759353637695 213.09820556640625 115.8019790649414 213.09820556640625
122.72370910644531 119.38459777832031 156.41769790649414 119.38459777832031 156.41769790649414 210.84007263183594 122.72370910644531 210.84007263183594
131.29400634765625 127.9039535522461 167.2979621887207 127.9039535522461 167.2979621887207 208.96007537841797 131.29400634765625 208.96007537841797
141.2952423095703 120.25813293457031 174.77400970458984 120.25813293457031 174.77400970458984 211.12944793701172 141.2952423095703 211.12944793701172
150.98849487304688 124.36067199707031 183.97712326049805 124.36067199707031 183.97712326049805 213.901611328125 150.98849487304688 213.901611328125
159.28402709960938 119.96895599365234 192.69283294677734 119.96895599365234 192.69283294677734 210.650390625 159.28402709960938 210.650390625
166.36636352539062 120.77970886230469 200.2097930908203 120.77970886230469 200.2097930908203 208.9682846069336 166.36636352539062 208.9682846069336
176.6249542236328 119.09334564208984 209.649169921875 119.09334564208984 209.649169921875 208.73088836669922 176.6249542236328 208.73088836669922
185.309326171875 118.4214096069336 218.47716903686523 118.4214096069336 218.47716903686523 208.44879913330078 185.309326171875 208.44879913330078
194.2939910888672 120.09674072265625 227.6275634765625 120.09674072265625 227.6275634765625 207.22603607177734 194.2939910888672 207.22603607177734
203.2166748046875 119.00555419921875 235.93182373046875 119.00555419921875 235.93182373046875 207.80419921875 203.2166748046875 207.80419921875
212.6898651123047 119.0578384399414 245.0864028930664 119.0578384399414 245.0864028930664 206.9916763305664 212.6898651123047 206.9916763305664
213.5675506591797 124.6241226196289 247.32361221313477 124.6241226196289 247.32361221313477 203.93492889404297 213.5675506591797 203.93492889404297
205.55117797851562 116.95772552490234 237.79534912109375 116.95772552490234 237.79534912109375 204.4780044555664 205.55117797851562 204.4780044555664
197.5426483154297 118.3362045288086 229.5174160003662 118.3362045288086 229.5174160003662 205.12523651123047 197.5426483154297 205.12523651123047
188.56289672851562 120.8612060546875 220.67841339111328 120.8612060546875 220.67841339111328 208.03226470947266 188.56289672851562 208.03226470947266
180.74041748046875 119.12980651855469 213.24520111083984 119.12980651855469 213.24520111083984 207.35746002197266 180.74041748046875 207.35746002197266
171.7571563720703 119.682373046875 204.2436180114746 119.682373046875 204.2436180114746 207.86029052734375 171.7571563720703 207.86029052734375
162.1924591064453 116.74870300292969 195.15055084228516 116.74870300292969 195.15055084228516 206.20677185058594 162.1924591064453 206.20677185058594
153.1267852783203 115.03440856933594 187.82107162475586 115.03440856933594 187.82107162475586 204.9022216796875 153.1267852783203 204.9022216796875
142.82516479492188 117.25433349609375 176.56090545654297 117.25433349609375 176.56090545654297 208.82318878173828 142.82516479492188 208.82318878173828
134.4339141845703 116.19609069824219 169.02555084228516 116.19609069824219 169.02555084228516 206.7548828125 134.4339141845703 206.7548828125
127.765380859375 114.35186767578125 161.77974700927734 114.35186767578125 161.77974700927734 206.677001953125 127.765380859375 206.677001953125
117.91336822509766 116.37481689453125 151.57741928100586 116.37481689453125 151.57741928100586 207.74909210205078 117.91336822509766 207.74909210205078
107.4608154296875 122.22576904296875 144.9813690185547 122.22576904296875 144.9813690185547 203.31016540527344 107.4608154296875 203.31016540527344
104.51701354980469 122.52241516113281 138.12239456176758 122.52241516113281 138.12239456176758 204.55877685546875 104.51701354980469 204.55877685546875
112.62635803222656 121.51273345947266 147.02108001708984 121.51273345947266 147.02108001708984 214.87026977539062 112.62635803222656 214.87026977539062
122.68125915527344 117.5307846069336 157.1022491455078 117.5307846069336 157.1022491455078 210.9596176147461 122.68125915527344 210.9596176147461
132.39041137695312 114.34130859375 166.15199661254883 114.34130859375 166.15199661254883 205.98031616210938 132.39041137695312 205.98031616210938
138.95458984375 113.44270324707031 173.0191535949707 113.44270324707031 173.0191535949707 205.90408325195312 138.95458984375 205.90408325195312
150.33065795898438 114.73194885253906 184.67195510864258 114.73194885253906 184.67195510864258 207.9444580078125 150.33065795898438 207.9444580078125
157.49111938476562 123.7455062866211 192.90655517578125 123.7455062866211 192.90655517578125 209.9643325805664 157.49111938476562 209.9643325805664
164.24545288085938 120.13688659667969 200.29537963867188 120.13688659667969 200.29537963867188 203.7632293701172 164.24545288085938 203.7632293701172
175.114990234375 118.44903564453125 210.18800735473633 118.44903564453125 210.18800735473633 204.80753326416016 175.114990234375 204.80753326416016
184.49813842773438 120.2376480102539 218.32423400878906 120.2376480102539 218.32423400878906 208.40890502929688 184.49813842773438 208.40890502929688
191.15866088867188 116.6573257446289 225.97875213623047 116.6573257446289 225.97875213623047 201.58336639404297 191.15866088867188 201.58336639404297
202.88818359375 115.07659912109375 236.04599380493164 115.07659912109375 236.04599380493164 205.07676696777344 202.88818359375 205.07676696777344
211.7630615234375 116.57427978515625 245.47766876220703 116.57427978515625 245.47766876220703 208.08575439453125 211.7630615234375 208.08575439453125
216.842041015625 120.174072265625 249.02646255493164 120.174072265625 249.02646255493164 208.29356384277344 216.842041015625 208.29356384277344
208.5666046142578 116.44770812988281 242.56472396850586 116.44770812988281 242.56472396850586 208.72872924804688 208.5666046142578 208.72872924804688
199.605224609375 121.05794525146484 234.82804107666016 121.05794525146484 234.82804107666016 207.97126007080078 199.605224609375 207.97126007080078
189.7265167236328 118.50008392333984 225.1235466003418 118.50008392333984 225.1235466003418 207.01658630371094 189.7265167236328 207.01658630371094
180.6123504638672 117.86295318603516 216.41277313232422 117.86295318603516 216.41277313232422 207.7405548095703 180.6123504638672 207.7405548095703
172.07199096679688 117.9397201538086 207.9653434753418 117.9397201538086 207.9653434753418 204.04480743408203 172.07199096679688 204.04480743408203
162.3190155029297 116.80195617675781 198.1149673461914 116.80195617675781 198.1149673461914 204.81253051757812 162.3190155029297 204.81253051757812
153.821533203125 119.55177307128906 191.00666427612305 119.55177307128906 191.00666427612305 204.92312622070312 153.821533203125 204.92312622070312
145.63858032226562 113.66227722167969 181.2621078491211 113.66227722167969 181.2621078491211 206.77191162109375 145.63858032226562 206.77191162109375
136.2841339111328 117.343017578125 173.29056930541992 117.343017578125 173.29056930541992 202.13136291503906 136.2841339111328 202.13136291503906
128.88185119628906 116.75022888183594 166.0435905456543 116.75022888183594 166.0435905456543 203.85196685791016 128.88185119628906 203.85196685791016
121.14640808105469 112.9342041015625 155.6448097229004 112.9342041015625 155.6448097229004 206.5731658935547 121.14640808105469 206.5731658935547
110.82186126708984 117.86125183105469 146.49164581298828 117.86125183105469 146.49164581298828 207.5287628173828 110.82186126708984 207.5287628173828
106.41934967041016 118.38790130615234 140.07531356811523 118.38790130615234 140.07531356811523 198.98995208740234 106.41934967041016 198.98995208740234
110.1599349975586 116.29923248291016 144.45225143432617 116.29923248291016 144.45225143432617 209.37881469726562 110.1599349975586 209.37881469726562
119.00984191894531 115.62284851074219 153.96973419189453 115.62284851074219 153.96973419189453 206.76849365234375 119.00984191894531 206.76849365234375
129.26800537109375 116.81510925292969 164.15040969848633 116.81510925292969 164.15040969848633 203.69857788085938 129.26800537109375 203.69857788085938
135.6668701171875 113.89385986328125 170.7867660522461 113.89385986328125 170.7867660522461 202.0302276611328 135.6668701171875 202.0302276611328
145.46145629882812 115.95195007324219 180.59693908691406 115.95195007324219 180.59693908691406 200.79793548583984 145.46145629882812 200.79793548583984
153.80221557617188 115.7032470703125 188.8919563293457 115.7032470703125 188.8919563293457 202.78691864013672 153.80221557617188 202.78691864013672
161.63755798339844 114.52142333984375 197.0053482055664 114.52142333984375 197.0053482055664 202.99803161621094 161.63755798339844 202.99803161621094
170.62762451171875 111.10001373291016 204.65650177001953 111.10001373291016 204.65650177001953 203.4645538330078 170.62762451171875 203.4645538330078
180.5154571533203 115.419921875 214.88846588134766 115.419921875 214.88846588134766 205.5004425048828 180.5154571533203 205.5004425048828
187.8528289794922 110.1033706665039 222.67786407470703 110.1033706665039 222.67786407470703 201.4432601928711 187.8528289794922 201.4432601928711
197.46182250976562 109.27413177490234 231.4128875732422 109.27413177490234 231.4128875732422 201.42745971679688 197.46182250976562 201.42745971679688
206.53854370117188 110.07747650146484 240.7824821472168 110.07747650146484 240.7824821472168 203.0257568359375 206.53854370117188 203.0257568359375
213.3800811767578 116.1885757446289 247.92400360107422 116.1885757446289 247.92400360107422 196.62732696533203 213.3800811767578 196.62732696533203
209.2159881591797 113.96833801269531 244.38166427612305 113.96833801269531 244.38166427612305 201.62866973876953 209.2159881591797 201.62866973876953
200.1901092529297 117.0206298828125 235.06696319580078 117.0206298828125 235.06696319580078 204.5144805908203 200.1901092529297 204.5144805908203
190.3992156982422 115.4273910522461 225.75334930419922 115.4273910522461 225.75334930419922 200.4027557373047 190.3992156982422 200.4027557373047
183.37936401367188 114.95838928222656 218.21461486816406 114.95838928222656 218.21461486816406 202.89944458007812 183.37936401367188 202.89944458007812
173.38339233398438 110.06895446777344 207.06879425048828 110.06895446777344 207.06879425048828 201.5011749267578 173.38339233398438 201.5011749267578
162.85772705078125 109.0772933959961 197.3146743774414 109.0772933959961 197.3146743774414 199.1682586669922 162.85772705078125 199.1682586669922
155.5983123779297 115.34727478027344 191.02053451538086 115.34727478027344 191.02053451538086 201.92312622070312 155.5983123779297 201.92312622070312
146.20040893554688 111.90492248535156 182.31624603271484 111.90492248535156 182.31624603271484 198.4671401977539 146.20040893554688 198.4671401977539
138.25927734375 111.06378173828125 171.56902313232422 111.06378173828125 171.56902313232422 201.4763412475586 138.25927734375 201.4763412475586
129.55191040039062 116.59529113769531 165.16101837158203 116.59529113769531 165.16101837158203 198.3382110595703 129.55191040039062 198.3382110595703
121.86500549316406 112.66392517089844 154.7117919921875 112.66392517089844 154.7117919921875 201.81987762451172 121.86500549316406 201.81987762451172
111.67527770996094 114.03608703613281 144.0955810546875 114.03608703613281 144.0955810546875 202.034423828125 111.67527770996094 202.034423828125
103.28047180175781 117.4794921875 138.3752784729004 117.4794921875 138.3752784729004 194.69601440429688 103.28047180175781 194.69601440429688
106.32149505615234 112.53572845458984 138.0432415008545 112.53572845458984 138.0432415008545 198.63797760009766 106.32149505615234 198.63797760009766
115.18463134765625 116.00898742675781 147.65568161010742 116.00898742675781 147.65568161010742 200.47079467773438 115.18463134765625 200.47079467773438
124.81209564208984 114.01646423339844 157.43917083740234 114.01646423339844 157.43917083740234 195.61428833007812 124.81209564208984 195.61428833007812
132.84848022460938 115.4578628540039 164.47420692443848 115.4578628540039 164.47420692443848 198.45525360107422 132.84848022460938 198.45525360107422
142.61476135253906 114.64554595947266 174.1248664855957 114.64554595947266 174.1248664855957 196.92550659179688 142.61476135253906 196.92550659179688
149.91146850585938 111.27679443359375 182.7308120727539 111.27679443359375 182.7308120727539 193.90140533447266 149.91146850585938 193.90140533447266
158.4310302734375 112.68263244628906 191.7791404724121 112.68263244628906 191.7791404724121 194.73477172851562 158.4310302734375 194.73477172851562
167.16461181640625 109.82664489746094 199.05825805664062 109.82664489746094 199.05825805664062 196.39549255371094 167.16461181640625 196.39549255371094
177.71182250976562 109.2545166015625 209.66823768615723 109.2545166015625 209.66823768615723 195.99373626708984 177.71182250976562 195.99373626708984
184.88197326660156 111.05351257324219 216.8223533630371 111.05351257324219 216.8223533630371 197.74920654296875 184.88197326660156 197.74920654296875
193.7220001220703 109.85459899902344 226.02894592285156 109.85459899902344 226.02894592285156 197.54525756835938 193.7220001220703 197.54525756835938
202.179931640625 111.12324523925781 234.46846389770508 111.12324523925781 234.46846389770508 198.763916015625 202.179931640625 198.763916015625
210.67599487304688 109.02955627441406 243.79655075073242 109.02955627441406 243.79655075073242 198.9285888671875 210.67599487304688 198.9285888671875
210.0060577392578 111.7535629272461 243.62569427490234 111.7535629272461 243.62569427490234 200.48635864257812 210.0060577392578 200.48635864257812
201.64273071289062 110.96253967285156 234.5095329284668 110.96253967285156 234.5095329284668 200.17279815673828 201.64273071289062 200.17279815673828
191.45870971679688 109.36186218261719 224.60927200317383 109.36186218261719 224.60927200317383 199.3423309326172 191.45870971679688 199.3423309326172
184.30628967285156 108.1735610961914 217.3061866760254 108.1735610961914 217.3061866760254 197.74507904052734 184.30628967285156 197.74507904052734
176.0713348388672 107.6311264038086 208.80408477783203 107.6311264038086 208.80408477783203 196.47752380371094 176.0713348388672 196.47752380371094
166.78538513183594 109.71635437011719 200.03351974487305 109.71635437011719 200.03351974487305 196.77581024169922 166.78538513183594 196.77581024169922
158.44094848632812 108.90020751953125 191.23145294189453 108.90020751953125 191.23145294189453 197.9033660888672 158.44094848632812 197.9033660888672
151.14183044433594 107.8764877319336 183.85777282714844 107.8764877319336 183.85777282714844 196.67725372314453 151.14183044433594 196.67725372314453
141.93081665039062 108.68595123291016 174.41175079345703 108.68595123291016 174.41175079345703 196.84883880615234 141.93081665039062 196.84883880615234
133.67880249023438 110.75575256347656 166.43259048461914 110.75575256347656 166.43259048461914 196.5480499267578 133.67880249023438 196.5480499267578
124.6464614868164 109.52610778808594 156.98891067504883 109.52610778808594 156.98891067504883 197.31310272216797 124.6464614868164 197.31310272216797
116.29441833496094 111.96192932128906 148.76551055908203 111.96192932128906 148.76551055908203 200.09811401367188 116.29441833496094 200.09811401367188
107.09974670410156 111.31956481933594 139.93226623535156 111.31956481933594 139.93226623535156 200.43677520751953 107.09974670410156 200.43677520751953
105.03184509277344 109.34590148925781 138.28345108032227 109.34590148925781 138.28345108032227 194.40885162353516 105.03184509277344 194.40885162353516
114.81746673583984 106.88739013671875 146.90435791015625 106.88739013671875 146.90435791015625 193.9807357788086 114.81746673583984 193.9807357788086
122.32084655761719 106.05345153808594 154.9680938720703 106.05345153808594 154.9680938720703 194.66776275634766 122.32084655761719 194.66776275634766
131.38706970214844 108.04692077636719 164.01797485351562 108.04692077636719 164.01797485351562 194.63839721679688 131.38706970214844 194.63839721679688
141.0291290283203 109.05125427246094 173.46469497680664 109.05125427246094 173.46469497680664 197.0910186767578 141.0291290283203 197.0910186767578
149.66079711914062 109.39669036865234 182.25860977172852 109.39669036865234 182.25860977172852 197.87683868408203 149.66079711914062 197.87683868408203
159.2364959716797 108.1723861694336 192.95543670654297 108.1723861694336 192.95543670654297 195.6258773803711 159.2364959716797 195.6258773803711
168.06222534179688 107.43675231933594 200.76810455322266 107.43675231933594 200.76810455322266 196.21023559570312 168.06222534179688 196.21023559570312
175.53501892089844 106.3614501953125 208.6546630859375 106.3614501953125 208.6546630859375 196.25801849365234 175.53501892089844 196.25801849365234
184.3162841796875 111.07521057128906 220.00797271728516 111.07521057128906 220.00797271728516 197.33807373046875 184.3162841796875 197.33807373046875
192.00852966308594 110.43167877197266 227.2182846069336 110.43167877197266 227.2182846069336 196.152099609375 192.00852966308594 196.152099609375
201.2528076171875 107.85148620605469 234.72462844848633 107.85148620605469 234.72462844848633 198.70397186279297 201.2528076171875 198.70397186279297
211.93466186523438 107.74421691894531 245.08013534545898 107.74421691894531 245.08013534545898 197.71089935302734 211.93466186523438 197.71089935302734
214.74740600585938 111.0364990234375 249.59810638427734 111.0364990234375 249.59810638427734 193.65544891357422 214.74740600585938 193.65544891357422
208.5608367919922 107.35673522949219 241.32854461669922 107.35673522949219 241.32854461669922 196.29806518554688 208.5608367919922 196.29806518554688
198.9689178466797 110.06172180175781 231.53767776489258 110.06172180175781 231.53767776489258 198.46304321289062 198.9689178466797 198.46304321289062
190.32162475585938 108.31501770019531 223.95103454589844 108.31501770019531 223.95103454589844 196.17575073242188 190.32162475585938 196.17575073242188
182.7450408935547 106.724365234375 215.3571319580078 106.724365234375 215.3571319580078 195.24330139160156 182.7450408935547 195.24330139160156
173.42605590820312 108.08538818359375 206.78643035888672 108.08538818359375 206.78643035888672 194.7309341430664 173.42605590820312 194.7309341430664
166.18748474121094 109.62406158447266 199.88466262817383 109.62406158447266 199.88466262817383 195.06610107421875 166.18748474121094 195.06610107421875
157.49923706054688 108.480712890625 191.18897247314453 108.480712890625 191.18897247314453 199.9246826171875 157.49923706054688 199.9246826171875
148.46258544921875 110.8142318725586 182.3611068725586 110.8142318725586 182.3611068725586 199.82845306396484 148.46258544921875 199.82845306396484
139.79052734375 107.6200942993164 173.5294418334961 107.6200942993164 173.5294418334961 199.1975555419922 139.79052734375 199.1975555419922
131.85609436035156 108.12571716308594 165.73688888549805 108.12571716308594 165.73688888549805 200.08828735351562 131.85609436035156 200.08828735351562
123.18656158447266 108.9666748046875 157.40187454223633 108.9666748046875 157.40187454223633 201.83721923828125 123.18656158447266 201.83721923828125
113.72589111328125 108.58551025390625 148.68954467773438 108.58551025390625 148.68954467773438 199.6326141357422 113.72589111328125 199.6326141357422
110.87744140625 108.5419692993164 144.78020095825195 108.5419692993164 144.78020095825195 193.4265899658203 110.87744140625 193.4265899658203
115.89671325683594 108.05875396728516 149.76073455810547 108.05875396728516 149.76073455810547 199.97576904296875 115.89671325683594 199.97576904296875
126.44681549072266 108.2234115600586 160.68887329101562 108.2234115600586 160.68887329101562 201.16654205322266 126.44681549072266 201.16654205322266
135.66506958007812 107.93902587890625 169.39997100830078 107.93902587890625 169.39997100830078 199.50558471679688 135.66506958007812 199.50558471679688
142.56875610351562 108.47578430175781 176.28250885009766 108.47578430175781 176.28250885009766 199.98492431640625 142.56875610351562 199.98492431640625
154.4504852294922 106.71528625488281 187.93851852416992 106.71528625488281 187.93851852416992 197.61175537109375 154.4504852294922 197.61175537109375
163.33714294433594 109.16505432128906 197.0641860961914 109.16505432128906 197.0641860961914 200.71025848388672 163.33714294433594 200.71025848388672
170.8274688720703 107.89202880859375 204.5777473449707 107.89202880859375 204.5777473449707 199.50029754638672 170.8274688720703 199.50029754638672
179.83018493652344 106.96875 214.10062408447266 106.96875 214.10062408447266 199.98888397216797 179.83018493652344 199.98888397216797
189.2272186279297 107.00666809082031 223.22373962402344 107.00666809082031 223.22373962402344 199.28331756591797 189.2272186279297 199.28331756591797
197.37342834472656 107.51286315917969 231.5830307006836 107.51286315917969 231.5830307006836 200.36788177490234 197.37342834472656 200.36788177490234
206.1323699951172 106.00244140625 240.30345916748047 106.00244140625 240.30345916748047 198.7529296875 206.1323699951172 198.7529296875
213.6464080810547 107.16081237792969 248.3848114013672 107.16081237792969 248.3848114013672 201.45115661621094 213.6464080810547 201.45115661621094
220.2501678466797 109.626220703125 256.0735206604004 109.626220703125 256.0735206604004 195.20635223388672 220.2501678466797 195.20635223388672
214.66671752929688 107.00679016113281 248.05060958862305 107.00679016113281 248.05060958862305 197.62059783935547 214.66671752929688 197.62059783935547
205.80258178710938 107.3829116821289 239.56169891357422 107.3829116821289 239.56169891357422 199.01519775390625 205.80258178710938 199.01519775390625
199.3851318359375 113.18623352050781 234.6748390197754 113.18623352050781 234.6748390197754 200.7926025390625 199.3851318359375 200.7926025390625
190.16891479492188 107.89371490478516 223.3065185546875 107.89371490478516 223.3065185546875 197.83904266357422 190.16891479492188 197.83904266357422
181.6385498046875 108.13841247558594 214.35689544677734 108.13841247558594 214.35689544677734 196.94573974609375 181.6385498046875 196.94573974609375
174.30897521972656 111.95722961425781 206.63513946533203 111.95722961425781 206.63513946533203 199.7000503540039 174.30897521972656 199.7000503540039
165.02389526367188 110.9809341430664 197.57983779907227 110.9809341430664 197.57983779907227 199.3474349975586 165.02389526367188 199.3474349975586
156.56942749023438 111.78372955322266 189.1861915588379 111.78372955322266 189.1861915588379 200.31532287597656 156.56942749023438 200.31532287597656
147.06834411621094 109.7637939453125 180.3484764099121 109.7637939453125 180.3484764099121 200.0959701538086 147.06834411621094 200.0959701538086
139.52883911132812 108.75260925292969 173.1247329711914 108.75260925292969 173.1247329711914 199.94185638427734 139.52883911132812 199.94185638427734
130.9188995361328 111.0753173828125 164.6573715209961 111.0753173828125 164.6573715209961 202.6515655517578 130.9188995361328 202.6515655517578
119.87226867675781 105.6196060180664 154.1680450439453 105.6196060180664 154.1680450439453 198.70854949951172 119.87226867675781 198.70854949951172
114.59521484375 105.0594482421875 147.74522018432617 105.0594482421875 147.74522018432617 192.64563751220703 114.59521484375 192.64563751220703
117.37239837646484 106.55853271484375 152.16790771484375 106.55853271484375 152.16790771484375 201.00389099121094 117.37239837646484 201.00389099121094
127.36309814453125 111.581787109375 161.86946868896484 111.581787109375 161.86946868896484 205.24234008789062 127.36309814453125 205.24234008789062
137.48233032226562 108.27323913574219 172.05166625976562 108.27323913574219 172.05166625976562 202.10470581054688 137.48233032226562 202.10470581054688
143.3484344482422 103.8151626586914 177.9968605041504 103.8151626586914 177.9968605041504 197.8613052368164 143.3484344482422 197.8613052368164
153.48159790039062 104.38063049316406 187.91350555419922 104.38063049316406 187.91350555419922 197.83907318115234 153.48159790039062 197.83907318115234
162.66551208496094 104.08349609375 196.86842727661133 104.08349609375 196.86842727661133 196.9203872680664 162.66551208496094 196.9203872680664
171.7738037109375 105.623291015625 206.07996368408203 105.623291015625 206.07996368408203 198.74041748046875 171.7738037109375 198.74041748046875
180.22213745117188 109.5009536743164 214.79513549804688 109.5009536743164 214.79513549804688 203.34234619140625 180.22213745117188 203.34234619140625
189.79196166992188 104.29557800292969 224.4814682006836 104.29557800292969 224.4814682006836 198.45320892333984 189.79196166992188 198.45320892333984
198.70314025878906 103.22554016113281 233.89583587646484 103.22554016113281 233.89583587646484 198.74898529052734 198.70314025878906 198.74898529052734
206.3933868408203 102.86041259765625 240.74670791625977 102.86041259765625 240.74670791625977 196.1055450439453 206.3933868408203 196.1055450439453
214.691650390625 102.82098388671875 249.15750885009766 102.82098388671875 249.15750885009766 196.37157440185547 214.691650390625 196.37157440185547
222.50711059570312 104.65045166015625 257.05680084228516 104.65045166015625 257.05680084228516 194.2423095703125 222.50711059570312 194.2423095703125
220.2041473388672 105.47843933105469 255.08140563964844 105.47843933105469 255.08140563964844 200.14569091796875 220.2041473388672 200.14569091796875
211.38107299804688 101.3462905883789 245.85940551757812 101.3462905883789 245.85940551757812 194.9307403564453 211.38107299804688 194.9307403564453
202.16232299804688 99.1084976196289 237.01795196533203 99.1084976196289 237.01795196533203 193.71703338623047 202.16232299804688 193.71703338623047
193.46165466308594 103.89640045166016 228.4028549194336 103.89640045166016 228.4028549194336 198.73719787597656 193.46165466308594 198.73719787597656
184.31301879882812 103.57951354980469 219.37620544433594 103.57951354980469 219.37620544433594 198.75142669677734 184.31301879882812 198.75142669677734
176.8760528564453 107.55918884277344 212.1487159729004 107.55918884277344 212.1487159729004 203.29969024658203 176.8760528564453 203.29969024658203
168.55746459960938 102.49269104003906 203.56908798217773 102.49269104003906 203.56908798217773 197.524658203125 168.55746459960938 197.524658203125
160.45120239257812 108.4876937866211 195.37158584594727 108.4876937866211 195.37158584594727 203.27201080322266 160.45120239257812 203.27201080322266
151.07736206054688 103.6296615600586 185.3609390258789 103.6296615600586 185.3609390258789 196.68550872802734 151.07736206054688 196.68550872802734
143.43734741210938 103.18412780761719 178.25360870361328 103.18412780761719 178.25360870361328 194.6846923828125 143.43734741210938 194.6846923828125
135.33389282226562 98.65684509277344 169.51555633544922 98.65684509277344 169.51555633544922 191.4360580444336 135.33389282226562 191.4360580444336
126.0172119140625 95.64991760253906 159.75059127807617 95.64991760253906 159.75059127807617 187.21236419677734 126.0172119140625 187.21236419677734
116.14973449707031 99.40633392333984 153.00897979736328 99.40633392333984 153.00897979736328 181.88166046142578 116.14973449707031 181.88166046142578
120.75146484375 99.86726379394531 153.95210647583008 99.86726379394531 153.95210647583008 189.9836883544922 120.75146484375 189.9836883544922
128.17318725585938 98.94705963134766 160.49695205688477 98.94705963134766 160.49695205688477 186.6833724975586 128.17318725585938 186.6833724975586
137.4908905029297 99.19374084472656 169.50201797485352 99.19374084472656 169.50201797485352 186.0814666748047 137.4908905029297 186.0814666748047
147.40853881835938 97.67015075683594 179.2156581878662 97.67015075683594 179.2156581878662 184.004150390625 147.40853881835938 184.004150390625
156.91250610351562 100.40110778808594 188.46397972106934 100.40110778808594 188.46397972106934 186.04120635986328 156.91250610351562 186.04120635986328
163.4757080078125 103.27549743652344 194.5476951599121 103.27549743652344 194.5476951599121 187.61412811279297 163.4757080078125 187.61412811279297
174.09291076660156 101.59880065917969 205.2203483581543 101.59880065917969 205.2203483581543 186.08794403076172 174.09291076660156 186.08794403076172
181.0998992919922 99.46734619140625 211.51791954040527 99.46734619140625 211.51791954040527 182.03092193603516 181.0998992919922 182.03092193603516
190.5269012451172 100.74421691894531 220.90581703186035 100.74421691894531 220.90581703186035 183.20165252685547 190.5269012451172 183.20165252685547
201.46241760253906 102.6075210571289 231.66821670532227 102.6075210571289 231.66821670532227 184.59506225585938 201.46241760253906 184.59506225585938
209.2692108154297 99.15459442138672 239.75536727905273 99.15459442138672 239.75536727905273 181.90310668945312 209.2692108154297 181.90310668945312
217.9010467529297 103.97428131103516 248.48746299743652 103.97428131103516 248.48746299743652 186.99492645263672 217.9010467529297 186.99492645263672
227.2222442626953 95.5079574584961 258.1366310119629 95.5079574584961 258.1366310119629 179.41881561279297 227.2222442626953 179.41881561279297
227.01785278320312 96.1754379272461 257.34808921813965 96.1754379272461 257.34808921813965 178.50074005126953 227.01785278320312 178.50074005126953
220.5629119873047 104.50362396240234 250.7982120513916 104.50362396240234 250.7982120513916 186.57123565673828 220.5629119873047 186.57123565673828
210.3992462158203 96.61685943603516 240.78754234313965 96.61685943603516 240.78754234313965 179.09974670410156 210.3992462158203 179.09974670410156
201.1819305419922 98.8614501953125 231.79002952575684 98.8614501953125 231.79002952575684 181.9409408569336 201.1819305419922 181.9409408569336
192.7461395263672 98.6983642578125 223.69777488708496 98.6983642578125 223.69777488708496 182.71031188964844 192.7461395263672 182.71031188964844
182.40960693359375 103.83027648925781 213.3971004486084 103.83027648925781 213.3971004486084 187.9395523071289 182.40960693359375 187.9395523071289
175.88619995117188 107.3896255493164 207.26900100708008 107.3896255493164 207.26900100708008 192.57189178466797 175.88619995117188 192.57189178466797
168.1020050048828 115.56925201416016 199.6487216949463 115.56925201416016 199.6487216949463 201.1964340209961 168.1020050048828 201.1964340209961
159.0349578857422 107.505859375 189.8584499359131 107.505859375 189.8584499359131 191.1699981689453 159.0349578857422 191.1699981689453
152.05503845214844 97.57704162597656 182.90944290161133 97.57704162597656 182.90944290161133 181.32508850097656 152.05503845214844 181.32508850097656
140.82093811035156 111.50897216796875 172.29171752929688 111.50897216796875 172.29171752929688 196.93004608154297 140.82093811035156 196.93004608154297
130.21395874023438 113.44271087646484 161.57852745056152 113.44271087646484 161.57852745056152 198.57550048828125 130.21395874023438 198.57550048828125
123.8505859375 112.49803161621094 155.51745223999023 112.49803161621094 155.51745223999023 198.45135498046875 123.8505859375 198.45135498046875
122.3730239868164 108.46212005615234 154.2029914855957 108.46212005615234 154.2029914855957 193.86651611328125 122.3730239868164 193.86651611328125
128.5234375 110.92146301269531 160.78034210205078 110.92146301269531 160.78034210205078 198.4763412475586 128.5234375 198.4763412475586
138.13284301757812 113.2766342163086 171.08018493652344 113.2766342163086 171.08018493652344 202.70557403564453 138.13284301757812 202.70557403564453
146.08779907226562 109.1371078491211 179.38253021240234 109.1371078491211 179.38253021240234 199.50896453857422 146.08779907226562 199.50896453857422
153.19700622558594 110.34427642822266 187.04888153076172 110.34427642822266 187.04888153076172 202.2283935546875 153.19700622558594 202.2283935546875
163.7308349609375 111.138916015625 197.9900016784668 111.138916015625 197.9900016784668 204.12855529785156 163.7308349609375 204.12855529785156
172.30364990234375 106.65318298339844 207.37208938598633 106.65318298339844 207.37208938598633 201.83942413330078 172.30364990234375 201.83942413330078
180.541015625 106.1338882446289 216.17744827270508 106.1338882446289 216.17744827270508 202.86182403564453 180.541015625 202.86182403564453
189.65248107910156 105.86445617675781 225.1356201171875 105.86445617675781 225.1356201171875 202.17630004882812 189.65248107910156 202.17630004882812
197.34368896484375 105.90019226074219 232.5939712524414 105.90019226074219 232.5939712524414 201.57999420166016 197.34368896484375 201.57999420166016
205.1016387939453 98.01582336425781 240.61546325683594 98.01582336425781 240.61546325683594 194.41095733642578 205.1016387939453 194.41095733642578
213.7924346923828 94.67494201660156 249.9912986755371 94.67494201660156 249.9912986755371 192.92948150634766 213.7924346923828 192.92948150634766
224.05892944335938 101.36521911621094 260.15130615234375 101.36521911621094 260.15130615234375 199.33071899414062 224.05892944335938 199.33071899414062
228.88284301757812 102.402587890625 264.3802299499512 102.402587890625 264.3802299499512 197.7509307861328 228.88284301757812 197.7509307861328
226.3710479736328 103.10081481933594 261.84363555908203 103.10081481933594 261.84363555908203 199.08587646484375 226.3710479736328 199.08587646484375
228.6848907470703 100.0374526977539 261.9409828186035 100.0374526977539 261.9409828186035 197.9245834350586 228.6848907470703 197.9245834350586
229.98452758789062 100.24141693115234 263.00128173828125 100.24141693115234 263.00128173828125 198.95313262939453 229.98452758789062 198.95313262939453
227.43417358398438 98.09575653076172 262.38602447509766 98.09575653076172 262.38602447509766 196.79869842529297 227.43417358398438 196.79869842529297
229.7909393310547 101.6291275024414 264.00440979003906 101.6291275024414 264.00440979003906 202.2047348022461 229.7909393310547 202.2047348022461
230.75503540039062 101.74293518066406 265.2096366882324 101.74293518066406 265.2096366882324 203.7389907836914 230.75503540039062 203.7389907836914
231.4236602783203 99.70381164550781 266.1756401062012 99.70381164550781 266.1756401062012 200.94338989257812 231.4236602783203 200.94338989257812
232.9067840576172 99.79715728759766 267.96797943115234 99.79715728759766 267.96797943115234 201.31668853759766 232.9067840576172 201.31668853759766
232.54006958007812 98.92481994628906 267.3181800842285 98.92481994628906 267.3181800842285 200.82745361328125 232.54006958007812 200.82745361328125
233.663330078125 101.06861877441406 268.03003311157227 101.06861877441406 268.03003311157227 202.88885498046875 233.663330078125 202.88885498046875
232.1791534423828 98.27734375 266.4556694030762 98.27734375 266.4556694030762 204.5383529663086 232.1791534423828 204.5383529663086
232.86056518554688 98.51849365234375 267.0514678955078 98.51849365234375 267.0514678955078 202.1511459350586 232.86056518554688 202.1511459350586
232.8202667236328 99.51179504394531 267.2891426086426 99.51179504394531 267.2891426086426 204.3536148071289 232.8202667236328 204.3536148071289
231.9580535888672 96.08613586425781 267.3767433166504 96.08613586425781 267.3767433166504 202.03189849853516 231.9580535888672 202.03189849853516
231.4864501953125 95.68336486816406 265.92529296875 95.68336486816406 265.92529296875 201.0732421875 231.4864501953125 201.0732421875
231.5855255126953 98.56542205810547 266.2063179016113 98.56542205810547 266.2063179016113 202.37600708007812 231.5855255126953 202.37600708007812
231.62625122070312 95.62004089355469 266.5554733276367 95.62004089355469 266.5554733276367 198.55442810058594 231.62625122070312 198.55442810058594
233.9003143310547 100.64311218261719 268.16897201538086 100.64311218261719 268.16897201538086 202.51874542236328 233.9003143310547 202.51874542236328
232.6262969970703 98.69921875 267.3678512573242 98.69921875 267.3678512573242 205.36734771728516 232.6262969970703 205.36734771728516
232.3747100830078 100.12574005126953 266.873046875 100.12574005126953 266.873046875 205.25501251220703 232.3747100830078 205.25501251220703
232.44796752929688 97.80216979980469 266.4949836730957 97.80216979980469 266.4949836730957 202.98267364501953 232.44796752929688 202.98267364501953
233.165283203125 98.48907470703125 267.18033599853516 98.48907470703125 267.18033599853516 205.0562515258789 233.165283203125 205.0562515258789
233.1708526611328 97.95308685302734 266.6337127685547 97.95308685302734 266.6337127685547 203.5134048461914 233.1708526611328 203.5134048461914
233.9722442626953 97.72840881347656 267.42873764038086 97.72840881347656 267.42873764038086 201.24291229248047 233.9722442626953 201.24291229248047
234.49526977539062 99.02555847167969 268.3102340698242 99.02555847167969 268.3102340698242 202.0826644897461 234.49526977539062 202.0826644897461
235.48776245117188 99.1072006225586 269.0828056335449 99.1072006225586 269.0828056335449 201.95347595214844 235.48776245117188 201.95347595214844
