377.0 78.0 448.0 78.0 448.0 126.0 377.0 126.0
380.9738464355469 78.96488952636719 451.1501235961914 78.96488952636719 451.1501235961914 126.40800476074219 380.9738464355469 126.40800476074219
382.53656005859375 78.49742889404297 451.59291076660156 78.49742889404297 451.59291076660156 126.10163116455078 382.53656005859375 126.10163116455078
383.3526611328125 78.98320770263672 454.6096649169922 78.98320770263672 454.6096649169922 127.15151596069336 383.3526611328125 127.15151596069336
386.7570495605469 78.30888366699219 456.15076446533203 78.30888366699219 456.15076446533203 125.84232330322266 386.7570495605469 125.84232330322266
387.81756591796875 78.7293472290039 456.4869842529297 78.7293472290039 456.4869842529297 125.72890090942383 387.81756591796875 125.72890090942383
391.512939453125 78.36497497558594 461.10543060302734 78.36497497558594 461.10543060302734 125.41341400146484 391.512939453125 125.41341400146484
394.4379577636719 78.74794006347656 463.5742950439453 78.74794006347656 463.5742950439453 126.01400375366211 394.4379577636719 126.01400375366211
396.9985046386719 77.39305877685547 465.89525604248047 77.39305877685547 465.89525604248047 124.53403091430664 396.9985046386719 124.53403091430664
408.25079345703125 76.98748016357422 474.75526428222656 76.98748016357422 474.75526428222656 124.70136642456055 408.25079345703125 124.70136642456055
414.515869140625 77.04402160644531 479.8640441894531 77.04402160644531 479.8640441894531 125.09020233154297 414.515869140625 125.09020233154297
416.39312744140625 76.59562683105469 481.63123321533203 76.59562683105469 481.63123321533203 125.0599594116211 416.39312744140625 125.0599594116211
420.2823181152344 77.36567687988281 486.3239974975586 77.36567687988281 486.3239974975586 124.61664199829102 420.2823181152344 124.61664199829102
421.0732421875 75.98413848876953 484.9600028991699 75.98413848876953 484.9600028991699 123.84220123291016 421.0732421875 123.84220123291016
423.3138732910156 76.20832824707031 487.9463577270508 76.20832824707031 487.9463577270508 125.16114044189453 423.3138732910156 125.16114044189453
426.02838134765625 75.52617645263672 488.8918151855469 75.52617645263672 488.8918151855469 124.86781311035156 426.02838134765625 124.86781311035156
425.28729248046875 75.15505981445312 489.9841613769531 75.15505981445312 489.9841613769531 125.63738250732422 425.28729248046875 125.63738250732422
428.665771484375 74.00924682617188 492.20182037353516 74.00924682617188 492.20182037353516 124.33370971679688 428.665771484375 124.33370971679688
431.74639892578125 74.09808349609375 492.88375091552734 74.09808349609375 492.88375091552734 124.77289581298828 431.74639892578125 124.77289581298828
433.3125 73.39808654785156 494.38574981689453 73.39808654785156 494.38574981689453 124.71459579467773 433.3125 124.71459579467773
435.868896484375 72.85551452636719 497.3476867675781 72.85551452636719 497.3476867675781 124.07600402832031 435.868896484375 124.07600402832031
436.51385498046875 72.78605651855469 498.67402267456055 72.78605651855469 498.67402267456055 124.73962020874023 436.51385498046875 124.73962020874023
440.4765625 72.73039245605469 499.73102951049805 72.73039245605469 499.73102951049805 124.20133209228516 440.4765625 124.20133209228516
442.4163513183594 72.62614440917969 501.6559066772461 72.62614440917969 501.6559066772461 124.88037490844727 442.4163513183594 124.88037490844727
445.1412658691406 71.35807800292969 503.7163619995117 71.35807800292969 503.7163619995117 123.34077453613281 445.1412658691406 123.34077453613281
447.3193359375 72.66795349121094 504.83267974853516 72.66795349121094 504.83267974853516 123.48287963867188 447.3193359375 123.48287963867188
450.3675231933594 72.55582427978516 507.02364349365234 72.55582427978516 507.02364349365234 123.0207748413086 450.3675231933594 123.0207748413086
452.2876892089844 72.82179260253906 508.90889739990234 72.82179260253906 508.90889739990234 123.5025863647461 452.2876892089844 123.5025863647461
454.92816162109375 72.47428131103516 510.56217193603516 72.47428131103516 510.56217193603516 124.02536010742188 454.92816162109375 124.02536010742188
455.7933044433594 71.1753158569336 512.7804565429688 71.1753158569336 512.7804565429688 123.47293090820312 455.7933044433594 123.47293090820312
457.30169677734375 71.70621490478516 514.0183525085449 71.70621490478516 514.0183525085449 123.35804748535156 457.30169677734375 123.35804748535156
458.5816955566406 72.66651916503906 515.0069160461426 72.66651916503906 515.0069160461426 123.2131576538086 458.5816955566406 123.2131576538086
461.1751403808594 71.91499328613281 516.6226081848145 71.91499328613281 516.6226081848145 122.78325271606445 461.1751403808594 122.78325271606445
462.00836181640625 71.88143157958984 517.9766120910645 71.88143157958984 517.9766120910645 122.38273239135742 462.00836181640625 122.38273239135742
464.26116943359375 71.30789947509766 520.372386932373 71.30789947509766 520.372386932373 123.96688461303711 464.26116943359375 123.96688461303711
466.5294494628906 72.08443450927734 522.0940971374512 72.08443450927734 522.0940971374512 122.1492919921875 466.5294494628906 122.1492919921875
466.82562255859375 70.61190032958984 522.5315475463867 70.61190032958984 522.5315475463867 122.23958587646484 466.82562255859375 122.23958587646484
469.07708740234375 70.55137634277344 525.5612564086914 70.55137634277344 525.5612564086914 120.45282745361328 469.07708740234375 120.45282745361328
471.03216552734375 71.38533020019531 527.1885681152344 71.38533020019531 527.1885681152344 122.21888732910156 471.03216552734375 122.21888732910156
471.4110412597656 71.1010513305664 527.2304801940918 71.1010513305664 527.2304801940918 121.06927490234375 471.4110412597656 121.06927490234375
472.344482421875 69.824462890625 529.1922798156738 69.824462890625 529.1922798156738 121.13924407958984 472.344482421875 121.13924407958984
474.9462890625 69.2217025756836 529.8595504760742 69.2217025756836 529.8595504760742 121.6776237487793 474.9462890625 121.6776237487793
474.7686462402344 69.69602966308594 530.9098320007324 69.69602966308594 530.9098320007324 121.4200210571289 474.7686462402344 121.4200210571289
477.8426208496094 70.14583587646484 532.5367851257324 70.14583587646484 532.5367851257324 121.52302169799805 477.8426208496094 121.52302169799805
478.4413146972656 70.34471130371094 533.361946105957 70.34471130371094 533.361946105957 121.45357513427734 478.4413146972656 121.45357513427734
478.41650390625 69.36717224121094 534.3501968383789 69.36717224121094 534.3501968383789 122.04004669189453 478.41650390625 122.04004669189453
481.02398681640625 68.76109313964844 535.5666732788086 68.76109313964844 535.5666732788086 120.1604232788086 481.02398681640625 120.1604232788086
482.96759033203125 68.64610290527344 536.7365493774414 68.64610290527344 536.7365493774414 119.82079315185547 482.96759033203125 119.82079315185547
483.33123779296875 68.5042724609375 538.1488838195801 68.5042724609375 538.1488838195801 119.86552810668945 483.33123779296875 119.86552810668945
484.98876953125 68.32102966308594 538.9742660522461 68.32102966308594 538.9742660522461 120.55252456665039 484.98876953125 120.55252456665039
484.1067810058594 68.20213317871094 539.3420181274414 68.20213317871094 539.3420181274414 120.59654235839844 484.1067810058594 120.59654235839844
487.0899963378906 68.17164611816406 541.3389205932617 68.17164611816406 541.3389205932617 119.3440170288086 487.0899963378906 119.3440170288086
486.2530822753906 67.82005310058594 542.6567459106445 67.82005310058594 542.6567459106445 119.56488800048828 486.2530822753906 119.56488800048828
489.93377685546875 68.15019989013672 544.7114639282227 68.15019989013672 544.7114639282227 119.08028411865234 489.93377685546875 119.08028411865234
489.6192932128906 67.21097564697266 545.1561965942383 67.21097564697266 545.1561965942383 119.29472351074219 489.6192932128906 119.29472351074219
490.1253967285156 68.1494140625 545.9872055053711 68.1494140625 545.9872055053711 119.14664077758789 490.1253967285156 119.14664077758789
490.73895263671875 66.47882843017578 546.8870010375977 66.47882843017578 546.8870010375977 118.0828857421875 490.73895263671875 118.0828857421875
491.99713134765625 67.17266845703125 546.2521858215332 67.17266845703125 546.2521858215332 118.52729415893555 491.99713134765625 118.52729415893555
492.59368896484375 67.74583435058594 547.3902587890625 67.74583435058594 547.3902587890625 118.91587829589844 492.59368896484375 118.91587829589844
494.0665588378906 66.53364562988281 548.5105895996094 66.53364562988281 548.5105895996094 118.25798034667969 494.0665588378906 118.25798034667969
493.0333557128906 65.99085235595703 549.409912109375 65.99085235595703 549.409912109375 117.07465362548828 493.0333557128906 117.07465362548828
495.72430419921875 66.68595123291016 550.3314590454102 66.68595123291016 550.3314590454102 117.27204132080078 495.72430419921875 117.27204132080078
497.16412353515625 66.03501892089844 550.9021072387695 66.03501892089844 550.9021072387695 116.84897232055664 497.16412353515625 116.84897232055664
496.46795654296875 66.8940200805664 550.7839546203613 66.8940200805664 550.7839546203613 117.74565505981445 496.46795654296875 117.74565505981445
498.3706970214844 65.96812438964844 552.2972183227539 65.96812438964844 552.2972183227539 116.82499694824219 498.3706970214844 116.82499694824219
499.4046325683594 66.72160339355469 552.7153244018555 66.72160339355469 552.7153244018555 117.01615524291992 499.4046325683594 117.01615524291992
499.912353515625 65.81997680664062 553.3733520507812 65.81997680664062 553.3733520507812 116.6450080871582 499.912353515625 116.6450080871582
500.591552734375 65.26888275146484 554.8079109191895 65.26888275146484 554.8079109191895 116.31605529785156 500.591552734375 116.31605529785156
500.86077880859375 65.80094909667969 555.4397392272949 65.80094909667969 555.4397392272949 117.31912994384766 500.86077880859375 117.31912994384766
502.6517028808594 64.78924560546875 555.9307441711426 64.78924560546875 555.9307441711426 115.55292510986328 502.6517028808594 115.55292510986328
502.90093994140625 64.71558380126953 557.5636672973633 64.71558380126953 557.5636672973633 117.07122421264648 502.90093994140625 117.07122421264648
505.3648986816406 64.82528686523438 558.9692306518555 64.82528686523438 558.9692306518555 116.4023208618164 505.3648986816406 116.4023208618164
505.21746826171875 64.83513641357422 560.0249519348145 64.83513641357422 560.0249519348145 116.44358444213867 505.21746826171875 116.44358444213867
505.3001403808594 64.21753692626953 560.3844795227051 64.21753692626953 560.3844795227051 116.62514114379883 505.3001403808594 116.62514114379883
506.55792236328125 62.957069396972656 561.4445571899414 62.957069396972656 561.4445571899414 114.71954345703125 506.55792236328125 114.71954345703125
507.1043395996094 63.1619758605957 562.8707809448242 63.1619758605957 562.8707809448242 116.24153518676758 507.1043395996094 116.24153518676758
506.4009704589844 62.86127853393555 562.4454574584961 62.86127853393555 562.4454574584961 115.05704116821289 506.4009704589844 115.05704116821289
509.3224182128906 62.9097900390625 564.4315719604492 62.9097900390625 564.4315719604492 115.50867462158203 509.3224182128906 115.50867462158203
509.50299072265625 62.116981506347656 564.7411003112793 62.116981506347656 564.7411003112793 115.52548217773438 509.50299072265625 115.52548217773438
510.1978454589844 62.689476013183594 565.1804733276367 62.689476013183594 565.1804733276367 114.61129760742188 510.1978454589844 114.61129760742188
510.37652587890625 62.38501739501953 565.6916084289551 62.38501739501953 565.6916084289551 114.09002304077148 510.37652587890625 114.09002304077148
511.2547302246094 64.01212310791016 566.0654830932617 64.01212310791016 566.0654830932617 114.87067413330078 511.2547302246094 114.87067413330078
512.1536865234375 62.954307556152344 566.2945327758789 62.954307556152344 566.2945327758789 114.2623291015625 512.1536865234375 114.2623291015625
514.0184326171875 63.30901336669922 568.6743278503418 63.30901336669922 568.6743278503418 113.98590469360352 514.0184326171875 113.98590469360352
514.5286865234375 62.17400360107422 568.8095817565918 62.17400360107422 568.8095817565918 113.67805480957031 514.5286865234375 113.67805480957031
515.1944580078125 62.694862365722656 569.7918472290039 62.694862365722656 569.7918472290039 114.85822296142578 515.1944580078125 114.85822296142578
515.2764892578125 61.15251541137695 571.683666229248 61.15251541137695 571.683666229248 113.39045333862305 515.2764892578125 113.39045333862305
516.6842651367188 61.402854919433594 572.547679901123 61.402854919433594 572.547679901123 113.92874145507812 516.6842651367188 113.92874145507812
516.8606567382812 60.817420959472656 572.7271614074707 60.817420959472656 572.7271614074707 112.87981796264648 516.8606567382812 112.87981796264648
517.6934814453125 60.6037483215332 574.6670913696289 60.6037483215332 574.6670913696289 113.15128326416016 517.6934814453125 113.15128326416016
517.9890747070312 60.896400451660156 574.7172966003418 60.896400451660156 574.7172966003418 112.42788696289062 517.9890747070312 112.42788696289062
518.6490478515625 59.428443908691406 575.475471496582 59.428443908691406 575.475471496582 111.77638626098633 518.6490478515625 111.77638626098633
519.4613037109375 60.52619552612305 576.3875503540039 60.52619552612305 576.3875503540039 111.46929550170898 519.4613037109375 111.46929550170898
520.5101318359375 59.609153747558594 578.8438606262207 59.609153747558594 578.8438606262207 112.87126159667969 520.5101318359375 112.87126159667969
520.9783325195312 59.696189880371094 577.2817878723145 59.696189880371094 577.2817878723145 111.13159561157227 520.9783325195312 111.13159561157227
522.2867431640625 59.953819274902344 579.1831130981445 59.953819274902344 579.1831130981445 111.90555191040039 522.2867431640625 111.90555191040039
523.1292724609375 59.38999557495117 579.2446174621582 59.38999557495117 579.2446174621582 111.49458694458008 523.1292724609375 111.49458694458008
523.69140625 59.71254348754883 578.532299041748 59.71254348754883 578.532299041748 110.85835647583008 523.69140625 110.85835647583008
521.2744750976562 63.206817626953125 584.9782104492188 63.206817626953125 584.9782104492188 112.17982864379883 521.2744750976562 112.17982864379883
526.0520629882812 60.03449630737305 581.9798583984375 60.03449630737305 581.9798583984375 110.78099060058594 526.0520629882812 110.78099060058594
526.3612670898438 59.5964469909668 582.4719848632812 59.5964469909668 582.4719848632812 110.6436653137207 526.3612670898438 110.6436653137207
526.4656982421875 57.811614990234375 583.6990547180176 57.811614990234375 583.6990547180176 109.97385787963867 526.4656982421875 109.97385787963867
527.8126831054688 58.83271408081055 584.7806587219238 58.83271408081055 584.7806587219238 111.52706909179688 527.8126831054688 111.52706909179688
529.3975830078125 58.593116760253906 586.9033088684082 58.593116760253906 586.9033088684082 110.69104766845703 529.3975830078125 110.69104766845703
529.242431640625 57.5949821472168 586.8145217895508 57.5949821472168 586.8145217895508 110.0850715637207 529.242431640625 110.0850715637207
527.7969970703125 58.64862823486328 589.0411376953125 58.64862823486328 589.0411376953125 108.99870681762695 527.7969970703125 108.99870681762695
524.9309692382812 60.44932174682617 591.4028701782227 60.44932174682617 591.4028701782227 105.38806533813477 524.9309692382812 105.38806533813477
527.2410278320312 61.13725662231445 594.5745849609375 61.13725662231445 594.5745849609375 106.65853118896484 527.2410278320312 106.65853118896484
528.4324340820312 61.57954025268555 594.961051940918 61.57954025268555 594.961051940918 106.55663681030273 528.4324340820312 106.55663681030273
527.8822631835938 61.246604919433594 594.2049179077148 61.246604919433594 594.2049179077148 106.08445739746094 527.8822631835938 106.08445739746094
529.4688720703125 61.1544189453125 596.6780548095703 61.1544189453125 596.6780548095703 106.59160995483398 529.4688720703125 106.59160995483398
531.9014892578125 59.23859405517578 597.894660949707 59.23859405517578 597.894660949707 103.85369491577148 531.9014892578125 103.85369491577148
530.9801025390625 60.00554275512695 598.5749053955078 60.00554275512695 598.5749053955078 105.70343780517578 530.9801025390625 105.70343780517578
532.949462890625 59.2314453125 601.2516250610352 59.2314453125 601.2516250610352 105.40755081176758 532.949462890625 105.40755081176758
533.8756103515625 59.2788200378418 603.591796875 59.2788200378418 603.591796875 106.41089248657227 533.8756103515625 106.41089248657227
535.9835815429688 59.376556396484375 605.3435287475586 59.376556396484375 605.3435287475586 106.26779174804688 535.9835815429688 106.26779174804688
536.3062133789062 59.68259811401367 605.789176940918 59.68259811401367 605.789176940918 106.65700149536133 536.3062133789062 106.65700149536133
534.4560546875 58.59138870239258 605.0105743408203 58.59138870239258 605.0105743408203 106.29022598266602 534.4560546875 106.29022598266602
537.5899047851562 59.22858810424805 608.0126037597656 59.22858810424805 608.0126037597656 106.83831024169922 537.5899047851562 106.83831024169922
538.7940673828125 59.351219177246094 608.2347717285156 59.351219177246094 608.2347717285156 106.29705810546875 538.7940673828125 106.29705810546875
543.0860595703125 56.649635314941406 606.5953903198242 56.649635314941406 606.5953903198242 107.40653228759766 543.0860595703125 107.40653228759766
542.6456298828125 56.82514572143555 607.5128631591797 56.82514572143555 607.5128631591797 105.89328002929688 542.6456298828125 105.89328002929688
544.1543579101562 55.13787841796875 605.3079147338867 55.13787841796875 605.3079147338867 107.8267822265625 544.1543579101562 107.8267822265625
545.7640380859375 55.94590377807617 606.1352920532227 55.94590377807617 606.1352920532227 108.53635025024414 545.7640380859375 108.53635025024414
547.8427734375 55.5200080871582 605.4467849731445 55.5200080871582 605.4467849731445 108.27302932739258 547.8427734375 108.27302932739258
546.7512817382812 55.64501953125 605.1887893676758 55.64501953125 605.1887893676758 107.4880256652832 546.7512817382812 107.4880256652832
547.6834716796875 56.416046142578125 603.7049865722656 56.416046142578125 603.7049865722656 108.68569946289062 547.6834716796875 108.68569946289062
548.6494140625 55.4805908203125 603.2573547363281 55.4805908203125 603.2573547363281 108.01185989379883 548.6494140625 108.01185989379883
549.0578002929688 56.09287643432617 603.1417427062988 56.09287643432617 603.1417427062988 108.18413543701172 549.0578002929688 108.18413543701172
546.630859375 57.99592971801758 605.2110214233398 57.99592971801758 605.2110214233398 106.90378952026367 546.630859375 106.90378952026367
550.0523071289062 57.4644775390625 603.1129379272461 57.4644775390625 603.1129379272461 109.22773361206055 550.0523071289062 109.22773361206055
548.0451049804688 58.488380432128906 602.5465278625488 58.488380432128906 602.5465278625488 108.84770584106445 548.0451049804688 108.84770584106445
548.1074829101562 57.45308303833008 602.1296157836914 57.45308303833008 602.1296157836914 108.5900993347168 548.1074829101562 108.5900993347168
544.1267700195312 57.40264129638672 603.8736267089844 57.40264129638672 603.8736267089844 106.78789901733398 544.1267700195312 106.78789901733398
545.1294555664062 55.5448112487793 603.5774917602539 55.5448112487793 603.5774917602539 107.24765396118164 545.1294555664062 107.24765396118164
544.5160522460938 56.65055465698242 605.2512283325195 56.65055465698242 605.2512283325195 106.08667373657227 544.5160522460938 106.08667373657227
543.9337768554688 57.60566329956055 610.2353897094727 57.60566329956055 610.2353897094727 102.4293212890625 543.9337768554688 102.4293212890625
544.112060546875 57.82012939453125 610.2377319335938 57.82012939453125 610.2377319335938 102.52484893798828 544.112060546875 102.52484893798828
546.7515258789062 56.3907470703125 612.5739517211914 56.3907470703125 612.5739517211914 100.89045333862305 546.7515258789062 100.89045333862305
543.3161010742188 55.46551513671875 608.9256744384766 55.46551513671875 608.9256744384766 99.82132339477539 543.3161010742188 99.82132339477539
545.354248046875 52.5311164855957 611.6109390258789 52.5311164855957 611.6109390258789 97.32441329956055 545.354248046875 97.32441329956055
543.5529174804688 53.61091232299805 609.5470809936523 53.61091232299805 609.5470809936523 98.22672271728516 543.5529174804688 98.22672271728516
540.615478515625 52.90302658081055 607.7522811889648 52.90302658081055 607.7522811889648 98.29133224487305 540.615478515625 98.29133224487305
544.3360595703125 51.58628463745117 612.6749114990234 51.58628463745117 612.6749114990234 97.78724670410156 544.3360595703125 97.78724670410156
550.0494384765625 50.541439056396484 616.6711273193359 50.541439056396484 616.6711273193359 98.73976516723633 550.0494384765625 98.73976516723633
549.2379760742188 49.80758285522461 615.2301254272461 49.80758285522461 615.2301254272461 100.39569854736328 549.2379760742188 100.39569854736328
552.7081298828125 50.81782913208008 618.1646575927734 50.81782913208008 618.1646575927734 101.52561950683594 552.7081298828125 101.52561950683594
551.2355346679688 54.73698043823242 619.8959884643555 54.73698043823242 619.8959884643555 101.1553726196289 551.2355346679688 101.1553726196289
552.1583251953125 53.588905334472656 621.1298675537109 53.588905334472656 621.1298675537109 100.21760559082031 552.1583251953125 100.21760559082031
555.15478515625 53.91108322143555 623.3322601318359 53.91108322143555 623.3322601318359 100.00294876098633 555.15478515625 100.00294876098633
560.3343505859375 50.38459777832031 618.7328262329102 50.38459777832031 618.7328262329102 102.06237030029297 560.3343505859375 102.06237030029297
558.7369384765625 51.43415069580078 622.6410522460938 51.43415069580078 622.6410522460938 97.96694946289062 558.7369384765625 97.96694946289062
565.0279541015625 53.69092559814453 619.2749137878418 53.69092559814453 619.2749137878418 103.12871551513672 565.0279541015625 103.12871551513672
566.1305541992188 51.87481689453125 618.7647094726562 51.87481689453125 618.7647094726562 102.49447631835938 566.1305541992188 102.49447631835938
567.5743408203125 53.51862716674805 619.4234237670898 53.51862716674805 619.4234237670898 101.74452590942383 567.5743408203125 101.74452590942383
564.3975830078125 54.24585723876953 621.8287582397461 54.24585723876953 621.8287582397461 98.49316024780273 564.3975830078125 98.49316024780273
564.4757080078125 55.701377868652344 624.3104782104492 55.701377868652344 624.3104782104492 99.1162338256836 564.4757080078125 99.1162338256836
567.1055908203125 55.69794845581055 622.2196426391602 55.69794845581055 622.2196426391602 102.60506057739258 567.1055908203125 102.60506057739258
567.4561767578125 53.56269454956055 623.9349670410156 53.56269454956055 623.9349670410156 99.86954879760742 567.4561767578125 99.86954879760742
565.1280517578125 54.75246047973633 627.987548828125 54.75246047973633 627.987548828125 97.24908065795898 565.1280517578125 97.24908065795898
566.2410278320312 55.59722137451172 628.5915222167969 55.59722137451172 628.5915222167969 97.74972534179688 566.2410278320312 97.74972534179688
565.3134765625 56.238739013671875 628.4186401367188 56.238739013671875 628.4186401367188 98.90144348144531 565.3134765625 98.90144348144531
565.0304565429688 55.7865104675293 628.0591049194336 55.7865104675293 628.0591049194336 98.39748764038086 565.0304565429688 98.39748764038086
565.6806640625 55.325233459472656 628.4647521972656 55.325233459472656 628.4647521972656 97.7708740234375 565.6806640625 97.7708740234375
567.61962890625 54.31159591674805 628.2265396118164 54.31159591674805 628.2265396118164 97.71413040161133 567.61962890625 97.71413040161133
567.5245971679688 55.983192443847656 628.9999504089355 55.983192443847656 628.9999504089355 97.5440559387207 567.5245971679688 97.5440559387207
568.0860595703125 56.535057067871094 628.9999618530273 56.535057067871094 628.9999618530273 97.71635055541992 568.0860595703125 97.71635055541992
568.7672119140625 57.082244873046875 628.9999885559082 57.082244873046875 628.9999885559082 97.80306243896484 568.7672119140625 97.80306243896484
570.8742065429688 54.98145294189453 628.9999885559082 54.98145294189453 628.9999885559082 94.27781677246094 570.8742065429688 94.27781677246094
571.2348022460938 56.632720947265625 628.9999504089355 56.632720947265625 628.9999504089355 95.68527603149414 571.2348022460938 95.68527603149414
571.8953857421875 55.087188720703125 628.9478759765625 55.087188720703125 628.9478759765625 93.65793991088867 571.8953857421875 93.65793991088867
571.7476196289062 56.69196319580078 629.0 56.69196319580078 629.0 95.3978500366211 571.7476196289062 95.3978500366211
572.216796875 55.69734573364258 628.9999923706055 55.69734573364258 628.9999923706055 94.0860366821289 572.216796875 94.0860366821289
573.9802856445312 55.890220642089844 629.0000228881836 55.890220642089844 629.0000228881836 93.08671188354492 573.9802856445312 93.08671188354492
575.3146362304688 55.359596252441406 628.9999809265137 55.359596252441406 628.9999809265137 91.65396118164062 575.3146362304688 91.65396118164062
576.1552734375 55.309715270996094 628.9999923706055 55.309715270996094 628.9999923706055 91.0357666015625 576.1552734375 91.0357666015625
577.6452026367188 56.378395080566406 629.0000305175781 56.378395080566406 629.0000305175781 91.09719848632812 577.6452026367188 91.09719848632812
578.1829833984375 55.737464904785156 629.0000381469727 55.737464904785156 629.0000381469727 90.09270095825195 578.1829833984375 90.09270095825195
578.90625 56.41082000732422 628.9999809265137 56.41082000732422 628.9999809265137 90.27705383300781 578.90625 90.27705383300781
579.9766235351562 56.52936935424805 629.0000267028809 56.52936935424805 629.0000267028809 89.67200088500977 579.9766235351562 89.67200088500977
581.14013671875 56.74775314331055 629.0000076293945 56.74775314331055 629.0000076293945 89.10376739501953 581.14013671875 89.10376739501953
581.8108520507812 56.91704177856445 629.0000877380371 56.91704177856445 629.0000877380371 88.81966590881348 581.8108520507812 88.81966590881348
582.8211059570312 57.1125602722168 629.0000076293945 57.1125602722168 629.0000076293945 88.33213996887207 582.8211059570312 88.33213996887207
584.1710205078125 59.24958038330078 628.9999885559082 59.24958038330078 628.9999885559082 89.5565299987793 584.1710205078125 89.5565299987793
583.8668212890625 58.312889099121094 628.9999885559082 58.312889099121094 628.9999885559082 88.82549285888672 583.8668212890625 88.82549285888672
584.7448120117188 58.083946228027344 629.0000381469727 58.083946228027344 629.0000381469727 88.00300979614258 584.7448120117188 88.00300979614258
585.21142578125 60.276390075683594 629.0000152587891 60.276390075683594 629.0000152587891 89.8799819946289 585.21142578125 89.8799819946289
585.2672119140625 57.37061309814453 628.9999694824219 57.37061309814453 628.9999694824219 86.93645858764648 585.2672119140625 86.93645858764648
585.3383178710938 58.33318328857422 629.0000381469727 58.33318328857422 629.0000381469727 87.85099983215332 585.3383178710938 87.85099983215332
585.5928955078125 59.17882537841797 628.9999885559082 59.17882537841797 628.9999885559082 88.52449798583984 585.5928955078125 88.52449798583984
586.43798828125 58.78334426879883 628.9999618530273 58.78334426879883 628.9999618530273 87.55767059326172 586.43798828125 87.55767059326172
588.0145874023438 59.65477752685547 629.0000114440918 59.65477752685547 629.0000114440918 87.36326789855957 588.0145874023438 87.36326789855957
588.3595581054688 59.4476318359375 628.9999694824219 59.4476318359375 628.9999694824219 86.92287254333496 588.3595581054688 86.92287254333496
589.5360107421875 60.03923797607422 628.9999465942383 60.03923797607422 628.9999465942383 86.71911430358887 589.5360107421875 86.71911430358887
590.70361328125 60.35010528564453 629.0000190734863 60.35010528564453 629.0000190734863 86.24066352844238 590.70361328125 86.24066352844238
591.5965576171875 59.47380447387695 628.9999389648438 59.47380447387695 628.9999389648438 84.7606258392334 591.5965576171875 84.7606258392334
592.558349609375 59.45642852783203 629.0000076293945 59.45642852783203 629.0000076293945 84.09306716918945 592.558349609375 84.09306716918945
592.5150756835938 59.11173629760742 629.0000228881836 59.11173629760742 629.0000228881836 83.77763938903809 592.5150756835938 83.77763938903809
592.0639038085938 57.9661750793457 628.9999732971191 57.9661750793457 628.9999732971191 82.93706321716309 592.0639038085938 82.93706321716309
591.4647827148438 56.828575134277344 629.0 56.828575134277344 629.0 82.20452117919922 591.4647827148438 82.20452117919922
592.279541015625 55.24213790893555 629.0000381469727 55.24213790893555 629.0000381469727 80.0672836303711 592.279541015625 80.0672836303711
592.53955078125 56.564727783203125 628.9999580383301 56.564727783203125 628.9999580383301 81.21403884887695 592.53955078125 81.21403884887695
592.630859375 56.660003662109375 629.0 56.660003662109375 629.0 81.24761199951172 592.630859375 81.24761199951172
592.3610229492188 54.929420471191406 628.9999923706055 54.929420471191406 628.9999923706055 79.6994457244873 592.3610229492188 79.6994457244873
592.8692016601562 56.0651741027832 628.9468955993652 56.0651741027832 628.9468955993652 80.45574569702148 592.8692016601562 80.45574569702148
592.7071533203125 55.15692138671875 629.0 55.15692138671875 629.0 79.69294929504395 592.7071533203125 79.69294929504395
593.1121215820312 56.32343673706055 629.0000152587891 56.32343673706055 629.0000152587891 80.585693359375 593.1121215820312 80.585693359375
593.18115234375 56.96531295776367 628.9999694824219 56.96531295776367 628.9999694824219 81.18087005615234 593.18115234375 81.18087005615234
594.5032348632812 57.72052764892578 629.000072479248 57.72052764892578 629.000072479248 81.04235076904297 594.5032348632812 81.04235076904297
595.0138549804688 58.300079345703125 628.9999618530273 58.300079345703125 628.9999618530273 81.2766170501709 595.0138549804688 81.2766170501709
596.1658325195312 57.34349822998047 629.0000305175781 57.34349822998047 629.0000305175781 79.54127883911133 596.1658325195312 79.54127883911133
597.0408325195312 58.327293395996094 628.9999942779541 58.327293395996094 628.9999942779541 79.93349838256836 597.0408325195312 79.93349838256836
597.4675903320312 58.46551513671875 629.0 58.46551513671875 629.0 79.78321266174316 597.4675903320312 79.78321266174316
598.5396728515625 58.8536376953125 629.0000057220459 58.8536376953125 629.0000057220459 79.4465503692627 598.5396728515625 79.4465503692627
598.51220703125 59.54255294799805 629.000020980835 59.54255294799805 629.000020980835 80.15404510498047 598.51220703125 80.15404510498047
598.5560302734375 59.29851531982422 628.9999351501465 59.29851531982422 628.9999351501465 79.88032341003418 598.5560302734375 79.88032341003418
598.739013671875 58.18241500854492 629.0000095367432 58.18241500854492 629.0000095367432 78.64056587219238 598.739013671875 78.64056587219238
599.4659423828125 58.199859619140625 629.000057220459 58.199859619140625 629.000057220459 78.16659927368164 599.4659423828125 78.16659927368164
600.3057250976562 58.3323974609375 628.9999809265137 58.3323974609375 628.9999809265137 77.7313461303711 600.3057250976562 77.7313461303711
601.1224365234375 58.74515914916992 628.9999656677246 58.74515914916992 628.9999656677246 77.59195709228516 601.1224365234375 77.59195709228516
601.7896118164062 59.62175369262695 628.9999504089355 59.62175369262695 628.9999504089355 78.01749420166016 601.7896118164062 78.01749420166016
602.4625854492188 59.115867614746094 628.9588966369629 59.115867614746094 628.9588966369629 77.02888298034668 602.4625854492188 77.02888298034668
602.8040161132812 59.58648681640625 629.000036239624 59.58648681640625 629.000036239624 77.29648971557617 602.8040161132812 77.29648971557617
603.48291015625 59.82855224609375 629.0000267028809 59.82855224609375 629.0000267028809 77.0795783996582 603.48291015625 77.0795783996582
604.4156494140625 60.220863342285156 628.9999675750732 60.220863342285156 628.9999675750732 76.84126472473145 604.4156494140625 76.84126472473145
