343.0 249.0 401.0 249.0 401.0 392.0 343.0 392.0
343.7266845703125 247.4560089111328 400.87540435791016 247.4560089111328 400.87540435791016 388.97679138183594 343.7266845703125 388.97679138183594
344.2012023925781 249.99755859375 401.4932556152344 249.99755859375 401.4932556152344 391.39625549316406 344.2012023925781 391.39625549316406
342.7423400878906 248.70547485351562 399.5042037963867 248.70547485351562 399.5042037963867 388.3800964355469 342.7423400878906 388.3800964355469
342.6201171875 248.5299835205078 400.1572952270508 248.5299835205078 400.1572952270508 389.0839385986328 342.6201171875 389.0839385986328
342.7295227050781 247.14193725585938 400.16265869140625 247.14193725585938 400.16265869140625 387.1109619140625 342.7295227050781 387.1109619140625
341.9513244628906 249.27865600585938 400.20391845703125 249.27865600585938 400.20391845703125 387.0202941894531 341.9513244628906 387.0202941894531
342.8436584472656 247.68215942382812 399.7265853881836 247.68215942382812 399.7265853881836 386.8391418457031 342.8436584472656 386.8391418457031
342.5926208496094 247.70297241210938 399.3235893249512 247.70297241210938 399.3235893249512 386.26641845703125 342.5926208496094 386.26641845703125
341.7859802246094 246.4343719482422 398.5019721984863 246.4343719482422 398.5019721984863 387.52415466308594 341.7859802246094 387.52415466308594
342.7104797363281 247.3927764892578 398.7669868469238 247.3927764892578 398.7669868469238 386.3218231201172 342.7104797363281 386.3218231201172
342.28033447265625 246.71347045898438 397.6380195617676 246.71347045898438 397.6380195617676 385.64288330078125 342.28033447265625 385.64288330078125
342.8049621582031 246.4803009033203 398.64301681518555 246.4803009033203 398.64301681518555 386.0312957763672 342.8049621582031 386.0312957763672
342.4458923339844 246.79452514648438 399.12284088134766 246.79452514648438 399.12284088134766 387.458740234375 342.4458923339844 387.458740234375
342.97369384765625 245.47732543945312 399.6492691040039 245.47732543945312 399.6492691040039 386.0455627441406 342.97369384765625 386.0455627441406
343.6978759765625 245.5838623046875 399.4532470703125 245.5838623046875 399.4532470703125 384.20465087890625 343.6978759765625 384.20465087890625
343.7889099121094 245.39199829101562 399.6230583190918 245.39199829101562 399.6230583190918 385.1952362060547 343.7889099121094 385.1952362060547
343.68597412109375 243.3888397216797 399.62297439575195 243.3888397216797 399.62297439575195 384.7521667480469 343.68597412109375 384.7521667480469
343.012451171875 244.5353240966797 400.0934944152832 244.5353240966797 400.0934944152832 383.2005920410156 343.012451171875 383.2005920410156
343.51025390625 244.451171875 399.7705879211426 244.451171875 399.7705879211426 383.17315673828125 343.51025390625 383.17315673828125
343.9551086425781 244.3345489501953 399.50548553466797 244.3345489501953 399.50548553466797 382.81809997558594 343.9551086425781 382.81809997558594
343.7406921386719 243.7052459716797 399.27127838134766 243.7052459716797 399.27127838134766 383.32640075683594 343.7406921386719 383.32640075683594
342.9386901855469 243.08193969726562 398.9829788208008 243.08193969726562 398.9829788208008 382.9450988769531 342.9386901855469 382.9450988769531
343.7112731933594 243.7077178955078 399.7649841308594 243.7077178955078 399.7649841308594 382.2153778076172 343.7112731933594 382.2153778076172
341.54443359375 242.16836547851562 398.2201118469238 242.16836547851562 398.2201118469238 380.61102294921875 341.54443359375 380.61102294921875
343.67425537109375 243.0739288330078 399.69617462158203 243.0739288330078 399.69617462158203 380.0984344482422 343.67425537109375 380.0984344482422
343.67742919921875 241.53689575195312 399.16309356689453 241.53689575195312 399.16309356689453 380.67633056640625 343.67742919921875 380.67633056640625
343.5413513183594 219.5625762939453 400.02816009521484 219.5625762939453 400.02816009521484 361.7914123535156 343.5413513183594 361.7914123535156
343.963134765625 201.0343475341797 398.1977005004883 201.0343475341797 398.1977005004883 345.0762939453125 343.963134765625 345.0762939453125
342.6881408691406 191.1267547607422 398.97564697265625 191.1267547607422 398.97564697265625 332.8055725097656 342.6881408691406 332.8055725097656
342.0531311035156 194.6143035888672 397.78421783447266 194.6143035888672 397.78421783447266 332.54803466796875 342.0531311035156 332.54803466796875
342.7528381347656 193.99896240234375 399.0191841125488 193.99896240234375 399.0191841125488 332.9158935546875 342.7528381347656 332.9158935546875
344.22894287109375 193.1484832763672 401.3233451843262 193.1484832763672 401.3233451843262 333.9079132080078 344.22894287109375 333.9079132080078
344.41766357421875 194.22120666503906 401.1696548461914 194.22120666503906 401.1696548461914 335.0046081542969 344.41766357421875 335.0046081542969
344.2303161621094 193.6150360107422 400.9868698120117 193.6150360107422 400.9868698120117 335.6175231933594 344.2303161621094 335.6175231933594
343.89349365234375 191.2176513671875 401.02484130859375 191.2176513671875 401.02484130859375 333.0812530517578 343.89349365234375 333.0812530517578
344.1074523925781 192.67056274414062 400.93524169921875 192.67056274414062 400.93524169921875 335.24481201171875 344.1074523925781 335.24481201171875
344.24664306640625 169.6810760498047 399.5817184448242 169.6810760498047 399.5817184448242 319.5552978515625 344.24664306640625 319.5552978515625
341.92156982421875 157.11781311035156 399.1823921203613 157.11781311035156 399.1823921203613 301.0483703613281 341.92156982421875 301.0483703613281
343.29644775390625 143.94888305664062 398.36083221435547 143.94888305664062 398.36083221435547 292.1443634033203 343.29644775390625 292.1443634033203
341.5851135253906 145.34439086914062 398.57088470458984 145.34439086914062 398.57088470458984 291.3745880126953 341.5851135253906 291.3745880126953
341.46453857421875 145.68858337402344 398.58301544189453 145.68858337402344 398.58301544189453 288.70948791503906 341.46453857421875 288.70948791503906
341.8953552246094 148.2898406982422 398.5555229187012 148.2898406982422 398.5555229187012 290.2664337158203 341.8953552246094 290.2664337158203
341.8074035644531 149.0347900390625 398.8050765991211 149.0347900390625 398.8050765991211 289.925048828125 341.8074035644531 289.925048828125
341.59375 147.361328125 398.7956657409668 147.361328125 398.7956657409668 290.9715118408203 341.59375 290.9715118408203
341.051513671875 145.22988891601562 398.3232231140137 145.22988891601562 398.3232231140137 289.4329833984375 341.051513671875 289.4329833984375
341.51580810546875 148.61038208007812 399.2796325683594 148.61038208007812 399.2796325683594 291.164306640625 341.51580810546875 291.164306640625
341.34808349609375 133.1173858642578 400.0021667480469 133.1173858642578 400.0021667480469 283.41612243652344 341.34808349609375 283.41612243652344
342.4578857421875 119.15483093261719 400.31603240966797 119.15483093261719 400.31603240966797 270.22869873046875 342.4578857421875 270.22869873046875
341.821533203125 110.265380859375 398.2827568054199 110.265380859375 398.2827568054199 261.4302062988281 341.821533203125 261.4302062988281
341.54107666015625 114.13529205322266 398.8851203918457 114.13529205322266 398.8851203918457 260.1609573364258 341.54107666015625 260.1609573364258
341.7110900878906 111.7449722290039 399.56953048706055 111.7449722290039 399.56953048706055 259.31482696533203 341.7110900878906 259.31482696533203
342.0179748535156 115.31974029541016 399.1085319519043 115.31974029541016 399.1085319519043 258.03621673583984 342.0179748535156 258.03621673583984
341.8008728027344 115.14327239990234 399.991455078125 115.14327239990234 399.991455078125 260.85741424560547 341.8008728027344 260.85741424560547
341.8169250488281 115.86457824707031 400.5264778137207 115.86457824707031 400.5264778137207 259.69468688964844 341.8169250488281 259.69468688964844
341.35162353515625 115.43253326416016 399.92435455322266 115.43253326416016 399.92435455322266 259.30428314208984 341.35162353515625 259.30428314208984
342.1661071777344 115.3479995727539 400.86572265625 115.3479995727539 400.86572265625 259.69934844970703 342.1661071777344 259.69934844970703
342.51959228515625 115.28841400146484 400.1965141296387 115.28841400146484 400.1965141296387 259.70809173583984 342.51959228515625 259.70809173583984
342.3623962402344 115.2115707397461 401.3774948120117 115.2115707397461 401.3774948120117 260.1690139770508 342.3623962402344 260.1690139770508
343.5066833496094 115.47639465332031 400.8544921875 115.47639465332031 400.8544921875 261.8370666503906 343.5066833496094 261.8370666503906
342.90374755859375 116.67049407958984 401.5886650085449 116.67049407958984 401.5886650085449 262.0995559692383 342.90374755859375 262.0995559692383
343.03436279296875 115.32889556884766 401.7499771118164 115.32889556884766 401.7499771118164 260.98023223876953 343.03436279296875 260.98023223876953
343.7914733886719 116.24043273925781 401.7060241699219 116.24043273925781 401.7060241699219 260.6300811767578 343.7914733886719 260.6300811767578
343.97064208984375 116.53275299072266 401.4906997680664 116.53275299072266 401.4906997680664 260.65657806396484 343.97064208984375 260.65657806396484
343.60296630859375 116.08985900878906 401.1872673034668 116.08985900878906 401.1872673034668 261.74720764160156 343.60296630859375 261.74720764160156
344.07928466796875 117.3830795288086 401.61690521240234 117.3830795288086 401.61690521240234 260.75240325927734 344.07928466796875 260.75240325927734
344.54638671875 117.27738952636719 401.33893966674805 117.27738952636719 401.33893966674805 260.13343811035156 344.54638671875 260.13343811035156
343.58868408203125 116.8525161743164 401.6195068359375 116.8525161743164 401.6195068359375 260.62671661376953 343.58868408203125 260.62671661376953
344.2710876464844 117.55656433105469 401.3814277648926 117.55656433105469 401.3814277648926 261.40248107910156 344.2710876464844 261.40248107910156
343.5406188964844 117.90684509277344 401.4852600097656 117.90684509277344 401.4852600097656 261.0139923095703 343.5406188964844 261.0139923095703
343.0975036621094 117.31221771240234 400.3863525390625 117.31221771240234 400.3863525390625 259.9020309448242 343.0975036621094 259.9020309448242
343.9171447753906 117.4013671875 400.9241828918457 117.4013671875 400.9241828918457 260.7820281982422 343.9171447753906 260.7820281982422
342.79815673828125 115.97480773925781 400.5676803588867 115.97480773925781 400.5676803588867 259.6813049316406 342.79815673828125 259.6813049316406
342.8841857910156 116.7651138305664 400.6979293823242 116.7651138305664 400.6979293823242 259.7376937866211 342.8841857910156 259.7376937866211
343.90264892578125 116.04656982421875 400.61590576171875 116.04656982421875 400.61590576171875 261.6510925292969 343.90264892578125 261.6510925292969
343.4653625488281 132.27426147460938 400.44803619384766 132.27426147460938 400.44803619384766 282.73341369628906 343.4653625488281 282.73341369628906
345.60888671875 148.27406311035156 401.28406524658203 148.27406311035156 401.28406524658203 301.5702819824219 345.60888671875 301.5702819824219
344.734130859375 177.5736083984375 400.3116455078125 177.5736083984375 400.3116455078125 326.53424072265625 344.734130859375 326.53424072265625
342.4962463378906 191.92726135253906 400.92818450927734 191.92726135253906 400.92818450927734 337.8834686279297 342.4962463378906 337.8834686279297
345.24774169921875 225.2976531982422 401.3366279602051 225.2976531982422 401.3366279602051 369.5184631347656 345.24774169921875 369.5184631347656
346.568115234375 240.1156005859375 403.03072357177734 240.1156005859375 403.03072357177734 382.4775695800781 346.568115234375 382.4775695800781
343.87982177734375 255.92227172851562 401.34935760498047 255.92227172851562 401.34935760498047 397.6144104003906 343.87982177734375 397.6144104003906
343.47637939453125 283.162841796875 400.54564666748047 283.162841796875 400.54564666748047 426.8705139160156 343.47637939453125 426.8705139160156
344.88311767578125 298.4228515625 401.57376861572266 298.4228515625 401.57376861572266 440.3113098144531 344.88311767578125 440.3113098144531
346.19427490234375 312.37384033203125 403.2299499511719 312.37384033203125 403.2299499511719 457.0028533935547 346.19427490234375 457.0028533935547
347.8621826171875 315.4103088378906 403.94002532958984 315.4103088378906 403.94002532958984 459.2669219970703 347.8621826171875 459.2669219970703
346.99951171875 315.6900634765625 403.64493560791016 315.6900634765625 403.64493560791016 458.4267578125 346.99951171875 458.4267578125
347.4383544921875 316.09814453125 404.2028999328613 316.09814453125 404.2028999328613 456.5442199707031 347.4383544921875 456.5442199707031
347.4544982910156 316.5843200683594 403.8541030883789 316.5843200683594 403.8541030883789 456.84197998046875 347.4544982910156 456.84197998046875
346.02789306640625 316.3931579589844 403.7080078125 316.3931579589844 403.7080078125 455.89772033691406 346.02789306640625 455.89772033691406
345.9823303222656 315.80743408203125 403.2291946411133 315.80743408203125 403.2291946411133 456.2892150878906 345.9823303222656 456.2892150878906
345.7564392089844 315.08319091796875 402.67069244384766 315.08319091796875 402.67069244384766 456.96868896484375 345.7564392089844 456.96868896484375
343.90423583984375 313.85760498046875 401.0237617492676 313.85760498046875 401.0237617492676 455.7267150878906 343.90423583984375 455.7267150878906
345.0000305175781 313.15606689453125 401.3741264343262 313.15606689453125 401.3741264343262 456.0857849121094 345.0000305175781 456.0857849121094
343.05316162109375 312.4080505371094 399.85205078125 312.4080505371094 399.85205078125 453.39552307128906 343.05316162109375 453.39552307128906
341.86334228515625 312.5382080078125 398.4929084777832 312.5382080078125 398.4929084777832 454.3402862548828 341.86334228515625 454.3402862548828
340.7845458984375 312.268798828125 397.5517807006836 312.268798828125 397.5517807006836 453.4154968261719 340.7845458984375 453.4154968261719
339.4578552246094 311.4652099609375 396.3825569152832 311.4652099609375 396.3825569152832 452.18406677246094 339.4578552246094 452.18406677246094
337.3115234375 312.8635559082031 394.86430740356445 312.8635559082031 394.86430740356445 452.2245178222656 337.3115234375 452.2245178222656
334.48626708984375 314.1786193847656 392.78107833862305 314.1786193847656 392.78107833862305 451.1328430175781 334.48626708984375 451.1328430175781
333.78839111328125 315.5205383300781 390.7119140625 315.5205383300781 390.7119140625 453.70912170410156 333.78839111328125 453.70912170410156
348.651611328125 311.597412109375 410.23429107666016 311.597412109375 410.23429107666016 457.4590606689453 348.651611328125 457.4590606689453
356.21783447265625 308.64544677734375 416.7786674499512 308.64544677734375 416.7786674499512 457.95921325683594 356.21783447265625 457.95921325683594
380.4768371582031 308.7904357910156 440.9233207702637 308.7904357910156 440.9233207702637 457.822265625 380.4768371582031 457.822265625
387.82818603515625 307.8860168457031 450.39669036865234 307.8860168457031 450.39669036865234 452.4363098144531 387.82818603515625 452.4363098144531
407.6123352050781 311.7056579589844 470.44176483154297 311.7056579589844 470.44176483154297 450.9909973144531 407.6123352050781 450.9909973144531
403.89117431640625 310.63043212890625 465.9254150390625 310.63043212890625 465.9254150390625 454.84349060058594 403.89117431640625 454.84349060058594
402.6156005859375 314.68328857421875 465.4263725280762 314.68328857421875 465.4263725280762 453.10174560546875 402.6156005859375 453.10174560546875
403.58673095703125 315.07647705078125 464.9328384399414 315.07647705078125 464.9328384399414 451.8809814453125 403.58673095703125 451.8809814453125
401.7431640625 315.167236328125 464.2054443359375 315.167236328125 464.2054443359375 452.87767028808594 401.7431640625 452.87767028808594
401.4285583496094 315.04803466796875 463.4152946472168 315.04803466796875 463.4152946472168 448.38941955566406 401.4285583496094 448.38941955566406
400.0874938964844 314.1337890625 462.80162811279297 314.1337890625 462.80162811279297 450.052978515625 400.0874938964844 450.052978515625
398.18524169921875 312.93505859375 459.8460884094238 312.93505859375 459.8460884094238 450.8700714111328 398.18524169921875 450.8700714111328
396.61444091796875 312.47943115234375 460.4302978515625 312.47943115234375 460.4302978515625 448.8488311767578 396.61444091796875 448.8488311767578
395.3299865722656 312.77996826171875 458.17546463012695 312.77996826171875 458.17546463012695 448.68658447265625 395.3299865722656 448.68658447265625
398.63238525390625 301.73272705078125 461.6338577270508 301.73272705078125 461.6338577270508 457.06390380859375 398.63238525390625 457.06390380859375
415.7137145996094 303.3905334472656 478.8280563354492 303.3905334472656 478.8280563354492 459.0 415.7137145996094 459.0
427.95269775390625 305.391357421875 496.1513671875 305.391357421875 496.1513671875 455.28553771972656 427.95269775390625 455.28553771972656
439.9671325683594 313.7250061035156 508.9948043823242 313.7250061035156 508.9948043823242 446.3165588378906 439.9671325683594 446.3165588378906
438.24566650390625 314.91705322265625 504.251708984375 314.91705322265625 504.251708984375 450.4025573730469 438.24566650390625 450.4025573730469
437.0615234375 317.2278137207031 503.25740814208984 317.2278137207031 503.25740814208984 446.9363098144531 437.0615234375 446.9363098144531
433.03729248046875 319.5264892578125 497.8977813720703 319.5264892578125 497.8977813720703 449.79615783691406 433.03729248046875 449.79615783691406
433.1910705566406 319.3356628417969 494.75617599487305 319.3356628417969 494.75617599487305 449.18463134765625 433.1910705566406 449.18463134765625
429.6934509277344 319.65234375 491.9068183898926 319.65234375 491.9068183898926 451.6631164550781 429.6934509277344 451.6631164550781
428.4164123535156 318.50518798828125 488.785888671875 318.50518798828125 488.785888671875 452.10968017578125 428.4164123535156 452.10968017578125
426.61328125 322.0021057128906 485.6807556152344 322.0021057128906 485.6807556152344 451.188720703125 426.61328125 451.188720703125
422.9383850097656 320.8816833496094 483.0886535644531 320.8816833496094 483.0886535644531 447.93190002441406 422.9383850097656 447.93190002441406
420.04986572265625 321.88714599609375 479.97628021240234 321.88714599609375 479.97628021240234 452.79461669921875 420.04986572265625 452.79461669921875
418.1153259277344 324.797607421875 477.1145324707031 324.797607421875 477.1145324707031 452.55712890625 418.1153259277344 452.55712890625
421.589599609375 301.8732604980469 482.16950607299805 301.8732604980469 482.16950607299805 451.2339782714844 421.589599609375 451.2339782714844
436.48211669921875 321.12872314453125 500.2503242492676 321.12872314453125 500.2503242492676 451.16197204589844 436.48211669921875 451.16197204589844
451.3685607910156 314.6453857421875 515.1495170593262 314.6453857421875 515.1495170593262 449.4151306152344 451.3685607910156 449.4151306152344
446.837890625 316.7845764160156 509.2446403503418 316.7845764160156 509.2446403503418 451.8156280517578 446.837890625 451.8156280517578
449.6922912597656 319.448974609375 509.4756660461426 319.448974609375 509.4756660461426 451.9881896972656 449.6922912597656 451.9881896972656
444.8763732910156 319.25421142578125 503.07979583740234 319.25421142578125 503.07979583740234 449.14979553222656 444.8763732910156 449.14979553222656
443.6929626464844 316.9861755371094 502.1922378540039 316.9861755371094 502.1922378540039 449.108642578125 443.6929626464844 449.108642578125
438.32000732421875 315.32373046875 495.6673583984375 315.32373046875 495.6673583984375 447.0366668701172 438.32000732421875 447.0366668701172
435.7076721191406 316.6108093261719 493.45858001708984 316.6108093261719 493.45858001708984 449.5502471923828 435.7076721191406 449.5502471923828
435.0439453125 319.0992126464844 492.9994316101074 319.0992126464844 492.9994316101074 451.32948303222656 435.0439453125 451.32948303222656
431.64007568359375 315.391357421875 490.95280838012695 315.391357421875 490.95280838012695 448.3290252685547 431.64007568359375 448.3290252685547
428.80718994140625 318.5625915527344 486.5654296875 318.5625915527344 486.5654296875 447.38519287109375 428.80718994140625 447.38519287109375
425.1878356933594 322.36456298828125 482.5706100463867 322.36456298828125 482.5706100463867 446.782470703125 425.1878356933594 446.782470703125
425.9293518066406 317.995849609375 482.18022537231445 317.995849609375 482.18022537231445 442.02626037597656 425.9293518066406 442.02626037597656
420.6952209472656 323.89593505859375 477.28803634643555 323.89593505859375 477.28803634643555 444.45304107666016 420.6952209472656 444.45304107666016
419.62677001953125 322.3103942871094 476.76092529296875 322.3103942871094 476.76092529296875 444.93165588378906 419.62677001953125 444.93165588378906
415.81671142578125 316.99822998046875 471.00992584228516 316.99822998046875 471.00992584228516 442.5223388671875 415.81671142578125 442.5223388671875
416.38006591796875 298.36187744140625 467.7785415649414 298.36187744140625 467.7785415649414 427.79840087890625 416.38006591796875 427.79840087890625
413.1194763183594 277.232177734375 467.9237289428711 277.232177734375 467.9237289428711 409.9806823730469 413.1194763183594 409.9806823730469
408.4710693359375 249.96630859375 461.5508804321289 249.96630859375 461.5508804321289 380.83546447753906 408.4710693359375 380.83546447753906
408.0230712890625 244.6396484375 460.14566802978516 244.6396484375 460.14566802978516 373.3113098144531 408.0230712890625 373.3113098144531
404.4241027832031 210.369873046875 457.2953567504883 210.369873046875 457.2953567504883 338.8038787841797 404.4241027832031 338.8038787841797
402.5325012207031 194.3622589111328 454.0081672668457 194.3622589111328 454.0081672668457 321.0777587890625 402.5325012207031 321.0777587890625
400.9931335449219 179.47775268554688 452.6309280395508 179.47775268554688 452.6309280395508 306.6832733154297 400.9931335449219 306.6832733154297
396.94219970703125 147.15208435058594 448.96879959106445 147.15208435058594 448.96879959106445 275.4245147705078 396.94219970703125 275.4245147705078
395.0482482910156 134.03167724609375 446.42996978759766 134.03167724609375 446.42996978759766 260.71414947509766 395.0482482910156 260.71414947509766
393.98944091796875 109.12471008300781 446.3261032104492 109.12471008300781 446.3261032104492 237.9834747314453 393.98944091796875 237.9834747314453
389.7828063964844 105.60128021240234 443.4807357788086 105.60128021240234 443.4807357788086 234.5764389038086 389.7828063964844 234.5764389038086
391.61328125 110.99131774902344 445.5579948425293 110.99131774902344 445.5579948425293 237.59790802001953 391.61328125 237.59790802001953
388.206787109375 113.44480895996094 442.4054870605469 113.44480895996094 442.4054870605469 238.00269317626953 388.206787109375 238.00269317626953
387.7360534667969 112.72285461425781 442.13233184814453 112.72285461425781 442.13233184814453 238.36378479003906 387.7360534667969 238.36378479003906
386.8111267089844 114.40428161621094 440.4262466430664 114.40428161621094 440.4262466430664 239.46673583984375 386.8111267089844 239.46673583984375
386.3927307128906 113.56221771240234 439.2110710144043 113.56221771240234 439.2110710144043 238.12801361083984 386.3927307128906 238.12801361083984
385.4739685058594 111.21485900878906 438.02734375 111.21485900878906 438.02734375 236.62003326416016 385.4739685058594 236.62003326416016
383.96173095703125 110.18638610839844 435.6896743774414 110.18638610839844 435.6896743774414 236.20369720458984 383.96173095703125 236.20369720458984
381.64605712890625 112.63143157958984 433.0858688354492 112.63143157958984 433.0858688354492 236.73006439208984 381.64605712890625 236.73006439208984
382.1171569824219 114.00590515136719 433.4117126464844 114.00590515136719 433.4117126464844 238.08162689208984 382.1171569824219 238.08162689208984
380.53350830078125 112.4090576171875 431.4487495422363 112.4090576171875 431.4487495422363 234.8344955444336 380.53350830078125 234.8344955444336
380.28619384765625 112.33183288574219 431.7015190124512 112.33183288574219 431.7015190124512 237.1838607788086 380.28619384765625 237.1838607788086
377.2979431152344 113.1001205444336 430.60980224609375 113.1001205444336 430.60980224609375 239.26424407958984 377.2979431152344 239.26424407958984
375.81097412109375 112.47740173339844 429.55170822143555 112.47740173339844 429.55170822143555 241.48638916015625 375.81097412109375 241.48638916015625
374.1182556152344 115.24605560302734 426.5671272277832 115.24605560302734 426.5671272277832 243.81987762451172 374.1182556152344 243.81987762451172
374.7701416015625 117.0654296875 427.6218490600586 117.0654296875 427.6218490600586 246.13064575195312 374.7701416015625 246.13064575195312
373.9401550292969 114.64341735839844 426.6165580749512 114.64341735839844 426.6165580749512 244.24826049804688 373.9401550292969 244.24826049804688
370.9866638183594 116.11982727050781 423.7182312011719 116.11982727050781 423.7182312011719 246.09848022460938 370.9866638183594 246.09848022460938
370.31219482421875 117.05802154541016 422.3048095703125 117.05802154541016 422.3048095703125 247.86388397216797 370.31219482421875 247.86388397216797
363.9557189941406 86.03614807128906 418.4712944030762 86.03614807128906 418.4712944030762 221.46844482421875 363.9557189941406 221.46844482421875
363.96649169921875 67.76222229003906 417.45849609375 67.76222229003906 417.45849609375 206.10174560546875 363.96649169921875 206.10174560546875
365.8965759277344 49.24832534790039 417.3094062805176 49.24832534790039 417.3094062805176 189.9615821838379 365.8965759277344 189.9615821838379
362.61370849609375 24.071613311767578 414.5665397644043 24.071613311767578 414.5665397644043 164.51228713989258 362.61370849609375 164.51228713989258
360.6271057128906 21.741086959838867 413.21332931518555 21.741086959838867 413.21332931518555 160.68852043151855 360.6271057128906 160.68852043151855
361.044921875 29.361730575561523 414.3321304321289 29.361730575561523 414.3321304321289 166.1621150970459 361.044921875 166.1621150970459
361.080078125 28.569808959960938 413.77388763427734 28.569808959960938 413.77388763427734 165.27989196777344 361.080078125 165.27989196777344
363.33642578125 28.077392578125 415.28361892700195 28.077392578125 415.28361892700195 162.77304077148438 363.33642578125 162.77304077148438
359.358642578125 29.184833526611328 412.65782928466797 29.184833526611328 412.65782928466797 166.51059341430664 359.358642578125 166.51059341430664
359.57574462890625 29.032154083251953 412.95223236083984 29.032154083251953 412.95223236083984 168.46905899047852 359.57574462890625 168.46905899047852
357.37109375 29.489887237548828 412.00211334228516 29.489887237548828 412.00211334228516 168.49798965454102 357.37109375 168.49798965454102
354.6165466308594 24.972366333007812 411.7726860046387 24.972366333007812 411.7726860046387 166.89427185058594 354.6165466308594 166.89427185058594
354.0673828125 27.147258758544922 411.22967529296875 27.147258758544922 411.22967529296875 170.39719772338867 354.0673828125 170.39719772338867
352.91009521484375 24.507423400878906 411.3300895690918 24.507423400878906 411.3300895690918 168.54283905029297 352.91009521484375 168.54283905029297
353.459716796875 29.21004867553711 411.1748466491699 29.21004867553711 411.1748466491699 174.78507614135742 353.459716796875 174.78507614135742
350.32415771484375 28.378881454467773 409.56871795654297 28.378881454467773 409.56871795654297 174.44725608825684 350.32415771484375 174.44725608825684
350.3985900878906 25.852184295654297 409.80750274658203 25.852184295654297 409.80750274658203 173.2478141784668 350.3985900878906 173.2478141784668
350.84283447265625 24.023544311523438 410.85930252075195 24.023544311523438 410.85930252075195 171.9950714111328 350.84283447265625 171.9950714111328
347.05804443359375 27.866580963134766 406.1792678833008 27.866580963134766 406.1792678833008 174.00510025024414 347.05804443359375 174.00510025024414
348.8743896484375 27.9582576751709 408.52559661865234 27.9582576751709 408.52559661865234 176.50443077087402 348.8743896484375 176.50443077087402
348.947509765625 29.121618270874023 408.54804611206055 29.121618270874023 408.54804611206055 177.33141136169434 348.947509765625 177.33141136169434
349.9390869140625 28.809484481811523 409.7138977050781 28.809484481811523 409.7138977050781 177.09889793395996 349.9390869140625 177.09889793395996
348.90789794921875 30.090259552001953 408.6156539916992 30.090259552001953 408.6156539916992 178.61183547973633 348.90789794921875 178.61183547973633
348.6940002441406 31.834819793701172 408.65666580200195 31.834819793701172 408.65666580200195 179.48305892944336 348.6940002441406 179.48305892944336
350.6686096191406 33.720802307128906 410.9695625305176 33.720802307128906 410.9695625305176 181.7914810180664 350.6686096191406 181.7914810180664
350.6439208984375 34.7442741394043 411.0277214050293 34.7442741394043 411.0277214050293 182.9175682067871 350.6439208984375 182.9175682067871
351.34613037109375 36.00819778442383 412.5504150390625 36.00819778442383 412.5504150390625 181.7213020324707 351.34613037109375 181.7213020324707
351.7662353515625 32.0586051940918 412.89667892456055 32.0586051940918 412.89667892456055 181.46665573120117 351.7662353515625 181.46665573120117
352.48541259765625 34.6399040222168 415.1456527709961 34.6399040222168 415.1456527709961 181.56113815307617 352.48541259765625 181.56113815307617
353.7291564941406 34.379486083984375 417.4505615234375 34.379486083984375 417.4505615234375 179.2506103515625 353.7291564941406 179.2506103515625
353.8526916503906 38.299320220947266 418.27828216552734 38.299320220947266 418.27828216552734 183.23541641235352 353.8526916503906 183.23541641235352
356.597900390625 37.890506744384766 420.1331367492676 37.890506744384766 420.1331367492676 180.3649024963379 356.597900390625 180.3649024963379
356.98406982421875 37.16868209838867 421.07078552246094 37.16868209838867 421.07078552246094 182.0559196472168 356.98406982421875 182.0559196472168
357.755859375 38.691680908203125 421.01419830322266 38.691680908203125 421.01419830322266 180.97250366210938 357.755859375 180.97250366210938
358.9610290527344 40.2782096862793 423.8955307006836 40.2782096862793 423.8955307006836 184.84539413452148 358.9610290527344 184.84539413452148
358.8075256347656 39.53738021850586 423.8739013671875 39.53738021850586 423.8739013671875 186.26259994506836 358.8075256347656 186.26259994506836
359.58050537109375 39.38388442993164 426.06314849853516 39.38388442993164 426.06314849853516 186.60039138793945 359.58050537109375 186.60039138793945
361.02001953125 39.938148498535156 428.01036834716797 39.938148498535156 428.01036834716797 187.81432342529297 361.02001953125 187.81432342529297
362.2933654785156 41.079002380371094 428.7944107055664 41.079002380371094 428.7944107055664 189.71703338623047 362.2933654785156 189.71703338623047
362.30621337890625 41.6081428527832 428.49039459228516 41.6081428527832 428.49039459228516 190.46222305297852 362.30621337890625 190.46222305297852
363.86627197265625 41.320167541503906 430.69510650634766 41.320167541503906 430.69510650634766 189.10930633544922 363.86627197265625 189.10930633544922
364.5926208496094 41.83234786987305 431.7204284667969 41.83234786987305 431.7204284667969 188.29734420776367 364.5926208496094 188.29734420776367
366.5781555175781 43.573116302490234 432.4309844970703 43.573116302490234 432.4309844970703 187.72056198120117 366.5781555175781 187.72056198120117
368.2237548828125 44.14485168457031 434.24176025390625 44.14485168457031 434.24176025390625 188.98883056640625 368.2237548828125 188.98883056640625
368.84112548828125 44.6455192565918 435.1715545654297 44.6455192565918 435.1715545654297 190.9818992614746 368.84112548828125 190.9818992614746
369.9000549316406 49.7996711730957 433.6230049133301 49.7996711730957 433.6230049133301 193.88403701782227 369.9000549316406 193.88403701782227
371.8278503417969 48.9372444152832 434.6770133972168 48.9372444152832 434.6770133972168 193.10124588012695 371.8278503417969 193.10124588012695
373.58428955078125 49.98859786987305 436.3888969421387 49.98859786987305 436.3888969421387 193.66767501831055 373.58428955078125 193.66767501831055
371.75518798828125 53.633216857910156 434.85283279418945 53.633216857910156 434.85283279418945 199.5529556274414 371.75518798828125 199.5529556274414
372.02484130859375 53.63525390625 436.5311737060547 53.63525390625 436.5311737060547 198.29824829101562 372.02484130859375 198.29824829101562
374.0078430175781 50.66175079345703 436.9760856628418 50.66175079345703 436.9760856628418 198.1999282836914 374.0078430175781 198.1999282836914
376.64984130859375 52.431297302246094 438.7513618469238 52.431297302246094 438.7513618469238 198.33446502685547 376.64984130859375 198.33446502685547
376.6999816894531 52.33396530151367 439.2050476074219 52.33396530151367 439.2050476074219 198.59704208374023 376.6999816894531 198.59704208374023
378.3895263671875 52.16960906982422 441.6726760864258 52.16960906982422 441.6726760864258 201.02043914794922 378.3895263671875 201.02043914794922
379.07025146484375 53.25908660888672 441.7279281616211 53.25908660888672 441.7279281616211 197.5376968383789 379.07025146484375 197.5376968383789
380.08807373046875 53.21220016479492 441.3635063171387 53.21220016479492 441.3635063171387 196.85978317260742 380.08807373046875 196.85978317260742
380.47674560546875 52.269004821777344 440.9758987426758 52.269004821777344 440.9758987426758 197.27324676513672 380.47674560546875 197.27324676513672
381.26513671875 55.24443435668945 442.5499801635742 55.24443435668945 442.5499801635742 196.0349006652832 381.26513671875 196.0349006652832
380.40777587890625 56.33707809448242 442.4475326538086 56.33707809448242 442.4475326538086 198.91845321655273 380.40777587890625 198.91845321655273
381.33843994140625 57.909385681152344 443.0070991516113 57.909385681152344 443.0070991516113 200.49755096435547 381.33843994140625 200.49755096435547
381.6584167480469 57.42864990234375 442.8538017272949 57.42864990234375 442.8538017272949 201.7310028076172 381.6584167480469 201.7310028076172
384.3165588378906 54.5699348449707 447.11312103271484 54.5699348449707 447.11312103271484 194.38360977172852 384.3165588378906 194.38360977172852
383.07647705078125 58.020973205566406 444.7315902709961 58.020973205566406 444.7315902709961 198.61054229736328 383.07647705078125 198.61054229736328
384.596435546875 58.400489807128906 449.44773864746094 58.400489807128906 449.44773864746094 200.15503692626953 384.596435546875 200.15503692626953
384.2093200683594 60.451683044433594 447.8825988769531 60.451683044433594 447.8825988769531 202.3974380493164 384.2093200683594 202.3974380493164
387.1975402832031 58.28139114379883 452.15775299072266 58.28139114379883 452.15775299072266 198.4169807434082 387.1975402832031 198.4169807434082
388.4345397949219 53.50419235229492 452.9954071044922 53.50419235229492 452.9954071044922 198.76000595092773 388.4345397949219 198.76000595092773
391.0919494628906 52.149635314941406 454.81922149658203 52.149635314941406 454.81922149658203 198.15412139892578 391.0919494628906 198.15412139892578
391.56512451171875 57.40681838989258 455.8552932739258 57.40681838989258 455.8552932739258 201.21803665161133 391.56512451171875 201.21803665161133
397.8848571777344 59.00041580200195 462.3344421386719 59.00041580200195 462.3344421386719 199.65028762817383 397.8848571777344 199.65028762817383
399.41668701171875 60.5328254699707 465.660888671875 60.5328254699707 465.660888671875 200.62636184692383 399.41668701171875 200.62636184692383
401.2513122558594 61.213966369628906 467.1972198486328 61.213966369628906 467.1972198486328 201.56415557861328 401.2513122558594 201.56415557861328
404.1009216308594 59.90461349487305 470.1586380004883 59.90461349487305 470.1586380004883 203.33718490600586 404.1009216308594 203.33718490600586
404.74713134765625 61.611053466796875 470.0021514892578 61.611053466796875 470.0021514892578 205.98114013671875 404.74713134765625 205.98114013671875
405.96392822265625 59.85698699951172 471.7673568725586 59.85698699951172 471.7673568725586 204.32711029052734 405.96392822265625 204.32711029052734
407.4687805175781 63.274253845214844 471.6469192504883 63.274253845214844 471.6469192504883 207.34053802490234 407.4687805175781 207.34053802490234
409.14605712890625 60.02332305908203 473.2503204345703 60.02332305908203 473.2503204345703 207.00377655029297 409.14605712890625 207.00377655029297
410.99713134765625 61.556434631347656 474.34199142456055 61.556434631347656 474.34199142456055 210.2297134399414 410.99713134765625 210.2297134399414
412.61456298828125 64.13955688476562 476.3963623046875 64.13955688476562 476.3963623046875 210.7825164794922 412.61456298828125 210.7825164794922
412.63494873046875 65.3431625366211 478.0713653564453 65.3431625366211 478.0713653564453 212.63643646240234 412.63494873046875 212.63643646240234
414.6490173339844 63.8031120300293 479.40345764160156 63.8031120300293 479.40345764160156 211.4698600769043 414.6490173339844 211.4698600769043
415.78802490234375 64.15445709228516 480.6784439086914 64.15445709228516 480.6784439086914 211.41146087646484 415.78802490234375 211.41146087646484
415.71051025390625 64.02005767822266 481.3551559448242 64.02005767822266 481.3551559448242 213.91614532470703 415.71051025390625 213.91614532470703
417.5203552246094 64.22352600097656 482.89859771728516 64.22352600097656 482.89859771728516 213.23800659179688 417.5203552246094 213.23800659179688
417.7100524902344 64.86942291259766 483.0634078979492 64.86942291259766 483.0634078979492 216.4717788696289 417.7100524902344 216.4717788696289
418.45599365234375 65.31163024902344 485.07698822021484 65.31163024902344 485.07698822021484 216.52261352539062 418.45599365234375 216.52261352539062
419.29217529296875 64.42756652832031 485.81079864501953 64.42756652832031 485.81079864501953 216.5955810546875 419.29217529296875 216.5955810546875
419.03460693359375 66.16587829589844 485.82679748535156 66.16587829589844 485.82679748535156 216.6701202392578 419.03460693359375 216.6701202392578
421.129150390625 63.967140197753906 486.5589828491211 63.967140197753906 486.5589828491211 214.64862823486328 421.129150390625 214.64862823486328
420.34393310546875 66.89659881591797 486.3694610595703 66.89659881591797 486.3694610595703 215.47599029541016 420.34393310546875 215.47599029541016
421.09747314453125 67.93805694580078 487.8300018310547 67.93805694580078 487.8300018310547 217.55008697509766 421.09747314453125 217.55008697509766
421.565673828125 67.53533935546875 487.23116302490234 67.53533935546875 487.23116302490234 217.10716247558594 421.565673828125 217.10716247558594
420.906494140625 67.60662841796875 488.1564254760742 67.60662841796875 488.1564254760742 219.52435302734375 420.906494140625 219.52435302734375
421.67755126953125 67.77742767333984 489.79105377197266 67.77742767333984 489.79105377197266 218.3401107788086 421.67755126953125 218.3401107788086
424.7017517089844 68.36482238769531 491.08775329589844 68.36482238769531 491.08775329589844 216.6503448486328 424.7017517089844 216.6503448486328
425.0533142089844 67.37382507324219 492.0647430419922 67.37382507324219 492.0647430419922 216.5999755859375 425.0533142089844 216.5999755859375
426.8184509277344 71.330322265625 493.16236114501953 71.330322265625 493.16236114501953 217.5711212158203 426.8184509277344 217.5711212158203
424.84686279296875 72.80730438232422 492.37132263183594 72.80730438232422 492.37132263183594 219.57482147216797 424.84686279296875 219.57482147216797
429.4703674316406 68.33905792236328 495.9508285522461 68.33905792236328 495.9508285522461 216.24002838134766 429.4703674316406 216.24002838134766
429.46942138671875 69.62127685546875 496.9859619140625 69.62127685546875 496.9859619140625 217.412109375 429.46942138671875 217.412109375
430.45404052734375 70.79042053222656 496.83372497558594 70.79042053222656 496.83372497558594 218.85304260253906 430.45404052734375 218.85304260253906
431.73040771484375 70.9510498046875 498.86695861816406 70.9510498046875 498.86695861816406 217.4071502685547 431.73040771484375 217.4071502685547
433.61761474609375 69.14012145996094 499.39466857910156 69.14012145996094 499.39466857910156 216.90802001953125 433.61761474609375 216.90802001953125
434.3621520996094 70.49583435058594 499.1343994140625 70.49583435058594 499.1343994140625 218.7864532470703 434.3621520996094 218.7864532470703
436.3218688964844 69.13920593261719 500.3334655761719 69.13920593261719 500.3334655761719 216.14146423339844 436.3218688964844 216.14146423339844
435.9488830566406 71.18342590332031 501.03319549560547 71.18342590332031 501.03319549560547 221.76956176757812 435.9488830566406 221.76956176757812
437.8399963378906 72.72908020019531 501.98207092285156 72.72908020019531 501.98207092285156 222.87742614746094 437.8399963378906 222.87742614746094
438.95037841796875 70.62662506103516 502.34650802612305 70.62662506103516 502.34650802612305 220.57111358642578 438.95037841796875 220.57111358642578
439.4132385253906 74.30553436279297 502.4502487182617 74.30553436279297 502.4502487182617 221.56542205810547 439.4132385253906 221.56542205810547
439.94720458984375 72.15975952148438 501.8731384277344 72.15975952148438 501.8731384277344 220.46417236328125 439.94720458984375 220.46417236328125
439.3407287597656 73.55690002441406 500.9957046508789 73.55690002441406 500.9957046508789 223.33644104003906 439.3407287597656 223.33644104003906
441.2403869628906 72.38580322265625 502.82076263427734 72.38580322265625 502.82076263427734 220.08204650878906 441.2403869628906 220.08204650878906
440.924072265625 70.9820785522461 502.63127517700195 70.9820785522461 502.63127517700195 220.16791534423828 440.924072265625 220.16791534423828
439.39666748046875 75.14915466308594 499.9871711730957 75.14915466308594 499.9871711730957 221.62757873535156 439.39666748046875 221.62757873535156
440.5672912597656 75.15779113769531 503.3090133666992 75.15779113769531 503.3090133666992 221.20526123046875 440.5672912597656 221.20526123046875
440.5362243652344 74.5206069946289 501.5129585266113 74.5206069946289 501.5129585266113 223.7120590209961 440.5362243652344 223.7120590209961
440.79034423828125 73.07715606689453 502.0322685241699 73.07715606689453 502.0322685241699 220.8989486694336 440.79034423828125 220.8989486694336
440.8109436035156 73.37335968017578 501.74393463134766 73.37335968017578 501.74393463134766 220.8781509399414 440.8109436035156 220.8781509399414
440.7721252441406 74.7592544555664 500.9754409790039 74.7592544555664 500.9754409790039 222.19152069091797 440.7721252441406 222.19152069091797
440.5751037597656 75.794921875 500.58013916015625 75.794921875 500.58013916015625 222.39480590820312 440.5751037597656 222.39480590820312
440.83782958984375 74.2745361328125 502.32027435302734 74.2745361328125 502.32027435302734 223.81765747070312 440.83782958984375 223.81765747070312
438.86968994140625 77.86105346679688 500.63407135009766 77.86105346679688 500.63407135009766 228.0010223388672 438.86968994140625 228.0010223388672
440.1874084472656 75.5086669921875 501.9946975708008 75.5086669921875 501.9946975708008 222.48744201660156 440.1874084472656 222.48744201660156
439.0636291503906 74.35954284667969 503.1602783203125 74.35954284667969 503.1602783203125 226.51132202148438 439.0636291503906 226.51132202148438
440.410400390625 89.31785583496094 504.107421875 89.31785583496094 504.107421875 246.6013946533203 440.410400390625 246.6013946533203
443.39324951171875 93.23738861083984 506.3910942077637 93.23738861083984 506.3910942077637 250.96184539794922 443.39324951171875 250.96184539794922
441.0052185058594 102.27265930175781 504.06990814208984 102.27265930175781 504.06990814208984 251.24935913085938 441.0052185058594 251.24935913085938
442.2112731933594 99.66106414794922 507.8321075439453 99.66106414794922 507.8321075439453 247.31705474853516 442.2112731933594 247.31705474853516
440.8775939941406 103.6510009765625 506.1883773803711 103.6510009765625 506.1883773803711 253.35191345214844 440.8775939941406 253.35191345214844
441.6287536621094 100.2740707397461 507.9526824951172 100.2740707397461 507.9526824951172 252.59001922607422 441.6287536621094 252.59001922607422
442.02813720703125 100.17570495605469 509.86341857910156 100.17570495605469 509.86341857910156 252.23086547851562 442.02813720703125 252.23086547851562
444.986328125 101.82713317871094 509.90565490722656 101.82713317871094 509.90565490722656 255.4016876220703 444.986328125 255.4016876220703
446.93316650390625 101.69519805908203 511.6243591308594 101.69519805908203 511.6243591308594 254.28206634521484 446.93316650390625 254.28206634521484
446.21429443359375 101.64546203613281 510.04840087890625 101.64546203613281 510.04840087890625 257.5761260986328 446.21429443359375 257.5761260986328
450.5008239746094 97.4208984375 514.7419128417969 97.4208984375 514.7419128417969 255.8082733154297 450.5008239746094 255.8082733154297
451.096923828125 97.16850280761719 513.8942184448242 97.16850280761719 513.8942184448242 251.9961700439453 451.096923828125 251.9961700439453
453.3255920410156 100.9373779296875 515.7101211547852 100.9373779296875 515.7101211547852 254.7473602294922 453.3255920410156 254.7473602294922
454.359619140625 102.23393249511719 516.2906112670898 102.23393249511719 516.2906112670898 254.92572021484375 454.359619140625 254.92572021484375
458.24188232421875 97.56511688232422 520.0160217285156 97.56511688232422 520.0160217285156 249.87018585205078 458.24188232421875 249.87018585205078
457.3076171875 101.99064636230469 519.471076965332 101.99064636230469 519.471076965332 255.2555694580078 457.3076171875 255.2555694580078
457.6875 102.0342788696289 519.751350402832 102.0342788696289 519.751350402832 253.8495101928711 457.6875 253.8495101928711
458.1343688964844 104.32389831542969 520.1104011535645 104.32389831542969 520.1104011535645 257.126708984375 458.1343688964844 257.126708984375
462.57208251953125 105.48295593261719 524.0263595581055 105.48295593261719 524.0263595581055 256.9993896484375 462.57208251953125 256.9993896484375
462.91943359375 105.51557922363281 523.2163581848145 105.51557922363281 523.2163581848145 254.17857360839844 462.91943359375 254.17857360839844
461.58673095703125 108.84554290771484 521.5780143737793 108.84554290771484 521.5780143737793 256.75499725341797 461.58673095703125 256.75499725341797
465.07855224609375 105.40946960449219 525.1487426757812 105.40946960449219 525.1487426757812 253.5134735107422 465.07855224609375 253.5134735107422
466.44482421875 107.36775207519531 525.3577499389648 107.36775207519531 525.3577499389648 252.61849975585938 466.44482421875 252.61849975585938
467.4524841308594 106.6704330444336 526.4589233398438 106.6704330444336 526.4589233398438 252.1517562866211 467.4524841308594 252.1517562866211
467.11737060546875 108.7879867553711 527.3880386352539 108.7879867553711 527.3880386352539 257.3862838745117 467.11737060546875 257.3862838745117
467.6560974121094 106.13587951660156 528.3568840026855 106.13587951660156 528.3568840026855 255.79464721679688 467.6560974121094 255.79464721679688
470.4580078125 107.8015365600586 532.0647888183594 107.8015365600586 532.0647888183594 259.69405364990234 470.4580078125 259.69405364990234
469.73834228515625 111.8926773071289 532.6674385070801 111.8926773071289 532.6674385070801 267.0453872680664 469.73834228515625 267.0453872680664
471.33868408203125 109.31486511230469 535.1308364868164 109.31486511230469 535.1308364868164 263.8149108886719 471.33868408203125 263.8149108886719
472.40362548828125 110.50852966308594 536.2091751098633 110.50852966308594 536.2091751098633 261.84205627441406 472.40362548828125 261.84205627441406
471.12591552734375 112.20369720458984 535.5975112915039 112.20369720458984 535.5975112915039 263.0824508666992 471.12591552734375 263.0824508666992
471.853759765625 112.17840576171875 535.9788970947266 112.17840576171875 535.9788970947266 263.0119323730469 471.853759765625 263.0119323730469
470.5137634277344 112.7763671875 536.9747695922852 112.7763671875 536.9747695922852 265.2793426513672 470.5137634277344 265.2793426513672
470.74932861328125 112.79078674316406 537.1744384765625 112.79078674316406 537.1744384765625 264.20948791503906 470.74932861328125 264.20948791503906
472.41217041015625 113.29217529296875 537.6305389404297 113.29217529296875 537.6305389404297 269.5486755371094 472.41217041015625 269.5486755371094
471.4727478027344 113.40916442871094 535.4158248901367 113.40916442871094 535.4158248901367 271.0618591308594 471.4727478027344 271.0618591308594
473.4646911621094 113.7084732055664 539.4650421142578 113.7084732055664 539.4650421142578 271.6990737915039 473.4646911621094 271.6990737915039
474.54638671875 115.5230484008789 538.0558471679688 115.5230484008789 538.0558471679688 272.1066665649414 474.54638671875 272.1066665649414
473.3427734375 113.052978515625 536.8893013000488 113.052978515625 536.8893013000488 269.7279815673828 473.3427734375 269.7279815673828
471.16998291015625 119.164306640625 534.6612434387207 119.164306640625 534.6612434387207 275.7030334472656 471.16998291015625 275.7030334472656
475.1299743652344 117.17142486572266 537.5272407531738 117.17142486572266 537.5272407531738 271.0128860473633 475.1299743652344 271.0128860473633
475.1192321777344 117.86470031738281 537.9001693725586 117.86470031738281 537.9001693725586 272.652099609375 475.1192321777344 272.652099609375
475.3655700683594 115.3929672241211 539.1824226379395 115.3929672241211 539.1824226379395 272.7344284057617 475.3655700683594 272.7344284057617
462.2486267089844 117.58073425292969 526.7709884643555 117.58073425292969 526.7709884643555 276.66163635253906 462.2486267089844 276.66163635253906
441.91693115234375 120.7551498413086 506.48106384277344 120.7551498413086 506.48106384277344 279.9390335083008 441.91693115234375 279.9390335083008
431.2456970214844 121.91200256347656 496.10789489746094 121.91200256347656 496.10789489746094 281.8307800292969 431.2456970214844 281.8307800292969
435.367919921875 119.9867172241211 500.6017608642578 119.9867172241211 500.6017608642578 280.82176971435547 435.367919921875 280.82176971435547
435.84423828125 125.43827819824219 502.0469207763672 125.43827819824219 502.0469207763672 288.6620330810547 435.84423828125 288.6620330810547
435.11383056640625 123.96589660644531 501.99747467041016 123.96589660644531 501.99747467041016 288.8685607910156 435.11383056640625 288.8685607910156
435.93017578125 125.86427307128906 504.1223907470703 125.86427307128906 504.1223907470703 293.99322509765625 435.93017578125 293.99322509765625
432.4922790527344 125.11991882324219 502.87269592285156 125.11991882324219 502.87269592285156 295.33544921875 432.4922790527344 295.33544921875
431.9203186035156 127.8740234375 501.6596984863281 127.8740234375 501.6596984863281 296.7887268066406 431.9203186035156 296.7887268066406
434.7791442871094 130.1142120361328 504.11095428466797 130.1142120361328 504.11095428466797 301.05284118652344 434.7791442871094 301.05284118652344
430.476806640625 128.8817596435547 501.1439208984375 128.8817596435547 501.1439208984375 300.4085388183594 430.476806640625 300.4085388183594
429.75146484375 128.919677734375 502.01285552978516 128.919677734375 502.01285552978516 299.6038513183594 429.75146484375 299.6038513183594
427.1123962402344 128.12498474121094 498.7978973388672 128.12498474121094 498.7978973388672 301.21343994140625 427.1123962402344 301.21343994140625
426.1040954589844 130.19992065429688 499.33560943603516 130.19992065429688 499.33560943603516 303.4444122314453 426.1040954589844 303.4444122314453
429.20709228515625 130.9691925048828 500.51536560058594 130.9691925048828 500.51536560058594 297.8882751464844 429.20709228515625 297.8882751464844
427.84600830078125 132.31980895996094 499.91890716552734 132.31980895996094 499.91890716552734 303.94361877441406 427.84600830078125 303.94361877441406
426.5545959472656 132.32272338867188 499.58070373535156 132.32272338867188 499.58070373535156 304.87725830078125 426.5545959472656 304.87725830078125
427.608642578125 134.62069702148438 500.37828063964844 134.62069702148438 500.37828063964844 305.68006896972656 427.608642578125 305.68006896972656
426.12847900390625 134.27468872070312 500.2240447998047 134.27468872070312 500.2240447998047 307.9949951171875 426.12847900390625 307.9949951171875
425.38446044921875 134.1221923828125 500.49794006347656 134.1221923828125 500.49794006347656 306.6156463623047 425.38446044921875 306.6156463623047
424.84552001953125 135.2032470703125 499.29349517822266 135.2032470703125 499.29349517822266 311.5092468261719 424.84552001953125 311.5092468261719
424.6888122558594 135.41079711914062 500.0187683105469 135.41079711914062 500.0187683105469 312.81312561035156 424.6888122558594 312.81312561035156
422.57537841796875 135.8670654296875 498.6429214477539 135.8670654296875 498.6429214477539 313.9477996826172 422.57537841796875 313.9477996826172
417.4668884277344 137.09121704101562 496.43770599365234 137.09121704101562 496.43770599365234 315.3666687011719 417.4668884277344 315.3666687011719
420.1089782714844 132.94979858398438 497.2938919067383 132.94979858398438 497.2938919067383 317.04591369628906 420.1089782714844 317.04591369628906
419.23419189453125 100.9422836303711 494.2263412475586 100.9422836303711 494.2263412475586 294.03572845458984 419.23419189453125 294.03572845458984
417.9713439941406 84.59794616699219 494.3154983520508 84.59794616699219 494.3154983520508 281.5930938720703 417.9713439941406 281.5930938720703
420.024169921875 90.89137268066406 494.52854919433594 90.89137268066406 494.52854919433594 273.7106170654297 420.024169921875 273.7106170654297
418.66607666015625 93.88127899169922 492.65538024902344 93.88127899169922 492.65538024902344 272.7847213745117 418.66607666015625 272.7847213745117
416.00555419921875 96.65274810791016 491.7163391113281 96.65274810791016 491.7163391113281 275.69287872314453 416.00555419921875 275.69287872314453
417.7576599121094 94.66094970703125 491.46854400634766 94.66094970703125 491.46854400634766 273.78924560546875 417.7576599121094 273.78924560546875
417.55810546875 103.46049499511719 491.0397720336914 103.46049499511719 491.0397720336914 278.94190979003906 417.55810546875 278.94190979003906
415.1617126464844 100.67575073242188 489.97071075439453 100.67575073242188 489.97071075439453 274.6054229736328 415.1617126464844 274.6054229736328
410.59814453125 100.40823364257812 488.3096923828125 100.40823364257812 488.3096923828125 278.53294372558594 410.59814453125 278.53294372558594
409.088623046875 102.43109130859375 485.6323013305664 102.43109130859375 485.6323013305664 276.85447692871094 409.088623046875 276.85447692871094
408.56353759765625 104.66868591308594 486.8446960449219 104.66868591308594 486.8446960449219 280.6251983642578 408.56353759765625 280.6251983642578
409.6158752441406 103.20882415771484 486.6103210449219 103.20882415771484 486.6103210449219 275.06844329833984 409.6158752441406 275.06844329833984
408.3918762207031 104.45343017578125 486.68189239501953 104.45343017578125 486.68189239501953 279.1407165527344 408.3918762207031 279.1407165527344
405.9051818847656 94.93955993652344 485.5553741455078 94.93955993652344 485.5553741455078 276.3493194580078 405.9051818847656 276.3493194580078
405.38958740234375 76.95576477050781 482.91554260253906 76.95576477050781 482.91554260253906 265.9496612548828 405.38958740234375 265.9496612548828
405.96759033203125 49.54917526245117 480.87642669677734 49.54917526245117 480.87642669677734 234.31534957885742 405.96759033203125 234.31534957885742
402.5198669433594 48.41120910644531 480.4583435058594 48.41120910644531 480.4583435058594 232.80618286132812 402.5198669433594 232.80618286132812
402.98699951171875 53.441673278808594 479.7845001220703 53.441673278808594 479.7845001220703 234.82476043701172 402.98699951171875 234.82476043701172
401.8546447753906 54.6011848449707 477.87044525146484 54.6011848449707 477.87044525146484 234.8004035949707 401.8546447753906 234.8004035949707
401.9969787597656 60.69855880737305 479.10023498535156 60.69855880737305 479.10023498535156 238.14309310913086 401.9969787597656 238.14309310913086
402.42864990234375 59.942466735839844 478.9939422607422 59.942466735839844 478.9939422607422 234.64925384521484 402.42864990234375 234.64925384521484
402.0477600097656 60.69569778442383 477.41422271728516 60.69569778442383 477.41422271728516 236.3591194152832 402.0477600097656 236.3591194152832
399.8492126464844 55.257057189941406 472.89493560791016 55.257057189941406 472.89493560791016 235.35254669189453 399.8492126464844 235.35254669189453
395.9898681640625 29.005046844482422 471.4133605957031 29.005046844482422 471.4133605957031 215.03759384155273 395.9898681640625 215.03759384155273
396.486328125 31.150146484375 472.7195358276367 31.150146484375 472.7195358276367 217.15371704101562 396.486328125 217.15371704101562
393.3453063964844 30.39980697631836 470.6800537109375 30.39980697631836 470.6800537109375 217.25425338745117 393.3453063964844 217.25425338745117
393.1911926269531 39.22533416748047 472.2952575683594 39.22533416748047 472.2952575683594 217.6085433959961 393.1911926269531 217.6085433959961
389.8334045410156 37.37668991088867 469.46974182128906 37.37668991088867 469.46974182128906 216.84626388549805 389.8334045410156 216.84626388549805
388.17071533203125 44.01737594604492 468.4307403564453 44.01737594604492 468.4307403564453 223.77434921264648 388.17071533203125 223.77434921264648
387.8873596191406 45.03271484375 468.19742584228516 45.03271484375 468.19742584228516 227.43727111816406 387.8873596191406 227.43727111816406
386.73675537109375 41.10242462158203 467.42527770996094 41.10242462158203 467.42527770996094 225.38944244384766 386.73675537109375 225.38944244384766
386.44866943359375 47.124053955078125 465.83680725097656 47.124053955078125 465.83680725097656 228.0126953125 386.44866943359375 228.0126953125
384.8019714355469 45.07769775390625 462.3112335205078 45.07769775390625 462.3112335205078 236.17811584472656 384.8019714355469 236.17811584472656
383.15545654296875 44.91948699951172 462.7020721435547 44.91948699951172 462.7020721435547 231.8902359008789 383.15545654296875 231.8902359008789
382.8981018066406 49.82279586791992 462.02455139160156 49.82279586791992 462.02455139160156 237.7782096862793 382.8981018066406 237.7782096862793
382.9878845214844 52.1644287109375 461.6303176879883 52.1644287109375 461.6303176879883 235.89291381835938 382.9878845214844 235.89291381835938
381.7301330566406 53.30937576293945 461.93833923339844 53.30937576293945 461.93833923339844 241.2106819152832 381.7301330566406 241.2106819152832
380.81121826171875 57.001976013183594 459.9174346923828 57.001976013183594 459.9174346923828 245.71576690673828 380.81121826171875 245.71576690673828
379.34539794921875 58.07920455932617 456.91253662109375 58.07920455932617 456.91253662109375 246.7419090270996 379.34539794921875 246.7419090270996
381.2225036621094 61.6750602722168 458.37816619873047 61.6750602722168 458.37816619873047 251.90363693237305 381.2225036621094 251.90363693237305
378.8403625488281 62.786041259765625 455.1627655029297 62.786041259765625 455.1627655029297 246.0185546875 378.8403625488281 246.0185546875
379.5159606933594 64.398193359375 456.8047409057617 64.398193359375 456.8047409057617 249.01174926757812 379.5159606933594 249.01174926757812
377.63568115234375 64.31124877929688 454.5781021118164 64.31124877929688 454.5781021118164 252.03463745117188 377.63568115234375 252.03463745117188
375.3817138671875 65.77791595458984 453.24800872802734 65.77791595458984 453.24800872802734 255.76815032958984 375.3817138671875 255.76815032958984
375.9577941894531 69.42916107177734 452.4840621948242 69.42916107177734 452.4840621948242 257.8524703979492 375.9577941894531 257.8524703979492
374.57781982421875 68.58466339111328 451.49342346191406 68.58466339111328 451.49342346191406 258.6797561645508 374.57781982421875 258.6797561645508
376.82464599609375 57.4559211730957 451.8273239135742 57.4559211730957 451.8273239135742 247.02498245239258 376.82464599609375 247.02498245239258
368.5702209472656 41.20812225341797 446.05721282958984 41.20812225341797 446.05721282958984 232.25362396240234 368.5702209472656 232.25362396240234
370.46649169921875 25.729961395263672 448.52528381347656 25.729961395263672 448.52528381347656 218.18525314331055 370.46649169921875 218.18525314331055
370.5313720703125 17.135215759277344 449.0998077392578 17.135215759277344 449.0998077392578 211.94258880615234 370.5313720703125 211.94258880615234
366.10986328125 24.08251190185547 446.09930419921875 24.08251190185547 446.09930419921875 221.29784393310547 366.10986328125 221.29784393310547
365.69573974609375 29.171588897705078 444.87644958496094 29.171588897705078 444.87644958496094 225.79851150512695 365.69573974609375 225.79851150512695
364.38983154296875 30.5693359375 445.0290298461914 30.5693359375 445.0290298461914 229.8105926513672 364.38983154296875 229.8105926513672
366.54229736328125 31.201568603515625 446.69911193847656 31.201568603515625 446.69911193847656 229.43797302246094 366.54229736328125 229.43797302246094
363.3216552734375 32.5683479309082 444.4403076171875 32.5683479309082 444.4403076171875 230.47822952270508 363.3216552734375 230.47822952270508
363.09478759765625 34.155174255371094 444.17057037353516 34.155174255371094 444.17057037353516 233.49813079833984 363.09478759765625 233.49813079833984
361.0043029785156 39.5513916015625 443.01573944091797 39.5513916015625 443.01573944091797 239.55653381347656 361.0043029785156 239.55653381347656
362.30108642578125 42.78940963745117 443.0762939453125 42.78940963745117 443.0762939453125 244.16201400756836 362.30108642578125 244.16201400756836
357.99114990234375 41.64203643798828 441.8757781982422 41.64203643798828 441.8757781982422 246.5889663696289 357.99114990234375 246.5889663696289
357.92828369140625 45.64826583862305 441.27606201171875 45.64826583862305 441.27606201171875 249.87943649291992 357.92828369140625 249.87943649291992
357.1180725097656 48.10547637939453 440.62804412841797 48.10547637939453 440.62804412841797 252.80724334716797 357.1180725097656 252.80724334716797
354.1905822753906 52.6766471862793 436.3983688354492 52.6766471862793 436.3983688354492 255.36143112182617 354.1905822753906 255.36143112182617
352.30426025390625 56.59441375732422 434.02838134765625 56.59441375732422 434.02838134765625 258.0866928100586 352.30426025390625 258.0866928100586
357.6280517578125 59.13579177856445 441.013916015625 59.13579177856445 441.013916015625 264.72514724731445 357.6280517578125 264.72514724731445
357.48736572265625 66.60231018066406 439.80589294433594 66.60231018066406 439.80589294433594 269.5238800048828 357.48736572265625 269.5238800048828
353.7421875 69.6126937866211 437.28514862060547 69.6126937866211 437.28514862060547 274.8357925415039 353.7421875 274.8357925415039
356.9707946777344 69.650146484375 441.8240509033203 69.650146484375 441.8240509033203 278.8573760986328 356.9707946777344 278.8573760986328
354.66693115234375 74.09632873535156 438.0514831542969 74.09632873535156 438.0514831542969 279.68243408203125 354.66693115234375 279.68243408203125
355.50738525390625 77.7800521850586 439.0157470703125 77.7800521850586 439.0157470703125 283.6714096069336 355.50738525390625 283.6714096069336
354.7554626464844 64.08880615234375 439.55863189697266 64.08880615234375 439.55863189697266 273.17250061035156 354.7554626464844 273.17250061035156
352.9320373535156 48.984004974365234 437.84630584716797 48.984004974365234 437.84630584716797 258.34162521362305 352.9320373535156 258.34162521362305
351.5946350097656 35.84050750732422 436.7079315185547 35.84050750732422 436.7079315185547 245.6888198852539 351.5946350097656 245.6888198852539
350.1316833496094 12.80334758758545 437.62037658691406 12.80334758758545 437.62037658691406 228.50825786590576 350.1316833496094 228.50825786590576
345.8709716796875 3.740957736968994 435.35499572753906 3.740957736968994 435.35499572753906 225.75533151626587 345.8709716796875 225.75533151626587
346.77008056640625 1.225225806236267 440.3406753540039 1.225225806236267 440.3406753540039 229.23140561580658 346.77008056640625 229.23140561580658
343.87835693359375 16.528888702392578 435.8806915283203 16.528888702392578 435.8806915283203 236.89461135864258 343.87835693359375 236.89461135864258
344.20404052734375 15.918235778808594 437.8442916870117 15.918235778808594 437.8442916870117 232.42754364013672 344.20404052734375 232.42754364013672
344.31097412109375 17.066617965698242 434.79439544677734 17.066617965698242 434.79439544677734 238.79101371765137 344.31097412109375 238.79101371765137
340.3408508300781 25.9003849029541 430.8065948486328 25.9003849029541 430.8065948486328 246.6654758453369 340.3408508300781 246.6654758453369
341.57330322265625 28.548633575439453 433.67584228515625 28.548633575439453 433.67584228515625 249.10622024536133 341.57330322265625 249.10622024536133
345.8243713378906 27.339649200439453 435.5893325805664 27.339649200439453 435.5893325805664 243.82597732543945 345.8243713378906 243.82597732543945
341.1903991699219 33.657203674316406 431.0316925048828 33.657203674316406 431.0316925048828 255.16252899169922 341.1903991699219 255.16252899169922
344.60870361328125 34.29728317260742 432.65406799316406 34.29728317260742 432.65406799316406 251.05627059936523 344.60870361328125 251.05627059936523
345.6061096191406 37.076881408691406 435.4009094238281 37.076881408691406 435.4009094238281 259.2330093383789 345.6061096191406 259.2330093383789
342.52032470703125 48.062477111816406 433.1437301635742 48.062477111816406 433.1437301635742 271.4961471557617 342.52032470703125 271.4961471557617
342.30328369140625 49.66646194458008 433.95018768310547 49.66646194458008 433.95018768310547 276.5519599914551 342.30328369140625 276.5519599914551
341.9661560058594 52.92991256713867 434.8190155029297 52.92991256713867 434.8190155029297 281.8603324890137 341.9661560058594 281.8603324890137
341.67181396484375 59.529296875 433.7758026123047 59.529296875 433.7758026123047 286.6133270263672 341.67181396484375 286.6133270263672
336.3106384277344 60.59535598754883 428.7640686035156 60.59535598754883 428.7640686035156 288.5409126281738 336.3106384277344 288.5409126281738
326.1300354003906 63.23632049560547 418.2898712158203 63.23632049560547 418.2898712158203 290.45800018310547 326.1300354003906 290.45800018310547
307.6930236816406 67.86222839355469 400.51499938964844 67.86222839355469 400.51499938964844 296.7164306640625 307.6930236816406 296.7164306640625
297.5380554199219 72.47364044189453 390.1840057373047 72.47364044189453 390.1840057373047 300.89383697509766 297.5380554199219 300.89383697509766
285.921630859375 73.62715148925781 380.6220474243164 73.62715148925781 380.6220474243164 307.11265563964844 285.921630859375 307.11265563964844
265.3501892089844 83.31262969970703 362.0260925292969 83.31262969970703 362.0260925292969 321.66873931884766 265.3501892089844 321.66873931884766
257.134765625 84.49506378173828 356.37125396728516 84.49506378173828 356.37125396728516 326.05455780029297 257.134765625 326.05455780029297
248.16293334960938 88.89729309082031 348.19869232177734 88.89729309082031 348.19869232177734 335.5371856689453 248.16293334960938 335.5371856689453
231.9952850341797 93.27146911621094 333.5323944091797 93.27146911621094 333.5323944091797 343.6129455566406 231.9952850341797 343.6129455566406
219.61117553710938 99.28429412841797 320.8705291748047 99.28429412841797 320.8705291748047 348.94095611572266 219.61117553710938 348.94095611572266
203.3888397216797 110.38459777832031 306.2252655029297 110.38459777832031 306.2252655029297 352.6085662841797 203.3888397216797 352.6085662841797
193.1444549560547 111.8140869140625 296.29034423828125 111.8140869140625 296.29034423828125 362.4492492675781 193.1444549560547 362.4492492675781
184.7695770263672 122.2506332397461 287.03955078125 122.2506332397461 287.03955078125 369.83007049560547 184.7695770263672 369.83007049560547
167.66099548339844 131.4407501220703 271.1138000488281 131.4407501220703 271.1138000488281 371.3835906982422 167.66099548339844 371.3835906982422
161.63302612304688 138.7805633544922 266.8815383911133 138.7805633544922 266.8815383911133 377.17578125 161.63302612304688 377.17578125
163.30413818359375 143.5856475830078 268.3857192993164 143.5856475830078 268.3857192993164 384.5839385986328 163.30413818359375 384.5839385986328
171.35049438476562 148.08651733398438 274.1038131713867 148.08651733398438 274.1038131713867 392.24085998535156 171.35049438476562 392.24085998535156
176.62249755859375 153.9060516357422 277.5317611694336 153.9060516357422 277.5317611694336 401.6476287841797 176.62249755859375 401.6476287841797
181.4735565185547 163.93228149414062 285.2755126953125 163.93228149414062 285.2755126953125 414.2545928955078 181.4735565185547 414.2545928955078
189.422607421875 175.45498657226562 295.6213150024414 175.45498657226562 295.6213150024414 428.32073974609375 189.422607421875 428.32073974609375
192.3823699951172 178.36349487304688 297.1342468261719 178.36349487304688 297.1342468261719 432.62603759765625 192.3823699951172 432.62603759765625
199.40745544433594 187.02371215820312 305.96956634521484 187.02371215820312 305.96956634521484 443.90374755859375 199.40745544433594 443.90374755859375
207.85305786132812 186.72817993164062 317.6508483886719 186.72817993164062 317.6508483886719 452.2900085449219 207.85305786132812 452.2900085449219
210.052490234375 190.24783325195312 319.4589385986328 190.24783325195312 319.4589385986328 458.33740234375 210.052490234375 458.33740234375
213.0167999267578 181.29190063476562 321.880859375 181.29190063476562 321.880859375 460.9267272949219 213.0167999267578 460.9267272949219
224.9144744873047 166.00906372070312 333.5566864013672 166.00906372070312 333.5566864013672 451.0288391113281 224.9144744873047 451.0288391113281
231.042724609375 154.4727020263672 343.6975860595703 154.4727020263672 343.6975860595703 440.59458923339844 231.042724609375 440.59458923339844
231.21298217773438 137.05850219726562 348.4359817504883 137.05850219726562 348.4359817504883 422.4203186035156 231.21298217773438 422.4203186035156
239.8848419189453 118.1618881225586 353.8494186401367 118.1618881225586 353.8494186401367 407.5712203979492 239.8848419189453 407.5712203979492
246.06454467773438 104.44252014160156 359.14708709716797 104.44252014160156 359.14708709716797 398.8301544189453 246.06454467773438 398.8301544189453
247.2295379638672 82.51741027832031 364.8857879638672 82.51741027832031 364.8857879638672 380.9114532470703 247.2295379638672 380.9114532470703
250.30642700195312 70.44645690917969 365.5200881958008 70.44645690917969 365.5200881958008 366.00706481933594 250.30642700195312 366.00706481933594
254.3495330810547 61.24371337890625 369.6618118286133 61.24371337890625 369.6618118286133 360.87640380859375 254.3495330810547 360.87640380859375
256.92327880859375 45.164405822753906 375.22727966308594 45.164405822753906 375.22727966308594 344.6405715942383 256.92327880859375 344.6405715942383
266.240234375 27.70467758178711 386.40966796875 27.70467758178711 386.40966796875 335.6894187927246 266.240234375 335.6894187927246
266.60205078125 13.872125625610352 387.72271728515625 13.872125625610352 387.72271728515625 321.7058048248291 266.60205078125 321.7058048248291
