423.0 158.0 445.0 158.0 445.0 215.0 423.0 215.0
422.8473205566406 158.65707397460938 444.6425380706787 158.65707397460938 444.6425380706787 213.87862396240234 422.8473205566406 213.87862396240234
422.09832763671875 158.62693786621094 444.07434463500977 158.62693786621094 444.07434463500977 215.40857315063477 422.09832763671875 215.40857315063477
421.69805908203125 157.93148803710938 442.9569892883301 157.93148803710938 442.9569892883301 215.21825408935547 421.69805908203125 215.21825408935547
421.619140625 158.3360595703125 443.05348205566406 158.3360595703125 443.05348205566406 214.71329879760742 421.619140625 214.71329879760742
420.8287048339844 156.73182678222656 443.0368423461914 156.73182678222656 443.0368423461914 213.30023574829102 420.8287048339844 213.30023574829102
420.25909423828125 157.08843994140625 442.25621223449707 157.08843994140625 442.25621223449707 213.72406005859375 420.25909423828125 213.72406005859375
419.3118591308594 156.2194366455078 441.44921493530273 156.2194366455078 441.44921493530273 213.69488143920898 419.3118591308594 213.69488143920898
419.54974365234375 156.48324584960938 441.9858703613281 156.48324584960938 441.9858703613281 214.61322021484375 419.54974365234375 214.61322021484375
419.50164794921875 157.70401000976562 442.1891975402832 157.70401000976562 442.1891975402832 216.48539352416992 419.50164794921875 216.48539352416992
418.50091552734375 156.03152465820312 441.5244255065918 156.03152465820312 441.5244255065918 215.68334197998047 418.50091552734375 215.68334197998047
417.6900329589844 156.42996215820312 440.20752143859863 156.42996215820312 440.20752143859863 214.80502319335938 417.6900329589844 214.80502319335938
417.96795654296875 154.36996459960938 440.6659965515137 154.36996459960938 440.6659965515137 213.17852020263672 417.96795654296875 213.17852020263672
417.8411560058594 154.6191864013672 440.6995601654053 154.6191864013672 440.6995601654053 214.57813262939453 417.8411560058594 214.57813262939453
416.92333984375 154.3082733154297 440.0583953857422 154.3082733154297 440.0583953857422 214.24695205688477 416.92333984375 214.24695205688477
416.12469482421875 155.0905303955078 439.20660400390625 155.0905303955078 439.20660400390625 214.8936538696289 416.12469482421875 214.8936538696289
415.94415283203125 153.42311096191406 438.9261531829834 153.42311096191406 438.9261531829834 212.9673728942871 415.94415283203125 212.9673728942871
415.171875 154.1102294921875 438.35240173339844 154.1102294921875 438.35240173339844 214.64970779418945 415.171875 214.64970779418945
414.2725524902344 154.4722137451172 437.80152702331543 154.4722137451172 437.80152702331543 215.4336395263672 414.2725524902344 215.4336395263672
414.2418518066406 152.793212890625 437.25336265563965 152.793212890625 437.25336265563965 215.15695190429688 414.2418518066406 215.15695190429688
414.0428161621094 153.8951873779297 437.5994129180908 153.8951873779297 437.5994129180908 215.73015975952148 414.0428161621094 215.73015975952148
413.4236755371094 152.72195434570312 436.71485710144043 152.72195434570312 436.71485710144043 214.08541870117188 413.4236755371094 214.08541870117188
413.3173828125 152.67169189453125 436.8141860961914 152.67169189453125 436.8141860961914 213.54977416992188 413.3173828125 213.54977416992188
412.4226989746094 152.36656188964844 435.8961715698242 152.36656188964844 435.8961715698242 213.18419647216797 412.4226989746094 213.18419647216797
412.6878356933594 152.68666076660156 436.18408584594727 152.68666076660156 436.18408584594727 214.14237213134766 412.6878356933594 214.14237213134766
412.091552734375 151.5111083984375 435.57330894470215 151.5111083984375 435.57330894470215 212.3502082824707 412.091552734375 212.3502082824707
411.6170959472656 153.69577026367188 435.0426559448242 153.69577026367188 435.0426559448242 214.38927459716797 411.6170959472656 214.38927459716797
411.56768798828125 152.1365966796875 435.11591148376465 152.1365966796875 435.11591148376465 213.14791107177734 411.56768798828125 213.14791107177734
411.7255859375 152.51156616210938 435.1987476348877 152.51156616210938 435.1987476348877 213.32840728759766 411.7255859375 213.32840728759766
410.9625549316406 151.77845764160156 434.5550060272217 151.77845764160156 434.5550060272217 213.64496231079102 410.9625549316406 213.64496231079102
410.8167419433594 153.75238037109375 434.37792778015137 153.75238037109375 434.37792778015137 215.48942947387695 410.8167419433594 215.48942947387695
410.7804260253906 152.43923950195312 434.2378578186035 152.43923950195312 434.2378578186035 213.21532440185547 410.7804260253906 213.21532440185547
411.10760498046875 150.27169799804688 434.5502452850342 150.27169799804688 434.5502452850342 211.00946044921875 411.10760498046875 211.00946044921875
410.4806213378906 151.1309051513672 433.9347496032715 151.1309051513672 433.9347496032715 213.08773040771484 410.4806213378906 213.08773040771484
410.295166015625 151.3634490966797 433.8224754333496 151.3634490966797 433.8224754333496 212.3205909729004 410.295166015625 212.3205909729004
409.68695068359375 152.0446319580078 433.07497787475586 152.0446319580078 433.07497787475586 212.64090728759766 409.68695068359375 212.64090728759766
410.12188720703125 150.65716552734375 433.3596439361572 150.65716552734375 433.3596439361572 210.8641128540039 410.12188720703125 210.8641128540039
409.6673278808594 151.23382568359375 432.7423915863037 151.23382568359375 432.7423915863037 211.01924896240234 409.6673278808594 211.01924896240234
409.76788330078125 151.2334442138672 432.4983329772949 151.2334442138672 432.4983329772949 212.62042999267578 409.76788330078125 212.62042999267578
408.20941162109375 151.04388427734375 431.95523262023926 151.04388427734375 431.95523262023926 212.56717681884766 408.20941162109375 212.56717681884766
408.0146484375 150.64268493652344 431.8470039367676 150.64268493652344 431.8470039367676 212.3901824951172 408.0146484375 212.3901824951172
408.0684509277344 150.25704956054688 431.8734893798828 150.25704956054688 431.8734893798828 211.93376541137695 408.0684509277344 211.93376541137695
406.27862548828125 150.73687744140625 430.056583404541 150.73687744140625 430.056583404541 212.34343338012695 406.27862548828125 212.34343338012695
405.3580627441406 150.40151977539062 429.27077865600586 150.40151977539062 429.27077865600586 213.0824089050293 405.3580627441406 213.0824089050293
405.00787353515625 149.91339111328125 428.87426567077637 149.91339111328125 428.87426567077637 211.74907302856445 405.00787353515625 211.74907302856445
404.24609375 149.67648315429688 428.1990451812744 149.67648315429688 428.1990451812744 211.73643112182617 404.24609375 211.73643112182617
403.3697509765625 148.35726928710938 427.15012550354004 148.35726928710938 427.15012550354004 211.91735076904297 403.3697509765625 211.91735076904297
403.0577392578125 149.40550231933594 426.907075881958 149.40550231933594 426.907075881958 211.19699478149414 403.0577392578125 211.19699478149414
402.4430847167969 149.81483459472656 425.9967918395996 149.81483459472656 425.9967918395996 210.84037017822266 402.4430847167969 210.84037017822266
402.42840576171875 149.8087158203125 425.93515396118164 149.8087158203125 425.93515396118164 210.71258544921875 402.42840576171875 210.71258544921875
402.06427001953125 150.1638641357422 425.72765922546387 150.1638641357422 425.72765922546387 211.47357559204102 402.06427001953125 211.47357559204102
402.3548889160156 148.89976501464844 425.74736404418945 148.89976501464844 425.74736404418945 210.82391738891602 402.3548889160156 210.82391738891602
401.3478698730469 148.74391174316406 424.4663200378418 148.74391174316406 424.4663200378418 210.60889434814453 401.3478698730469 210.60889434814453
400.89715576171875 148.72702026367188 423.9429626464844 148.72702026367188 423.9429626464844 210.77873992919922 400.89715576171875 210.77873992919922
400.3422546386719 148.72300720214844 423.1932315826416 148.72300720214844 423.1932315826416 211.2804412841797 400.3422546386719 211.2804412841797
400.09979248046875 148.72732543945312 423.4195442199707 148.72732543945312 423.4195442199707 211.1131477355957 400.09979248046875 211.1131477355957
399.44171142578125 147.93545532226562 422.9539451599121 147.93545532226562 422.9539451599121 210.3781509399414 399.44171142578125 210.3781509399414
399.6121520996094 149.020263671875 422.88232803344727 149.020263671875 422.88232803344727 210.10740280151367 399.6121520996094 210.10740280151367
398.8381042480469 149.85464477539062 421.9403495788574 149.85464477539062 421.9403495788574 210.61824417114258 398.8381042480469 210.61824417114258
398.7060852050781 148.81207275390625 421.7216968536377 148.81207275390625 421.7216968536377 209.3470344543457 398.7060852050781 209.3470344543457
398.70452880859375 148.5444793701172 421.63316535949707 148.5444793701172 421.63316535949707 208.79273223876953 398.70452880859375 208.79273223876953
398.187255859375 148.68017578125 420.9862976074219 148.68017578125 420.9862976074219 207.75045776367188 398.187255859375 207.75045776367188
398.9555969238281 148.8638153076172 421.50649070739746 148.8638153076172 421.50649070739746 207.2911720275879 398.9555969238281 207.2911720275879
398.0120849609375 148.62802124023438 420.1470146179199 148.62802124023438 420.1470146179199 205.97765350341797 398.0120849609375 205.97765350341797
397.15728759765625 149.83975219726562 419.02791595458984 149.83975219726562 419.02791595458984 206.50460052490234 397.15728759765625 206.50460052490234
397.389404296875 149.60887145996094 419.14233016967773 149.60887145996094 419.14233016967773 205.96875762939453 397.389404296875 205.96875762939453
396.41851806640625 150.9147186279297 418.01687812805176 150.9147186279297 418.01687812805176 206.87414169311523 396.41851806640625 206.87414169311523
395.95025634765625 149.8210906982422 417.61375427246094 149.8210906982422 417.61375427246094 205.94928359985352 395.95025634765625 205.94928359985352
396.4981994628906 149.52899169921875 418.2123203277588 149.52899169921875 418.2123203277588 205.78833770751953 396.4981994628906 205.78833770751953
395.1053771972656 149.12307739257812 416.8776435852051 149.12307739257812 416.8776435852051 205.53307342529297 395.1053771972656 205.53307342529297
394.9639587402344 149.1205291748047 416.69176864624023 149.1205291748047 416.69176864624023 205.41533660888672 394.9639587402344 205.41533660888672
394.7001037597656 149.0329132080078 416.36489486694336 149.0329132080078 416.36489486694336 206.32726287841797 394.7001037597656 206.32726287841797
393.26593017578125 148.0031280517578 415.3197822570801 148.0031280517578 415.3197822570801 205.1426773071289 393.26593017578125 205.1426773071289
394.22613525390625 148.81625366210938 416.34724044799805 148.81625366210938 416.34724044799805 206.13005447387695 394.22613525390625 206.13005447387695
393.5030822753906 148.0375213623047 416.1144561767578 148.0375213623047 416.1144561767578 206.6215591430664 393.5030822753906 206.6215591430664
393.06561279296875 147.2195281982422 415.6806011199951 147.2195281982422 415.6806011199951 206.37975692749023 393.06561279296875 206.37975692749023
392.69854736328125 147.49282836914062 414.96527671813965 147.49282836914062 414.96527671813965 205.81254959106445 392.69854736328125 205.81254959106445
394.03021240234375 147.1993865966797 416.3794288635254 147.1993865966797 416.3794288635254 205.93292617797852 394.03021240234375 205.93292617797852
392.7045593261719 148.8325958251953 414.9104423522949 148.8325958251953 414.9104423522949 206.36605072021484 392.7045593261719 206.36605072021484
393.2740783691406 147.97348022460938 415.0788116455078 147.97348022460938 415.0788116455078 205.48140335083008 393.2740783691406 205.48140335083008
393.1031188964844 148.91981506347656 414.9543762207031 148.91981506347656 414.9543762207031 205.9099998474121 393.1031188964844 205.9099998474121
392.5694274902344 148.29299926757812 414.48351669311523 148.29299926757812 414.48351669311523 205.45651245117188 392.5694274902344 205.45651245117188
392.59979248046875 148.6194610595703 414.5105953216553 148.6194610595703 414.5105953216553 205.38840103149414 392.59979248046875 205.38840103149414
392.0898742675781 148.28952026367188 413.72748374938965 148.28952026367188 413.72748374938965 204.35063934326172 392.0898742675781 204.35063934326172
392.1202697753906 146.930419921875 414.1084957122803 146.930419921875 414.1084957122803 203.89995574951172 392.1202697753906 203.89995574951172
392.517822265625 146.58465576171875 414.71964263916016 146.58465576171875 414.71964263916016 204.10759735107422 392.517822265625 204.10759735107422
392.01922607421875 147.37936401367188 414.18433570861816 147.37936401367188 414.18433570861816 204.80718994140625 392.01922607421875 204.80718994140625
391.5109558105469 147.94027709960938 413.3326416015625 147.94027709960938 413.3326416015625 204.47832107543945 391.5109558105469 204.47832107543945
390.86407470703125 147.78993225097656 412.31157302856445 147.78993225097656 412.31157302856445 203.35849380493164 390.86407470703125 203.35849380493164
390.71673583984375 148.51504516601562 411.95852279663086 148.51504516601562 411.95852279663086 203.55062866210938 390.71673583984375 203.55062866210938
390.6903076171875 147.60836791992188 412.1007823944092 147.60836791992188 412.1007823944092 203.08100509643555 390.6903076171875 203.08100509643555
389.6645812988281 147.1307830810547 411.22692108154297 147.1307830810547 411.22692108154297 202.99689102172852 389.6645812988281 202.99689102172852
390.50177001953125 147.1392822265625 412.27177810668945 147.1392822265625 412.27177810668945 203.54343795776367 390.50177001953125 203.54343795776367
389.71649169921875 147.37142944335938 411.1840572357178 147.37142944335938 411.1840572357178 203.28999710083008 389.71649169921875 203.28999710083008
389.24310302734375 147.3434600830078 410.73291015625 147.3434600830078 410.73291015625 203.0216407775879 389.24310302734375 203.0216407775879
388.64471435546875 147.10215759277344 410.2488784790039 147.10215759277344 410.2488784790039 203.0766258239746 388.64471435546875 203.0766258239746
387.9847412109375 147.66317749023438 409.32699394226074 147.66317749023438 409.32699394226074 202.95905685424805 387.9847412109375 202.95905685424805
386.958740234375 147.6715850830078 408.36025619506836 147.6715850830078 408.36025619506836 203.12100982666016 386.958740234375 203.12100982666016
386.8273010253906 146.8169403076172 408.1616744995117 146.8169403076172 408.1616744995117 202.09240341186523 386.8273010253906 202.09240341186523
386.47674560546875 146.72640991210938 407.90001106262207 146.72640991210938 407.90001106262207 202.23218536376953 386.47674560546875 202.23218536376953
387.2298278808594 147.13064575195312 408.1188373565674 147.13064575195312 408.1188373565674 202.061279296875 387.2298278808594 202.061279296875
386.283447265625 147.8623809814453 407.2456855773926 147.8623809814453 407.2456855773926 202.11758041381836 386.283447265625 202.11758041381836
386.56964111328125 147.4672088623047 407.7655792236328 147.4672088623047 407.7655792236328 202.3839988708496 386.56964111328125 202.3839988708496
386.0211181640625 147.87042236328125 407.1986789703369 147.87042236328125 407.1986789703369 202.7396011352539 386.0211181640625 202.7396011352539
386.07537841796875 145.9417724609375 407.5134792327881 145.9417724609375 407.5134792327881 201.4859848022461 386.07537841796875 201.4859848022461
384.7373046875 147.44784545898438 406.1568431854248 147.44784545898438 406.1568431854248 202.94396209716797 384.7373046875 202.94396209716797
385.11395263671875 148.3459014892578 406.3131904602051 148.3459014892578 406.3131904602051 203.2514419555664 385.11395263671875 203.2514419555664
384.5526428222656 148.0631866455078 405.2490882873535 148.0631866455078 405.2490882873535 201.68582916259766 384.5526428222656 201.68582916259766
384.4369201660156 147.4304656982422 405.3626537322998 147.4304656982422 405.3626537322998 201.6471710205078 384.4369201660156 201.6471710205078
384.0320739746094 147.44845581054688 405.1299877166748 147.44845581054688 405.1299877166748 202.11127471923828 384.0320739746094 202.11127471923828
384.0043029785156 148.05325317382812 405.00784492492676 148.05325317382812 405.00784492492676 202.31491088867188 384.0043029785156 202.31491088867188
383.07110595703125 147.39215087890625 403.6377143859863 147.39215087890625 403.6377143859863 200.43488311767578 383.07110595703125 200.43488311767578
382.2290954589844 146.02572631835938 402.80835342407227 146.02572631835938 402.80835342407227 199.34475708007812 382.2290954589844 199.34475708007812
382.29937744140625 147.8997802734375 403.16711044311523 147.8997802734375 403.16711044311523 200.95463943481445 382.29937744140625 200.95463943481445
382.146484375 150.12899780273438 402.7173595428467 150.12899780273438 402.7173595428467 199.52827072143555 382.146484375 199.52827072143555
381.43328857421875 148.2848663330078 402.0929527282715 148.2848663330078 402.0929527282715 201.81221771240234 381.43328857421875 201.81221771240234
379.62005615234375 150.0337371826172 400.1883487701416 150.0337371826172 400.1883487701416 203.32434844970703 379.62005615234375 203.32434844970703
379.54571533203125 146.4071044921875 400.3185348510742 146.4071044921875 400.3185348510742 200.22762298583984 379.54571533203125 200.22762298583984
377.26373291015625 144.80776977539062 398.63352394104004 144.80776977539062 398.63352394104004 200.17498779296875 377.26373291015625 200.17498779296875
377.5044860839844 144.14559936523438 398.1683406829834 144.14559936523438 398.1683406829834 197.68379592895508 377.5044860839844 197.68379592895508
375.1563415527344 143.8529510498047 395.9178066253662 143.8529510498047 395.9178066253662 197.64404678344727 375.1563415527344 197.64404678344727
375.594482421875 143.58306884765625 396.3960723876953 143.58306884765625 396.3960723876953 197.47811889648438 375.594482421875 197.47811889648438
370.8226623535156 143.2623748779297 391.9239921569824 143.2623748779297 391.9239921569824 196.80665588378906 370.8226623535156 196.80665588378906
369.8824462890625 142.57481384277344 391.2588520050049 142.57481384277344 391.2588520050049 193.52450561523438 369.8824462890625 193.52450561523438
365.9496154785156 145.19407653808594 388.18555068969727 145.19407653808594 388.18555068969727 193.08881759643555 365.9496154785156 193.08881759643555
367.3205871582031 139.98802185058594 388.40046310424805 139.98802185058594 388.40046310424805 194.6040916442871 367.3205871582031 194.6040916442871
365.70281982421875 143.66482543945312 387.5582466125488 143.66482543945312 387.5582466125488 194.40678024291992 365.70281982421875 194.40678024291992
361.36907958984375 142.87417602539062 384.31130027770996 142.87417602539062 384.31130027770996 193.57233047485352 361.36907958984375 193.57233047485352
377.32586669921875 146.62075805664062 398.327091217041 146.62075805664062 398.327091217041 201.03304290771484 377.32586669921875 201.03304290771484
365.66436767578125 140.67111206054688 387.0276050567627 140.67111206054688 387.0276050567627 193.5225830078125 365.66436767578125 193.5225830078125
356.98028564453125 133.21592712402344 378.422082901001 133.21592712402344 378.422082901001 188.76969146728516 356.98028564453125 188.76969146728516
362.30487060546875 140.1470184326172 383.6748847961426 140.1470184326172 383.6748847961426 195.23606872558594 362.30487060546875 195.23606872558594
361.7139587402344 139.61160278320312 383.7466621398926 139.61160278320312 383.7466621398926 194.011474609375 361.7139587402344 194.011474609375
370.31689453125 144.14971923828125 392.6328926086426 144.14971923828125 392.6328926086426 199.41271209716797 370.31689453125 199.41271209716797
370.2943420410156 142.96145629882812 392.20582389831543 142.96145629882812 392.20582389831543 199.73213958740234 370.2943420410156 199.73213958740234
370.6180114746094 145.92184448242188 392.1740608215332 145.92184448242188 392.1740608215332 199.9094352722168 370.6180114746094 199.9094352722168
368.93731689453125 144.3097381591797 390.27716064453125 144.3097381591797 390.27716064453125 197.9239845275879 368.93731689453125 197.9239845275879
368.87725830078125 144.10997009277344 390.02109146118164 144.10997009277344 390.02109146118164 198.00875091552734 368.87725830078125 198.00875091552734
369.4295349121094 143.4218292236328 390.16993141174316 143.4218292236328 390.16993141174316 196.97554779052734 369.4295349121094 196.97554779052734
368.8532409667969 141.4747314453125 389.64858627319336 141.4747314453125 389.64858627319336 195.35359573364258 368.8532409667969 195.35359573364258
368.47607421875 144.4026336669922 389.07804679870605 144.4026336669922 389.07804679870605 196.98089218139648 368.47607421875 196.98089218139648
368.1450500488281 144.78321838378906 388.49623107910156 144.78321838378906 388.49623107910156 196.7262306213379 368.1450500488281 196.7262306213379
368.41644287109375 144.56076049804688 388.7124271392822 144.56076049804688 388.7124271392822 196.77957916259766 368.41644287109375 196.77957916259766
367.7307434082031 144.74024963378906 387.2862854003906 144.74024963378906 387.2862854003906 196.0867462158203 367.7307434082031 196.0867462158203
367.64599609375 145.3218994140625 387.0052890777588 145.3218994140625 387.0052890777588 197.03862380981445 367.64599609375 197.03862380981445
367.2876281738281 143.91195678710938 387.1437301635742 143.91195678710938 387.1437301635742 195.07340240478516 367.2876281738281 195.07340240478516
365.90789794921875 140.8006134033203 385.99173164367676 140.8006134033203 385.99173164367676 192.8360137939453 365.90789794921875 192.8360137939453
366.33270263671875 141.8619384765625 386.3561305999756 141.8619384765625 386.3561305999756 193.74083709716797 366.33270263671875 193.74083709716797
365.51605224609375 141.27659606933594 385.73843002319336 141.27659606933594 385.73843002319336 193.67095565795898 365.51605224609375 193.67095565795898
365.60272216796875 141.83322143554688 386.0799140930176 141.83322143554688 386.0799140930176 193.86212158203125 365.60272216796875 193.86212158203125
365.68206787109375 140.56619262695312 385.9372501373291 140.56619262695312 385.9372501373291 193.0455322265625 365.68206787109375 193.0455322265625
365.8992614746094 141.98294067382812 385.87613677978516 141.98294067382812 385.87613677978516 193.74121856689453 365.8992614746094 193.74121856689453
366.42852783203125 142.21688842773438 386.23305892944336 142.21688842773438 386.23305892944336 193.52863693237305 366.42852783203125 193.52863693237305
366.0797119140625 143.1086883544922 385.80974769592285 143.1086883544922 385.80974769592285 194.22742462158203 366.0797119140625 194.22742462158203
365.8981628417969 142.24676513671875 385.26173210144043 142.24676513671875 385.26173210144043 192.41602325439453 365.8981628417969 192.41602325439453
366.17303466796875 142.603759765625 385.3987216949463 142.603759765625 385.3987216949463 192.4157829284668 366.17303466796875 192.4157829284668
365.7158508300781 141.36880493164062 384.6491012573242 141.36880493164062 384.6491012573242 190.42314910888672 365.7158508300781 190.42314910888672
365.72308349609375 142.45045471191406 384.46044731140137 142.45045471191406 384.46044731140137 190.99727630615234 365.72308349609375 190.99727630615234
365.54412841796875 141.5024871826172 384.10243225097656 141.5024871826172 384.10243225097656 189.58538055419922 365.54412841796875 189.58538055419922
366.2320861816406 141.1337127685547 384.95138359069824 141.1337127685547 384.95138359069824 189.63372421264648 366.2320861816406 189.63372421264648
365.6122131347656 141.60458374023438 384.2491798400879 141.60458374023438 384.2491798400879 189.89127731323242 365.6122131347656 189.89127731323242
365.0250549316406 141.47134399414062 384.0065040588379 141.47134399414062 384.0065040588379 190.6505584716797 365.0250549316406 190.6505584716797
365.153076171875 141.84957885742188 384.049259185791 141.84957885742188 384.049259185791 190.80787658691406 365.153076171875 190.80787658691406
365.07080078125 141.80706787109375 383.60978507995605 141.80706787109375 383.60978507995605 189.83989334106445 365.07080078125 189.83989334106445
364.63360595703125 141.79464721679688 382.9922218322754 141.79464721679688 382.9922218322754 189.36015701293945 364.63360595703125 189.36015701293945
365.2804870605469 142.32888793945312 383.83020401000977 142.32888793945312 383.83020401000977 190.3895263671875 365.2804870605469 190.3895263671875
364.1849670410156 141.73785400390625 382.9158706665039 141.73785400390625 382.9158706665039 190.2679328918457 364.1849670410156 190.2679328918457
363.2588806152344 141.05252075195312 382.13605308532715 141.05252075195312 382.13605308532715 189.9615707397461 363.2588806152344 189.9615707397461
362.976806640625 141.2409210205078 381.9952163696289 141.2409210205078 381.9952163696289 190.51590728759766 362.976806640625 190.51590728759766
362.4000244140625 141.20205688476562 381.33361434936523 141.20205688476562 381.33361434936523 190.25728225708008 362.4000244140625 190.25728225708008
362.85076904296875 143.12161254882812 381.6565418243408 143.12161254882812 381.6565418243408 191.84567260742188 362.85076904296875 191.84567260742188
362.3702392578125 142.5885009765625 381.3963088989258 142.5885009765625 381.3963088989258 191.88332748413086 362.3702392578125 191.88332748413086
361.25311279296875 140.6512451171875 380.3494625091553 140.6512451171875 380.3494625091553 190.1281623840332 361.25311279296875 190.1281623840332
361.2874755859375 141.15098571777344 380.21543884277344 141.15098571777344 380.21543884277344 190.1916275024414 361.2874755859375 190.1916275024414
360.9398498535156 141.47158813476562 379.63983154296875 141.47158813476562 379.63983154296875 189.92155075073242 360.9398498535156 189.92155075073242
360.3773498535156 140.84405517578125 378.8465995788574 140.84405517578125 378.8465995788574 188.69622039794922 360.3773498535156 188.69622039794922
360.455078125 141.49844360351562 378.7518501281738 141.49844360351562 378.7518501281738 188.90373611450195 360.455078125 188.90373611450195
359.3079528808594 141.78250122070312 377.5687732696533 141.78250122070312 377.5687732696533 189.09464263916016 359.3079528808594 189.09464263916016
360.22113037109375 141.3497314453125 378.3463706970215 141.3497314453125 378.3463706970215 188.31060028076172 360.22113037109375 188.31060028076172
359.08404541015625 141.12335205078125 377.5253086090088 141.12335205078125 377.5253086090088 188.90300750732422 359.08404541015625 188.90300750732422
358.6311950683594 140.80899047851562 377.3038444519043 140.80899047851562 377.3038444519043 189.18815231323242 358.6311950683594 189.18815231323242
359.04022216796875 140.01541137695312 377.7141590118408 140.01541137695312 377.7141590118408 188.39791107177734 359.04022216796875 188.39791107177734
358.5749206542969 140.4334716796875 377.1353454589844 140.4334716796875 377.1353454589844 188.5218734741211 358.5749206542969 188.5218734741211
358.36041259765625 138.61111450195312 377.3160037994385 138.61111450195312 377.3160037994385 187.7233543395996 358.36041259765625 187.7233543395996
357.07659912109375 138.1286163330078 375.5799674987793 138.1286163330078 375.5799674987793 186.0691909790039 357.07659912109375 186.0691909790039
358.10882568359375 138.90260314941406 376.58119201660156 138.90260314941406 376.58119201660156 186.76285552978516 358.10882568359375 186.76285552978516
358.5438232421875 140.8075408935547 377.01635932922363 140.8075408935547 377.01635932922363 188.66823196411133 358.5438232421875 188.66823196411133
357.5687561035156 140.4322967529297 376.06957244873047 140.4322967529297 376.06957244873047 188.36626434326172 357.5687561035156 188.36626434326172
356.9228210449219 139.1670684814453 375.5557441711426 139.1670684814453 375.5557441711426 187.44330596923828 356.9228210449219 187.44330596923828
356.72991943359375 139.5134735107422 375.2974624633789 139.5134735107422 375.2974624633789 187.6203155517578 356.72991943359375 187.6203155517578
355.8975524902344 139.824951171875 374.77902603149414 139.824951171875 374.77902603149414 188.74515914916992 355.8975524902344 188.74515914916992
355.9330139160156 139.20639038085938 374.21802711486816 139.20639038085938 374.21802711486816 186.58122634887695 355.9330139160156 186.58122634887695
355.02545166015625 141.04946899414062 373.3817939758301 141.04946899414062 373.3817939758301 188.60911178588867 355.02545166015625 188.60911178588867
354.0948791503906 139.3797607421875 372.45921325683594 139.3797607421875 372.45921325683594 186.96010971069336 354.0948791503906 186.96010971069336
352.47705078125 138.4007568359375 370.8471260070801 138.4007568359375 370.8471260070801 185.9959831237793 352.47705078125 185.9959831237793
352.93280029296875 139.03396606445312 371.6603488922119 139.03396606445312 371.6603488922119 187.5553741455078 352.93280029296875 187.5553741455078
351.28631591796875 137.8135223388672 369.87435150146484 137.8135223388672 369.87435150146484 185.9734649658203 351.28631591796875 185.9734649658203
351.5400085449219 137.65280151367188 369.73061752319336 137.65280151367188 369.73061752319336 184.7830467224121 351.5400085449219 184.7830467224121
350.8680419921875 138.05923461914062 369.1519012451172 138.05923461914062 369.1519012451172 185.43108367919922 350.8680419921875 185.43108367919922
350.43798828125 138.2657928466797 368.5968837738037 138.2657928466797 368.5968837738037 185.31387329101562 350.43798828125 185.31387329101562
350.4356689453125 138.19577026367188 368.3348083496094 138.19577026367188 368.3348083496094 184.57084274291992 350.4356689453125 184.57084274291992
350.3476867675781 138.55787658691406 368.6290969848633 138.55787658691406 368.6290969848633 185.92337799072266 350.3476867675781 185.92337799072266
349.3690490722656 139.1642608642578 367.666296005249 139.1642608642578 367.666296005249 186.57079696655273 349.3690490722656 186.57079696655273
349.26763916015625 139.16622924804688 367.52795028686523 139.16622924804688 367.52795028686523 187.2600860595703 349.26763916015625 187.2600860595703
347.9193115234375 138.97659301757812 365.95745849609375 138.97659301757812 365.95745849609375 185.71182250976562 347.9193115234375 185.71182250976562
340.3455810546875 138.6257781982422 358.3983154296875 138.6257781982422 358.3983154296875 185.39879989624023 340.3455810546875 185.39879989624023
330.11962890625 138.43539428710938 348.20412254333496 138.43539428710938 348.20412254333496 185.29070663452148 330.11962890625 185.29070663452148
300.34912109375 119.4527587890625 318.4054927825928 119.4527587890625 318.4054927825928 166.23521041870117 300.34912109375 166.23521041870117
314.5867614746094 138.7200927734375 332.55286026000977 138.7200927734375 332.55286026000977 185.2686538696289 314.5867614746094 185.2686538696289
314.13812255859375 138.2148895263672 332.3431510925293 138.2148895263672 332.3431510925293 185.38249969482422 314.13812255859375 185.38249969482422
314.0160827636719 137.0780792236328 332.1991271972656 137.0780792236328 332.1991271972656 184.1887321472168 314.0160827636719 184.1887321472168
312.88262939453125 139.09823608398438 331.0927257537842 139.09823608398438 331.0927257537842 186.27898406982422 312.88262939453125 186.27898406982422
312.57232666015625 139.03005981445312 331.0394096374512 139.03005981445312 331.0394096374512 186.87664031982422 312.57232666015625 186.87664031982422
312.671142578125 138.55184936523438 331.4089050292969 138.55184936523438 331.4089050292969 187.09973907470703 312.671142578125 187.09973907470703
313.83746337890625 140.4119873046875 332.31260108947754 140.4119873046875 332.31260108947754 187.7158317565918 313.83746337890625 187.7158317565918
312.3623962402344 138.98228454589844 331.3068313598633 138.98228454589844 331.3068313598633 188.06564712524414 312.3623962402344 188.06564712524414
311.4060974121094 139.8777618408203 330.5115337371826 139.8777618408203 330.5115337371826 189.19032669067383 311.4060974121094 189.19032669067383
311.8995666503906 142.1597137451172 330.97167015075684 142.1597137451172 330.97167015075684 191.2966194152832 311.8995666503906 191.2966194152832
310.4261169433594 137.8050079345703 329.93494033813477 137.8050079345703 329.93494033813477 188.35065460205078 310.4261169433594 188.35065460205078
310.427978515625 138.7804718017578 329.2690315246582 138.7804718017578 329.2690315246582 188.99715423583984 310.427978515625 188.99715423583984
307.9986877441406 136.5159912109375 327.27396965026855 136.5159912109375 327.27396965026855 186.45655059814453 307.9986877441406 186.45655059814453
308.9112243652344 137.57107543945312 328.7482490539551 137.57107543945312 328.7482490539551 187.40340042114258 308.9112243652344 187.40340042114258
307.9100646972656 138.0741424560547 327.47327995300293 138.0741424560547 327.47327995300293 187.32067489624023 307.9100646972656 187.32067489624023
307.08099365234375 137.45054626464844 326.3692283630371 137.45054626464844 326.3692283630371 187.85324096679688 307.08099365234375 187.85324096679688
307.12371826171875 139.1041259765625 325.74262619018555 139.1041259765625 325.74262619018555 188.03345108032227 307.12371826171875 188.03345108032227
306.1788635253906 136.80014038085938 325.148286819458 136.80014038085938 325.148286819458 185.94824600219727 306.1788635253906 185.94824600219727
305.68768310546875 135.52426147460938 324.84331130981445 135.52426147460938 324.84331130981445 185.15480422973633 305.68768310546875 185.15480422973633
305.30413818359375 138.47451782226562 324.31191062927246 138.47451782226562 324.31191062927246 187.21686172485352 305.30413818359375 187.21686172485352
304.17218017578125 139.09481811523438 323.1028347015381 139.09481811523438 323.1028347015381 186.71315002441406 304.17218017578125 186.71315002441406
300.799072265625 135.6139373779297 319.51816177368164 135.6139373779297 319.51816177368164 184.11344528198242 300.799072265625 184.11344528198242
305.3933410644531 138.8692169189453 323.86950302124023 138.8692169189453 323.86950302124023 186.01789474487305 305.3933410644531 186.01789474487305
304.123291015625 137.53248596191406 321.4820327758789 137.53248596191406 321.4820327758789 184.59410095214844 304.123291015625 184.59410095214844
304.5630798339844 137.3336944580078 322.27013778686523 137.3336944580078 322.27013778686523 183.75885391235352 304.5630798339844 183.75885391235352
303.89544677734375 137.09092712402344 321.23965644836426 137.09092712402344 321.23965644836426 182.02824783325195 303.89544677734375 182.02824783325195
303.12774658203125 136.55007934570312 320.2376480102539 136.55007934570312 320.2376480102539 180.8803253173828 303.12774658203125 180.8803253173828
302.94122314453125 135.52871704101562 320.1405143737793 135.52871704101562 320.1405143737793 180.09056854248047 302.94122314453125 180.09056854248047
302.8636474609375 135.43124389648438 320.0997886657715 135.43124389648438 320.0997886657715 180.08856582641602 302.8636474609375 180.08856582641602
303.5702209472656 136.7511749267578 320.8139190673828 136.7511749267578 320.8139190673828 181.4280776977539 303.5702209472656 181.4280776977539
302.38104248046875 136.2733154296875 319.462100982666 136.2733154296875 319.462100982666 180.5288314819336 302.38104248046875 180.5288314819336
302.2579650878906 136.78292846679688 319.63821029663086 136.78292846679688 319.63821029663086 181.8136100769043 302.2579650878906 181.8136100769043
300.8818054199219 136.509521484375 318.25928497314453 136.509521484375 318.25928497314453 181.5330352783203 300.8818054199219 181.5330352783203
300.34759521484375 135.97738647460938 317.9124641418457 135.97738647460938 317.9124641418457 181.48640823364258 300.34759521484375 181.48640823364258
299.659912109375 135.6723175048828 317.3559818267822 135.6723175048828 317.3559818267822 180.8835105895996 299.659912109375 180.8835105895996
300.9364929199219 137.2906494140625 318.3656826019287 137.2906494140625 318.3656826019287 182.4481430053711 300.9364929199219 182.4481430053711
307.44390869140625 136.3245849609375 324.8096523284912 136.3245849609375 324.8096523284912 181.31769561767578 307.44390869140625 181.31769561767578
307.42828369140625 125.34526062011719 324.996374130249 125.34526062011719 324.996374130249 170.86263275146484 307.42828369140625 170.86263275146484
330.6379089355469 139.13674926757812 348.1252040863037 139.13674926757812 348.1252040863037 184.44478607177734 330.6379089355469 184.44478607177734
321.0548095703125 118.0789566040039 338.40382957458496 118.0789566040039 338.40382957458496 163.02873611450195 321.0548095703125 163.02873611450195
346.5497741699219 136.3371124267578 364.0991725921631 136.3371124267578 364.0991725921631 181.80605697631836 346.5497741699219 181.80605697631836
351.35400390625 138.9733428955078 368.645715713501 138.9733428955078 368.645715713501 183.77463912963867 351.35400390625 183.77463912963867
358.00604248046875 137.35385131835938 375.2267646789551 137.35385131835938 375.2267646789551 181.97122192382812 358.00604248046875 181.97122192382812
370.08795166015625 135.5746612548828 387.194299697876 135.5746612548828 387.194299697876 179.89569854736328 370.08795166015625 179.89569854736328
376.95635986328125 135.9293975830078 393.9685459136963 135.9293975830078 393.9685459136963 180.00646591186523 376.95635986328125 180.00646591186523
366.2484436035156 138.88388061523438 383.1406021118164 138.88388061523438 383.1406021118164 182.64996337890625 366.2484436035156 182.64996337890625
394.75079345703125 137.7491912841797 411.8878402709961 137.7491912841797 411.8878402709961 182.1497573852539 394.75079345703125 182.1497573852539
397.49365234375 136.92820739746094 414.7745666503906 136.92820739746094 414.7745666503906 181.4185562133789 397.49365234375 181.4185562133789
395.6227111816406 136.91152954101562 413.0146942138672 136.91152954101562 413.0146942138672 181.97261428833008 395.6227111816406 181.97261428833008
396.8359375 137.27200317382812 414.5242519378662 137.27200317382812 414.5242519378662 183.10086059570312 396.8359375 183.10086059570312
397.28216552734375 138.3002166748047 415.2956352233887 138.3002166748047 415.2956352233887 184.27997589111328 397.28216552734375 184.27997589111328
396.3761291503906 136.6341094970703 414.3771152496338 136.6341094970703 414.3771152496338 183.27306365966797 396.3761291503906 183.27306365966797
396.56719970703125 136.01304626464844 414.5673542022705 136.01304626464844 414.5673542022705 182.64984512329102 396.56719970703125 182.64984512329102
395.8075866699219 134.80026245117188 414.4050693511963 134.80026245117188 414.4050693511963 182.98468780517578 395.8075866699219 182.98468780517578
397.51495361328125 134.81814575195312 416.1193084716797 134.81814575195312 416.1193084716797 183.02037811279297 397.51495361328125 183.02037811279297
397.77886962890625 136.26104736328125 416.65903663635254 136.26104736328125 416.65903663635254 185.4931869506836 397.77886962890625 185.4931869506836
401.24102783203125 132.65943908691406 420.5531826019287 132.65943908691406 420.5531826019287 182.69551849365234 401.24102783203125 182.69551849365234
413.7508239746094 135.31063842773438 433.63049697875977 135.31063842773438 433.63049697875977 186.81710815429688 413.7508239746094 186.81710815429688
417.704345703125 128.9119415283203 437.51203536987305 128.9119415283203 437.51203536987305 180.2319107055664 417.704345703125 180.2319107055664
430.7317810058594 134.05764770507812 450.41625595092773 134.05764770507812 450.41625595092773 185.0583724975586 430.7317810058594 185.0583724975586
439.5660705566406 135.7344970703125 459.24334144592285 135.7344970703125 459.24334144592285 186.716552734375 439.5660705566406 186.716552734375
445.4356384277344 135.5426483154297 464.90589141845703 135.5426483154297 464.90589141845703 185.98834228515625 445.4356384277344 185.98834228515625
452.89794921875 136.96194458007812 473.3005180358887 136.96194458007812 473.3005180358887 184.80887603759766 452.89794921875 184.80887603759766
448.4298400878906 138.04910278320312 468.83873558044434 138.04910278320312 468.83873558044434 184.08094024658203 448.4298400878906 184.08094024658203
450.393798828125 138.0425262451172 470.4818286895752 138.0425262451172 470.4818286895752 187.02294540405273 450.393798828125 187.02294540405273
450.82049560546875 140.29022216796875 471.6217498779297 140.29022216796875 471.6217498779297 187.36779403686523 450.82049560546875 187.36779403686523
450.4729919433594 138.86622619628906 470.6908721923828 138.86622619628906 470.6908721923828 187.0486831665039 450.4729919433594 187.0486831665039
448.9400939941406 135.0509033203125 469.033296585083 135.0509033203125 469.033296585083 185.3541030883789 448.9400939941406 185.3541030883789
449.86932373046875 134.9275360107422 469.1981601715088 134.9275360107422 469.1981601715088 185.1187973022461 449.86932373046875 185.1187973022461
453.234130859375 133.87698364257812 472.43444061279297 133.87698364257812 472.43444061279297 186.23567962646484 453.234130859375 186.23567962646484
452.24578857421875 135.4663848876953 471.8377933502197 135.4663848876953 471.8377933502197 186.22753524780273 452.24578857421875 186.22753524780273
464.2203063964844 135.6311798095703 483.9649715423584 135.6311798095703 483.9649715423584 186.78786087036133 464.2203063964844 186.78786087036133
479.38836669921875 136.3646697998047 499.42029571533203 136.3646697998047 499.42029571533203 188.26562118530273 479.38836669921875 188.26562118530273
481.21575927734375 135.01072692871094 501.16908264160156 135.01072692871094 501.16908264160156 186.70801544189453 481.21575927734375 186.70801544189453
488.3910217285156 134.9049072265625 508.39173126220703 134.9049072265625 508.39173126220703 186.72496795654297 488.3910217285156 186.72496795654297
487.3427734375 140.16001892089844 509.73509788513184 140.16001892089844 509.73509788513184 184.8356704711914 487.3427734375 184.8356704711914
495.30841064453125 139.47146606445312 514.9238929748535 139.47146606445312 514.9238929748535 184.66948699951172 495.30841064453125 184.66948699951172
494.96527099609375 138.80564880371094 514.8850364685059 138.80564880371094 514.8850364685059 185.8099021911621 494.96527099609375 185.8099021911621
493.26324462890625 137.85861206054688 513.8383884429932 137.85861206054688 513.8383884429932 184.69507598876953 493.26324462890625 184.69507598876953
495.28179931640625 136.2017059326172 516.0737953186035 136.2017059326172 516.0737953186035 184.88280487060547 495.28179931640625 184.88280487060547
493.2801208496094 135.38619995117188 513.6021251678467 135.38619995117188 513.6021251678467 187.6543197631836 493.2801208496094 187.6543197631836
494.0037536621094 131.8327178955078 514.4632167816162 131.8327178955078 514.4632167816162 184.84137344360352 494.0037536621094 184.84137344360352
494.6249084472656 137.7628631591797 514.2765483856201 137.7628631591797 514.2765483856201 186.90781021118164 494.6249084472656 186.90781021118164
495.3538513183594 135.35716247558594 515.1157188415527 135.35716247558594 515.1157188415527 186.0542335510254 495.3538513183594 186.0542335510254
497.10760498046875 139.66514587402344 516.3883686065674 139.66514587402344 516.3883686065674 186.23004913330078 497.10760498046875 186.23004913330078
495.17822265625 135.93295288085938 514.638111114502 135.93295288085938 514.638111114502 186.10137557983398 495.17822265625 186.10137557983398
497.4190979003906 137.524658203125 516.8623790740967 137.524658203125 516.8623790740967 186.59172821044922 497.4190979003906 186.59172821044922
496.2471618652344 138.85992431640625 515.5741901397705 138.85992431640625 515.5741901397705 187.68693161010742 496.2471618652344 187.68693161010742
496.80096435546875 135.64596557617188 516.3622035980225 135.64596557617188 516.3622035980225 185.80009078979492 496.80096435546875 185.80009078979492
497.6632385253906 134.61672973632812 517.2067222595215 134.61672973632812 517.2067222595215 185.25215530395508 497.6632385253906 185.25215530395508
497.42352294921875 138.4813232421875 516.4774188995361 138.4813232421875 516.4774188995361 186.4334716796875 497.42352294921875 186.4334716796875
497.32647705078125 133.41671752929688 517.337474822998 133.41671752929688 517.337474822998 184.79562377929688 497.32647705078125 184.79562377929688
497.6962890625 134.40890502929688 517.8202667236328 134.40890502929688 517.8202667236328 186.01451873779297 497.6962890625 186.01451873779297
497.2682189941406 134.29396057128906 517.1232852935791 134.29396057128906 517.1232852935791 187.26543426513672 497.2682189941406 187.26543426513672
498.31341552734375 135.65098571777344 518.504825592041 135.65098571777344 518.504825592041 189.12100982666016 498.31341552734375 189.12100982666016
498.0697326660156 133.10623168945312 518.5384483337402 133.10623168945312 518.5384483337402 186.8641586303711 498.0697326660156 186.8641586303711
497.0708923339844 135.64122009277344 516.726375579834 135.64122009277344 516.726375579834 190.60204696655273 497.0708923339844 190.60204696655273
497.6756896972656 132.717529296875 517.5937385559082 132.717529296875 517.5937385559082 187.05168914794922 497.6756896972656 187.05168914794922
497.67779541015625 134.22802734375 517.6328563690186 134.22802734375 517.6328563690186 187.61547088623047 497.67779541015625 187.61547088623047
497.95037841796875 134.23275756835938 518.2948665618896 134.23275756835938 518.2948665618896 188.62319946289062 497.95037841796875 188.62319946289062
497.62353515625 133.0851287841797 517.5431308746338 133.0851287841797 517.5431308746338 186.69805145263672 497.62353515625 186.69805145263672
498.76513671875 138.01953125 517.9657287597656 138.01953125 517.9657287597656 188.89471054077148 498.76513671875 188.89471054077148
499.71087646484375 134.08401489257812 519.280445098877 134.08401489257812 519.280445098877 187.88101959228516 499.71087646484375 187.88101959228516
499.6512145996094 133.72280883789062 520.1156711578369 133.72280883789062 520.1156711578369 186.755859375 499.6512145996094 186.755859375
499.3145446777344 134.5272979736328 519.6642150878906 134.5272979736328 519.6642150878906 188.07781219482422 499.3145446777344 188.07781219482422
499.7940368652344 135.65953063964844 520.4810314178467 135.65953063964844 520.4810314178467 189.1507339477539 499.7940368652344 189.1507339477539
500.2625427246094 135.60787963867188 521.0989589691162 135.60787963867188 521.0989589691162 189.59318161010742 500.2625427246094 189.59318161010742
499.76776123046875 134.02561950683594 520.5743732452393 134.02561950683594 520.5743732452393 188.05469131469727 499.76776123046875 188.05469131469727
499.57269287109375 135.97775268554688 520.0812110900879 135.97775268554688 520.0812110900879 189.11350631713867 499.57269287109375 189.11350631713867
499.68927001953125 136.16162109375 520.5692749023438 136.16162109375 520.5692749023438 189.56156158447266 499.68927001953125 189.56156158447266
500.90032958984375 135.1002197265625 521.5497779846191 135.1002197265625 521.5497779846191 188.60111236572266 500.90032958984375 188.60111236572266
499.948974609375 136.0129852294922 520.6288013458252 136.0129852294922 520.6288013458252 189.59258651733398 499.948974609375 189.59258651733398
501.01177978515625 135.5431671142578 521.8432655334473 135.5431671142578 521.8432655334473 189.40166473388672 501.01177978515625 189.40166473388672
501.29266357421875 134.86972045898438 522.2829551696777 134.86972045898438 522.2829551696777 189.61782836914062 501.29266357421875 189.61782836914062
499.56787109375 132.93511962890625 520.933910369873 132.93511962890625 520.933910369873 188.29263305664062 499.56787109375 188.29263305664062
500.20294189453125 133.88723754882812 521.5783462524414 133.88723754882812 521.5783462524414 189.2426643371582 500.20294189453125 189.2426643371582
501.0333557128906 135.54067993164062 521.924259185791 135.54067993164062 521.924259185791 191.97649383544922 501.0333557128906 191.97649383544922
500.6820373535156 134.57302856445312 522.1116466522217 134.57302856445312 522.1116466522217 190.1921615600586 500.6820373535156 190.1921615600586
502.14678955078125 136.1449432373047 522.8804054260254 136.1449432373047 522.8804054260254 191.56591415405273 502.14678955078125 191.56591415405273
502.4457092285156 133.8302001953125 523.2301483154297 133.8302001953125 523.2301483154297 190.0648193359375 502.4457092285156 190.0648193359375
501.72357177734375 135.29351806640625 523.5636882781982 135.29351806640625 523.5636882781982 191.87931442260742 501.72357177734375 191.87931442260742
488.4742126464844 132.3270721435547 510.2861976623535 132.3270721435547 510.2861976623535 188.83998107910156 488.4742126464844 188.83998107910156
481.271484375 132.80455017089844 503.36244201660156 132.80455017089844 503.36244201660156 190.04025650024414 481.271484375 190.04025650024414
471.73443603515625 140.17308044433594 495.7013816833496 140.17308044433594 495.7013816833496 184.5096549987793 471.73443603515625 184.5096549987793
471.7685546875 132.95437622070312 493.92963790893555 132.95437622070312 493.92963790893555 188.69908905029297 471.7685546875 188.69908905029297
471.8053283691406 134.21778869628906 493.3943977355957 134.21778869628906 493.3943977355957 192.0807228088379 471.8053283691406 192.0807228088379
472.90484619140625 134.36373901367188 493.88440895080566 134.36373901367188 493.88440895080566 193.5638656616211 472.90484619140625 193.5638656616211
472.8457946777344 133.0091094970703 494.0152778625488 133.0091094970703 494.0152778625488 190.7634048461914 472.8457946777344 190.7634048461914
471.6800842285156 132.74069213867188 493.1701831817627 132.74069213867188 493.1701831817627 191.9398078918457 471.6800842285156 191.9398078918457
472.7901306152344 133.782470703125 494.0980854034424 133.782470703125 494.0980854034424 190.44992065429688 472.7901306152344 190.44992065429688
473.65875244140625 134.8527374267578 495.43255615234375 134.8527374267578 495.43255615234375 190.61669540405273 473.65875244140625 190.61669540405273
473.72021484375 135.25277709960938 495.3489570617676 135.25277709960938 495.3489570617676 190.68457794189453 473.72021484375 190.68457794189453
472.889892578125 134.45938110351562 496.2367305755615 134.45938110351562 496.2367305755615 190.02484130859375 472.889892578125 190.02484130859375
461.19940185546875 130.75485229492188 484.75128746032715 130.75485229492188 484.75128746032715 191.77570343017578 461.19940185546875 191.77570343017578
455.13275146484375 135.7554931640625 482.8687343597412 135.7554931640625 482.8687343597412 181.07709503173828 455.13275146484375 181.07709503173828
443.94232177734375 137.8402862548828 470.6587772369385 137.8402862548828 470.6587772369385 183.4249382019043 443.94232177734375 183.4249382019043
437.3412170410156 137.03749084472656 462.169979095459 137.03749084472656 462.169979095459 181.53925323486328 437.3412170410156 181.53925323486328
437.1483459472656 134.4839324951172 463.2855587005615 134.4839324951172 463.2855587005615 187.98944854736328 437.1483459472656 187.98944854736328
436.57037353515625 135.66693115234375 462.11034202575684 135.66693115234375 462.11034202575684 189.4698371887207 436.57037353515625 189.4698371887207
437.01800537109375 132.45428466796875 462.38357162475586 132.45428466796875 462.38357162475586 190.35250854492188 437.01800537109375 190.35250854492188
437.289794921875 132.69699096679688 462.37512397766113 132.69699096679688 462.37512397766113 192.01823806762695 437.289794921875 192.01823806762695
438.12060546875 131.86068725585938 463.16903495788574 131.86068725585938 463.16903495788574 190.83232498168945 438.12060546875 190.83232498168945
438.521484375 134.54010009765625 464.88625717163086 134.54010009765625 464.88625717163086 187.19268035888672 438.521484375 187.19268035888672
439.3858337402344 132.50827026367188 464.24577713012695 132.50827026367188 464.24577713012695 190.00825881958008 439.3858337402344 190.00825881958008
439.71099853515625 131.90782165527344 463.78661727905273 131.90782165527344 463.78661727905273 192.67572784423828 439.71099853515625 192.67572784423828
439.841552734375 133.90895080566406 463.7086887359619 133.90895080566406 463.7086887359619 194.29721450805664 439.841552734375 194.29721450805664
440.7189025878906 131.6961212158203 464.56954193115234 131.6961212158203 464.56954193115234 193.49102401733398 440.7189025878906 193.49102401733398
441.1786193847656 133.4900665283203 465.6193256378174 133.4900665283203 465.6193256378174 194.1515769958496 441.1786193847656 194.1515769958496
442.8243713378906 132.11105346679688 466.6971549987793 132.11105346679688 466.6971549987793 191.79592895507812 442.8243713378906 191.79592895507812
442.7569885253906 135.0010986328125 467.3514060974121 135.0010986328125 467.3514060974121 191.93192291259766 442.7569885253906 191.93192291259766
444.02392578125 134.60263061523438 467.26123237609863 134.60263061523438 467.26123237609863 192.13258743286133 444.02392578125 192.13258743286133
443.389404296875 134.86917114257812 466.68206214904785 134.86917114257812 466.68206214904785 191.75640869140625 443.389404296875 191.75640869140625
444.80535888671875 134.11801147460938 467.46167755126953 134.11801147460938 467.46167755126953 192.23391723632812 444.80535888671875 192.23391723632812
445.34796142578125 133.8091278076172 468.17591667175293 133.8091278076172 468.17591667175293 192.13680267333984 445.34796142578125 192.13680267333984
447.3672790527344 134.55575561523438 469.4506549835205 134.55575561523438 469.4506549835205 190.73455047607422 447.3672790527344 190.73455047607422
445.85015869140625 134.08065795898438 468.018762588501 134.08065795898438 468.018762588501 192.64015579223633 445.85015869140625 192.64015579223633
447.3502502441406 131.7563018798828 470.328914642334 131.7563018798828 470.328914642334 192.20312881469727 447.3502502441406 192.20312881469727
447.68829345703125 130.9352264404297 470.4373588562012 130.9352264404297 470.4373588562012 192.93393325805664 447.68829345703125 192.93393325805664
448.003173828125 134.31378173828125 470.7342300415039 134.31378173828125 470.7342300415039 194.2799186706543 448.003173828125 194.2799186706543
449.57049560546875 136.7915496826172 471.73365211486816 136.7915496826172 471.73365211486816 195.06513214111328 449.57049560546875 195.06513214111328
449.0390625 132.67056274414062 472.2814350128174 132.67056274414062 472.2814350128174 194.6052017211914 449.0390625 194.6052017211914
448.68951416015625 133.55783081054688 472.7186641693115 133.55783081054688 472.7186641693115 194.86756134033203 448.68951416015625 194.86756134033203
449.40765380859375 134.3247833251953 474.1231384277344 134.3247833251953 474.1231384277344 194.20116806030273 449.40765380859375 194.20116806030273
449.71185302734375 134.18637084960938 473.8011722564697 134.18637084960938 473.8011722564697 194.46080780029297 449.71185302734375 194.46080780029297
450.04278564453125 132.3926239013672 473.7526607513428 132.3926239013672 473.7526607513428 191.74823379516602 450.04278564453125 191.74823379516602
450.94317626953125 131.67282104492188 474.63978004455566 131.67282104492188 474.63978004455566 192.20310592651367 450.94317626953125 192.20310592651367
445.75469970703125 138.37106323242188 473.130672454834 138.37106323242188 473.130672454834 184.52577590942383 445.75469970703125 184.52577590942383
437.0506896972656 135.78805541992188 463.0417594909668 135.78805541992188 463.0417594909668 183.64523696899414 437.0506896972656 183.64523696899414
425.20928955078125 139.17587280273438 452.1487236022949 139.17587280273438 452.1487236022949 183.86063385009766 425.20928955078125 183.86063385009766
425.4342346191406 138.79815673828125 452.26440048217773 138.79815673828125 452.26440048217773 189.21590423583984 425.4342346191406 189.21590423583984
425.73785400390625 135.77613830566406 452.6616668701172 135.77613830566406 452.6616668701172 189.54436492919922 425.73785400390625 189.54436492919922
426.5718688964844 134.5410919189453 452.17920303344727 134.5410919189453 452.17920303344727 194.8631820678711 426.5718688964844 194.8631820678711
427.8294982910156 134.57994079589844 453.3231792449951 134.57994079589844 453.3231792449951 190.6627655029297 427.8294982910156 190.6627655029297
427.49261474609375 134.0233917236328 451.81122970581055 134.0233917236328 451.81122970581055 192.97552108764648 427.49261474609375 192.97552108764648
429.49346923828125 134.29888916015625 454.5347843170166 134.29888916015625 454.5347843170166 191.23086547851562 429.49346923828125 191.23086547851562
429.48504638671875 134.843994140625 454.14158821105957 134.843994140625 454.14158821105957 190.7747573852539 429.48504638671875 190.7747573852539
428.18243408203125 138.687255859375 452.74527168273926 138.687255859375 452.74527168273926 194.72324752807617 428.18243408203125 194.72324752807617
428.24737548828125 134.92709350585938 451.9987201690674 134.92709350585938 451.9987201690674 192.94572067260742 428.24737548828125 192.94572067260742
430.41302490234375 134.53616333007812 454.18600845336914 134.53616333007812 454.18600845336914 192.18087768554688 430.41302490234375 192.18087768554688
430.3743591308594 137.9467010498047 453.97957611083984 137.9467010498047 453.97957611083984 191.54938507080078 430.3743591308594 191.54938507080078
430.6730041503906 135.2742462158203 453.57002449035645 135.2742462158203 453.57002449035645 193.22644424438477 430.6730041503906 193.22644424438477
431.85650634765625 136.58047485351562 454.3275508880615 136.58047485351562 454.3275508880615 192.72903442382812 431.85650634765625 192.72903442382812
431.72113037109375 138.17514038085938 455.1259651184082 138.17514038085938 455.1259651184082 192.35749053955078 431.72113037109375 192.35749053955078
432.099609375 137.06251525878906 454.58378982543945 137.06251525878906 454.58378982543945 193.76477813720703 432.099609375 193.76477813720703
433.4247131347656 136.81802368164062 455.8030586242676 136.81802368164062 455.8030586242676 191.20077514648438 433.4247131347656 191.20077514648438
433.3988342285156 136.66944885253906 455.1075954437256 136.66944885253906 455.1075954437256 190.8250503540039 433.3988342285156 190.8250503540039
433.4566955566406 135.67306518554688 455.8656425476074 135.67306518554688 455.8656425476074 192.71236419677734 433.4566955566406 192.71236419677734
433.80718994140625 138.4623260498047 456.009464263916 138.4623260498047 456.009464263916 194.77558135986328 433.80718994140625 194.77558135986328
434.27117919921875 138.37710571289062 456.4165229797363 138.37710571289062 456.4165229797363 194.46318817138672 434.27117919921875 194.46318817138672
434.635986328125 137.38394165039062 457.1443214416504 137.38394165039062 457.1443214416504 193.83222579956055 434.635986328125 193.83222579956055
433.7259216308594 137.24453735351562 456.05556869506836 137.24453735351562 456.05556869506836 195.09868621826172 433.7259216308594 195.09868621826172
436.48870849609375 137.1358642578125 458.8901062011719 137.1358642578125 458.8901062011719 192.13187789916992 436.48870849609375 192.13187789916992
435.009521484375 136.8087615966797 456.9651336669922 136.8087615966797 456.9651336669922 193.6938133239746 435.009521484375 193.6938133239746
435.89788818359375 137.65023803710938 457.6307487487793 137.65023803710938 457.6307487487793 192.96885299682617 435.89788818359375 192.96885299682617
437.4584045410156 137.8419952392578 458.97588539123535 137.8419952392578 458.97588539123535 193.5918846130371 437.4584045410156 193.5918846130371
437.3411560058594 137.8054656982422 458.8140754699707 137.8054656982422 458.8140754699707 193.43990325927734 437.3411560058594 193.43990325927734
437.71142578125 136.00289916992188 459.3772602081299 136.00289916992188 459.3772602081299 192.13716506958008 437.71142578125 192.13716506958008
439.1925354003906 136.57095336914062 460.7857608795166 136.57095336914062 460.7857608795166 191.95748138427734 439.1925354003906 191.95748138427734
437.6504821777344 138.63262939453125 459.5064449310303 138.63262939453125 459.5064449310303 195.2595100402832 437.6504821777344 195.2595100402832
437.92132568359375 137.85775756835938 460.003137588501 137.85775756835938 460.003137588501 195.06979370117188 437.92132568359375 195.06979370117188
438.24951171875 138.2996368408203 460.6099967956543 138.2996368408203 460.6099967956543 196.23369598388672 438.24951171875 196.23369598388672
438.3597717285156 136.82032775878906 460.8975086212158 136.82032775878906 460.8975086212158 195.21363067626953 438.3597717285156 195.21363067626953
439.6520080566406 134.8572998046875 462.1363925933838 134.8572998046875 462.1363925933838 193.11236572265625 439.6520080566406 193.11236572265625
439.17510986328125 137.09585571289062 461.30958557128906 137.09585571289062 461.30958557128906 194.4443359375 439.17510986328125 194.4443359375
440.50262451171875 138.12705993652344 462.7040481567383 138.12705993652344 462.7040481567383 195.64899444580078 440.50262451171875 195.64899444580078
441.16552734375 137.65455627441406 463.3357334136963 137.65455627441406 463.3357334136963 195.09560775756836 441.16552734375 195.09560775756836
442.74786376953125 138.2836456298828 464.67419624328613 138.2836456298828 464.67419624328613 195.09284210205078 442.74786376953125 195.09284210205078
441.3929138183594 138.23825073242188 463.12575340270996 138.23825073242188 463.12575340270996 194.54612350463867 441.3929138183594 194.54612350463867
441.4297790527344 137.41043090820312 463.32355880737305 137.41043090820312 463.32355880737305 194.13528442382812 441.4297790527344 194.13528442382812
441.6460876464844 138.09800720214844 463.74645805358887 138.09800720214844 463.74645805358887 195.2553367614746 441.6460876464844 195.2553367614746
442.12603759765625 137.35006713867188 464.1523094177246 137.35006713867188 464.1523094177246 194.4182014465332 442.12603759765625 194.4182014465332
443.20770263671875 137.45425415039062 465.31731605529785 137.45425415039062 465.31731605529785 195.3012809753418 443.20770263671875 195.3012809753418
443.8338928222656 138.24595642089844 466.2164077758789 138.24595642089844 466.2164077758789 196.6214256286621 443.8338928222656 196.6214256286621
445.0060119628906 139.4203643798828 467.08063316345215 139.4203643798828 467.08063316345215 196.61376190185547 445.0060119628906 196.61376190185547
445.3257751464844 140.71469116210938 467.2865047454834 140.71469116210938 467.2865047454834 197.61300659179688 445.3257751464844 197.61300659179688
445.562744140625 141.4037322998047 467.48727226257324 141.4037322998047 467.48727226257324 198.20825576782227 445.562744140625 198.20825576782227
445.341064453125 141.3993377685547 467.7494411468506 141.3993377685547 467.7494411468506 199.45746612548828 445.341064453125 199.45746612548828
444.6268005371094 141.5502166748047 467.0224418640137 141.5502166748047 467.0224418640137 199.5753517150879 444.6268005371094 199.5753517150879
444.9324645996094 142.3058319091797 467.6909866333008 142.3058319091797 467.6909866333008 201.2711524963379 444.9324645996094 201.2711524963379
445.53790283203125 139.8610382080078 469.04896545410156 139.8610382080078 469.04896545410156 200.77611923217773 445.53790283203125 200.77611923217773
445.1700134277344 138.71762084960938 469.0536594390869 138.71762084960938 469.0536594390869 200.59803009033203 445.1700134277344 200.59803009033203
445.73699951171875 140.70716857910156 469.49767684936523 140.70716857910156 469.49767684936523 202.26898574829102 445.73699951171875 202.26898574829102
446.673095703125 139.38375854492188 470.455602645874 139.38375854492188 470.455602645874 201.33432006835938 446.673095703125 201.33432006835938
446.98626708984375 138.65859985351562 471.0571937561035 138.65859985351562 471.0571937561035 201.02424240112305 446.98626708984375 201.02424240112305
447.26104736328125 140.6421356201172 471.4596748352051 140.6421356201172 471.4596748352051 203.33863830566406 447.26104736328125 203.33863830566406
447.77386474609375 139.07859802246094 472.13428115844727 139.07859802246094 472.13428115844727 202.19428253173828 447.77386474609375 202.19428253173828
448.1805114746094 138.4114990234375 472.9482364654541 138.4114990234375 472.9482364654541 202.58248138427734 448.1805114746094 202.58248138427734
448.418701171875 136.5257110595703 473.52828216552734 136.5257110595703 473.52828216552734 201.58241271972656 448.418701171875 201.58241271972656
448.55596923828125 137.68856811523438 473.88534927368164 137.68856811523438 473.88534927368164 203.3147430419922 448.55596923828125 203.3147430419922
449.2191467285156 138.988525390625 474.7356643676758 138.988525390625 474.7356643676758 205.09955596923828 449.2191467285156 205.09955596923828
450.5777282714844 139.51919555664062 476.2164192199707 139.51919555664062 476.2164192199707 205.94676971435547 450.5777282714844 205.94676971435547
450.60443115234375 139.6710968017578 476.1825313568115 139.6710968017578 476.1825313568115 206.23977661132812 450.60443115234375 206.23977661132812
450.70037841796875 138.08740234375 476.33176612854004 138.08740234375 476.33176612854004 204.49605560302734 450.70037841796875 204.49605560302734
452.8274841308594 138.72454833984375 477.8990840911865 138.72454833984375 477.8990840911865 204.8168487548828 452.8274841308594 204.8168487548828
453.891845703125 137.48312377929688 478.2941780090332 137.48312377929688 478.2941780090332 203.1494369506836 453.891845703125 203.1494369506836
454.7137756347656 136.5105743408203 479.36406326293945 136.5105743408203 479.36406326293945 202.65335083007812 454.7137756347656 202.65335083007812
455.2168884277344 137.31256103515625 479.31823348999023 137.31256103515625 479.31823348999023 203.4801254272461 455.2168884277344 203.4801254272461
455.6376953125 137.7185516357422 479.7154598236084 137.7185516357422 479.7154598236084 203.12252807617188 455.6376953125 203.12252807617188
456.7437438964844 137.16018676757812 481.2085151672363 137.16018676757812 481.2085151672363 204.34864807128906 456.7437438964844 204.34864807128906
457.03143310546875 137.78549194335938 480.93854331970215 137.78549194335938 480.93854331970215 205.94332885742188 457.03143310546875 205.94332885742188
457.371337890625 138.5213165283203 482.09570693969727 138.5213165283203 482.09570693969727 207.12344360351562 457.371337890625 207.12344360351562
457.4930725097656 138.53561401367188 483.14122009277344 138.53561401367188 483.14122009277344 207.90233612060547 457.4930725097656 207.90233612060547
457.0609436035156 138.77622985839844 482.88262939453125 138.77622985839844 482.88262939453125 206.1869354248047 457.0609436035156 206.1869354248047
457.55975341796875 138.833251953125 483.3375701904297 138.833251953125 483.3375701904297 207.01497650146484 457.55975341796875 207.01497650146484
458.47943115234375 139.4404296875 484.40949630737305 139.4404296875 484.40949630737305 208.65130615234375 458.47943115234375 208.65130615234375
458.35614013671875 139.89004516601562 483.64127349853516 139.89004516601562 483.64127349853516 208.46202087402344 458.35614013671875 208.46202087402344
459.1344299316406 138.42330932617188 483.9802875518799 138.42330932617188 483.9802875518799 209.9725341796875 459.1344299316406 209.9725341796875
460.23260498046875 138.56581115722656 486.75473403930664 138.56581115722656 486.75473403930664 207.28226470947266 460.23260498046875 207.28226470947266
460.82928466796875 138.8901824951172 485.8662223815918 138.8901824951172 485.8662223815918 209.2946014404297 460.82928466796875 209.2946014404297
461.1705627441406 140.03518676757812 486.87387466430664 140.03518676757812 486.87387466430664 208.9847412109375 461.1705627441406 208.9847412109375
461.6778259277344 139.6105499267578 486.5867156982422 139.6105499267578 486.5867156982422 209.46327209472656 461.6778259277344 209.46327209472656
461.238525390625 139.98287963867188 485.71585845947266 139.98287963867188 485.71585845947266 207.1637191772461 461.238525390625 207.1637191772461
461.70916748046875 140.9910888671875 487.3445987701416 140.9910888671875 487.3445987701416 208.49862670898438 461.70916748046875 208.49862670898438
461.2848205566406 141.0094757080078 486.69076919555664 141.0094757080078 486.69076919555664 208.81422424316406 461.2848205566406 208.81422424316406
463.39068603515625 140.3084259033203 487.8117733001709 140.3084259033203 487.8117733001709 210.82968139648438 463.39068603515625 210.82968139648438
464.4515686035156 140.78079223632812 489.52968406677246 140.78079223632812 489.52968406677246 210.37501525878906 464.4515686035156 210.37501525878906
463.90673828125 142.24777221679688 489.84095191955566 142.24777221679688 489.84095191955566 210.70596313476562 463.90673828125 210.70596313476562
464.94696044921875 141.99574279785156 489.70932388305664 141.99574279785156 489.70932388305664 210.12155151367188 464.94696044921875 210.12155151367188
464.9026794433594 140.41720581054688 490.6255760192871 140.41720581054688 490.6255760192871 209.56739044189453 464.9026794433594 209.56739044189453
465.7825622558594 141.75387573242188 491.20788192749023 141.75387573242188 491.20788192749023 208.35719299316406 465.7825622558594 208.35719299316406
466.8030700683594 141.88516235351562 491.92169761657715 141.88516235351562 491.92169761657715 207.2689666748047 466.8030700683594 207.2689666748047
467.5625915527344 140.76341247558594 493.5360221862793 140.76341247558594 493.5360221862793 206.90088653564453 467.5625915527344 206.90088653564453
469.0970153808594 142.28041076660156 494.2716522216797 142.28041076660156 494.2716522216797 206.66773223876953 469.0970153808594 206.66773223876953
469.6048889160156 143.10678100585938 494.6431636810303 143.10678100585938 494.6431636810303 207.01984786987305 469.6048889160156 207.01984786987305
470.616943359375 144.01193237304688 495.1105651855469 144.01193237304688 495.1105651855469 204.92702102661133 470.616943359375 204.92702102661133
470.65899658203125 142.88357543945312 495.84804916381836 142.88357543945312 495.84804916381836 204.95208740234375 470.65899658203125 204.95208740234375
470.85174560546875 142.286865234375 495.9123725891113 142.286865234375 495.9123725891113 203.70462799072266 470.85174560546875 203.70462799072266
472.90625 145.48287963867188 496.0043487548828 145.48287963867188 496.0043487548828 205.21441650390625 472.90625 205.21441650390625
473.010009765625 145.3706512451172 496.5809783935547 145.3706512451172 496.5809783935547 203.99231719970703 473.010009765625 203.99231719970703
473.72314453125 148.1595001220703 496.6600532531738 148.1595001220703 496.6600532531738 205.62004852294922 473.72314453125 205.62004852294922
474.8470764160156 147.76914978027344 497.3871555328369 147.76914978027344 497.3871555328369 205.07556915283203 474.8470764160156 205.07556915283203
474.4910583496094 146.33639526367188 498.17832946777344 146.33639526367188 498.17832946777344 206.25552368164062 474.4910583496094 206.25552368164062
474.93524169921875 148.13284301757812 498.04933166503906 148.13284301757812 498.04933166503906 205.58308029174805 474.93524169921875 205.58308029174805
474.95068359375 149.4092559814453 498.414701461792 149.4092559814453 498.414701461792 206.09853744506836 474.95068359375 206.09853744506836
476.79119873046875 148.393310546875 500.0039367675781 148.393310546875 500.0039367675781 210.1749153137207 476.79119873046875 210.1749153137207
476.0491638183594 145.99525451660156 499.3853950500488 145.99525451660156 499.3853950500488 208.1449432373047 476.0491638183594 208.1449432373047
476.1414489746094 148.1134490966797 499.84751892089844 148.1134490966797 499.84751892089844 209.76021575927734 476.1414489746094 209.76021575927734
476.7501525878906 147.88807678222656 500.972412109375 147.88807678222656 500.972412109375 209.96772003173828 476.7501525878906 209.96772003173828
473.899169921875 146.66357421875 500.3367404937744 146.66357421875 500.3367404937744 193.84227752685547 473.899169921875 193.84227752685547
463.892822265625 148.29750061035156 490.017147064209 148.29750061035156 490.017147064209 199.15252304077148 463.892822265625 199.15252304077148
451.93231201171875 142.6095733642578 477.2138843536377 142.6095733642578 477.2138843536377 208.11187744140625 451.93231201171875 208.11187744140625
450.5738830566406 150.6224822998047 478.15845108032227 150.6224822998047 478.15845108032227 207.30435943603516 450.5738830566406 207.30435943603516
450.77203369140625 146.21713256835938 476.69347190856934 146.21713256835938 476.69347190856934 209.57283401489258 450.77203369140625 209.57283401489258
451.5751037597656 144.6622772216797 477.44190406799316 144.6622772216797 477.44190406799316 206.53039169311523 451.5751037597656 206.53039169311523
451.1585388183594 147.33213806152344 477.66466331481934 147.33213806152344 477.66466331481934 207.88324356079102 451.1585388183594 207.88324356079102
451.49658203125 145.6808624267578 477.5225009918213 145.6808624267578 477.5225009918213 208.04720306396484 451.49658203125 208.04720306396484
451.8172912597656 147.56228637695312 479.428165435791 147.56228637695312 479.428165435791 208.70195770263672 451.8172912597656 208.70195770263672
453.18896484375 146.16322326660156 479.5859489440918 146.16322326660156 479.5859489440918 208.20886993408203 453.18896484375 208.20886993408203
453.806396484375 144.5688018798828 481.1766548156738 144.5688018798828 481.1766548156738 207.49652481079102 453.806396484375 207.49652481079102
454.32989501953125 145.9713897705078 479.6767921447754 145.9713897705078 479.6767921447754 206.85607147216797 454.32989501953125 206.85607147216797
457.2400817871094 143.68739318847656 481.7704658508301 143.68739318847656 481.7704658508301 205.8854217529297 457.2400817871094 205.8854217529297
457.4554748535156 146.2215576171875 481.1482734680176 146.2215576171875 481.1482734680176 202.89302444458008 457.4554748535156 202.89302444458008
457.93988037109375 144.18276977539062 481.4142646789551 144.18276977539062 481.4142646789551 203.43035125732422 457.93988037109375 203.43035125732422
458.7369079589844 142.32839965820312 482.63260650634766 142.32839965820312 482.63260650634766 205.38031005859375 458.7369079589844 205.38031005859375
457.97174072265625 142.72335815429688 483.66527366638184 142.72335815429688 483.66527366638184 203.34839630126953 457.97174072265625 203.34839630126953
448.677001953125 147.57568359375 478.34597396850586 147.57568359375 478.34597396850586 200.02098846435547 448.677001953125 200.02098846435547
443.7244567871094 149.55224609375 470.4257354736328 149.55224609375 470.4257354736328 203.83345413208008 443.7244567871094 203.83345413208008
436.40032958984375 145.39712524414062 464.17173767089844 145.39712524414062 464.17173767089844 204.40579223632812 436.40032958984375 204.40579223632812
438.2469787597656 146.30709838867188 465.3648872375488 146.30709838867188 465.3648872375488 204.1360855102539 438.2469787597656 204.1360855102539
436.7158203125 151.07601928710938 463.074743270874 151.07601928710938 463.074743270874 200.85522079467773 436.7158203125 200.85522079467773
438.0992736816406 148.28079223632812 464.0452003479004 148.28079223632812 464.0452003479004 206.86579132080078 438.0992736816406 206.86579132080078
438.75048828125 146.28614807128906 463.4020690917969 146.28614807128906 463.4020690917969 207.47332382202148 438.75048828125 207.47332382202148
437.5379943847656 146.9595184326172 462.6554927825928 146.9595184326172 462.6554927825928 209.50926208496094 437.5379943847656 209.50926208496094
437.53515625 146.13507080078125 464.3609104156494 146.13507080078125 464.3609104156494 206.63508224487305 437.53515625 206.63508224487305
437.50616455078125 150.21788024902344 464.6175174713135 150.21788024902344 464.6175174713135 206.4744529724121 437.50616455078125 206.4744529724121
438.1590881347656 148.20765686035156 466.91972732543945 148.20765686035156 466.91972732543945 211.1423110961914 438.1590881347656 211.1423110961914
438.7583923339844 147.9232177734375 465.8592777252197 147.9232177734375 465.8592777252197 207.65067672729492 438.7583923339844 207.65067672729492
440.00555419921875 147.34262084960938 467.345178604126 147.34262084960938 467.345178604126 210.56634521484375 440.00555419921875 210.56634521484375
440.8666076660156 146.4971923828125 467.1160068511963 146.4971923828125 467.1160068511963 210.85765838623047 440.8666076660156 210.85765838623047
441.0830993652344 146.61553955078125 466.2838497161865 146.61553955078125 466.2838497161865 211.80844116210938 441.0830993652344 211.80844116210938
440.2916564941406 144.57557678222656 465.16931533813477 144.57557678222656 465.16931533813477 213.3705062866211 440.2916564941406 213.3705062866211
441.4956970214844 145.27682495117188 466.2921714782715 145.27682495117188 466.2921714782715 210.7868881225586 441.4956970214844 210.7868881225586
441.46649169921875 147.16229248046875 466.1207637786865 147.16229248046875 466.1207637786865 213.73201751708984 441.46649169921875 213.73201751708984
442.41259765625 148.7399139404297 467.2264099121094 148.7399139404297 467.2264099121094 213.9929428100586 442.41259765625 213.9929428100586
442.98406982421875 150.23452758789062 468.07512283325195 150.23452758789062 468.07512283325195 215.62841033935547 442.98406982421875 215.62841033935547
443.7688903808594 150.32957458496094 468.2090358734131 150.32957458496094 468.2090358734131 214.33140563964844 443.7688903808594 214.33140563964844
444.92755126953125 151.75680541992188 469.9499626159668 151.75680541992188 469.9499626159668 215.25575637817383 444.92755126953125 215.25575637817383
446.4176330566406 149.70974731445312 471.4682426452637 149.70974731445312 471.4682426452637 213.63727569580078 446.4176330566406 213.63727569580078
446.728271484375 149.17941284179688 471.69295501708984 149.17941284179688 471.69295501708984 211.70934295654297 446.728271484375 211.70934295654297
448.07464599609375 147.61557006835938 470.71407890319824 147.61557006835938 470.71407890319824 208.79218292236328 448.07464599609375 208.79218292236328
450.7906188964844 151.30992126464844 472.8303565979004 151.30992126464844 472.8303565979004 212.5333709716797 450.7906188964844 212.5333709716797
448.35986328125 149.63253784179688 474.4734287261963 149.63253784179688 474.4734287261963 217.2904510498047 448.35986328125 217.2904510498047
452.7596740722656 153.29678344726562 474.8792266845703 153.29678344726562 474.8792266845703 218.4295883178711 452.7596740722656 218.4295883178711
451.7562561035156 151.86117553710938 473.0510711669922 151.86117553710938 473.0510711669922 214.54726028442383 451.7562561035156 214.54726028442383
453.2377014160156 156.88137817382812 473.6588554382324 156.88137817382812 473.6588554382324 211.59691619873047 453.2377014160156 211.59691619873047
453.9566345214844 155.5797882080078 474.70702362060547 155.5797882080078 474.70702362060547 210.3544692993164 453.9566345214844 210.3544692993164
455.26763916015625 156.83056640625 476.4025650024414 156.83056640625 476.4025650024414 210.9193115234375 455.26763916015625 210.9193115234375
455.0310974121094 156.5336456298828 476.5863914489746 156.5336456298828 476.5863914489746 210.4760284423828 455.0310974121094 210.4760284423828
455.53680419921875 154.1885986328125 477.7770175933838 154.1885986328125 477.7770175933838 212.16054153442383 455.53680419921875 212.16054153442383
455.4541015625 153.84689331054688 477.40487480163574 153.84689331054688 477.40487480163574 213.49565887451172 455.4541015625 213.49565887451172
454.76763916015625 159.01829528808594 477.03176498413086 159.01829528808594 477.03176498413086 216.45146942138672 454.76763916015625 216.45146942138672
451.0399475097656 148.9707794189453 477.2481746673584 148.9707794189453 477.2481746673584 216.87395477294922 451.0399475097656 216.87395477294922
452.233642578125 150.18124389648438 478.1661624908447 150.18124389648438 478.1661624908447 217.3700714111328 452.233642578125 217.3700714111328
454.1617736816406 150.90438842773438 479.80470275878906 150.90438842773438 479.80470275878906 217.34291076660156 454.1617736816406 217.34291076660156
457.60589599609375 153.08148193359375 478.1460723876953 153.08148193359375 478.1460723876953 218.58406829833984 457.60589599609375 218.58406829833984
455.6749572753906 155.26771545410156 477.18827056884766 155.26771545410156 477.18827056884766 218.06740951538086 455.6749572753906 218.06740951538086
455.875732421875 154.25514221191406 477.4141731262207 154.25514221191406 477.4141731262207 219.67605590820312 455.875732421875 219.67605590820312
456.556396484375 152.89852905273438 478.56914710998535 152.89852905273438 478.56914710998535 218.92547607421875 456.556396484375 218.92547607421875
455.58087158203125 152.6519775390625 477.2606658935547 152.6519775390625 477.2606658935547 219.17340087890625 455.58087158203125 219.17340087890625
457.164306640625 156.61268615722656 479.1196479797363 156.61268615722656 479.1196479797363 215.6268768310547 457.164306640625 215.6268768310547
457.30615234375 157.58206176757812 478.9181671142578 157.58206176757812 478.9181671142578 214.54376220703125 457.30615234375 214.54376220703125
458.021484375 157.78054809570312 479.5326442718506 157.78054809570312 479.5326442718506 214.54823684692383 458.021484375 214.54823684692383
454.2999572753906 163.4916229248047 479.0602626800537 163.4916229248047 479.0602626800537 212.29954528808594 454.2999572753906 212.29954528808594
445.637451171875 159.42730712890625 470.7390766143799 159.42730712890625 470.7390766143799 211.66776657104492 445.637451171875 211.66776657104492
437.88134765625 161.3543701171875 467.47638511657715 161.3543701171875 467.47638511657715 213.5971450805664 437.88134765625 213.5971450805664
429.00390625 160.3922882080078 454.4504566192627 160.3922882080078 454.4504566192627 211.14544296264648 429.00390625 211.14544296264648
425.90625 158.25057983398438 451.77081871032715 158.25057983398438 451.77081871032715 216.38805389404297 425.90625 216.38805389404297
426.84637451171875 158.2151336669922 450.33256912231445 158.2151336669922 450.33256912231445 213.95164489746094 426.84637451171875 213.95164489746094
414.1451110839844 148.54214477539062 441.5676212310791 148.54214477539062 441.5676212310791 219.59140014648438 414.1451110839844 219.59140014648438
424.06640625 154.0536651611328 447.23961448669434 154.0536651611328 447.23961448669434 213.17523956298828 424.06640625 213.17523956298828
422.816162109375 154.7909393310547 445.91149520874023 154.7909393310547 445.91149520874023 215.29319763183594 422.816162109375 215.29319763183594
423.779541015625 154.31222534179688 445.6717720031738 154.31222534179688 445.6717720031738 215.49285125732422 423.779541015625 215.49285125732422
425.36602783203125 153.2839813232422 447.58875274658203 153.2839813232422 447.58875274658203 216.76331329345703 425.36602783203125 216.76331329345703
422.99029541015625 154.1099853515625 445.2256278991699 154.1099853515625 445.2256278991699 217.53010177612305 422.99029541015625 217.53010177612305
423.0103454589844 154.04925537109375 445.31678771972656 154.04925537109375 445.31678771972656 216.2846565246582 423.0103454589844 216.2846565246582
420.14739990234375 151.06690979003906 442.8346195220947 151.06690979003906 442.8346195220947 219.0805206298828 420.14739990234375 219.0805206298828
420.6514587402344 150.6842041015625 443.6899223327637 150.6842041015625 443.6899223327637 218.4425048828125 420.6514587402344 218.4425048828125
418.61236572265625 151.3251953125 443.0060062408447 151.3251953125 443.0060062408447 218.61597442626953 418.61236572265625 218.61597442626953
421.69171142578125 152.16395568847656 444.43861389160156 152.16395568847656 444.43861389160156 215.83515167236328 421.69171142578125 215.83515167236328
419.56683349609375 151.6380615234375 443.7084732055664 151.6380615234375 443.7084732055664 215.63130569458008 419.56683349609375 215.63130569458008
418.9176330566406 149.4749755859375 443.5669250488281 149.4749755859375 443.5669250488281 219.5661392211914 418.9176330566406 219.5661392211914
419.21087646484375 151.04568481445312 442.98086166381836 151.04568481445312 442.98086166381836 216.8074188232422 419.21087646484375 216.8074188232422
420.70245361328125 152.07521057128906 444.8490047454834 152.07521057128906 444.8490047454834 218.55396270751953 420.70245361328125 218.55396270751953
423.1416931152344 153.1416015625 446.3542079925537 153.1416015625 446.3542079925537 218.9168472290039 423.1416931152344 218.9168472290039
422.3081970214844 150.60049438476562 445.61460876464844 150.60049438476562 445.61460876464844 221.05884552001953 422.3081970214844 221.05884552001953
424.0225524902344 151.73696899414062 447.2864589691162 151.73696899414062 447.2864589691162 221.0257568359375 424.0225524902344 221.0257568359375
423.35430908203125 151.5813446044922 446.0940227508545 151.5813446044922 446.0940227508545 220.11358642578125 423.35430908203125 220.11358642578125
423.72674560546875 152.68914794921875 447.1524238586426 152.68914794921875 447.1524238586426 218.35618591308594 423.72674560546875 218.35618591308594
423.540771484375 151.5274658203125 446.1591453552246 151.5274658203125 446.1591453552246 219.9957733154297 423.540771484375 219.9957733154297
421.98309326171875 151.0320587158203 445.6923713684082 151.0320587158203 445.6923713684082 220.98381805419922 421.98309326171875 220.98381805419922
423.2154846191406 151.98342895507812 445.7884273529053 151.98342895507812 445.7884273529053 220.00245666503906 423.2154846191406 220.00245666503906
436.46893310546875 151.99522399902344 461.27184104919434 151.99522399902344 461.27184104919434 223.46678161621094 436.46893310546875 223.46678161621094
444.3001403808594 154.9081573486328 468.9011421203613 154.9081573486328 468.9011421203613 224.82999420166016 444.3001403808594 224.82999420166016
445.80712890625 154.41464233398438 471.08193588256836 154.41464233398438 471.08193588256836 223.1275405883789 445.80712890625 223.1275405883789
446.8489685058594 154.2095184326172 471.9709014892578 154.2095184326172 471.9709014892578 225.12637329101562 446.8489685058594 225.12637329101562
447.901611328125 153.5412139892578 473.5830421447754 153.5412139892578 473.5830421447754 221.80194854736328 447.901611328125 221.80194854736328
448.7271423339844 154.56820678710938 474.7801094055176 154.56820678710938 474.7801094055176 223.8820343017578 448.7271423339844 223.8820343017578
449.66046142578125 155.42921447753906 474.9507312774658 155.42921447753906 474.9507312774658 224.040283203125 449.66046142578125 224.040283203125
450.994873046875 155.7675018310547 474.4724998474121 155.7675018310547 474.4724998474121 219.99738311767578 450.994873046875 219.99738311767578
451.71026611328125 159.04000854492188 475.1024513244629 159.04000854492188 475.1024513244629 219.0359878540039 451.71026611328125 219.0359878540039
452.00640869140625 159.44528198242188 475.7717590332031 159.44528198242188 475.7717590332031 217.86764526367188 452.00640869140625 217.86764526367188
453.474609375 163.53140258789062 475.63225746154785 163.53140258789062 475.63225746154785 217.27090454101562 453.474609375 217.27090454101562
454.49371337890625 158.8733673095703 476.98567962646484 158.8733673095703 476.98567962646484 216.79434967041016 454.49371337890625 216.79434967041016
455.32684326171875 159.48501586914062 478.24887466430664 159.48501586914062 478.24887466430664 218.76838302612305 455.32684326171875 218.76838302612305
455.9949645996094 160.07754516601562 479.5609951019287 160.07754516601562 479.5609951019287 220.9682502746582 455.9949645996094 220.9682502746582
449.8358459472656 163.01620483398438 478.11460876464844 163.01620483398438 478.11460876464844 213.41124725341797 449.8358459472656 213.41124725341797
438.52008056640625 162.45706176757812 466.3195381164551 162.45706176757812 466.3195381164551 216.74245071411133 438.52008056640625 216.74245071411133
430.57574462890625 162.51101684570312 460.0533027648926 162.51101684570312 460.0533027648926 214.65726470947266 430.57574462890625 214.65726470947266
424.05908203125 164.764892578125 452.53887367248535 164.764892578125 452.53887367248535 219.98386764526367 424.05908203125 219.98386764526367
424.40234375 160.62107849121094 450.85565185546875 160.62107849121094 450.85565185546875 219.3572540283203 424.40234375 219.3572540283203
425.44952392578125 160.12362670898438 451.53933334350586 160.12362670898438 451.53933334350586 225.73343658447266 425.44952392578125 225.73343658447266
426.58984375 159.43572998046875 452.14883613586426 159.43572998046875 452.14883613586426 226.51018524169922 426.58984375 226.51018524169922
427.06060791015625 157.78707885742188 451.9176902770996 157.78707885742188 451.9176902770996 224.0484161376953 427.06060791015625 224.0484161376953
