482.0 191.0 528.0 191.0 528.0 317.0 482.0 317.0
478.92510986328125 192.11517333984375 525.0004348754883 192.11517333984375 525.0004348754883 313.31388092041016 478.92510986328125 313.31388092041016
476.7972106933594 192.93479919433594 522.5253791809082 192.93479919433594 522.5253791809082 312.87327575683594 476.7972106933594 312.87327575683594
474.01141357421875 191.1595001220703 520.3327598571777 191.1595001220703 520.3327598571777 312.03348541259766 474.01141357421875 312.03348541259766
472.292236328125 187.8437042236328 518.3512878417969 187.8437042236328 518.3512878417969 314.0054626464844 472.292236328125 314.0054626464844
473.2904357910156 189.96388244628906 519.7433280944824 189.96388244628906 519.7433280944824 313.4316101074219 473.2904357910156 313.4316101074219
471.839111328125 189.39956665039062 518.090648651123 189.39956665039062 518.090648651123 315.26891326904297 471.839111328125 315.26891326904297
473.1551818847656 186.7302703857422 518.8721466064453 186.7302703857422 518.8721466064453 311.36151123046875 473.1551818847656 311.36151123046875
473.63824462890625 187.65145874023438 519.7481269836426 187.65145874023438 519.7481269836426 313.68324279785156 473.63824462890625 313.68324279785156
477.14764404296875 192.1307373046875 521.8837089538574 192.1307373046875 521.8837089538574 312.65594482421875 477.14764404296875 312.65594482421875
474.03948974609375 179.34609985351562 521.9703254699707 179.34609985351562 521.9703254699707 310.63490295410156 474.03948974609375 310.63490295410156
474.9485778808594 187.69268798828125 521.3491821289062 187.69268798828125 521.3491821289062 310.83094787597656 474.9485778808594 310.83094787597656
475.73974609375 186.99929809570312 521.6900634765625 186.99929809570312 521.6900634765625 309.80091094970703 475.73974609375 309.80091094970703
473.5618591308594 191.3759002685547 520.9440994262695 191.3759002685547 520.9440994262695 309.78875732421875 473.5618591308594 309.78875732421875
455.9098205566406 182.5482940673828 503.53660583496094 182.5482940673828 503.53660583496094 311.30889892578125 455.9098205566406 311.30889892578125
454.9595642089844 187.77963256835938 502.1514549255371 187.77963256835938 502.1514549255371 312.8443145751953 454.9595642089844 312.8443145751953
450.8150939941406 183.4158477783203 498.9042205810547 183.4158477783203 498.9042205810547 315.1382293701172 450.8150939941406 315.1382293701172
446.344482421875 188.90411376953125 493.06781005859375 188.90411376953125 493.06781005859375 316.8853988647461 446.344482421875 316.8853988647461
441.3390197753906 190.5969696044922 487.33821868896484 190.5969696044922 487.33821868896484 316.5947723388672 441.3390197753906 316.5947723388672
433.3377990722656 190.543701171875 479.90779876708984 190.543701171875 479.90779876708984 310.5942153930664 433.3377990722656 310.5942153930664
429.24810791015625 192.25759887695312 474.3291206359863 192.25759887695312 474.3291206359863 307.25367736816406 429.24810791015625 307.25367736816406
427.24249267578125 194.05731201171875 471.257381439209 194.05731201171875 471.257381439209 306.56373596191406 427.24249267578125 306.56373596191406
422.54119873046875 193.3096923828125 466.9310836791992 193.3096923828125 466.9310836791992 308.77425384521484 422.54119873046875 308.77425384521484
418.4625549316406 193.23715209960938 462.3710250854492 193.23715209960938 462.3710250854492 307.6716766357422 418.4625549316406 307.6716766357422
418.0010681152344 192.73886108398438 460.0102767944336 192.73886108398438 460.0102767944336 306.24070739746094 418.0010681152344 306.24070739746094
412.1932678222656 196.6687774658203 454.8696708679199 196.6687774658203 454.8696708679199 307.89637756347656 412.1932678222656 307.89637756347656
412.45697021484375 195.907470703125 455.1434211730957 195.907470703125 455.1434211730957 308.33544921875 412.45697021484375 308.33544921875
412.13604736328125 198.28298950195312 454.8652763366699 198.28298950195312 454.8652763366699 307.23463439941406 412.13604736328125 307.23463439941406
408.8492736816406 194.4014129638672 450.8848342895508 194.4014129638672 450.8848342895508 309.5422668457031 408.8492736816406 309.5422668457031
409.26947021484375 193.3784942626953 451.81940841674805 193.3784942626953 451.81940841674805 309.8434829711914 409.26947021484375 309.8434829711914
409.3180236816406 194.8973388671875 451.87712478637695 194.8973388671875 451.87712478637695 311.47222900390625 409.3180236816406 311.47222900390625
408.54144287109375 192.37228393554688 450.302921295166 192.37228393554688 450.302921295166 306.7623825073242 408.54144287109375 306.7623825073242
406.7864685058594 188.18885803222656 448.41405487060547 188.18885803222656 448.41405487060547 302.2122116088867 406.7864685058594 302.2122116088867
408.9964294433594 192.08555603027344 451.294734954834 192.08555603027344 451.294734954834 307.9460906982422 408.9964294433594 307.9460906982422
412.70819091796875 185.65335083007812 455.2567367553711 185.65335083007812 455.2567367553711 307.5402374267578 412.70819091796875 307.5402374267578
412.9580993652344 187.76226806640625 455.84051513671875 187.76226806640625 455.84051513671875 308.12786865234375 412.9580993652344 308.12786865234375
415.083984375 184.11306762695312 458.5167045593262 184.11306762695312 458.5167045593262 306.7681427001953 415.083984375 306.7681427001953
419.3702087402344 182.18344116210938 464.43299102783203 182.18344116210938 464.43299102783203 305.6162567138672 419.3702087402344 305.6162567138672
421.53759765625 178.909423828125 466.4132766723633 178.909423828125 466.4132766723633 301.8297348022461 421.53759765625 301.8297348022461
420.72869873046875 185.40347290039062 464.90617752075195 185.40347290039062 464.90617752075195 306.4113235473633 420.72869873046875 306.4113235473633
423.62530517578125 183.9160614013672 468.0055961608887 183.9160614013672 468.0055961608887 305.47945404052734 423.62530517578125 305.47945404052734
423.935546875 181.58905029296875 469.2865867614746 181.58905029296875 469.2865867614746 305.8114471435547 423.935546875 305.8114471435547
424.28826904296875 180.2489471435547 469.87454986572266 180.2489471435547 469.87454986572266 305.11570739746094 424.28826904296875 305.11570739746094
424.91705322265625 181.02828979492188 470.3968315124512 181.02828979492188 470.3968315124512 305.6033172607422 424.91705322265625 305.6033172607422
423.623046875 181.58485412597656 468.51772689819336 181.58485412597656 468.51772689819336 304.5572280883789 423.623046875 304.5572280883789
422.7855529785156 181.9629364013672 467.4263572692871 181.9629364013672 467.4263572692871 304.2399139404297 422.7855529785156 304.2399139404297
421.58917236328125 180.67138671875 466.6377182006836 180.67138671875 466.6377182006836 304.06522369384766 421.58917236328125 304.06522369384766
422.2933654785156 180.08172607421875 467.4713020324707 180.08172607421875 467.4713020324707 303.82999420166016 422.2933654785156 303.82999420166016
423.23443603515625 179.7273406982422 466.74488067626953 179.7273406982422 466.74488067626953 307.5088348388672 423.23443603515625 307.5088348388672
420.95361328125 179.4195556640625 466.18587493896484 179.4195556640625 466.18587493896484 306.3882064819336 420.95361328125 306.3882064819336
417.38818359375 181.21893310546875 463.1655387878418 181.21893310546875 463.1655387878418 306.60909271240234 417.38818359375 306.60909271240234
414.796875 180.20497131347656 461.2837104797363 180.20497131347656 461.2837104797363 307.53849029541016 414.796875 307.53849029541016
415.59564208984375 183.73678588867188 461.53952407836914 183.73678588867188 461.53952407836914 309.5830764770508 415.59564208984375 309.5830764770508
421.80816650390625 181.82272338867188 467.8061752319336 181.82272338867188 467.8061752319336 307.8172912597656 421.80816650390625 307.8172912597656
430.48846435546875 187.15310668945312 476.11617279052734 187.15310668945312 476.11617279052734 314.8102340698242 430.48846435546875 314.8102340698242
427.99560546875 183.32351684570312 474.9935493469238 183.32351684570312 474.9935493469238 313.85943603515625 427.99560546875 313.85943603515625
425.65313720703125 174.8625030517578 471.390079498291 174.8625030517578 471.390079498291 307.2837371826172 425.65313720703125 307.2837371826172
413.72650146484375 180.60519409179688 461.47232818603516 180.60519409179688 461.47232818603516 311.38722229003906 413.72650146484375 311.38722229003906
412.6068420410156 176.26483154296875 459.04027557373047 176.26483154296875 459.04027557373047 303.4520492553711 412.6068420410156 303.4520492553711
411.9322814941406 183.8206329345703 457.8637275695801 183.8206329345703 457.8637275695801 309.6328430175781 411.9322814941406 309.6328430175781
411.79931640625 183.97152709960938 456.40491485595703 183.97152709960938 456.40491485595703 306.1520690917969 411.79931640625 306.1520690917969
412.61602783203125 182.4318084716797 457.88318252563477 182.4318084716797 457.88318252563477 306.4244384765625 412.61602783203125 306.4244384765625
412.9686584472656 187.13433837890625 457.46491622924805 187.13433837890625 457.46491622924805 309.01539611816406 412.9686584472656 309.01539611816406
414.3902893066406 183.5004425048828 459.6713066101074 183.5004425048828 459.6713066101074 307.53106689453125 414.3902893066406 307.53106689453125
414.6361389160156 183.4380340576172 460.34871673583984 183.4380340576172 460.34871673583984 308.65076446533203 414.6361389160156 308.65076446533203
413.507080078125 184.1152801513672 459.4898109436035 184.1152801513672 459.4898109436035 310.06800079345703 413.507080078125 310.06800079345703
414.80718994140625 184.29257202148438 460.7637748718262 184.29257202148438 460.7637748718262 310.1736755371094 414.80718994140625 310.1736755371094
415.8692321777344 182.3746337890625 462.67601776123047 182.3746337890625 462.67601776123047 310.5845489501953 415.8692321777344 310.5845489501953
413.7137756347656 180.78318786621094 460.64464950561523 180.78318786621094 460.64464950561523 309.33302307128906 413.7137756347656 309.33302307128906
415.914794921875 182.2370147705078 462.31722259521484 182.2370147705078 462.31722259521484 310.8932342529297 415.914794921875 310.8932342529297
414.71502685546875 179.49789428710938 461.90554428100586 179.49789428710938 461.90554428100586 308.7589111328125 414.71502685546875 308.7589111328125
413.19500732421875 181.75808715820312 460.5511665344238 181.75808715820312 460.5511665344238 311.4728088378906 413.19500732421875 311.4728088378906
411.5753479003906 185.1854248046875 458.7326431274414 185.1854248046875 458.7326431274414 314.3554382324219 411.5753479003906 314.3554382324219
412.0801696777344 181.66555786132812 458.35948944091797 181.66555786132812 458.35948944091797 308.43067169189453 412.0801696777344 308.43067169189453
410.74365234375 184.88449096679688 456.9010696411133 184.88449096679688 456.9010696411133 311.31568908691406 410.74365234375 311.31568908691406
412.327880859375 183.86526489257812 458.73607635498047 183.86526489257812 458.73607635498047 310.9833679199219 412.327880859375 310.9833679199219
414.64447021484375 182.1341094970703 460.57988357543945 182.1341094970703 460.57988357543945 307.9572067260742 414.64447021484375 307.9572067260742
416.59698486328125 174.2189178466797 462.0557327270508 174.2189178466797 462.0557327270508 301.29395294189453 416.59698486328125 301.29395294189453
415.3369140625 176.1749267578125 460.36328125 176.1749267578125 460.36328125 303.2931137084961 415.3369140625 303.2931137084961
415.78985595703125 178.14328002929688 460.70992279052734 178.14328002929688 460.70992279052734 304.1097717285156 415.78985595703125 304.1097717285156
416.565673828125 185.0259246826172 463.0440559387207 185.0259246826172 463.0440559387207 312.3362731933594 416.565673828125 312.3362731933594
417.65069580078125 179.99014282226562 464.0240364074707 179.99014282226562 464.0240364074707 307.0127639770508 417.65069580078125 307.0127639770508
417.9679260253906 175.99661254882812 465.2342300415039 175.99661254882812 465.2342300415039 305.46519470214844 417.9679260253906 305.46519470214844
420.64862060546875 179.17324829101562 467.37061309814453 179.17324829101562 467.37061309814453 307.15088653564453 420.64862060546875 307.15088653564453
421.1603088378906 184.2653350830078 468.24731826782227 184.2653350830078 468.24731826782227 313.24278259277344 421.1603088378906 313.24278259277344
427.0514221191406 176.0680694580078 473.47260665893555 176.0680694580078 473.47260665893555 305.112548828125 427.0514221191406 305.112548828125
425.41986083984375 182.38638305664062 471.98755645751953 182.38638305664062 471.98755645751953 309.9413604736328 425.41986083984375 309.9413604736328
427.18963623046875 177.0493927001953 474.2333564758301 177.0493927001953 474.2333564758301 305.90826416015625 427.18963623046875 305.90826416015625
427.72076416015625 173.9357452392578 475.28980255126953 173.9357452392578 475.28980255126953 304.23353576660156 427.72076416015625 304.23353576660156
428.1025390625 186.76138305664062 475.1301689147949 186.76138305664062 475.1301689147949 316.4969482421875 428.1025390625 316.4969482421875
427.5621032714844 183.27737426757812 475.8874740600586 183.27737426757812 475.8874740600586 315.6468505859375 427.5621032714844 315.6468505859375
426.7770080566406 172.06993103027344 475.40006256103516 172.06993103027344 475.40006256103516 305.2547912597656 426.7770080566406 305.2547912597656
429.0384216308594 178.50637817382812 476.2900161743164 178.50637817382812 476.2900161743164 310.511962890625 429.0384216308594 310.511962890625
427.18670654296875 181.84674072265625 475.7025680541992 181.84674072265625 475.7025680541992 316.9906921386719 427.18670654296875 316.9906921386719
428.22625732421875 176.73068237304688 476.60316467285156 176.73068237304688 476.60316467285156 310.06341552734375 428.22625732421875 310.06341552734375
429.0938415527344 175.16323852539062 478.1377487182617 175.16323852539062 478.1377487182617 312.49208068847656 429.0938415527344 312.49208068847656
428.845458984375 184.4244384765625 477.3699417114258 184.4244384765625 477.3699417114258 317.33929443359375 428.845458984375 317.33929443359375
431.005615234375 178.37875366210938 480.92284774780273 178.37875366210938 480.92284774780273 315.10853576660156 431.005615234375 315.10853576660156
432.4612731933594 181.0236053466797 482.1570625305176 181.0236053466797 482.1570625305176 317.93463134765625 432.4612731933594 317.93463134765625
438.251220703125 184.7584991455078 487.94667053222656 184.7584991455078 487.94667053222656 320.8807830810547 438.251220703125 320.8807830810547
439.51605224609375 188.9949188232422 488.8702964782715 188.9949188232422 488.8702964782715 323.565673828125 439.51605224609375 323.565673828125
438.36187744140625 189.90176391601562 488.1423797607422 189.90176391601562 488.1423797607422 326.2570343017578 438.36187744140625 326.2570343017578
441.7135314941406 186.0072784423828 490.08390045166016 186.0072784423828 490.08390045166016 321.1961212158203 441.7135314941406 321.1961212158203
444.7064514160156 184.52816772460938 493.57957458496094 184.52816772460938 493.57957458496094 321.1571350097656 444.7064514160156 321.1571350097656
444.88262939453125 192.63137817382812 492.8900566101074 192.63137817382812 492.8900566101074 326.2274169921875 444.88262939453125 326.2274169921875
445.91412353515625 185.36021423339844 494.5753860473633 185.36021423339844 494.5753860473633 318.6497497558594 445.91412353515625 318.6497497558594
445.0016174316406 180.64761352539062 493.84207916259766 180.64761352539062 493.84207916259766 314.617431640625 445.0016174316406 314.617431640625
447.3985900878906 185.68336486816406 495.3004722595215 185.68336486816406 495.3004722595215 321.5691375732422 447.3985900878906 321.5691375732422
448.88543701171875 186.42343139648438 497.36856842041016 186.42343139648438 497.36856842041016 325.6557312011719 448.88543701171875 325.6557312011719
450.34820556640625 187.48635864257812 498.5366859436035 187.48635864257812 498.5366859436035 325.6410217285156 450.34820556640625 325.6410217285156
452.26019287109375 184.6765594482422 500.14038467407227 184.6765594482422 500.14038467407227 318.5142822265625 452.26019287109375 318.5142822265625
454.6155700683594 187.83558654785156 499.99266052246094 187.83558654785156 499.99266052246094 328.75355529785156 454.6155700683594 328.75355529785156
454.3560485839844 191.06997680664062 501.9803695678711 191.06997680664062 501.9803695678711 327.20025634765625 454.3560485839844 327.20025634765625
456.4856872558594 182.4983367919922 501.1026382446289 182.4983367919922 501.1026382446289 319.45716857910156 456.4856872558594 319.45716857910156
456.1405334472656 183.97683715820312 501.8828125 183.97683715820312 501.8828125 324.46556091308594 456.1405334472656 324.46556091308594
454.8768615722656 189.68911743164062 502.9260711669922 189.68911743164062 502.9260711669922 330.22608947753906 454.8768615722656 330.22608947753906
455.6165466308594 186.4154815673828 502.6860771179199 186.4154815673828 502.6860771179199 328.4073181152344 455.6165466308594 328.4073181152344
456.3529357910156 181.1328125 503.1736640930176 181.1328125 503.1736640930176 321.4422302246094 456.3529357910156 321.4422302246094
454.80255126953125 180.81692504882812 502.1094627380371 180.81692504882812 502.1094627380371 321.97035217285156 454.80255126953125 321.97035217285156
447.7537536621094 186.1315460205078 493.9599266052246 186.1315460205078 493.9599266052246 328.59629821777344 447.7537536621094 328.59629821777344
445.479248046875 186.18287658691406 494.9949645996094 186.18287658691406 494.9949645996094 325.6941833496094 445.479248046875 325.6941833496094
444.78350830078125 180.8334503173828 494.6914253234863 180.8334503173828 494.6914253234863 324.6291046142578 444.78350830078125 324.6291046142578
446.1329040527344 183.07745361328125 494.2816734313965 183.07745361328125 494.2816734313965 326.50779724121094 446.1329040527344 326.50779724121094
445.7328186035156 188.0048065185547 494.1965522766113 188.0048065185547 494.1965522766113 329.3259582519531 445.7328186035156 329.3259582519531
443.9881896972656 178.80667114257812 493.41048431396484 178.80667114257812 493.41048431396484 323.1492004394531 443.9881896972656 323.1492004394531
444.27752685546875 180.3890838623047 492.3678970336914 180.3890838623047 492.3678970336914 320.33067321777344 444.27752685546875 320.33067321777344
439.21954345703125 183.86886596679688 491.2307662963867 183.86886596679688 491.2307662963867 325.8189697265625 439.21954345703125 325.8189697265625
443.13177490234375 179.52127075195312 492.5735778808594 179.52127075195312 492.5735778808594 321.0376281738281 443.13177490234375 321.0376281738281
442.8456115722656 179.9176788330078 492.5599899291992 179.9176788330078 492.5599899291992 326.7859802246094 442.8456115722656 326.7859802246094
440.37451171875 174.4893341064453 491.45455169677734 174.4893341064453 491.45455169677734 316.8511505126953 440.37451171875 316.8511505126953
439.0562438964844 181.66192626953125 490.5275459289551 181.66192626953125 490.5275459289551 324.69224548339844 439.0562438964844 324.69224548339844
435.24725341796875 182.05288696289062 487.29659271240234 182.05288696289062 487.29659271240234 324.62274169921875 435.24725341796875 324.62274169921875
435.6968688964844 174.806396484375 486.52277755737305 174.806396484375 486.52277755737305 316.5438537597656 435.6968688964844 316.5438537597656
431.744384765625 171.47927856445312 483.13155364990234 171.47927856445312 483.13155364990234 311.7401885986328 431.744384765625 311.7401885986328
433.57818603515625 177.6765594482422 484.3213920593262 177.6765594482422 484.3213920593262 318.0938720703125 433.57818603515625 318.0938720703125
432.2564392089844 187.28919982910156 482.71704483032227 187.28919982910156 482.71704483032227 325.41578674316406 432.2564392089844 325.41578674316406
435.1769104003906 178.01104736328125 485.50479888916016 178.01104736328125 485.50479888916016 315.8656311035156 435.1769104003906 315.8656311035156
433.3710021972656 179.99310302734375 484.1512870788574 179.99310302734375 484.1512870788574 319.0868682861328 433.3710021972656 319.0868682861328
433.92706298828125 181.4250030517578 485.2018051147461 181.4250030517578 485.2018051147461 321.87315368652344 433.92706298828125 321.87315368652344
433.80535888671875 171.96163940429688 485.0914726257324 171.96163940429688 485.0914726257324 312.7621765136719 433.80535888671875 312.7621765136719
431.8404235839844 175.22134399414062 483.9255485534668 175.22134399414062 483.9255485534668 317.8892364501953 431.8404235839844 317.8892364501953
430.189697265625 179.6099853515625 483.1664924621582 179.6099853515625 483.1664924621582 320.82200622558594 430.189697265625 320.82200622558594
429.7342834472656 178.15737915039062 482.26168060302734 178.15737915039062 482.26168060302734 322.17047119140625 429.7342834472656 322.17047119140625
427.74163818359375 170.09046936035156 481.13337326049805 170.09046936035156 481.13337326049805 315.78472900390625 427.74163818359375 315.78472900390625
425.62530517578125 173.5708465576172 480.0079231262207 173.5708465576172 480.0079231262207 322.53192138671875 425.62530517578125 322.53192138671875
424.97479248046875 172.06430053710938 480.8482780456543 172.06430053710938 480.8482780456543 317.31683349609375 424.97479248046875 317.31683349609375
423.37530517578125 166.2537841796875 479.09675216674805 166.2537841796875 479.09675216674805 315.83245849609375 423.37530517578125 315.83245849609375
423.987060546875 164.39280700683594 478.8300476074219 164.39280700683594 478.8300476074219 315.5851593017578 423.987060546875 315.5851593017578
423.34375 161.29147338867188 479.3080863952637 161.29147338867188 479.3080863952637 311.77899169921875 423.34375 311.77899169921875
425.28692626953125 174.41317749023438 480.77149200439453 174.41317749023438 480.77149200439453 317.9740753173828 425.28692626953125 317.9740753173828
427.1985778808594 168.57437133789062 482.6136894226074 168.57437133789062 482.6136894226074 317.3675994873047 427.1985778808594 317.3675994873047
428.1265563964844 167.0470733642578 480.9999084472656 167.0470733642578 480.9999084472656 313.7986602783203 428.1265563964844 313.7986602783203
426.8079528808594 172.20388793945312 480.9460334777832 172.20388793945312 480.9460334777832 320.51324462890625 426.8079528808594 320.51324462890625
432.78082275390625 172.6877899169922 484.7466049194336 172.6877899169922 484.7466049194336 315.27362060546875 432.78082275390625 315.27362060546875
430.77264404296875 168.68516540527344 484.7151870727539 168.68516540527344 484.7151870727539 314.6070098876953 430.77264404296875 314.6070098876953
434.5428771972656 173.7184295654297 486.3698501586914 173.7184295654297 486.3698501586914 316.08900451660156 434.5428771972656 316.08900451660156
426.46844482421875 170.62278747558594 481.94966888427734 170.62278747558594 481.94966888427734 317.1862335205078 426.46844482421875 317.1862335205078
428.79449462890625 170.83602905273438 482.0908889770508 170.83602905273438 482.0908889770508 314.96302795410156 428.79449462890625 314.96302795410156
421.32763671875 172.71609497070312 471.95069122314453 172.71609497070312 471.95069122314453 315.97271728515625 421.32763671875 315.97271728515625
421.3060607910156 172.16603088378906 472.7521743774414 172.16603088378906 472.7521743774414 315.4106140136719 421.3060607910156 315.4106140136719
419.91436767578125 167.65621948242188 471.11737060546875 167.65621948242188 471.11737060546875 311.915283203125 419.91436767578125 311.915283203125
419.6244201660156 168.01260375976562 474.0853805541992 168.01260375976562 474.0853805541992 312.7755432128906 419.6244201660156 312.7755432128906
424.2015686035156 170.0430908203125 476.0889205932617 170.0430908203125 476.0889205932617 313.7695617675781 424.2015686035156 313.7695617675781
424.5499572753906 171.904296875 478.35311126708984 171.904296875 478.35311126708984 310.5303497314453 424.5499572753906 310.5303497314453
422.2724609375 176.36752319335938 475.8387336730957 176.36752319335938 475.8387336730957 311.2005615234375 422.2724609375 311.2005615234375
422.8150939941406 180.4937744140625 476.5035095214844 180.4937744140625 476.5035095214844 311.0522155761719 422.8150939941406 311.0522155761719
423.5293884277344 186.18089294433594 473.4473342895508 186.18089294433594 473.4473342895508 309.924072265625 423.5293884277344 309.924072265625
425.0381774902344 188.07015991210938 473.17346954345703 188.07015991210938 473.17346954345703 309.07411193847656 425.0381774902344 309.07411193847656
423.2110900878906 186.2593231201172 473.0950508117676 186.2593231201172 473.0950508117676 310.0243148803711 423.2110900878906 310.0243148803711
422.4208984375 185.3317108154297 472.26906967163086 185.3317108154297 472.26906967163086 309.6220397949219 422.4208984375 309.6220397949219
422.13385009765625 183.72654724121094 470.7465515136719 183.72654724121094 470.7465515136719 309.4293212890625 422.13385009765625 309.4293212890625
421.025390625 185.98570251464844 470.0903129577637 185.98570251464844 470.0903129577637 308.6704406738281 421.025390625 308.6704406738281
422.1636657714844 186.7949981689453 469.76700592041016 186.7949981689453 469.76700592041016 308.550537109375 422.1636657714844 308.550537109375
423.1219787597656 185.6329803466797 470.7257270812988 185.6329803466797 470.7257270812988 309.32725524902344 423.1219787597656 309.32725524902344
425.2265625 184.11143493652344 472.49995040893555 184.11143493652344 472.49995040893555 309.9103698730469 425.2265625 309.9103698730469
426.14239501953125 185.13912963867188 471.76158905029297 185.13912963867188 471.76158905029297 309.6633605957031 426.14239501953125 309.6633605957031
424.7948303222656 185.1540069580078 469.05644607543945 185.1540069580078 469.05644607543945 310.4422912597656 424.7948303222656 310.4422912597656
425.05224609375 181.2892608642578 469.3491439819336 181.2892608642578 469.3491439819336 310.0733337402344 425.05224609375 310.0733337402344
425.4169921875 181.45700073242188 471.4777412414551 181.45700073242188 471.4777412414551 309.4368133544922 425.4169921875 309.4368133544922
431.3221740722656 180.84719848632812 478.0205497741699 180.84719848632812 478.0205497741699 306.68873596191406 431.3221740722656 306.68873596191406
445.53167724609375 182.7649688720703 490.9093818664551 182.7649688720703 490.9093818664551 306.4324722290039 445.53167724609375 306.4324722290039
450.57843017578125 185.6974334716797 493.4541244506836 185.6974334716797 493.4541244506836 310.3057098388672 450.57843017578125 310.3057098388672
456.0518493652344 185.16368103027344 497.97310638427734 185.16368103027344 497.97310638427734 313.85975646972656 456.0518493652344 313.85975646972656
457.3265686035156 185.61740112304688 502.3653984069824 185.61740112304688 502.3653984069824 308.0496368408203 457.3265686035156 308.0496368408203
459.3218688964844 182.21096801757812 505.33797454833984 182.21096801757812 505.33797454833984 306.4483108520508 459.3218688964844 306.4483108520508
466.8648986816406 180.3927764892578 511.09566497802734 180.3927764892578 511.09566497802734 301.81786346435547 466.8648986816406 301.81786346435547
472.98138427734375 178.8006591796875 518.0237197875977 178.8006591796875 518.0237197875977 299.81407165527344 472.98138427734375 299.81407165527344
477.26300048828125 176.8646240234375 522.8959541320801 176.8646240234375 522.8959541320801 300.2786102294922 477.26300048828125 300.2786102294922
479.97039794921875 175.85125732421875 523.8589553833008 175.85125732421875 523.8589553833008 300.96424865722656 479.97039794921875 300.96424865722656
480.74041748046875 175.68724060058594 524.7790298461914 175.68724060058594 524.7790298461914 304.3741455078125 480.74041748046875 304.3741455078125
479.009521484375 178.32382202148438 523.7661972045898 178.32382202148438 523.7661972045898 304.9069061279297 479.009521484375 304.9069061279297
480.1419982910156 177.0443572998047 525.4556350708008 177.0443572998047 525.4556350708008 306.8003692626953 480.1419982910156 306.8003692626953
480.0220642089844 178.40948486328125 523.7924728393555 178.40948486328125 523.7924728393555 305.35369873046875 480.0220642089844 305.35369873046875
479.93505859375 174.8828582763672 522.7635459899902 174.8828582763672 522.7635459899902 302.5924987792969 479.93505859375 302.5924987792969
479.2461853027344 175.74679565429688 523.0775985717773 175.74679565429688 523.0775985717773 302.9647979736328 479.2461853027344 302.9647979736328
485.6991271972656 176.62020874023438 524.7772064208984 176.62020874023438 524.7772064208984 303.6427917480469 485.6991271972656 303.6427917480469
482.65643310546875 159.12603759765625 529.1334953308105 159.12603759765625 529.1334953308105 286.4327392578125 482.65643310546875 286.4327392578125
482.685791015625 175.39859008789062 525.9714736938477 175.39859008789062 525.9714736938477 294.76710510253906 482.685791015625 294.76710510253906
485.45361328125 177.19180297851562 525.8948745727539 177.19180297851562 525.8948745727539 300.93592071533203 485.45361328125 300.93592071533203
486.2674865722656 177.5442352294922 525.1716575622559 177.5442352294922 525.1716575622559 303.80322265625 486.2674865722656 303.80322265625
485.41314697265625 179.0690155029297 525.7107772827148 179.0690155029297 525.7107772827148 301.8219223022461 485.41314697265625 301.8219223022461
486.83514404296875 180.44065856933594 524.5431137084961 180.44065856933594 524.5431137084961 302.3496780395508 486.83514404296875 302.3496780395508
482.38641357421875 179.16575622558594 524.1650886535645 179.16575622558594 524.1650886535645 304.8822937011719 482.38641357421875 304.8822937011719
480.969970703125 182.1840057373047 522.0925064086914 182.1840057373047 522.0925064086914 306.7085876464844 480.969970703125 306.7085876464844
469.7464294433594 180.62649536132812 513.7482223510742 180.62649536132812 513.7482223510742 307.1522903442383 469.7464294433594 307.1522903442383
461.27618408203125 182.2187957763672 504.7325325012207 182.2187957763672 504.7325325012207 310.4613800048828 461.27618408203125 310.4613800048828
448.6664123535156 174.01919555664062 494.5469741821289 174.01919555664062 494.5469741821289 299.6919860839844 448.6664123535156 299.6919860839844
439.3229064941406 175.18783569335938 485.6071319580078 175.18783569335938 485.6071319580078 301.96631622314453 439.3229064941406 301.96631622314453
426.6591796875 176.05209350585938 473.5255661010742 176.05209350585938 473.5255661010742 304.4252014160156 426.6591796875 304.4252014160156
419.73345947265625 177.8863067626953 466.7696838378906 177.8863067626953 466.7696838378906 306.724609375 419.73345947265625 306.724609375
421.01812744140625 179.39503479003906 469.08108139038086 179.39503479003906 469.08108139038086 311.04566955566406 421.01812744140625 311.04566955566406
430.1138610839844 174.65158081054688 479.8253860473633 174.65158081054688 479.8253860473633 310.81787109375 430.1138610839844 310.81787109375
431.75018310546875 176.51443481445312 481.6676254272461 176.51443481445312 481.6676254272461 310.0465545654297 431.75018310546875 310.0465545654297
431.822509765625 175.6263885498047 481.91846466064453 175.6263885498047 481.91846466064453 311.8243713378906 431.822509765625 311.8243713378906
431.6734313964844 176.3587188720703 481.6405487060547 176.3587188720703 481.6405487060547 313.8031921386719 431.6734313964844 313.8031921386719
428.48370361328125 175.42202758789062 479.4635314941406 175.42202758789062 479.4635314941406 315.06236267089844 428.48370361328125 315.06236267089844
430.26165771484375 175.12637329101562 481.16761016845703 175.12637329101562 481.16761016845703 314.56434631347656 430.26165771484375 314.56434631347656
428.57659912109375 173.81121826171875 480.5478515625 173.81121826171875 480.5478515625 316.16717529296875 428.57659912109375 316.16717529296875
429.5908203125 175.98977661132812 481.1425666809082 175.98977661132812 481.1425666809082 317.1966552734375 429.5908203125 317.1966552734375
428.7490234375 176.45770263671875 480.1001167297363 176.45770263671875 480.1001167297363 317.1149597167969 428.7490234375 317.1149597167969
427.23260498046875 174.6385955810547 479.67302322387695 174.6385955810547 479.67302322387695 317.7852325439453 427.23260498046875 317.7852325439453
426.66314697265625 171.27630615234375 478.74500274658203 171.27630615234375 478.74500274658203 314.26258850097656 426.66314697265625 314.26258850097656
429.8373107910156 164.17062377929688 479.3343696594238 164.17062377929688 479.3343696594238 305.92698669433594 429.8373107910156 305.92698669433594
425.8882751464844 172.59756469726562 478.04218673706055 172.59756469726562 478.04218673706055 315.4538879394531 425.8882751464844 315.4538879394531
426.06182861328125 176.26913452148438 477.85184478759766 176.26913452148438 477.85184478759766 318.1286926269531 426.06182861328125 318.1286926269531
428.9081115722656 163.07119750976562 479.3403778076172 163.07119750976562 479.3403778076172 308.637939453125 428.9081115722656 308.637939453125
430.7992248535156 172.11325073242188 480.3733329772949 172.11325073242188 480.3733329772949 315.5023193359375 430.7992248535156 315.5023193359375
425.8045349121094 174.2996063232422 477.9794731140137 174.2996063232422 477.9794731140137 317.21351623535156 425.8045349121094 317.21351623535156
426.80126953125 169.46490478515625 478.8256530761719 169.46490478515625 478.8256530761719 311.96641540527344 426.80126953125 311.96641540527344
426.26226806640625 165.59823608398438 478.21875 165.59823608398438 478.21875 308.51109313964844 426.26226806640625 308.51109313964844
428.10943603515625 173.9140167236328 478.8359909057617 173.9140167236328 478.8359909057617 319.4228973388672 428.10943603515625 319.4228973388672
424.4945373535156 179.17417907714844 477.4174690246582 179.17417907714844 477.4174690246582 320.3072814941406 424.4945373535156 320.3072814941406
433.14556884765625 172.96163940429688 484.13816833496094 172.96163940429688 484.13816833496094 317.1374206542969 433.14556884765625 317.1374206542969
431.78570556640625 169.611083984375 484.79315185546875 169.611083984375 484.79315185546875 313.1847381591797 431.78570556640625 313.1847381591797
432.5201110839844 178.42881774902344 485.4576530456543 178.42881774902344 485.4576530456543 323.8637390136719 432.5201110839844 323.8637390136719
433.756103515625 178.58865356445312 486.9347610473633 178.58865356445312 486.9347610473633 321.91412353515625 433.756103515625 321.91412353515625
437.8961486816406 178.7700958251953 489.0669479370117 178.7700958251953 489.0669479370117 322.8062438964844 437.8961486816406 322.8062438964844
437.77716064453125 181.40292358398438 489.2843933105469 181.40292358398438 489.2843933105469 322.20506286621094 437.77716064453125 322.20506286621094
438.217529296875 177.11083984375 488.2803268432617 177.11083984375 488.2803268432617 319.21905517578125 438.217529296875 319.21905517578125
434.9286193847656 172.76895141601562 487.1010551452637 172.76895141601562 487.1010551452637 314.357177734375 434.9286193847656 314.357177734375
431.9613342285156 178.6268310546875 483.4142951965332 178.6268310546875 483.4142951965332 320.2240295410156 431.9613342285156 320.2240295410156
433.37603759765625 171.63192749023438 484.6180419921875 171.63192749023438 484.6180419921875 313.2178955078125 433.37603759765625 313.2178955078125
431.814453125 184.25167846679688 483.84561920166016 184.25167846679688 483.84561920166016 326.7717742919922 431.814453125 326.7717742919922
434.8968811035156 181.520263671875 486.1165885925293 181.520263671875 486.1165885925293 322.7648620605469 434.8968811035156 322.7648620605469
435.26025390625 169.7433624267578 486.7314682006836 169.7433624267578 486.7314682006836 310.7297058105469 435.26025390625 310.7297058105469
435.3550720214844 180.19866943359375 486.4466133117676 180.19866943359375 486.4466133117676 320.1450500488281 435.3550720214844 320.1450500488281
436.593017578125 183.69741821289062 486.742000579834 183.69741821289062 486.742000579834 324.9231872558594 436.593017578125 324.9231872558594
437.0653381347656 175.39117431640625 487.3076629638672 175.39117431640625 487.3076629638672 317.5240173339844 437.0653381347656 317.5240173339844
438.07318115234375 176.49996948242188 487.8463554382324 176.49996948242188 487.8463554382324 324.072998046875 438.07318115234375 324.072998046875
434.37066650390625 173.901123046875 485.9942207336426 173.901123046875 485.9942207336426 315.3047790527344 434.37066650390625 315.3047790527344
438.0658264160156 179.32630920410156 489.9260673522949 179.32630920410156 489.9260673522949 319.67279052734375 438.0658264160156 319.67279052734375
442.68548583984375 180.67532348632812 491.52214431762695 180.67532348632812 491.52214431762695 318.6034393310547 442.68548583984375 318.6034393310547
442.66412353515625 184.8013153076172 491.6446342468262 184.8013153076172 491.6446342468262 325.3512420654297 442.66412353515625 325.3512420654297
441.464111328125 177.02783203125 493.7692565917969 177.02783203125 493.7692565917969 320.8902282714844 441.464111328125 320.8902282714844
444.72314453125 185.05758666992188 492.56934356689453 185.05758666992188 492.56934356689453 327.662109375 444.72314453125 327.662109375
443.6226501464844 183.5302734375 493.4581871032715 183.5302734375 493.4581871032715 326.61961364746094 443.6226501464844 326.61961364746094
443.81414794921875 179.41366577148438 493.6650810241699 179.41366577148438 493.6650810241699 321.8059997558594 443.81414794921875 321.8059997558594
449.539794921875 181.3312225341797 498.0882568359375 181.3312225341797 498.0882568359375 325.2881622314453 449.539794921875 325.2881622314453
451.05120849609375 181.62203979492188 498.2331848144531 181.62203979492188 498.2331848144531 324.6985168457031 451.05120849609375 324.6985168457031
455.520751953125 188.67491149902344 501.1461410522461 188.67491149902344 501.1461410522461 331.57435607910156 455.520751953125 331.57435607910156
454.88055419921875 189.0930938720703 500.7146110534668 189.0930938720703 500.7146110534668 329.2530059814453 454.88055419921875 329.2530059814453
457.219970703125 181.49365234375 502.43481826782227 181.49365234375 502.43481826782227 323.6451721191406 457.219970703125 323.6451721191406
456.0279846191406 187.5000762939453 502.7069320678711 187.5000762939453 502.7069320678711 331.3191375732422 456.0279846191406 331.3191375732422
455.5384216308594 188.75148010253906 503.9341468811035 188.75148010253906 503.9341468811035 332.25848388671875 455.5384216308594 332.25848388671875
458.3714904785156 181.59347534179688 505.21308517456055 181.59347534179688 505.21308517456055 323.50633239746094 458.3714904785156 323.50633239746094
459.0625 184.739013671875 506.4494857788086 184.739013671875 506.4494857788086 329.2861022949219 459.0625 329.2861022949219
459.962646484375 189.14443969726562 507.46013259887695 189.14443969726562 507.46013259887695 331.48846435546875 459.962646484375 331.48846435546875
463.1279296875 187.9927978515625 508.6891670227051 187.9927978515625 508.6891670227051 329.75108337402344 463.1279296875 329.75108337402344
461.3606872558594 179.6030731201172 509.40367889404297 179.6030731201172 509.40367889404297 327.3771514892578 461.3606872558594 327.3771514892578
459.666748046875 181.66793823242188 506.2278633117676 181.66793823242188 506.2278633117676 325.416015625 459.666748046875 325.416015625
455.57373046875 186.59359741210938 502.1237564086914 186.59359741210938 502.1237564086914 329.27308654785156 455.57373046875 329.27308654785156
454.203857421875 183.6067657470703 500.631591796875 183.6067657470703 500.631591796875 326.57887268066406 454.203857421875 326.57887268066406
447.64276123046875 173.57821655273438 497.7599411010742 173.57821655273438 497.7599411010742 318.2154235839844 447.64276123046875 318.2154235839844
422.7842712402344 168.82249450683594 478.0308837890625 168.82249450683594 478.0308837890625 318.11395263671875 422.7842712402344 318.11395263671875
422.95599365234375 172.3747100830078 476.9786262512207 172.3747100830078 476.9786262512207 317.84019470214844 422.95599365234375 317.84019470214844
419.955078125 177.61033630371094 469.9977264404297 177.61033630371094 469.9977264404297 316.73985290527344 419.955078125 316.73985290527344
414.6590270996094 166.51644897460938 465.9606742858887 166.51644897460938 465.9606742858887 309.67413330078125 414.6590270996094 309.67413330078125
405.9100036621094 172.7050018310547 456.68395614624023 172.7050018310547 456.68395614624023 314.7833251953125 405.9100036621094 314.7833251953125
405.61187744140625 163.5081329345703 458.35974884033203 163.5081329345703 458.35974884033203 311.0867614746094 405.61187744140625 311.0867614746094
406.2769470214844 168.7777557373047 457.59931564331055 168.7777557373047 457.59931564331055 313.07435607910156 406.2769470214844 313.07435607910156
406.49151611328125 165.76133728027344 461.34929275512695 165.76133728027344 461.34929275512695 313.7090148925781 406.49151611328125 313.7090148925781
408.3510437011719 166.4354705810547 461.0461006164551 166.4354705810547 461.0461006164551 313.62989807128906 408.3510437011719 313.62989807128906
412.24114990234375 167.37646484375 461.6267547607422 167.37646484375 461.6267547607422 310.5158386230469 412.24114990234375 310.5158386230469
408.47662353515625 173.19842529296875 460.4978561401367 173.19842529296875 460.4978561401367 314.88002014160156 408.47662353515625 314.88002014160156
411.0672302246094 175.2087860107422 461.3387451171875 175.2087860107422 461.3387451171875 316.0810241699219 411.0672302246094 316.0810241699219
410.32275390625 177.39974975585938 460.03430557250977 177.39974975585938 460.03430557250977 316.23577880859375 410.32275390625 316.23577880859375
411.20208740234375 169.626953125 459.5480728149414 169.626953125 459.5480728149414 307.8481903076172 411.20208740234375 307.8481903076172
409.3472900390625 174.01498413085938 457.9866027832031 174.01498413085938 457.9866027832031 315.3313446044922 409.3472900390625 315.3313446044922
407.6904296875 180.24160766601562 459.46456146240234 180.24160766601562 459.46456146240234 322.0576934814453 407.6904296875 322.0576934814453
410.48980712890625 172.29141235351562 461.2127380371094 172.29141235351562 461.2127380371094 310.65635681152344 410.48980712890625 310.65635681152344
411.2059631347656 169.84359741210938 461.58984375 169.84359741210938 461.58984375 312.41310119628906 411.2059631347656 312.41310119628906
414.393798828125 169.7850799560547 464.79439544677734 169.7850799560547 464.79439544677734 312.8212890625 414.393798828125 312.8212890625
413.88671875 169.63198852539062 464.54451751708984 169.63198852539062 464.54451751708984 312.7678680419922 413.88671875 312.7678680419922
414.3785095214844 170.20547485351562 464.9153175354004 170.20547485351562 464.9153175354004 311.5699157714844 414.3785095214844 311.5699157714844
413.95477294921875 174.3001251220703 464.48891830444336 174.3001251220703 464.48891830444336 312.1584167480469 413.95477294921875 312.1584167480469
412.418212890625 177.08828735351562 464.3393135070801 177.08828735351562 464.3393135070801 319.306884765625 412.418212890625 319.306884765625
413.6514587402344 171.8824005126953 465.4256362915039 171.8824005126953 465.4256362915039 313.4710693359375 413.6514587402344 313.4710693359375
421.3490295410156 171.4829864501953 470.21031951904297 171.4829864501953 470.21031951904297 308.8568572998047 421.3490295410156 308.8568572998047
423.01239013671875 172.56057739257812 471.658390045166 172.56057739257812 471.658390045166 310.41737365722656 423.01239013671875 310.41737365722656
418.2852478027344 182.4047393798828 469.48110580444336 182.4047393798828 469.48110580444336 315.84669494628906 418.2852478027344 315.84669494628906
420.1861267089844 168.96865844726562 471.0640678405762 168.96865844726562 471.0640678405762 309.1134033203125 420.1861267089844 309.1134033203125
421.7373962402344 169.60687255859375 473.5657043457031 169.60687255859375 473.5657043457031 311.2972717285156 421.7373962402344 311.2972717285156
425.0686950683594 169.2884979248047 477.5614242553711 169.2884979248047 477.5614242553711 310.3974914550781 425.0686950683594 310.3974914550781
430.9169006347656 182.1553955078125 483.35265350341797 182.1553955078125 483.35265350341797 309.97926330566406 430.9169006347656 309.97926330566406
429.41485595703125 176.5861358642578 482.9027900695801 176.5861358642578 482.9027900695801 311.00474548339844 429.41485595703125 311.00474548339844
429.6368103027344 183.716064453125 482.5786437988281 183.716064453125 482.5786437988281 312.2015838623047 429.6368103027344 312.2015838623047
425.459228515625 188.077392578125 478.78265380859375 188.077392578125 478.78265380859375 308.6991424560547 425.459228515625 308.6991424560547
416.08251953125 184.8018035888672 473.27116775512695 184.8018035888672 473.27116775512695 307.4730911254883 416.08251953125 307.4730911254883
415.347412109375 183.531005859375 470.0401611328125 183.531005859375 470.0401611328125 309.4193115234375 415.347412109375 309.4193115234375
422.22259521484375 175.06494140625 472.4756889343262 175.06494140625 472.4756889343262 312.7146301269531 422.22259521484375 312.7146301269531
422.0001525878906 177.9613800048828 471.71615982055664 177.9613800048828 471.71615982055664 314.13990783691406 422.0001525878906 314.13990783691406
423.31573486328125 179.89317321777344 472.74857330322266 179.89317321777344 472.74857330322266 315.2960662841797 423.31573486328125 315.2960662841797
423.5615234375 190.09622192382812 475.6628532409668 190.09622192382812 475.6628532409668 312.1731719970703 423.5615234375 312.1731719970703
431.65692138671875 189.55319213867188 482.1992835998535 189.55319213867188 482.1992835998535 309.95289611816406 431.65692138671875 309.95289611816406
433.16436767578125 188.90914916992188 485.29251861572266 188.90914916992188 485.29251861572266 309.7021942138672 433.16436767578125 309.7021942138672
431.019775390625 178.29000854492188 480.32808685302734 178.29000854492188 480.32808685302734 313.35179138183594 431.019775390625 313.35179138183594
436.135009765625 177.33790588378906 486.27436447143555 177.33790588378906 486.27436447143555 308.3841857910156 436.135009765625 308.3841857910156
433.73651123046875 167.61117553710938 483.1727638244629 167.61117553710938 483.1727638244629 303.0818634033203 433.73651123046875 303.0818634033203
439.23797607421875 173.3505859375 487.30954360961914 173.3505859375 487.30954360961914 305.70484924316406 439.23797607421875 305.70484924316406
445.35260009765625 174.94784545898438 491.40185546875 174.94784545898438 491.40185546875 308.30836486816406 445.35260009765625 308.30836486816406
444.4852600097656 174.20748901367188 490.14195251464844 174.20748901367188 490.14195251464844 307.6729431152344 444.4852600097656 307.6729431152344
446.06988525390625 178.75502014160156 491.91533279418945 178.75502014160156 491.91533279418945 306.9927520751953 446.06988525390625 306.9927520751953
450.708984375 180.51731872558594 494.7893486022949 180.51731872558594 494.7893486022949 306.68347930908203 450.708984375 306.68347930908203
457.5816345214844 180.66368103027344 498.24927520751953 180.66368103027344 498.24927520751953 306.883056640625 457.5816345214844 306.883056640625
448.0536193847656 186.9583740234375 493.2839126586914 186.9583740234375 493.2839126586914 312.18719482421875 448.0536193847656 312.18719482421875
438.775146484375 175.05014038085938 487.1298522949219 175.05014038085938 487.1298522949219 306.082275390625 438.775146484375 306.082275390625
438.70709228515625 189.35244750976562 487.61602783203125 189.35244750976562 487.61602783203125 311.9244842529297 438.70709228515625 311.9244842529297
440.8182067871094 189.61183166503906 489.4683303833008 189.61183166503906 489.4683303833008 315.8711242675781 440.8182067871094 315.8711242675781
437.99755859375 186.81527709960938 485.9161605834961 186.81527709960938 485.9161605834961 316.3035125732422 437.99755859375 316.3035125732422
438.26373291015625 188.65780639648438 485.63352966308594 188.65780639648438 485.63352966308594 318.4097900390625 438.26373291015625 318.4097900390625
439.5211486816406 188.49790954589844 487.2146644592285 188.49790954589844 487.2146644592285 319.77223205566406 439.5211486816406 319.77223205566406
438.98858642578125 188.17111206054688 487.3627166748047 188.17111206054688 487.3627166748047 320.6741180419922 438.98858642578125 320.6741180419922
440.70623779296875 181.81912231445312 489.47513580322266 181.81912231445312 489.47513580322266 315.4034423828125 440.70623779296875 315.4034423828125
440.075927734375 181.77871704101562 488.9784965515137 181.77871704101562 488.9784965515137 315.7291717529297 440.075927734375 315.7291717529297
428.3384704589844 180.46975708007812 477.8234977722168 180.46975708007812 477.8234977722168 316.01564025878906 428.3384704589844 316.01564025878906
427.89849853515625 179.70944213867188 477.8537063598633 179.70944213867188 477.8537063598633 316.54322814941406 427.89849853515625 316.54322814941406
429.0772399902344 176.38418579101562 479.6732482910156 176.38418579101562 479.6732482910156 314.97320556640625 429.0772399902344 314.97320556640625
438.31591796875 176.83778381347656 486.70008087158203 176.83778381347656 486.70008087158203 315.20155334472656 438.31591796875 315.20155334472656
440.5966796875 177.57015991210938 487.7318649291992 177.57015991210938 487.7318649291992 315.9718933105469 440.5966796875 315.9718933105469
429.6513671875 178.3708038330078 481.09854888916016 178.3708038330078 481.09854888916016 319.2913055419922 429.6513671875 319.2913055419922
431.1548767089844 175.68118286132812 482.4851989746094 175.68118286132812 482.4851989746094 315.40663146972656 431.1548767089844 315.40663146972656
432.8233337402344 170.94955444335938 483.30879974365234 170.94955444335938 483.30879974365234 309.3020477294922 432.8233337402344 309.3020477294922
430.723388671875 173.675048828125 482.02642822265625 173.675048828125 482.02642822265625 315.3756103515625 430.723388671875 315.3756103515625
431.07232666015625 168.5768280029297 482.17432403564453 168.5768280029297 482.17432403564453 313.053955078125 431.07232666015625 313.053955078125
428.3125915527344 172.21475219726562 480.4322280883789 172.21475219726562 480.4322280883789 316.40655517578125 428.3125915527344 316.40655517578125
427.2344665527344 176.7738494873047 481.5412826538086 176.7738494873047 481.5412826538086 322.6586456298828 427.2344665527344 322.6586456298828
431.18798828125 164.94046020507812 482.88896560668945 164.94046020507812 482.88896560668945 314.00732421875 431.18798828125 314.00732421875
431.017822265625 162.89175415039062 484.1400146484375 162.89175415039062 484.1400146484375 313.27976989746094 431.017822265625 313.27976989746094
427.5650939941406 163.61245727539062 483.03478240966797 163.61245727539062 483.03478240966797 312.3339080810547 427.5650939941406 312.3339080810547
429.45501708984375 168.57418823242188 483.9704284667969 168.57418823242188 483.9704284667969 317.19573974609375 429.45501708984375 317.19573974609375
427.19140625 176.0106201171875 481.88362884521484 176.0106201171875 481.88362884521484 322.8005828857422 427.19140625 322.8005828857422
430.51806640625 163.2637481689453 483.39163970947266 163.2637481689453 483.39163970947266 310.1345520019531 430.51806640625 310.1345520019531
427.13671875 167.77084350585938 481.4105415344238 167.77084350585938 481.4105415344238 316.4338684082031 427.13671875 316.4338684082031
427.27386474609375 170.6859588623047 481.21062088012695 170.6859588623047 481.21062088012695 318.42572021484375 427.27386474609375 318.42572021484375
430.39923095703125 161.87094116210938 483.4330024719238 161.87094116210938 483.4330024719238 309.34620666503906 430.39923095703125 309.34620666503906
430.64892578125 167.00831604003906 484.3257369995117 167.00831604003906 484.3257369995117 311.98577880859375 430.64892578125 311.98577880859375
429.70684814453125 174.58340454101562 484.39293670654297 174.58340454101562 484.39293670654297 322.8133544921875 429.70684814453125 322.8133544921875
428.9139709472656 164.9198760986328 483.725830078125 164.9198760986328 483.725830078125 316.9690246582031 428.9139709472656 316.9690246582031
430.83233642578125 164.1126708984375 486.0552864074707 164.1126708984375 486.0552864074707 313.760986328125 430.83233642578125 313.760986328125
432.3199157714844 172.39346313476562 487.8577194213867 172.39346313476562 487.8577194213867 320.40155029296875 432.3199157714844 320.40155029296875
434.86993408203125 170.575927734375 485.79743576049805 170.575927734375 485.79743576049805 313.6129150390625 434.86993408203125 313.6129150390625
431.9117126464844 171.964599609375 487.3658027648926 171.964599609375 487.3658027648926 317.4940948486328 431.9117126464844 317.4940948486328
433.4794921875 178.90628051757812 486.5322570800781 178.90628051757812 486.5322570800781 320.6017761230469 433.4794921875 320.6017761230469
434.1854553222656 168.58682250976562 488.3970642089844 168.58682250976562 488.3970642089844 313.13865661621094 434.1854553222656 313.13865661621094
433.32550048828125 162.64674377441406 487.93856048583984 162.64674377441406 487.93856048583984 311.81773376464844 433.32550048828125 311.81773376464844
428.39434814453125 169.88778686523438 483.3757019042969 169.88778686523438 483.3757019042969 319.0687255859375 428.39434814453125 319.0687255859375
427.77423095703125 168.8639678955078 484.0486068725586 168.8639678955078 484.0486068725586 318.3413543701172 427.77423095703125 318.3413543701172
432.62664794921875 172.2279510498047 486.8322982788086 172.2279510498047 486.8322982788086 320.2409210205078 432.62664794921875 320.2409210205078
434.9312438964844 171.5824432373047 486.0705451965332 171.5824432373047 486.0705451965332 318.8174591064453 434.9312438964844 318.8174591064453
432.8146057128906 165.04666137695312 485.4737548828125 165.04666137695312 485.4737548828125 308.13990783691406 432.8146057128906 308.13990783691406
429.0029296875 166.07156372070312 483.2524604797363 166.07156372070312 483.2524604797363 315.28369140625 429.0029296875 315.28369140625
424.0364685058594 174.71450805664062 478.7184944152832 174.71450805664062 478.7184944152832 316.7754211425781 424.0364685058594 316.7754211425781
424.1065368652344 169.19252014160156 478.3050308227539 169.19252014160156 478.3050308227539 312.1386413574219 424.1065368652344 312.1386413574219
420.0318298339844 171.7333221435547 472.99785232543945 171.7333221435547 472.99785232543945 314.2794647216797 420.0318298339844 314.2794647216797
415.33453369140625 174.99090576171875 468.3976745605469 174.99090576171875 468.3976745605469 314.0926818847656 415.33453369140625 314.0926818847656
414.5675354003906 176.87619018554688 467.00687408447266 176.87619018554688 467.00687408447266 315.7420654296875 414.5675354003906 315.7420654296875
421.38824462890625 165.01824951171875 470.7412338256836 165.01824951171875 470.7412338256836 306.9894714355469 421.38824462890625 306.9894714355469
418.9833068847656 163.984619140625 469.3380241394043 163.984619140625 469.3380241394043 306.0663146972656 418.9833068847656 306.0663146972656
416.0420837402344 173.24160766601562 469.0999641418457 173.24160766601562 469.0999641418457 313.9737091064453 416.0420837402344 313.9737091064453
412.6725158691406 172.8220977783203 467.6827812194824 172.8220977783203 467.6827812194824 313.76414489746094 412.6725158691406 313.76414489746094
416.08184814453125 164.15261840820312 470.13911056518555 164.15261840820312 470.13911056518555 309.6231231689453 416.08184814453125 309.6231231689453
416.58367919921875 163.85462951660156 469.97026443481445 163.85462951660156 469.97026443481445 308.7418670654297 416.58367919921875 308.7418670654297
418.0557556152344 175.1154327392578 470.6073112487793 175.1154327392578 470.6073112487793 314.4309387207031 418.0557556152344 314.4309387207031
414.61822509765625 166.40748596191406 466.11656951904297 166.40748596191406 466.11656951904297 310.2333679199219 414.61822509765625 310.2333679199219
412.4339294433594 173.3761749267578 466.3676986694336 173.3761749267578 466.3676986694336 310.3888702392578 412.4339294433594 310.3888702392578
413.1551818847656 177.17135620117188 466.2134323120117 177.17135620117188 466.2134323120117 312.5078125 413.1551818847656 312.5078125
415.90875244140625 167.40390014648438 465.61371994018555 167.40390014648438 465.61371994018555 308.91343688964844 415.90875244140625 308.91343688964844
413.19464111328125 165.86013793945312 461.6538391113281 165.86013793945312 461.6538391113281 308.4208068847656 413.19464111328125 308.4208068847656
413.0205993652344 168.86355590820312 461.5321464538574 168.86355590820312 461.5321464538574 310.30043029785156 413.0205993652344 310.30043029785156
412.30938720703125 169.49160766601562 461.0510940551758 169.49160766601562 461.0510940551758 308.8349151611328 412.30938720703125 308.8349151611328
412.516357421875 169.7088623046875 462.185489654541 169.7088623046875 462.185489654541 308.0747985839844 412.516357421875 308.0747985839844
417.32550048828125 169.71412658691406 471.2815933227539 169.71412658691406 471.2815933227539 301.7877502441406 417.32550048828125 301.7877502441406
418.596435546875 172.6480712890625 470.6070137023926 172.6480712890625 470.6070137023926 299.93609619140625 418.596435546875 299.93609619140625
418.9657287597656 168.21788024902344 469.8708267211914 168.21788024902344 469.8708267211914 302.2214050292969 418.9657287597656 302.2214050292969
418.750244140625 169.57667541503906 468.7586364746094 169.57667541503906 468.7586364746094 306.0196533203125 418.750244140625 306.0196533203125
414.13568115234375 173.216552734375 463.1961860656738 173.216552734375 463.1961860656738 307.04364013671875 414.13568115234375 307.04364013671875
411.8070373535156 176.0466766357422 461.2727966308594 176.0466766357422 461.2727966308594 311.6158447265625 411.8070373535156 311.6158447265625
410.7520446777344 177.80374145507812 461.0991516113281 177.80374145507812 461.0991516113281 313.425537109375 410.7520446777344 313.425537109375
409.0776062011719 178.62600708007812 459.4807434082031 178.62600708007812 459.4807434082031 313.4314727783203 409.0776062011719 313.4314727783203
409.1890563964844 173.8502960205078 459.4461669921875 173.8502960205078 459.4461669921875 313.5974884033203 409.1890563964844 313.5974884033203
408.49871826171875 176.39743041992188 458.3715934753418 176.39743041992188 458.3715934753418 313.0872039794922 408.49871826171875 313.0872039794922
410.99884033203125 170.95730590820312 461.0330505371094 170.95730590820312 461.0330505371094 312.50743103027344 410.99884033203125 312.50743103027344
414.2201232910156 171.46847534179688 462.9742965698242 171.46847534179688 462.9742965698242 310.7115020751953 414.2201232910156 310.7115020751953
415.80194091796875 174.27322387695312 464.50498962402344 174.27322387695312 464.50498962402344 310.3286437988281 415.80194091796875 310.3286437988281
417.4737243652344 177.27999877929688 466.2227973937988 177.27999877929688 466.2227973937988 309.56773376464844 417.4737243652344 309.56773376464844
422.5345153808594 179.09701538085938 471.11902618408203 179.09701538085938 471.11902618408203 308.06622314453125 422.5345153808594 308.06622314453125
423.15582275390625 184.30332946777344 474.2717819213867 184.30332946777344 474.2717819213867 305.1368865966797 423.15582275390625 305.1368865966797
421.89959716796875 183.8013153076172 472.55592346191406 183.8013153076172 472.55592346191406 303.057373046875 421.89959716796875 303.057373046875
420.5716247558594 187.18447875976562 472.3243217468262 187.18447875976562 472.3243217468262 300.89414978027344 420.5716247558594 300.89414978027344
418.7267150878906 191.72349548339844 469.9156837463379 191.72349548339844 469.9156837463379 305.13282012939453 418.7267150878906 305.13282012939453
409.43408203125 196.49703979492188 464.1871337890625 196.49703979492188 464.1871337890625 313.52404022216797 409.43408203125 313.52404022216797
409.7393493652344 195.5977783203125 464.35103607177734 195.5977783203125 464.35103607177734 317.2727813720703 409.7393493652344 317.2727813720703
411.46795654296875 195.74000549316406 464.64136505126953 195.74000549316406 464.64136505126953 314.56683349609375 411.46795654296875 314.56683349609375
412.8589782714844 195.36473083496094 466.0386276245117 195.36473083496094 466.0386276245117 313.4599914550781 412.8589782714844 313.4599914550781
411.7735900878906 194.685302734375 466.17943572998047 194.685302734375 466.17943572998047 313.39286041259766 411.7735900878906 313.39286041259766
412.5982360839844 196.17575073242188 466.4132270812988 196.17575073242188 466.4132270812988 311.9815979003906 412.5982360839844 311.9815979003906
419.73797607421875 192.01083374023438 471.3305473327637 192.01083374023438 471.3305473327637 312.72926330566406 419.73797607421875 312.72926330566406
423.7974548339844 199.70388793945312 474.2826843261719 199.70388793945312 474.2826843261719 314.94959259033203 423.7974548339844 314.94959259033203
420.838134765625 195.781494140625 474.8123092651367 195.781494140625 474.8123092651367 313.3313446044922 420.838134765625 313.3313446044922
425.99969482421875 189.7418212890625 474.1092643737793 189.7418212890625 474.1092643737793 314.1506118774414 425.99969482421875 314.1506118774414
427.37481689453125 189.50521850585938 475.0648002624512 189.50521850585938 475.0648002624512 314.11708068847656 427.37481689453125 314.11708068847656
423.3157653808594 183.2404327392578 470.5958480834961 183.2404327392578 470.5958480834961 314.54563903808594 423.3157653808594 314.54563903808594
422.0667419433594 184.40309143066406 470.13500213623047 184.40309143066406 470.13500213623047 316.0682830810547 422.0667419433594 316.0682830810547
423.65399169921875 181.92141723632812 471.6276168823242 181.92141723632812 471.6276168823242 318.4278869628906 423.65399169921875 318.4278869628906
421.54644775390625 181.57626342773438 469.64737701416016 181.57626342773438 469.64737701416016 317.5633544921875 421.54644775390625 317.5633544921875
420.4927673339844 186.3478546142578 468.8925247192383 186.3478546142578 468.8925247192383 319.3238983154297 420.4927673339844 319.3238983154297
422.5267639160156 188.95663452148438 471.67689514160156 188.95663452148438 471.67689514160156 317.42193603515625 422.5267639160156 317.42193603515625
424.4700622558594 193.5128173828125 474.6657180786133 193.5128173828125 474.6657180786133 313.27423095703125 424.4700622558594 313.27423095703125
422.23370361328125 190.55430603027344 473.02655029296875 190.55430603027344 473.02655029296875 314.96443939208984 422.23370361328125 314.96443939208984
418.80682373046875 183.57418823242188 468.50513076782227 183.57418823242188 468.50513076782227 312.4310302734375 418.80682373046875 312.4310302734375
417.9544982910156 183.02566528320312 468.0648880004883 183.02566528320312 468.0648880004883 311.48683166503906 417.9544982910156 311.48683166503906
417.4464416503906 181.80882263183594 466.40070724487305 181.80882263183594 466.40070724487305 312.4624786376953 417.4464416503906 312.4624786376953
417.9330139160156 180.22140502929688 466.8943176269531 180.22140502929688 466.8943176269531 313.08909606933594 417.9330139160156 313.08909606933594
424.0835876464844 179.42494201660156 471.954833984375 179.42494201660156 471.954833984375 309.91868591308594 424.0835876464844 309.91868591308594
417.97283935546875 176.830810546875 466.08641815185547 176.830810546875 466.08641815185547 308.9675750732422 417.97283935546875 308.9675750732422
414.33636474609375 180.82827758789062 463.8872718811035 180.82827758789062 463.8872718811035 308.6389694213867 414.33636474609375 308.6389694213867
414.0701599121094 182.0009307861328 462.7641410827637 182.0009307861328 462.7641410827637 307.90553283691406 414.0701599121094 307.90553283691406
413.7362365722656 181.97352600097656 463.04065322875977 181.97352600097656 463.04065322875977 306.38629150390625 413.7362365722656 306.38629150390625
415.33819580078125 181.35263061523438 464.4036064147949 181.35263061523438 464.4036064147949 306.64466094970703 415.33819580078125 306.64466094970703
413.29150390625 178.60232543945312 462.4695739746094 178.60232543945312 462.4695739746094 310.16416931152344 413.29150390625 310.16416931152344
413.4920959472656 178.359619140625 462.84254455566406 178.359619140625 462.84254455566406 310.42869567871094 413.4920959472656 310.42869567871094
414.01025390625 175.41336059570312 460.8752975463867 175.41336059570312 460.8752975463867 305.18955993652344 414.01025390625 305.18955993652344
410.5575256347656 174.4326629638672 457.118408203125 174.4326629638672 457.118408203125 304.0203552246094 410.5575256347656 304.0203552246094
410.21826171875 172.94284057617188 456.616756439209 172.94284057617188 456.616756439209 300.6000061035156 410.21826171875 300.6000061035156
