540.0 328.0 581.0 328.0 581.0 451.0 540.0 451.0
537.2638549804688 326.4217834472656 577.6555099487305 326.4217834472656 577.6555099487305 454.19993591308594 537.2638549804688 454.19993591308594
530.1879272460938 328.0848693847656 571.8326835632324 328.0848693847656 571.8326835632324 453.0191345214844 530.1879272460938 453.0191345214844
524.2413940429688 325.80230712890625 566.9957275390625 325.80230712890625 566.9957275390625 454.0653076171875 524.2413940429688 454.0653076171875
523.2786254882812 323.57635498046875 566.7770500183105 323.57635498046875 566.7770500183105 452.2615966796875 523.2786254882812 452.2615966796875
517.6397705078125 322.25701904296875 561.1276702880859 322.25701904296875 561.1276702880859 452.72071838378906 517.6397705078125 452.72071838378906
512.7452392578125 327.31964111328125 556.6386947631836 327.31964111328125 556.6386947631836 459.00001525878906 512.7452392578125 459.00001525878906
505.6261291503906 327.50762939453125 549.4569206237793 327.50762939453125 549.4569206237793 459.00001525878906 505.6261291503906 459.00001525878906
505.27117919921875 329.7203674316406 548.3643913269043 329.7203674316406 548.3643913269043 459.00001525878906 505.27117919921875 459.00001525878906
500.7593688964844 327.23651123046875 544.5631217956543 327.23651123046875 544.5631217956543 458.6477966308594 500.7593688964844 458.6477966308594
496.96697998046875 324.9405822753906 540.952320098877 324.9405822753906 540.952320098877 458.64801025390625 496.96697998046875 458.64801025390625
495.43280029296875 326.3405456542969 539.6526107788086 326.3405456542969 539.6526107788086 459.00001525878906 495.43280029296875 459.00001525878906
495.7809143066406 320.04437255859375 534.0136566162109 320.04437255859375 534.0136566162109 451.7097473144531 495.7809143066406 451.7097473144531
495.60345458984375 320.4638366699219 531.998779296875 320.4638366699219 531.998779296875 450.44390869140625 495.60345458984375 450.44390869140625
496.48583984375 333.4895935058594 538.3226356506348 333.4895935058594 538.3226356506348 458.99998474121094 496.48583984375 458.99998474121094
495.23504638671875 327.5875244140625 530.1018676757812 327.5875244140625 530.1018676757812 455.635009765625 495.23504638671875 455.635009765625
495.0353088378906 328.61871337890625 528.944450378418 328.61871337890625 528.944450378418 455.3679962158203 495.0353088378906 455.3679962158203
456.26495361328125 330.37713623046875 498.03002548217773 330.37713623046875 498.03002548217773 455.67236328125 456.26495361328125 455.67236328125
458.48455810546875 324.96478271484375 501.4278144836426 324.96478271484375 501.4278144836426 453.7945556640625 458.48455810546875 453.7945556640625
454.81939697265625 327.93157958984375 497.8910102844238 327.93157958984375 497.8910102844238 457.14642333984375 454.81939697265625 457.14642333984375
454.90594482421875 326.2401428222656 497.947265625 326.2401428222656 497.947265625 455.36412048339844 454.90594482421875 455.36412048339844
448.32550048828125 325.0247497558594 492.9839057922363 325.0247497558594 492.9839057922363 458.9999694824219 448.32550048828125 458.9999694824219
442.41485595703125 324.7339782714844 486.9053497314453 324.7339782714844 486.9053497314453 458.2054443359375 442.41485595703125 458.2054443359375
436.304443359375 324.3380126953125 481.19178009033203 324.3380126953125 481.19178009033203 459.0 436.304443359375 459.0
435.42449951171875 325.6722106933594 479.8670959472656 325.6722106933594 479.8670959472656 458.99998474121094 435.42449951171875 458.99998474121094
433.7759704589844 327.56512451171875 476.8285140991211 327.56512451171875 476.8285140991211 456.7227478027344 433.7759704589844 456.7227478027344
428.5582580566406 329.4737548828125 471.45347595214844 329.4737548828125 471.45347595214844 458.1593933105469 428.5582580566406 458.1593933105469
426.6639709472656 324.98431396484375 470.2394561767578 324.98431396484375 470.2394561767578 455.71075439453125 426.6639709472656 455.71075439453125
424.94097900390625 323.09588623046875 468.2864685058594 323.09588623046875 468.2864685058594 453.1323547363281 424.94097900390625 453.1323547363281
421.9590759277344 325.4457702636719 466.4726791381836 325.4457702636719 466.4726791381836 458.98658752441406 421.9590759277344 458.98658752441406
416.728759765625 321.6623229980469 461.9169044494629 321.6623229980469 461.9169044494629 457.22674560546875 416.728759765625 457.22674560546875
412.56524658203125 324.46697998046875 457.4095993041992 324.46697998046875 457.4095993041992 459.00001525878906 412.56524658203125 459.00001525878906
402.6383361816406 320.9466857910156 446.87255859375 320.9466857910156 446.87255859375 453.6493377685547 402.6383361816406 453.6493377685547
391.895751953125 322.2494201660156 435.36509704589844 322.2494201660156 435.36509704589844 452.6574401855469 391.895751953125 452.6574401855469
388.6908874511719 322.69976806640625 431.2847213745117 322.69976806640625 431.2847213745117 450.48123931884766 388.6908874511719 450.48123931884766
382.0101013183594 324.4747619628906 424.16381072998047 324.4747619628906 424.16381072998047 450.9358596801758 382.0101013183594 450.9358596801758
379.36639404296875 320.9176940917969 421.44043731689453 320.9176940917969 421.44043731689453 447.13978576660156 379.36639404296875 447.13978576660156
376.2308044433594 323.82244873046875 418.20294189453125 323.82244873046875 418.20294189453125 449.7388153076172 376.2308044433594 449.7388153076172
368.98388671875 326.4358825683594 410.7134780883789 326.4358825683594 410.7134780883789 451.62461853027344 368.98388671875 451.62461853027344
368.0361633300781 325.5799255371094 408.8339157104492 325.5799255371094 408.8339157104492 447.97315216064453 368.0361633300781 447.97315216064453
362.25579833984375 325.77294921875 403.17537689208984 325.77294921875 403.17537689208984 448.5316619873047 362.25579833984375 448.5316619873047
358.8812255859375 325.8946228027344 400.58021545410156 325.8946228027344 400.58021545410156 450.99156951904297 358.8812255859375 450.99156951904297
351.02178955078125 323.85009765625 392.95450592041016 323.85009765625 392.95450592041016 449.6482162475586 351.02178955078125 449.6482162475586
348.45526123046875 322.64666748046875 390.2523536682129 322.64666748046875 390.2523536682129 448.0379180908203 348.45526123046875 448.0379180908203
341.7200622558594 320.3379821777344 383.5055618286133 320.3379821777344 383.5055618286133 445.69446563720703 341.7200622558594 445.69446563720703
335.9161376953125 318.1812744140625 377.68444442749023 318.1812744140625 377.68444442749023 443.4861831665039 335.9161376953125 443.4861831665039
331.67584228515625 323.3037414550781 373.5821876525879 323.3037414550781 373.5821876525879 449.0227584838867 331.67584228515625 449.0227584838867
325.518310546875 321.1504821777344 367.26427841186523 321.1504821777344 367.26427841186523 446.3883743286133 325.518310546875 446.3883743286133
323.36102294921875 319.3663635253906 365.3622817993164 319.3663635253906 365.3622817993164 445.3701477050781 323.36102294921875 445.3701477050781
318.318603515625 323.4967956542969 359.7381782531738 323.4967956542969 359.7381782531738 447.7555236816406 318.318603515625 447.7555236816406
313.9534912109375 323.4462890625 355.2880439758301 323.4462890625 355.2880439758301 447.449951171875 313.9534912109375 447.449951171875
309.6597595214844 317.20367431640625 350.71490478515625 317.20367431640625 350.71490478515625 440.3691177368164 309.6597595214844 440.3691177368164
305.5391540527344 320.71588134765625 345.8430290222168 320.71588134765625 345.8430290222168 441.6275177001953 305.5391540527344 441.6275177001953
303.7115783691406 323.22430419921875 343.92735290527344 323.22430419921875 343.92735290527344 445.2095947265625 303.7115783691406 445.2095947265625
301.62115478515625 321.3805236816406 342.26115798950195 321.3805236816406 342.26115798950195 446.61167907714844 301.62115478515625 446.61167907714844
298.4944152832031 316.62982177734375 339.35186767578125 316.62982177734375 339.35186767578125 444.0857391357422 298.4944152832031 444.0857391357422
294.33612060546875 317.6116638183594 333.9433250427246 317.6116638183594 333.9433250427246 442.86023712158203 294.33612060546875 442.86023712158203
286.583251953125 315.4817199707031 327.3692169189453 315.4817199707031 327.3692169189453 437.83960723876953 286.583251953125 437.83960723876953
284.3934631347656 317.2750549316406 324.49177169799805 317.2750549316406 324.49177169799805 437.5699768066406 284.3934631347656 437.5699768066406
281.3311462402344 314.4249267578125 321.53360748291016 314.4249267578125 321.53360748291016 435.03231048583984 281.3311462402344 435.03231048583984
275.0347595214844 317.21868896484375 314.9052734375 317.21868896484375 314.9052734375 436.83023834228516 275.0347595214844 436.83023834228516
272.71405029296875 320.41461181640625 312.3973159790039 320.41461181640625 312.3973159790039 439.4644317626953 272.71405029296875 439.4644317626953
266.3053283691406 317.8106994628906 305.3848762512207 317.8106994628906 305.3848762512207 435.0493698120117 266.3053283691406 435.0493698120117
264.04071044921875 317.44085693359375 302.8483543395996 317.44085693359375 302.8483543395996 433.86380767822266 264.04071044921875 433.86380767822266
261.0284118652344 315.59771728515625 300.0137825012207 315.59771728515625 300.0137825012207 432.55384826660156 261.0284118652344 432.55384826660156
255.58071899414062 318.1170349121094 294.94312286376953 318.1170349121094 294.94312286376953 436.2042694091797 255.58071899414062 436.2042694091797
253.4608612060547 312.9072265625 292.13282775878906 312.9072265625 292.13282775878906 430.3117904663086 253.4608612060547 430.3117904663086
250.5853729248047 318.85137939453125 288.7798080444336 318.85137939453125 288.7798080444336 433.43473052978516 250.5853729248047 433.43473052978516
245.1226806640625 316.17724609375 283.96235275268555 316.17724609375 283.96235275268555 432.6963119506836 245.1226806640625 432.6963119506836
242.70932006835938 316.72479248046875 281.4248275756836 316.72479248046875 281.4248275756836 432.8713607788086 242.70932006835938 432.8713607788086
235.3397674560547 313.0634460449219 273.70433044433594 313.0634460449219 273.70433044433594 428.1571807861328 235.3397674560547 428.1571807861328
233.2291259765625 312.2862243652344 272.30750274658203 312.2862243652344 272.30750274658203 429.5214080810547 233.2291259765625 429.5214080810547
231.2596435546875 312.29754638671875 270.34689712524414 312.29754638671875 270.34689712524414 429.55936431884766 231.2596435546875 429.55936431884766
229.0732421875 312.1769104003906 267.25463485717773 312.1769104003906 267.25463485717773 429.07859802246094 229.0732421875 429.07859802246094
226.2717742919922 313.71490478515625 264.43216705322266 313.71490478515625 264.43216705322266 428.1961441040039 226.2717742919922 428.1961441040039
223.1826629638672 317.4329833984375 261.28540420532227 317.4329833984375 261.28540420532227 431.7412567138672 223.1826629638672 431.7412567138672
219.5645751953125 315.33526611328125 257.79248809814453 315.33526611328125 257.79248809814453 430.01905822753906 219.5645751953125 430.01905822753906
220.10348510742188 314.56317138671875 258.09529876708984 314.56317138671875 258.09529876708984 430.54209899902344 220.10348510742188 430.54209899902344
216.12979125976562 314.160888671875 254.11085891723633 314.160888671875 254.11085891723633 428.1041488647461 216.12979125976562 428.1041488647461
215.22055053710938 316.58306884765625 253.21322631835938 316.58306884765625 253.21322631835938 430.5611572265625 215.22055053710938 430.5611572265625
211.00021362304688 314.5791015625 249.8434829711914 314.5791015625 249.8434829711914 431.10897064208984 211.00021362304688 431.10897064208984
207.35604858398438 316.6535949707031 246.38639068603516 316.6535949707031 246.38639068603516 433.7446823120117 207.35604858398438 433.7446823120117
205.7923583984375 314.07196044921875 244.10724258422852 314.07196044921875 244.10724258422852 429.0166778564453 205.7923583984375 429.0166778564453
201.52734375 313.4495849609375 239.94267654418945 313.4495849609375 239.94267654418945 429.12767028808594 201.52734375 429.12767028808594
199.54531860351562 312.7818908691406 236.67858123779297 312.7818908691406 236.67858123779297 427.42140197753906 199.54531860351562 427.42140197753906
199.3109893798828 316.0254821777344 234.77312088012695 316.0254821777344 234.77312088012695 428.6786422729492 199.3109893798828 428.6786422729492
199.56027221679688 313.8690185546875 234.0630874633789 313.8690185546875 234.0630874633789 426.84071350097656 199.56027221679688 426.84071350097656
198.4473876953125 314.5420227050781 232.8399429321289 314.5420227050781 232.8399429321289 424.7267761230469 198.4473876953125 424.7267761230469
198.0251007080078 312.3096618652344 232.33399200439453 312.3096618652344 232.33399200439453 423.7449188232422 198.0251007080078 423.7449188232422
196.74966430664062 313.8338317871094 231.38068389892578 313.8338317871094 231.38068389892578 423.23731994628906 196.74966430664062 423.23731994628906
196.86880493164062 312.7669982910156 231.03424835205078 312.7669982910156 231.03424835205078 424.2525177001953 196.86880493164062 424.2525177001953
195.47401428222656 315.84088134765625 230.05501556396484 315.84088134765625 230.05501556396484 424.89776611328125 195.47401428222656 424.89776611328125
196.51995849609375 318.1809387207031 230.56882858276367 318.1809387207031 230.56882858276367 426.97581481933594 196.51995849609375 426.97581481933594
196.6112060546875 314.9505920410156 230.80792617797852 314.9505920410156 230.80792617797852 424.1543884277344 196.6112060546875 424.1543884277344
197.90798950195312 312.6319885253906 230.85665893554688 312.6319885253906 230.85665893554688 423.6808395385742 197.90798950195312 423.6808395385742
197.60958862304688 313.4537048339844 231.46767044067383 313.4537048339844 231.46767044067383 422.5527648925781 197.60958862304688 422.5527648925781
198.2185516357422 311.23101806640625 232.00640106201172 311.23101806640625 232.00640106201172 420.0674285888672 198.2185516357422 420.0674285888672
196.96206665039062 314.9364318847656 231.1415138244629 314.9364318847656 231.1415138244629 422.0937194824219 196.96206665039062 422.0937194824219
196.45806884765625 312.2445068359375 231.32717514038086 312.2445068359375 231.32717514038086 419.58595275878906 196.45806884765625 419.58595275878906
196.60902404785156 312.10272216796875 231.72611236572266 312.10272216796875 231.72611236572266 418.41043853759766 196.60902404785156 418.41043853759766
196.26095581054688 313.83868408203125 231.18413543701172 313.83868408203125 231.18413543701172 420.4423828125 196.26095581054688 420.4423828125
196.592041015625 314.44598388671875 229.99190521240234 314.44598388671875 229.99190521240234 424.0167465209961 196.592041015625 424.0167465209961
194.41867065429688 313.6338806152344 229.8554916381836 313.6338806152344 229.8554916381836 421.55397033691406 194.41867065429688 421.55397033691406
194.22122192382812 309.3891906738281 230.66561889648438 309.3891906738281 230.66561889648438 418.7225036621094 194.22122192382812 418.7225036621094
193.96434020996094 313.2955627441406 229.78221893310547 313.2955627441406 229.78221893310547 420.7493133544922 193.96434020996094 420.7493133544922
191.78378295898438 312.45477294921875 228.02968978881836 312.45477294921875 228.02968978881836 421.19261169433594 191.78378295898438 421.19261169433594
192.20883178710938 309.71112060546875 228.13410568237305 309.71112060546875 228.13410568237305 418.76385498046875 192.20883178710938 418.76385498046875
190.0174102783203 309.6897888183594 226.1970672607422 309.6897888183594 226.1970672607422 418.22887420654297 190.0174102783203 418.22887420654297
191.39047241210938 313.46923828125 227.21450805664062 313.46923828125 227.21450805664062 420.9414520263672 191.39047241210938 420.9414520263672
192.9312744140625 311.27545166015625 228.97442245483398 311.27545166015625 228.97442245483398 419.4050064086914 192.9312744140625 419.4050064086914
191.33299255371094 310.6730651855469 227.48732376098633 310.6730651855469 227.48732376098633 420.33961486816406 191.33299255371094 420.33961486816406
193.83163452148438 309.9674072265625 229.92573928833008 309.9674072265625 229.92573928833008 419.3766326904297 193.83163452148438 419.3766326904297
193.9696807861328 312.89166259765625 229.59665298461914 312.89166259765625 229.59665298461914 421.8831024169922 193.9696807861328 421.8831024169922
192.24746704101562 310.02581787109375 228.59173965454102 310.02581787109375 228.59173965454102 419.921630859375 192.24746704101562 419.921630859375
191.3413543701172 311.02337646484375 227.92259979248047 311.02337646484375 227.92259979248047 420.77037048339844 191.3413543701172 420.77037048339844
191.53768920898438 312.4549560546875 227.60342407226562 312.4549560546875 227.60342407226562 421.3597640991211 191.53768920898438 421.3597640991211
190.9557647705078 315.3966369628906 226.93848419189453 315.3966369628906 226.93848419189453 422.8670196533203 190.9557647705078 422.8670196533203
186.8957977294922 311.277099609375 222.85424041748047 311.277099609375 222.85424041748047 419.1525421142578 186.8957977294922 419.1525421142578
186.2178955078125 312.43109130859375 222.51816940307617 312.43109130859375 222.51816940307617 421.33203125 186.2178955078125 421.33203125
183.57839965820312 309.1012878417969 219.21994400024414 309.1012878417969 219.21994400024414 416.0260314941406 183.57839965820312 416.0260314941406
180.6460723876953 312.4963684082031 216.30596160888672 312.4963684082031 216.30596160888672 419.4761428833008 180.6460723876953 419.4761428833008
177.1947479248047 308.505615234375 212.40712356567383 308.505615234375 212.40712356567383 414.1428451538086 177.1947479248047 414.1428451538086
176.49224853515625 312.3218688964844 211.5954818725586 312.3218688964844 211.5954818725586 417.6316680908203 176.49224853515625 417.6316680908203
175.90306091308594 311.08221435546875 209.7471694946289 311.08221435546875 209.7471694946289 412.61463165283203 175.90306091308594 412.61463165283203
174.32318115234375 310.35675048828125 207.11748123168945 310.35675048828125 207.11748123168945 408.73974609375 174.32318115234375 408.73974609375
173.9657745361328 305.9566955566406 206.95133209228516 305.9566955566406 206.95133209228516 404.91346740722656 173.9657745361328 404.91346740722656
171.7583770751953 314.34808349609375 203.73266220092773 314.34808349609375 203.73266220092773 410.27103424072266 171.7583770751953 410.27103424072266
170.9188232421875 318.6808776855469 202.27432250976562 318.6808776855469 202.27432250976562 412.7474822998047 170.9188232421875 412.7474822998047
173.24142456054688 313.4912109375 204.3451747894287 313.4912109375 204.3451747894287 406.8025665283203 173.24142456054688 406.8025665283203
174.5305938720703 313.04913330078125 205.6945285797119 313.04913330078125 205.6945285797119 406.5410385131836 174.5305938720703 406.5410385131836
174.79220581054688 321.06817626953125 205.6123867034912 321.06817626953125 205.6123867034912 413.52882385253906 174.79220581054688 413.52882385253906
176.2356719970703 317.23406982421875 207.19161415100098 317.23406982421875 207.19161415100098 410.1020050048828 176.2356719970703 410.1020050048828
175.75318908691406 315.74993896484375 207.1128807067871 315.74993896484375 207.1128807067871 409.8291244506836 175.75318908691406 409.8291244506836
175.75860595703125 318.64654541015625 206.67687034606934 318.64654541015625 206.67687034606934 411.4014434814453 175.75860595703125 411.4014434814453
176.84547424316406 317.0268249511719 207.60793113708496 317.0268249511719 207.60793113708496 409.3143081665039 176.84547424316406 409.3143081665039
178.2776336669922 314.0897521972656 208.35780906677246 314.0897521972656 208.35780906677246 404.3303909301758 178.2776336669922 404.3303909301758
177.19290161132812 317.3321838378906 206.79092025756836 317.3321838378906 206.79092025756836 406.12635040283203 177.19290161132812 406.12635040283203
177.39669799804688 316.18719482421875 206.94368362426758 316.18719482421875 206.94368362426758 404.82826232910156 177.39669799804688 404.82826232910156
177.10809326171875 315.7808532714844 206.67633628845215 315.7808532714844 206.67633628845215 404.48570251464844 177.10809326171875 404.48570251464844
176.71144104003906 318.75421142578125 206.22010231018066 318.75421142578125 206.22010231018066 407.2803192138672 176.71144104003906 407.2803192138672
177.75721740722656 313.2536315917969 207.98850631713867 313.2536315917969 207.98850631713867 403.9476318359375 177.75721740722656 403.9476318359375
177.0233154296875 316.40228271484375 207.05835914611816 316.40228271484375 207.05835914611816 406.5075454711914 177.0233154296875 406.5075454711914
178.25057983398438 315.6097717285156 207.4656925201416 315.6097717285156 207.4656925201416 406.0747756958008 178.25057983398438 406.0747756958008
175.09323120117188 317.281494140625 204.68316268920898 317.281494140625 204.68316268920898 406.05142974853516 175.09323120117188 406.05142974853516
174.94345092773438 318.306640625 204.44295692443848 318.306640625 204.44295692443848 406.8052978515625 174.94345092773438 406.8052978515625
173.13040161132812 318.76519775390625 202.446044921875 318.76519775390625 202.446044921875 406.71226501464844 173.13040161132812 406.71226501464844
173.25723266601562 320.7685241699219 201.2594108581543 320.7685241699219 201.2594108581543 407.3618621826172 173.25723266601562 407.3618621826172
170.45343017578125 320.61309814453125 198.4009189605713 320.61309814453125 198.4009189605713 404.45568084716797 170.45343017578125 404.45568084716797
168.9319305419922 320.83721923828125 197.03027725219727 320.83721923828125 197.03027725219727 405.1323699951172 168.9319305419922 405.1323699951172
169.8240203857422 320.52886962890625 198.2729549407959 320.52886962890625 198.2729549407959 405.8757858276367 169.8240203857422 405.8757858276367
168.79855346679688 321.0001525878906 197.26078414916992 321.0001525878906 197.26078414916992 406.38697052001953 168.79855346679688 406.38697052001953
168.39584350585938 318.7447814941406 197.38473510742188 318.7447814941406 197.38473510742188 405.7115936279297 168.39584350585938 405.7115936279297
169.65512084960938 316.03289794921875 197.4211311340332 316.03289794921875 197.4211311340332 405.3672637939453 169.65512084960938 405.3672637939453
168.76119995117188 313.84222412109375 198.30059814453125 313.84222412109375 198.30059814453125 402.46055603027344 168.76119995117188 402.46055603027344
167.96067810058594 315.147705078125 197.4082374572754 315.147705078125 197.4082374572754 403.4905242919922 167.96067810058594 403.4905242919922
167.91671752929688 312.0167541503906 197.5408821105957 312.0167541503906 197.5408821105957 400.8893814086914 167.91671752929688 400.8893814086914
167.90219116210938 313.6889953613281 197.9221954345703 313.6889953613281 197.9221954345703 403.74913787841797 167.90219116210938 403.74913787841797
163.5891571044922 310.3704528808594 194.15822410583496 310.3704528808594 194.15822410583496 402.0777893066406 163.5891571044922 402.0777893066406
163.05929565429688 309.84649658203125 193.62246131896973 309.84649658203125 193.62246131896973 404.4746551513672 163.05929565429688 404.4746551513672
157.47793579101562 310.3475341796875 188.50550842285156 310.3475341796875 188.50550842285156 406.2034912109375 157.47793579101562 406.2034912109375
152.01426696777344 307.970947265625 183.3885498046875 307.970947265625 183.3885498046875 405.21241760253906 152.01426696777344 405.21241760253906
157.23170471191406 310.957275390625 187.70492935180664 310.957275390625 187.70492935180664 408.4396667480469 157.23170471191406 408.4396667480469
164.71121215820312 306.67156982421875 194.7906036376953 306.67156982421875 194.7906036376953 408.34236907958984 164.71121215820312 408.34236907958984
145.677490234375 306.0881042480469 177.8337631225586 306.0881042480469 177.8337631225586 402.5570755004883 145.677490234375 402.5570755004883
145.4027862548828 304.8931579589844 177.80921936035156 304.8931579589844 177.80921936035156 402.1126022338867 145.4027862548828 402.1126022338867
143.97015380859375 304.6671142578125 176.64862060546875 304.6671142578125 176.64862060546875 402.7026672363281 143.97015380859375 402.7026672363281
146.65380859375 305.60693359375 179.1262321472168 305.60693359375 179.1262321472168 403.0243682861328 146.65380859375 403.0243682861328
141.06796264648438 302.3861389160156 173.33419036865234 302.3861389160156 173.33419036865234 399.1849899291992 141.06796264648438 399.1849899291992
141.0614471435547 304.22705078125 173.0780258178711 304.22705078125 173.0780258178711 400.2769546508789 141.0614471435547 400.2769546508789
136.96157836914062 301.02679443359375 168.9727325439453 301.02679443359375 168.9727325439453 397.0604248046875 136.96157836914062 397.0604248046875
137.2601318359375 298.4134216308594 169.65901947021484 298.4134216308594 169.65901947021484 395.61026763916016 137.2601318359375 395.61026763916016
134.74134826660156 299.85833740234375 167.2150115966797 299.85833740234375 167.2150115966797 397.2795181274414 134.74134826660156 397.2795181274414
135.6656951904297 298.06024169921875 168.87741088867188 298.06024169921875 168.87741088867188 397.6955795288086 135.6656951904297 397.6955795288086
136.81521606445312 298.20867919921875 169.8346176147461 298.20867919921875 169.8346176147461 397.26707458496094 136.81521606445312 397.26707458496094
138.77194213867188 299.109619140625 171.82094955444336 299.109619140625 171.82094955444336 398.25682830810547 138.77194213867188 398.25682830810547
140.12376403808594 299.306396484375 172.99213790893555 299.306396484375 172.99213790893555 397.91170501708984 140.12376403808594 397.91170501708984
141.3426513671875 299.66485595703125 174.6351089477539 299.66485595703125 174.6351089477539 399.54241943359375 141.3426513671875 399.54241943359375
139.62416076660156 300.7163391113281 172.8919448852539 300.7163391113281 172.8919448852539 400.51988983154297 139.62416076660156 400.51988983154297
140.82888793945312 301.3553161621094 173.59199905395508 301.3553161621094 173.59199905395508 399.6448440551758 140.82888793945312 399.6448440551758
140.00390625 298.6614074707031 172.75955200195312 298.6614074707031 172.75955200195312 396.9285430908203 140.00390625 396.9285430908203
140.03945922851562 296.9852294921875 173.05044555664062 296.9852294921875 173.05044555664062 396.0183868408203 140.03945922851562 396.0183868408203
140.23452758789062 295.8880310058594 173.27920532226562 295.8880310058594 173.27920532226562 395.0222625732422 140.23452758789062 395.0222625732422
138.57565307617188 295.67071533203125 171.75532913208008 295.67071533203125 171.75532913208008 395.2099380493164 138.57565307617188 395.2099380493164
139.12826538085938 294.6944885253906 172.69403839111328 294.6944885253906 172.69403839111328 395.3920135498047 139.12826538085938 395.3920135498047
139.47286987304688 296.8956604003906 172.9655647277832 296.8956604003906 172.9655647277832 397.37393951416016 139.47286987304688 397.37393951416016
140.04379272460938 292.37445068359375 173.37220001220703 292.37445068359375 173.37220001220703 392.35985565185547 140.04379272460938 392.35985565185547
139.11822509765625 294.5701599121094 172.29809188842773 294.5701599121094 172.29809188842773 394.1099395751953 139.11822509765625 394.1099395751953
136.89926147460938 291.784423828125 170.21977996826172 291.784423828125 170.21977996826172 391.74615478515625 136.89926147460938 391.74615478515625
137.14266967773438 290.216796875 170.42527389526367 290.216796875 170.42527389526367 390.06478118896484 137.14266967773438 390.06478118896484
137.75135803222656 290.3573303222656 170.8925437927246 290.3573303222656 170.8925437927246 389.7810745239258 137.75135803222656 389.7810745239258
135.5942840576172 286.7991638183594 169.21372604370117 286.7991638183594 169.21372604370117 387.6576843261719 135.5942840576172 387.6576843261719
136.96044921875 288.34832763671875 171.14985275268555 288.34832763671875 171.14985275268555 390.916748046875 136.96044921875 390.916748046875
136.0794677734375 288.00909423828125 170.38713455200195 288.00909423828125 170.38713455200195 390.9322967529297 136.0794677734375 390.9322967529297
135.07012939453125 288.18048095703125 169.79492950439453 288.18048095703125 169.79492950439453 392.3550796508789 135.07012939453125 392.3550796508789
135.90818786621094 287.00341796875 170.44087982177734 287.00341796875 170.44087982177734 390.60169982910156 135.90818786621094 390.60169982910156
136.9347686767578 283.0552978515625 171.25281524658203 283.0552978515625 171.25281524658203 386.0096435546875 136.9347686767578 386.0096435546875
137.23764038085938 286.94317626953125 170.79899215698242 286.94317626953125 170.79899215698242 387.62743377685547 137.23764038085938 387.62743377685547
136.8723907470703 284.7369689941406 170.44634628295898 284.7369689941406 170.44634628295898 385.4590301513672 136.8723907470703 385.4590301513672
136.63294982910156 282.0607604980469 169.8013458251953 282.0607604980469 169.8013458251953 381.5661392211914 136.63294982910156 381.5661392211914
137.50448608398438 286.24603271484375 170.30580139160156 286.24603271484375 170.30580139160156 384.65016174316406 137.50448608398438 384.65016174316406
139.1092529296875 288.8007507324219 171.65875625610352 288.8007507324219 171.65875625610352 386.4494323730469 139.1092529296875 386.4494323730469
139.4752197265625 289.0742492675781 171.20614051818848 289.0742492675781 171.20614051818848 384.2671813964844 139.4752197265625 384.2671813964844
140.36643981933594 283.98077392578125 172.11821365356445 283.98077392578125 172.11821365356445 379.2362594604492 140.36643981933594 379.2362594604492
143.16146850585938 286.2493591308594 174.46209335327148 286.2493591308594 174.46209335327148 380.1514129638672 143.16146850585938 380.1514129638672
144.63172912597656 282.1744079589844 175.94032669067383 282.1744079589844 175.94032669067383 376.1003723144531 144.63172912597656 376.1003723144531
144.5258331298828 278.74041748046875 175.41248512268066 278.74041748046875 175.41248512268066 371.4005432128906 144.5258331298828 371.4005432128906
145.09510803222656 275.0852966308594 176.5977783203125 275.0852966308594 176.5977783203125 369.5934753417969 145.09510803222656 369.5934753417969
220.52951049804688 292.56207275390625 251.7545108795166 292.56207275390625 251.7545108795166 386.23724365234375 220.52951049804688 386.23724365234375
240.71240234375 299.65948486328125 272.1194953918457 299.65948486328125 272.1194953918457 393.8809356689453 240.71240234375 393.8809356689453
240.5435333251953 302.6272277832031 271.5443000793457 302.6272277832031 271.5443000793457 395.6296920776367 240.5435333251953 395.6296920776367
238.6646270751953 302.1026306152344 270.26218032836914 302.1026306152344 270.26218032836914 396.8954544067383 238.6646270751953 396.8954544067383
238.0235595703125 298.71893310546875 270.1174659729004 298.71893310546875 270.1174659729004 395.0008239746094 238.0235595703125 395.0008239746094
234.47775268554688 303.3447570800781 267.25499725341797 303.3447570800781 267.25499725341797 401.6766586303711 234.47775268554688 401.6766586303711
231.9875030517578 292.42730712890625 265.4402770996094 292.42730712890625 265.4402770996094 392.7857894897461 231.9875030517578 392.7857894897461
227.49569702148438 291.8253173828125 261.43421173095703 291.8253173828125 261.43421173095703 393.6410140991211 227.49569702148438 393.6410140991211
225.66238403320312 293.96087646484375 259.4875259399414 293.96087646484375 259.4875259399414 395.43646240234375 225.66238403320312 395.43646240234375
223.36251831054688 284.87713623046875 257.7300033569336 284.87713623046875 257.7300033569336 387.9797592163086 223.36251831054688 387.9797592163086
222.9679718017578 276.7670593261719 258.0445098876953 276.7670593261719 258.0445098876953 381.99683380126953 222.9679718017578 381.99683380126953
220.21145629882812 282.67071533203125 255.09054565429688 282.67071533203125 255.09054565429688 387.30814361572266 220.21145629882812 387.30814361572266
219.5065460205078 286.06646728515625 253.96191024780273 286.06646728515625 253.96191024780273 389.4327163696289 219.5065460205078 389.4327163696289
217.30935668945312 283.11614990234375 251.69076538085938 283.11614990234375 251.69076538085938 386.26053619384766 217.30935668945312 386.26053619384766
216.03054809570312 284.98516845703125 250.55765533447266 284.98516845703125 250.55765533447266 388.566650390625 216.03054809570312 388.566650390625
214.9333953857422 283.46197509765625 249.4743995666504 283.46197509765625 249.4743995666504 387.08514404296875 214.9333953857422 387.08514404296875
215.7845916748047 277.53656005859375 250.53113555908203 277.53656005859375 250.53113555908203 381.77635192871094 215.7845916748047 381.77635192871094
213.24996948242188 279.3011169433594 248.13694763183594 279.3011169433594 248.13694763183594 383.9622039794922 213.24996948242188 383.9622039794922
214.0341796875 276.96893310546875 249.2951431274414 276.96893310546875 249.2951431274414 382.7519760131836 214.0341796875 382.7519760131836
211.9272918701172 278.1806640625 247.24586486816406 278.1806640625 247.24586486816406 384.13653564453125 211.9272918701172 384.13653564453125
210.9193878173828 285.3362731933594 245.89152145385742 285.3362731933594 245.89152145385742 390.25282287597656 210.9193878173828 390.25282287597656
209.28103637695312 288.77178955078125 244.39949417114258 288.77178955078125 244.39949417114258 394.1273193359375 209.28103637695312 394.1273193359375
208.8414764404297 283.01068115234375 244.31719207763672 283.01068115234375 244.31719207763672 389.43798828125 208.8414764404297 389.43798828125
207.854248046875 285.3609924316406 242.80413055419922 285.3609924316406 242.80413055419922 390.21080017089844 207.854248046875 390.21080017089844
206.79415893554688 279.3006896972656 241.61559295654297 279.3006896972656 241.61559295654297 383.76514434814453 206.79415893554688 383.76514434814453
206.20156860351562 269.80328369140625 240.59474182128906 269.80328369140625 240.59474182128906 376.65665435791016 206.20156860351562 376.65665435791016
206.2158660888672 276.781005859375 241.14516830444336 276.781005859375 241.14516830444336 382.44129943847656 206.2158660888672 382.44129943847656
204.81997680664062 272.07061767578125 239.13260650634766 272.07061767578125 239.13260650634766 379.75992584228516 204.81997680664062 379.75992584228516
200.2046356201172 273.41925048828125 236.23291397094727 273.41925048828125 236.23291397094727 381.50423431396484 200.2046356201172 381.50423431396484
198.72299194335938 271.72711181640625 234.78633499145508 271.72711181640625 234.78633499145508 379.91727447509766 198.72299194335938 379.91727447509766
196.13272094726562 284.45294189453125 231.59386444091797 284.45294189453125 231.59386444091797 390.83650970458984 196.13272094726562 390.83650970458984
193.92803955078125 274.15325927734375 229.8723487854004 274.15325927734375 229.8723487854004 380.09010314941406 193.92803955078125 380.09010314941406
191.23919677734375 277.4898986816406 227.38961791992188 277.4898986816406 227.38961791992188 381.21204376220703 191.23919677734375 381.21204376220703
190.4620361328125 270.27288818359375 226.3262710571289 270.27288818359375 226.3262710571289 374.40782165527344 190.4620361328125 374.40782165527344
190.12704467773438 272.4888610839844 225.37847137451172 272.4888610839844 225.37847137451172 378.24329376220703 190.12704467773438 378.24329376220703
189.0008087158203 274.33892822265625 223.7361717224121 274.33892822265625 223.7361717224121 377.1645736694336 189.0008087158203 377.1645736694336
187.52989196777344 273.3241271972656 222.47225189208984 273.3241271972656 222.47225189208984 378.15137481689453 187.52989196777344 378.15137481689453
186.8582000732422 272.4250793457031 221.29941177368164 272.4250793457031 221.29941177368164 375.74888610839844 186.8582000732422 375.74888610839844
187.56272888183594 273.83502197265625 222.5448760986328 273.83502197265625 222.5448760986328 378.78163146972656 187.56272888183594 378.78163146972656
185.77487182617188 276.18267822265625 220.6699447631836 276.18267822265625 220.6699447631836 380.86808013916016 185.77487182617188 380.86808013916016
188.5694580078125 271.6366271972656 223.60259246826172 271.6366271972656 223.60259246826172 376.73621368408203 188.5694580078125 376.73621368408203
188.31784057617188 271.48321533203125 223.41054153442383 271.48321533203125 223.41054153442383 376.7614974975586 188.31784057617188 376.7614974975586
188.1680145263672 273.03411865234375 223.93692779541016 273.03411865234375 223.93692779541016 372.93017578125 188.1680145263672 372.93017578125
186.46505737304688 271.7936096191406 222.62710189819336 271.7936096191406 222.62710189819336 374.7837600708008 186.46505737304688 374.7837600708008
188.98944091796875 268.77117919921875 224.73703384399414 268.77117919921875 224.73703384399414 373.6702423095703 188.98944091796875 373.6702423095703
187.61215209960938 271.476806640625 222.52444458007812 271.476806640625 222.52444458007812 376.2138442993164 187.61215209960938 376.2138442993164
188.04519653320312 273.9366149902344 223.15064239501953 273.9366149902344 223.15064239501953 371.5993957519531 188.04519653320312 371.5993957519531
186.46678161621094 273.25933837890625 220.92472076416016 273.25933837890625 220.92472076416016 373.84497833251953 186.46678161621094 373.84497833251953
186.1461639404297 273.54827880859375 220.07245635986328 273.54827880859375 220.07245635986328 375.3273162841797 186.1461639404297 375.3273162841797
185.56468200683594 272.39581298828125 219.7202377319336 272.39581298828125 219.7202377319336 374.8626480102539 185.56468200683594 374.8626480102539
182.98849487304688 274.9327697753906 217.53291702270508 274.9327697753906 217.53291702270508 378.5662155151367 182.98849487304688 378.5662155151367
183.43643188476562 279.44427490234375 218.69972229003906 279.44427490234375 218.69972229003906 385.2343292236328 183.43643188476562 385.2343292236328
182.6849365234375 273.8722229003906 217.1883201599121 273.8722229003906 217.1883201599121 377.38255310058594 182.6849365234375 377.38255310058594
182.3487548828125 273.61944580078125 216.9314308166504 273.61944580078125 216.9314308166504 377.3676528930664 182.3487548828125 377.3676528930664
181.74017333984375 276.595947265625 216.29603576660156 276.595947265625 216.29603576660156 380.26371002197266 181.74017333984375 380.26371002197266
183.6782989501953 271.8802185058594 219.2499656677246 271.8802185058594 219.2499656677246 378.5954055786133 183.6782989501953 378.5954055786133
181.45632934570312 273.8376770019531 217.08055877685547 273.8376770019531 217.08055877685547 380.71055603027344 181.45632934570312 380.71055603027344
180.9049835205078 270.70172119140625 217.08420181274414 270.70172119140625 217.08420181274414 379.23956298828125 180.9049835205078 379.23956298828125
179.3445587158203 274.59283447265625 215.76810455322266 274.59283447265625 215.76810455322266 383.8636703491211 179.3445587158203 383.8636703491211
181.36550903320312 273.30682373046875 217.87373733520508 273.30682373046875 217.87373733520508 382.83170318603516 181.36550903320312 382.83170318603516
183.9779815673828 269.2303161621094 220.45213317871094 269.2303161621094 220.45213317871094 378.65296936035156 183.9779815673828 378.65296936035156
180.46832275390625 270.55255126953125 217.23954010009766 270.55255126953125 217.23954010009766 380.8664093017578 180.46832275390625 380.8664093017578
183.40887451171875 266.76397705078125 220.8424072265625 266.76397705078125 220.8424072265625 379.06478118896484 183.40887451171875 379.06478118896484
181.32427978515625 270.110107421875 218.8587532043457 270.110107421875 218.8587532043457 382.7137222290039 181.32427978515625 382.7137222290039
179.0393829345703 269.5649719238281 217.20293426513672 269.5649719238281 217.20293426513672 384.0558166503906 179.0393829345703 384.0558166503906
177.3489990234375 272.80413818359375 215.62205505371094 272.80413818359375 215.62205505371094 387.62349700927734 177.3489990234375 387.62349700927734
179.6168670654297 267.91912841796875 217.7355728149414 267.91912841796875 217.7355728149414 382.27542877197266 179.6168670654297 382.27542877197266
179.7667236328125 272.61322021484375 217.03569793701172 272.61322021484375 217.03569793701172 384.42032623291016 179.7667236328125 384.42032623291016
179.4903564453125 273.88006591796875 216.78583145141602 273.88006591796875 216.78583145141602 385.7666778564453 179.4903564453125 385.7666778564453
179.80172729492188 273.19866943359375 217.2640151977539 273.19866943359375 217.2640151977539 385.5857162475586 179.80172729492188 385.5857162475586
179.39254760742188 273.98687744140625 216.77815628051758 273.98687744140625 216.77815628051758 386.14388275146484 179.39254760742188 386.14388275146484
180.72103881835938 272.5751953125 217.6412239074707 272.5751953125 217.6412239074707 383.33592224121094 180.72103881835938 383.33592224121094
180.7057342529297 274.0335388183594 217.49058151245117 274.0335388183594 217.49058151245117 384.3882598876953 180.7057342529297 384.3882598876953
180.01376342773438 272.3161926269531 217.07892990112305 272.3161926269531 217.07892990112305 383.5118865966797 180.01376342773438 383.5118865966797
179.31210327148438 272.0470886230469 216.65389251708984 272.0470886230469 216.65389251708984 384.07264709472656 179.31210327148438 384.07264709472656
180.44236755371094 269.76861572265625 218.38695526123047 269.76861572265625 218.38695526123047 383.60257720947266 180.44236755371094 383.60257720947266
178.23072814941406 272.598388671875 216.40326309204102 272.598388671875 216.40326309204102 387.1161880493164 178.23072814941406 387.1161880493164
179.0336456298828 268.92462158203125 217.43024444580078 268.92462158203125 217.43024444580078 384.1146011352539 179.0336456298828 384.1146011352539
178.82730102539062 268.525390625 216.86482620239258 268.525390625 216.86482620239258 382.63814544677734 178.82730102539062 382.63814544677734
178.87509155273438 272.21795654296875 216.52943420410156 272.21795654296875 216.52943420410156 385.18116760253906 178.87509155273438 385.18116760253906
178.12977600097656 273.94024658203125 215.6462059020996 273.94024658203125 215.6462059020996 386.4897232055664 178.12977600097656 386.4897232055664
179.56838989257812 274.71649169921875 216.85018157958984 274.71649169921875 216.85018157958984 386.5620574951172 179.56838989257812 386.5620574951172
180.6291961669922 270.97308349609375 217.8819808959961 270.97308349609375 217.8819808959961 382.73162841796875 180.6291961669922 382.73162841796875
180.5814971923828 270.427978515625 218.10183334350586 270.427978515625 218.10183334350586 382.9891815185547 180.5814971923828 382.9891815185547
179.45753479003906 272.07318115234375 217.5024185180664 272.07318115234375 217.5024185180664 386.2080307006836 179.45753479003906 386.2080307006836
179.26412963867188 271.9945068359375 216.98235321044922 271.9945068359375 216.98235321044922 385.1493682861328 179.26412963867188 385.1493682861328
179.207275390625 273.5313415527344 217.00663375854492 273.5313415527344 217.00663375854492 386.9296112060547 179.207275390625 386.9296112060547
180.88172912597656 272.55389404296875 218.5590591430664 272.55389404296875 218.5590591430664 385.5860824584961 180.88172912597656 385.5860824584961
180.2610626220703 272.5820617675781 218.11791610717773 272.5820617675781 218.11791610717773 386.15282440185547 180.2610626220703 386.15282440185547
179.3942108154297 273.110107421875 216.7956771850586 273.110107421875 216.7956771850586 385.314697265625 179.3942108154297 385.314697265625
180.0836944580078 271.3712463378906 217.99139785766602 271.3712463378906 217.99139785766602 385.0945510864258 180.0836944580078 385.0945510864258
180.3328399658203 271.3009338378906 218.4888687133789 271.3009338378906 218.4888687133789 385.7692108154297 180.3328399658203 385.7692108154297
178.9720458984375 270.7063293457031 217.4715690612793 270.7063293457031 217.4715690612793 386.20508575439453 178.9720458984375 386.20508575439453
179.88656616210938 272.4310302734375 217.5237274169922 272.4310302734375 217.5237274169922 385.34268951416016 179.88656616210938 385.34268951416016
179.6693115234375 272.1739196777344 217.32673263549805 272.1739196777344 217.32673263549805 385.14636993408203 179.6693115234375 385.14636993408203
179.2925262451172 272.4240417480469 217.1796875 272.4240417480469 217.1796875 386.08570861816406 179.2925262451172 386.08570861816406
179.3753204345703 273.41748046875 216.94445419311523 273.41748046875 216.94445419311523 386.1250762939453 179.3753204345703 386.1250762939453
180.18093872070312 271.62420654296875 217.93377685546875 271.62420654296875 217.93377685546875 384.88291931152344 180.18093872070312 384.88291931152344
180.1484375 271.25323486328125 217.59754180908203 271.25323486328125 217.59754180908203 383.60074615478516 180.1484375 383.60074615478516
179.59320068359375 272.30584716796875 216.64562225341797 272.30584716796875 216.64562225341797 383.4633026123047 179.59320068359375 383.4633026123047
179.96343994140625 272.91278076171875 217.1978988647461 272.91278076171875 217.1978988647461 384.61634826660156 179.96343994140625 384.61634826660156
180.82473754882812 273.41241455078125 218.11415100097656 273.41241455078125 218.11415100097656 385.28084564208984 180.82473754882812 385.28084564208984
179.6907501220703 273.74200439453125 217.0478172302246 273.74200439453125 217.0478172302246 385.8134002685547 179.6907501220703 385.8134002685547
181.37173461914062 273.34295654296875 218.31597900390625 273.34295654296875 218.31597900390625 384.1758804321289 181.37173461914062 384.1758804321289
179.95191955566406 272.715087890625 217.6106414794922 272.715087890625 217.6106414794922 385.69144439697266 179.95191955566406 385.69144439697266
179.80746459960938 268.70977783203125 218.0727310180664 268.70977783203125 218.0727310180664 383.50577545166016 179.80746459960938 383.50577545166016
179.02354431152344 270.5722961425781 217.26293182373047 270.5722961425781 217.26293182373047 385.29065704345703 179.02354431152344 385.29065704345703
179.61532592773438 272.1425476074219 217.61927032470703 272.1425476074219 217.61927032470703 386.1545867919922 179.61532592773438 386.1545867919922
178.27078247070312 274.7137145996094 216.20145416259766 274.7137145996094 216.20145416259766 388.5059280395508 178.27078247070312 388.5059280395508
178.7920379638672 274.7280578613281 216.8486671447754 274.7280578613281 216.8486671447754 388.8981399536133 178.7920379638672 388.8981399536133
178.8525848388672 275.6839599609375 216.42642974853516 275.6839599609375 216.42642974853516 388.4056854248047 178.8525848388672 388.4056854248047
178.3835906982422 273.85601806640625 216.3676872253418 273.85601806640625 216.3676872253418 387.8084945678711 178.3835906982422 387.8084945678711
179.4903106689453 271.3720397949219 217.87245178222656 271.3720397949219 217.87245178222656 386.51866149902344 179.4903106689453 386.51866149902344
179.71932983398438 273.6228942871094 218.00360107421875 273.6228942871094 218.00360107421875 388.4759063720703 179.71932983398438 388.4759063720703
179.5937957763672 271.99298095703125 217.53188705444336 271.99298095703125 217.53188705444336 385.80745697021484 179.5937957763672 385.80745697021484
181.05764770507812 273.3260803222656 218.4454574584961 273.3260803222656 218.4454574584961 385.4897003173828 181.05764770507812 385.4897003173828
179.8580780029297 272.3377990722656 217.90167617797852 272.3377990722656 217.90167617797852 386.4687805175781 179.8580780029297 386.4687805175781
179.58126831054688 270.7989807128906 217.59654235839844 270.7989807128906 217.59654235839844 384.84497833251953 179.58126831054688 384.84497833251953
179.67965698242188 272.0706787109375 217.8130226135254 272.0706787109375 217.8130226135254 386.470947265625 179.67965698242188 386.470947265625
180.2693634033203 272.4706726074219 218.44415283203125 272.4706726074219 218.44415283203125 386.9952087402344 180.2693634033203 386.9952087402344
180.33651733398438 273.3490295410156 218.13652801513672 273.3490295410156 218.13652801513672 386.7492218017578 180.33651733398438 386.7492218017578
179.2949981689453 274.4775695800781 217.0950050354004 274.4775695800781 217.0950050354004 387.8777542114258 179.2949981689453 387.8777542114258
179.1102752685547 274.44573974609375 216.9837760925293 274.44573974609375 216.9837760925293 388.06640625 179.1102752685547 388.06640625
178.86093139648438 272.9630126953125 217.2706527709961 272.9630126953125 217.2706527709961 388.1923370361328 178.86093139648438 388.1923370361328
179.55535888671875 273.196533203125 217.66246795654297 273.196533203125 217.66246795654297 387.5180206298828 179.55535888671875 387.5180206298828
180.2074737548828 272.1178894042969 219.24220275878906 272.1178894042969 219.24220275878906 389.2222442626953 180.2074737548828 389.2222442626953
177.78427124023438 272.1492919921875 217.04386138916016 272.1492919921875 217.04386138916016 389.92822265625 177.78427124023438 389.92822265625
179.37205505371094 271.5092468261719 218.5985450744629 271.5092468261719 218.5985450744629 389.1888732910156 179.37205505371094 389.1888732910156
180.27645874023438 271.0456237792969 219.40619659423828 271.0456237792969 219.40619659423828 388.4349899291992 180.27645874023438 388.4349899291992
179.81105041503906 272.1849365234375 218.91243362426758 272.1849365234375 218.91243362426758 389.4892349243164 179.81105041503906 389.4892349243164
179.49710083007812 272.7189025878906 218.84730911254883 272.7189025878906 218.84730911254883 390.76966857910156 179.49710083007812 390.76966857910156
178.59750366210938 270.8240661621094 218.53524780273438 270.8240661621094 218.53524780273438 390.63744354248047 178.59750366210938 390.63744354248047
179.44764709472656 269.6831970214844 220.01734161376953 269.6831970214844 220.01734161376953 391.3924255371094 179.44764709472656 391.3924255371094
179.14370727539062 267.9119873046875 220.01485443115234 267.9119873046875 220.01485443115234 390.5255584716797 179.14370727539062 390.5255584716797
179.33126831054688 268.75762939453125 219.8305435180664 268.75762939453125 219.8305435180664 390.2555694580078 179.33126831054688 390.2555694580078
181.20399475097656 271.09783935546875 221.36930084228516 271.09783935546875 221.36930084228516 391.59388732910156 181.20399475097656 391.59388732910156
181.3631134033203 272.45367431640625 221.05541229248047 272.45367431640625 221.05541229248047 391.5306854248047 181.3631134033203 391.5306854248047
180.15866088867188 272.75604248046875 219.51866149902344 272.75604248046875 219.51866149902344 390.8361587524414 180.15866088867188 390.8361587524414
179.51699829101562 271.610107421875 219.65634536743164 271.610107421875 219.65634536743164 392.02825927734375 179.51699829101562 392.02825927734375
179.49066162109375 270.4154357910156 218.86238479614258 270.4154357910156 218.86238479614258 388.5307083129883 179.49066162109375 388.5307083129883
179.65625 272.5074768066406 218.7960090637207 272.5074768066406 218.7960090637207 389.9268493652344 179.65625 389.9268493652344
178.59744262695312 270.7129821777344 217.74076080322266 270.7129821777344 217.74076080322266 388.1430206298828 178.59744262695312 388.1430206298828
179.32020568847656 271.3009338378906 218.43021392822266 271.3009338378906 218.43021392822266 388.6310501098633 179.32020568847656 388.6310501098633
179.29360961914062 271.74835205078125 219.01592254638672 271.74835205078125 219.01592254638672 390.9153823852539 179.29360961914062 390.9153823852539
179.6595458984375 269.41375732421875 219.16170120239258 269.41375732421875 219.16170120239258 387.9203109741211 179.6595458984375 387.9203109741211
179.19717407226562 269.99627685546875 219.2722625732422 269.99627685546875 219.2722625732422 390.22161865234375 179.19717407226562 390.22161865234375
177.87899780273438 271.99371337890625 217.98357009887695 271.99371337890625 217.98357009887695 392.30751037597656 177.87899780273438 392.30751037597656
178.7788543701172 269.2835388183594 218.63803482055664 269.2835388183594 218.63803482055664 388.8611602783203 178.7788543701172 388.8611602783203
178.8670196533203 270.4534912109375 218.81594467163086 270.4534912109375 218.81594467163086 390.30035400390625 178.8670196533203 390.30035400390625
180.1541290283203 266.6122131347656 220.84240341186523 266.6122131347656 220.84240341186523 388.67713165283203 180.1541290283203 388.67713165283203
179.21588134765625 267.537353515625 219.67554092407227 267.537353515625 219.67554092407227 388.9164276123047 179.21588134765625 388.9164276123047
182.3764190673828 268.1571044921875 222.43903350830078 268.1571044921875 222.43903350830078 388.34505462646484 182.3764190673828 388.34505462646484
178.61717224121094 271.19500732421875 218.87531280517578 271.19500732421875 218.87531280517578 391.9695281982422 178.61717224121094 391.9695281982422
180.0831756591797 270.71087646484375 219.58384323120117 270.71087646484375 219.58384323120117 389.21297454833984 180.0831756591797 389.21297454833984
178.90396118164062 268.59173583984375 219.05626678466797 268.59173583984375 219.05626678466797 389.04874420166016 178.90396118164062 389.04874420166016
180.07632446289062 268.02581787109375 220.78242874145508 268.02581787109375 220.78242874145508 390.14422607421875 180.07632446289062 390.14422607421875
180.48321533203125 268.4657287597656 220.82477569580078 268.4657287597656 220.82477569580078 389.49048614501953 180.48321533203125 389.49048614501953
179.32113647460938 268.82672119140625 219.79961395263672 268.82672119140625 219.79961395263672 390.2622299194336 179.32113647460938 390.2622299194336
178.96347045898438 268.7752685546875 219.54311752319336 268.7752685546875 219.54311752319336 390.5142822265625 178.96347045898438 390.5142822265625
179.87539672851562 267.31951904296875 220.21752548217773 267.31951904296875 220.21752548217773 388.34598541259766 179.87539672851562 388.34598541259766
179.302490234375 267.1265869140625 220.10202407836914 267.1265869140625 220.10202407836914 389.52525329589844 179.302490234375 389.52525329589844
179.7969970703125 268.34527587890625 220.4081687927246 268.34527587890625 220.4081687927246 390.1788558959961 179.7969970703125 390.1788558959961
179.89205932617188 270.6338195800781 219.9317512512207 270.6338195800781 219.9317512512207 390.75294494628906 179.89205932617188 390.75294494628906
179.43008422851562 269.98980712890625 218.96063995361328 269.98980712890625 218.96063995361328 388.5815200805664 179.43008422851562 388.5815200805664
179.5522918701172 270.06451416015625 219.0481185913086 270.06451416015625 219.0481185913086 388.55204010009766 179.5522918701172 388.55204010009766
179.85556030273438 271.4533996582031 219.55661010742188 271.4533996582031 219.55661010742188 390.5565948486328 179.85556030273438 390.5565948486328
179.6466827392578 269.01812744140625 219.5949935913086 269.01812744140625 219.5949935913086 388.86309814453125 179.6466827392578 388.86309814453125
179.99362182617188 269.39617919921875 220.6548080444336 269.39617919921875 220.6548080444336 391.37977600097656 179.99362182617188 391.37977600097656
179.31292724609375 270.0438232421875 219.76326751708984 270.0438232421875 219.76326751708984 391.3948745727539 179.31292724609375 391.3948745727539
178.75767517089844 267.80712890625 219.83044052124023 267.80712890625 219.83044052124023 391.02547454833984 178.75767517089844 391.02547454833984
180.21835327148438 268.36993408203125 221.0229263305664 268.36993408203125 221.0229263305664 390.7837142944336 180.21835327148438 390.7837142944336
180.69667053222656 266.8222961425781 222.28077697753906 266.8222961425781 222.28077697753906 391.5746765136719 180.69667053222656 391.5746765136719
180.25735473632812 270.8367614746094 221.14678192138672 270.8367614746094 221.14678192138672 393.5050964355469 180.25735473632812 393.5050964355469
177.01846313476562 269.6698913574219 217.4175033569336 269.6698913574219 217.4175033569336 390.86708068847656 177.01846313476562 390.86708068847656
179.6675262451172 268.7065734863281 220.04825592041016 268.7065734863281 220.04825592041016 389.8488311767578 179.6675262451172 389.8488311767578
179.78878784179688 270.03204345703125 219.29074478149414 270.03204345703125 219.29074478149414 388.53797912597656 179.78878784179688 388.53797912597656
179.51986694335938 270.68829345703125 218.9226188659668 270.68829345703125 218.9226188659668 388.8966064453125 179.51986694335938 388.8966064453125
180.28216552734375 269.3969421386719 219.63884735107422 269.3969421386719 219.63884735107422 387.46704864501953 180.28216552734375 387.46704864501953
179.8955535888672 273.39361572265625 219.16138076782227 273.39361572265625 219.16138076782227 391.191162109375 179.8955535888672 391.191162109375
179.92373657226562 272.6376647949219 218.58770370483398 272.6376647949219 218.58770370483398 388.62963104248047 179.92373657226562 388.62963104248047
179.2213897705078 270.48211669921875 218.1279640197754 270.48211669921875 218.1279640197754 387.201904296875 179.2213897705078 387.201904296875
181.02691650390625 271.82684326171875 219.4001922607422 271.82684326171875 219.4001922607422 386.94673919677734 181.02691650390625 386.94673919677734
180.03521728515625 271.03106689453125 218.8595962524414 271.03106689453125 218.8595962524414 387.50425720214844 180.03521728515625 387.50425720214844
179.96092224121094 271.7998046875 218.91350173950195 271.7998046875 218.91350173950195 388.65760803222656 179.96092224121094 388.65760803222656
180.4408721923828 271.87554931640625 219.2853012084961 271.87554931640625 219.2853012084961 388.4088897705078 180.4408721923828 388.4088897705078
181.1185302734375 271.4603576660156 220.03594207763672 271.4603576660156 220.03594207763672 388.21263885498047 181.1185302734375 388.21263885498047
180.00128173828125 268.90386962890625 219.30706405639648 268.90386962890625 219.30706405639648 386.82125091552734 180.00128173828125 386.82125091552734
179.8155517578125 271.835693359375 218.65531158447266 271.835693359375 218.65531158447266 388.3550033569336 179.8155517578125 388.3550033569336
180.32041931152344 271.93994140625 219.20049285888672 271.93994140625 219.20049285888672 388.58018493652344 180.32041931152344 388.58018493652344
179.80625915527344 270.38775634765625 219.69565200805664 270.38775634765625 219.69565200805664 390.0559539794922 179.80625915527344 390.0559539794922
179.571533203125 270.2611389160156 219.56126022338867 270.2611389160156 219.56126022338867 390.23035430908203 179.571533203125 390.23035430908203
181.29110717773438 270.3384704589844 220.48190689086914 270.3384704589844 220.48190689086914 387.91089630126953 181.29110717773438 387.91089630126953
180.9419708251953 270.169189453125 220.08101654052734 270.169189453125 220.08101654052734 387.58634185791016 180.9419708251953 387.58634185791016
181.4226531982422 270.3609313964844 220.41551208496094 270.3609313964844 220.41551208496094 387.3395233154297 181.4226531982422 387.3395233154297
179.74752807617188 270.9403381347656 218.52783584594727 270.9403381347656 218.52783584594727 387.28126525878906 179.74752807617188 387.28126525878906
180.20947265625 272.27239990234375 219.4920768737793 272.27239990234375 219.4920768737793 390.1202163696289 180.20947265625 390.1202163696289
179.73297119140625 271.39385986328125 218.9142951965332 271.39385986328125 218.9142951965332 388.9378433227539 179.73297119140625 388.9378433227539
180.17904663085938 269.62091064453125 219.73447036743164 269.62091064453125 219.73447036743164 388.28719329833984 180.17904663085938 388.28719329833984
180.1777801513672 271.60455322265625 219.75804901123047 271.60455322265625 219.75804901123047 390.34537506103516 180.1777801513672 390.34537506103516
180.19161987304688 271.99530029296875 219.2180404663086 271.99530029296875 219.2180404663086 389.07456970214844 180.19161987304688 389.07456970214844
180.37454223632812 273.3888244628906 218.9928855895996 273.3888244628906 218.9928855895996 389.2438659667969 180.37454223632812 389.2438659667969
180.5121307373047 271.5082092285156 218.70117568969727 271.5082092285156 218.70117568969727 386.0753479003906 180.5121307373047 386.0753479003906
181.2926025390625 274.0765686035156 218.916259765625 274.0765686035156 218.916259765625 386.9475555419922 181.2926025390625 386.9475555419922
180.25228881835938 275.9403381347656 217.9062728881836 275.9403381347656 217.9062728881836 388.9022979736328 180.25228881835938 388.9022979736328
181.52658081054688 272.4792785644531 219.39054489135742 272.4792785644531 219.39054489135742 386.07118225097656 181.52658081054688 386.07118225097656
180.02041625976562 271.2451477050781 219.06410217285156 271.2451477050781 219.06410217285156 388.37621307373047 180.02041625976562 388.37621307373047
181.9214324951172 272.2999572753906 220.78553009033203 272.2999572753906 220.78553009033203 388.8922576904297 181.9214324951172 388.8922576904297
179.01864624023438 271.1839599609375 217.67257690429688 271.1839599609375 217.67257690429688 387.145751953125 179.01864624023438 387.145751953125
180.73934936523438 272.64715576171875 219.39616012573242 272.64715576171875 219.39616012573242 388.6175994873047 180.73934936523438 388.6175994873047
180.296630859375 271.199951171875 219.09814071655273 271.199951171875 219.09814071655273 387.6044921875 180.296630859375 387.6044921875
179.65652465820312 271.4809265136719 218.49591827392578 271.4809265136719 218.49591827392578 387.9990997314453 179.65652465820312 387.9990997314453
180.03009033203125 272.5089416503906 218.6142578125 272.5089416503906 218.6142578125 388.2614212036133 180.03009033203125 388.2614212036133
181.45169067382812 272.7132263183594 220.03987884521484 272.7132263183594 220.03987884521484 388.47777557373047 181.45169067382812 388.47777557373047
179.6138458251953 272.11163330078125 218.14286422729492 272.11163330078125 218.14286422729492 387.69869232177734 179.6138458251953 387.69869232177734
180.0998992919922 270.0832824707031 218.95994567871094 270.0832824707031 218.95994567871094 386.6634216308594 180.0998992919922 386.6634216308594
180.62188720703125 272.55328369140625 219.41182327270508 272.55328369140625 219.41182327270508 388.923095703125 180.62188720703125 388.923095703125
180.41690063476562 272.49163818359375 219.92179107666016 272.49163818359375 219.92179107666016 391.00630950927734 180.41690063476562 391.00630950927734
178.59442138671875 271.67083740234375 218.51386642456055 271.67083740234375 218.51386642456055 391.42918395996094 178.59442138671875 391.42918395996094
180.91761779785156 272.78863525390625 220.23351287841797 272.78863525390625 220.23351287841797 390.73634338378906 180.91761779785156 390.73634338378906
181.13821411132812 271.016845703125 220.91388702392578 271.016845703125 220.91388702392578 390.34388732910156 181.13821411132812 390.34388732910156
180.9315643310547 270.7853698730469 220.9279441833496 270.7853698730469 220.9279441833496 390.77452850341797 180.9315643310547 390.77452850341797
179.51751708984375 269.07257080078125 219.3601303100586 269.07257080078125 219.3601303100586 388.6004409790039 179.51751708984375 388.6004409790039
