410.0 243.0 492.0 243.0 492.0 287.0 410.0 287.0
412.43035888671875 243.20703125 496.0719223022461 243.20703125 496.0719223022461 288.5155563354492 412.43035888671875 288.5155563354492
415.5992736816406 244.8038787841797 498.8959503173828 244.8038787841797 498.8959503173828 290.2260093688965 415.5992736816406 290.2260093688965
422.2718200683594 242.6477508544922 507.39418029785156 242.6477508544922 507.39418029785156 288.3231735229492 422.2718200683594 288.3231735229492
426.33349609375 244.6360321044922 511.60543060302734 244.6360321044922 511.60543060302734 290.5601463317871 426.33349609375 290.5601463317871
431.19097900390625 243.1719512939453 516.8277740478516 243.1719512939453 516.8277740478516 289.12340927124023 431.19097900390625 289.12340927124023
438.64556884765625 243.93344116210938 525.4829330444336 243.93344116210938 525.4829330444336 290.5291061401367 438.64556884765625 290.5291061401367
439.03424072265625 245.55911254882812 528.4590835571289 245.55911254882812 528.4590835571289 292.1054458618164 439.03424072265625 292.1054458618164
443.7020568847656 244.2240753173828 534.0806579589844 244.2240753173828 534.0806579589844 292.7199249267578 443.7020568847656 292.7199249267578
446.4925231933594 245.84835815429688 535.1870880126953 245.84835815429688 535.1870880126953 293.4405746459961 446.4925231933594 293.4405746459961
449.2138671875 245.0391845703125 537.7436370849609 245.0391845703125 537.7436370849609 292.54296875 449.2138671875 292.54296875
458.04736328125 242.68655395507812 546.0950164794922 242.68655395507812 546.0950164794922 289.93163681030273 458.04736328125 289.93163681030273
459.83544921875 240.246337890625 547.0736083984375 240.246337890625 547.0736083984375 287.05705642700195 459.83544921875 287.05705642700195
464.48004150390625 240.5745086669922 551.3933486938477 240.5745086669922 551.3933486938477 287.2109146118164 464.48004150390625 287.2109146118164
470.54949951171875 238.3641815185547 556.8677215576172 238.3641815185547 556.8677215576172 284.6812744140625 470.54949951171875 284.6812744140625
476.0267639160156 240.4313507080078 561.7669372558594 240.4313507080078 561.7669372558594 286.43827056884766 476.0267639160156 286.43827056884766
481.4254455566406 239.837890625 567.7180633544922 239.837890625 567.7180633544922 286.1412467956543 481.4254455566406 286.1412467956543
487.79248046875 239.504150390625 574.1367034912109 239.504150390625 574.1367034912109 285.83519744873047 487.79248046875 285.83519744873047
493.90679931640625 241.18310546875 580.3807907104492 241.18310546875 580.3807907104492 287.5837821960449 493.90679931640625 287.5837821960449
499.0892028808594 241.6649627685547 585.3490753173828 241.6649627685547 585.3490753173828 287.95074462890625 499.0892028808594 287.95074462890625
503.71112060546875 240.1603240966797 588.5638275146484 240.1603240966797 588.5638275146484 285.69104385375977 503.71112060546875 285.69104385375977
507.17059326171875 239.82400512695312 593.3670501708984 239.82400512695312 593.3670501708984 286.0757637023926 507.17059326171875 286.0757637023926
506.17041015625 238.94400024414062 593.5244598388672 238.94400024414062 593.5244598388672 285.81690216064453 506.17041015625 285.81690216064453
494.837158203125 220.9142303466797 583.1452407836914 220.9142303466797 583.1452407836914 268.2990493774414 494.837158203125 268.2990493774414
542.3933715820312 183.4964141845703 629.0 183.4964141845703 629.0 229.96825790405273 542.3933715820312 229.96825790405273
544.1029663085938 184.1464385986328 628.9999771118164 184.1464385986328 628.9999771118164 229.700927734375 544.1029663085938 229.700927734375
544.3694458007812 184.348876953125 628.9999847412109 184.348876953125 628.9999847412109 229.76038360595703 544.3694458007812 229.76038360595703
544.5706176757812 170.12278747558594 629.0000228881836 170.12278747558594 629.0000228881836 215.4263687133789 544.5706176757812 215.4263687133789
546.4918212890625 186.2281951904297 629.0000152587891 186.2281951904297 629.0000152587891 230.50088119506836 546.4918212890625 230.50088119506836
546.6838989257812 184.72323608398438 628.8655090332031 184.72323608398438 628.8655090332031 228.8206787109375 546.6838989257812 228.8206787109375
546.5919799804688 184.28201293945312 628.6978759765625 184.28201293945312 628.6978759765625 228.33882904052734 546.5919799804688 228.33882904052734
545.7916870117188 186.93496704101562 627.8509368896484 186.93496704101562 627.8509368896484 230.9667510986328 545.7916870117188 230.9667510986328
529.0040893554688 198.23023986816406 609.7134552001953 198.23023986816406 609.7134552001953 241.5376968383789 529.0040893554688 241.5376968383789
480.75360107421875 191.9482879638672 561.4621429443359 191.9482879638672 561.4621429443359 235.25530242919922 480.75360107421875 235.25530242919922
464.5005798339844 169.72463989257812 544.8395538330078 169.72463989257812 544.8395538330078 212.8333511352539 464.5005798339844 212.8333511352539
450.31585693359375 231.9384002685547 529.0199737548828 231.9384002685547 529.0199737548828 274.1698760986328 450.31585693359375 274.1698760986328
448.50726318359375 241.37246704101562 525.6141204833984 241.37246704101562 525.6141204833984 282.7468795776367 448.50726318359375 282.7468795776367
456.772216796875 240.01602172851562 532.8253707885742 240.01602172851562 532.8253707885742 280.8250312805176 456.772216796875 280.8250312805176
458.7001037597656 237.76571655273438 533.5200958251953 237.76571655273438 533.5200958251953 277.9130325317383 458.7001037597656 277.9130325317383
467.5687561035156 219.20785522460938 542.6283493041992 219.20785522460938 542.6283493041992 259.48373794555664 467.5687561035156 259.48373794555664
456.80078125 231.06808471679688 531.0393600463867 231.06808471679688 531.0393600463867 270.9034233093262 456.80078125 270.9034233093262
438.8998107910156 232.89822387695312 514.4922943115234 232.89822387695312 514.4922943115234 273.46004486083984 438.8998107910156 273.46004486083984
398.70721435546875 228.1451416015625 474.30601501464844 228.1451416015625 474.30601501464844 268.7103500366211 398.70721435546875 268.7103500366211
346.3374938964844 211.5333709716797 420.1882781982422 211.5333709716797 420.1882781982422 251.16061782836914 346.3374938964844 251.16061782836914
360.217529296875 235.4039764404297 433.3481674194336 235.4039764404297 433.3481674194336 274.64480209350586 360.217529296875 274.64480209350586
365.4567565917969 234.66140747070312 440.7597961425781 234.66140747070312 440.7597961425781 271.6257209777832 365.4567565917969 271.6257209777832
364.21466064453125 235.87289428710938 441.5856018066406 235.87289428710938 441.5856018066406 271.0860824584961 364.21466064453125 271.0860824584961
370.4901123046875 236.6498565673828 445.55406951904297 236.6498565673828 445.55406951904297 272.5819435119629 370.4901123046875 272.5819435119629
376.8594970703125 236.3612823486328 448.09400939941406 236.3612823486328 448.09400939941406 273.39831161499023 376.8594970703125 273.39831161499023
380.650634765625 237.42904663085938 453.72735595703125 237.42904663085938 453.72735595703125 273.08899688720703 380.650634765625 273.08899688720703
385.33740234375 236.54537963867188 454.06446838378906 236.54537963867188 454.06446838378906 273.4233169555664 385.33740234375 273.4233169555664
390.4928283691406 239.041259765625 458.8622283935547 239.041259765625 458.8622283935547 275.72727966308594 390.4928283691406 275.72727966308594
367.63116455078125 242.27511596679688 438.68138122558594 242.27511596679688 438.68138122558594 278.37978744506836 367.63116455078125 278.37978744506836
349.5644836425781 247.95993041992188 418.4946517944336 247.95993041992188 418.4946517944336 284.9468460083008 349.5644836425781 284.9468460083008
306.3310852050781 238.1239776611328 375.81517028808594 238.1239776611328 375.81517028808594 275.4081153869629 306.3310852050781 275.4081153869629
307.1714172363281 237.32162475585938 376.4892044067383 237.32162475585938 376.4892044067383 274.51652908325195 307.1714172363281 274.51652908325195
308.6566467285156 233.49343872070312 377.23728942871094 233.49343872070312 377.23728942871094 270.2928047180176 308.6566467285156 270.2928047180176
316.81988525390625 232.0485076904297 385.8674087524414 232.0485076904297 385.8674087524414 269.09839630126953 316.81988525390625 269.09839630126953
316.99365234375 231.4627685546875 387.59098052978516 231.4627685546875 387.59098052978516 269.3442611694336 316.99365234375 269.3442611694336
321.11181640625 231.6090545654297 391.64766693115234 231.6090545654297 391.64766693115234 269.45755767822266 321.11181640625 269.45755767822266
328.11822509765625 231.94955444335938 398.70133209228516 231.94955444335938 398.70133209228516 269.8234100341797 328.11822509765625 269.8234100341797
326.5489807128906 231.9109344482422 396.0831985473633 231.9109344482422 396.0831985473633 269.22197341918945 326.5489807128906 269.22197341918945
325.584716796875 234.19076538085938 394.88407135009766 234.19076538085938 394.88407135009766 271.3757781982422 325.584716796875 271.3757781982422
328.41619873046875 236.03759765625 397.5420608520508 236.03759765625 397.5420608520508 273.12951278686523 328.41619873046875 273.12951278686523
330.16839599609375 234.20944213867188 399.46659088134766 234.20944213867188 399.46659088134766 271.3938217163086 330.16839599609375 271.3938217163086
331.3453674316406 233.1334686279297 401.71997833251953 233.1334686279297 401.71997833251953 270.8954391479492 331.3453674316406 270.8954391479492
333.80499267578125 234.094970703125 404.27684020996094 234.094970703125 404.27684020996094 271.2350883483887 333.80499267578125 271.2350883483887
337.603271484375 234.16842651367188 406.8733139038086 234.16842651367188 406.8733139038086 271.337703704834 337.603271484375 271.337703704834
343.3640441894531 234.0545196533203 412.0154571533203 234.0545196533203 412.0154571533203 270.89185333251953 343.3640441894531 270.89185333251953
345.15240478515625 235.4031219482422 414.9818572998047 235.4031219482422 414.9818572998047 270.09822845458984 345.15240478515625 270.09822845458984
347.3453369140625 231.2098388671875 415.21446228027344 231.2098388671875 415.21446228027344 266.9795112609863 347.3453369140625 266.9795112609863
347.12139892578125 231.4606170654297 416.69395446777344 231.4606170654297 416.69395446777344 266.6067695617676 347.12139892578125 266.6067695617676
349.97119140625 229.55435180664062 417.2340850830078 229.55435180664062 417.2340850830078 263.3134994506836 349.97119140625 263.3134994506836
348.30645751953125 224.5587921142578 414.97257232666016 224.5587921142578 414.97257232666016 260.33084869384766 348.30645751953125 260.33084869384766
346.6938781738281 225.3715057373047 412.79649353027344 225.3715057373047 412.79649353027344 260.84120178222656 346.6938781738281 260.84120178222656
345.0061950683594 224.1661376953125 412.9549560546875 224.1661376953125 412.9549560546875 258.74585342407227 345.0061950683594 258.74585342407227
348.5679626464844 223.0490264892578 416.10059356689453 223.0490264892578 416.10059356689453 258.6394386291504 348.5679626464844 258.6394386291504
348.42169189453125 223.42050170898438 414.71580505371094 223.42050170898438 414.71580505371094 258.99295806884766 348.42169189453125 258.99295806884766
371.6011657714844 220.2014617919922 438.4377136230469 220.2014617919922 438.4377136230469 256.06497955322266 371.6011657714844 256.06497955322266
349.5259704589844 222.3479461669922 416.11680603027344 222.3479461669922 416.11680603027344 258.0796203613281 349.5259704589844 258.0796203613281
369.45977783203125 217.1402130126953 435.82752990722656 217.1402130126953 435.82752990722656 252.75218200683594 369.45977783203125 252.75218200683594
362.6630859375 217.38839721679688 428.1912384033203 217.38839721679688 428.1912384033203 252.54984664916992 362.6630859375 252.54984664916992
345.1815185546875 222.90597534179688 410.5427017211914 222.90597534179688 410.5427017211914 257.9778251647949 345.1815185546875 257.9778251647949
345.59100341796875 223.44876098632812 411.33960723876953 223.44876098632812 411.33960723876953 258.7284927368164 345.59100341796875 258.7284927368164
364.0732727050781 221.0112762451172 430.8920135498047 221.0112762451172 430.8920135498047 256.86522674560547 364.0732727050781 256.86522674560547
372.5035095214844 217.634765625 439.53924560546875 217.634765625 439.53924560546875 253.60515213012695 372.5035095214844 253.60515213012695
374.62103271484375 218.05892944335938 440.5539779663086 218.05892944335938 440.5539779663086 253.43757247924805 374.62103271484375 253.43757247924805
373.25494384765625 214.23764038085938 439.4847640991211 214.23764038085938 439.4847640991211 249.7755889892578 373.25494384765625 249.7755889892578
373.92523193359375 214.266845703125 440.33155822753906 214.266845703125 440.33155822753906 249.8995018005371 373.92523193359375 249.8995018005371
368.83563232421875 210.2082977294922 435.2781524658203 210.2082977294922 435.2781524658203 245.8603744506836 368.83563232421875 245.8603744506836
370.2113037109375 211.5264434814453 439.2721710205078 211.5264434814453 439.2721710205078 246.0240478515625 370.2113037109375 246.0240478515625
366.05023193359375 210.86416625976562 438.61878204345703 210.86416625976562 438.61878204345703 242.4076442718506 366.05023193359375 242.4076442718506
366.77935791015625 210.79409790039062 434.5409622192383 210.79409790039062 434.5409622192383 244.1161880493164 366.77935791015625 244.1161880493164
361.819091796875 212.1005096435547 434.3146209716797 212.1005096435547 434.3146209716797 242.02268409729004 361.819091796875 242.02268409729004
361.9446716308594 209.608154296875 432.6365280151367 209.608154296875 432.6365280151367 241.78876876831055 361.9446716308594 241.78876876831055
361.0472717285156 209.1394500732422 428.00425720214844 209.1394500732422 428.00425720214844 242.67741012573242 361.0472717285156 242.67741012573242
363.8216552734375 209.1957550048828 428.50181579589844 209.1957550048828 428.50181579589844 243.15365600585938 363.8216552734375 243.15365600585938
365.083984375 210.3330078125 429.6734161376953 210.3330078125 429.6734161376953 244.24318313598633 365.083984375 244.24318313598633
364.5525817871094 209.5978240966797 428.49406814575195 209.5978240966797 428.49406814575195 243.90786743164062 364.5525817871094 243.90786743164062
362.2065734863281 211.5789337158203 427.00550842285156 211.5789337158203 427.00550842285156 246.34906768798828 362.2065734863281 246.34906768798828
367.01324462890625 210.89468383789062 431.29913330078125 210.89468383789062 431.29913330078125 245.38951873779297 367.01324462890625 245.38951873779297
364.413818359375 211.55105590820312 428.74845123291016 211.55105590820312 428.74845123291016 246.0720443725586 364.413818359375 246.0720443725586
362.46221923828125 209.53076171875 428.2194519042969 209.53076171875 428.2194519042969 244.81509399414062 362.46221923828125 244.81509399414062
362.735107421875 207.6819305419922 431.0345001220703 207.6819305419922 431.0345001220703 240.84109115600586 362.735107421875 240.84109115600586
360.8233642578125 204.9720458984375 430.70194244384766 204.9720458984375 430.70194244384766 238.4848518371582 360.8233642578125 238.4848518371582
363.1602478027344 204.05453491210938 434.04127502441406 204.05453491210938 434.04127502441406 235.5925998687744 363.1602478027344 235.5925998687744
359.5815734863281 202.9682159423828 429.62353515625 202.9682159423828 429.62353515625 234.610107421875 359.5815734863281 234.610107421875
359.8590393066406 202.78236389160156 427.17356872558594 202.78236389160156 427.17356872558594 234.6315402984619 359.8590393066406 234.6315402984619
360.1949157714844 201.91941833496094 427.74400329589844 201.91941833496094 427.74400329589844 233.3562068939209 360.1949157714844 233.3562068939209
356.04241943359375 200.85842895507812 427.27454376220703 200.85842895507812 427.27454376220703 233.17405319213867 356.04241943359375 233.17405319213867
356.611572265625 200.57261657714844 427.8415069580078 200.57261657714844 427.8415069580078 233.47138214111328 356.611572265625 233.47138214111328
357.5536193847656 202.0218963623047 426.4875183105469 202.0218963623047 426.4875183105469 233.27817153930664 357.5536193847656 233.27817153930664
354.2783203125 201.1918182373047 422.56321716308594 201.1918182373047 422.56321716308594 231.87567520141602 354.2783203125 231.87567520141602
354.33087158203125 199.90829467773438 422.4341812133789 199.90829467773438 422.4341812133789 231.50401306152344 354.33087158203125 231.50401306152344
357.8225402832031 199.97567749023438 426.0755310058594 199.97567749023438 426.0755310058594 231.10780715942383 357.8225402832031 231.10780715942383
355.39398193359375 195.54037475585938 425.68772888183594 195.54037475585938 425.68772888183594 228.35977935791016 355.39398193359375 228.35977935791016
361.1053161621094 194.4258270263672 431.5329284667969 194.4258270263672 431.5329284667969 227.93785858154297 361.1053161621094 227.93785858154297
356.785888671875 195.02671813964844 428.4696350097656 195.02671813964844 428.4696350097656 227.0583038330078 356.785888671875 227.0583038330078
361.064208984375 195.60760498046875 429.83353424072266 195.60760498046875 429.83353424072266 229.53670120239258 361.064208984375 229.53670120239258
358.18743896484375 194.19740295410156 428.23563385009766 194.19740295410156 428.23563385009766 225.9860897064209 358.18743896484375 225.9860897064209
354.8931579589844 192.63577270507812 422.5447463989258 192.63577270507812 422.5447463989258 224.80310440063477 354.8931579589844 224.80310440063477
362.4154968261719 192.4706573486328 428.1534729003906 192.4706573486328 428.1534729003906 224.9020538330078 362.4154968261719 224.9020538330078
355.6382751464844 192.41531372070312 422.6983947753906 192.41531372070312 422.6983947753906 224.5615692138672 355.6382751464844 224.5615692138672
358.6315002441406 192.80258178710938 426.0368423461914 192.80258178710938 426.0368423461914 224.63462829589844 358.6315002441406 224.63462829589844
359.6865234375 193.86306762695312 424.37486267089844 193.86306762695312 424.37486267089844 228.01129531860352 359.6865234375 228.01129531860352
357.2462463378906 193.86483764648438 422.53257751464844 193.86483764648438 422.53257751464844 228.10892486572266 357.2462463378906 228.10892486572266
356.3988342285156 193.9305877685547 423.0588607788086 193.9305877685547 423.0588607788086 227.6217155456543 356.3988342285156 227.6217155456543
358.2657775878906 192.73666381835938 423.73104095458984 192.73666381835938 423.73104095458984 226.6361083984375 358.2657775878906 226.6361083984375
359.57440185546875 193.2354736328125 424.2009048461914 193.2354736328125 424.2009048461914 226.9851303100586 359.57440185546875 226.9851303100586
354.5536804199219 190.22225952148438 419.7032165527344 190.22225952148438 419.7032165527344 224.82956314086914 354.5536804199219 224.82956314086914
355.8632507324219 187.53005981445312 421.9483108520508 187.53005981445312 421.9483108520508 222.88554763793945 355.8632507324219 222.88554763793945
352.1725158691406 185.81854248046875 419.29125213623047 185.81854248046875 419.29125213623047 222.55557250976562 352.1725158691406 222.55557250976562
359.31695556640625 186.3603515625 423.0379638671875 186.3603515625 423.0379638671875 222.0930290222168 359.31695556640625 222.0930290222168
359.03558349609375 186.70944213867188 424.7585754394531 186.70944213867188 424.7585754394531 221.76514434814453 359.03558349609375 221.76514434814453
361.1485900878906 185.9038848876953 425.9266357421875 185.9038848876953 425.9266357421875 220.20545196533203 361.1485900878906 220.20545196533203
358.3526611328125 184.34439086914062 424.14408111572266 184.34439086914062 424.14408111572266 219.2839469909668 358.3526611328125 219.2839469909668
362.0922546386719 182.82473754882812 427.1257781982422 182.82473754882812 427.1257781982422 217.82818984985352 362.0922546386719 217.82818984985352
364.47760009765625 182.31484985351562 427.46319580078125 182.31484985351562 427.46319580078125 216.70441436767578 364.47760009765625 216.70441436767578
365.3173522949219 180.39976501464844 428.2839584350586 180.39976501464844 428.2839584350586 214.30944061279297 365.3173522949219 214.30944061279297
364.91876220703125 181.70175170898438 426.38500213623047 181.70175170898438 426.38500213623047 216.76802825927734 364.91876220703125 216.76802825927734
366.7395324707031 181.25357055664062 428.37602615356445 181.25357055664062 428.37602615356445 215.8568344116211 366.7395324707031 215.8568344116211
366.9277648925781 182.52664184570312 428.8413505554199 182.52664184570312 428.8413505554199 218.56229782104492 366.9277648925781 218.56229782104492
361.9272155761719 183.00750732421875 426.42591094970703 183.00750732421875 426.42591094970703 219.13163375854492 361.9272155761719 219.13163375854492
366.5539245605469 182.61642456054688 429.42659759521484 182.61642456054688 429.42659759521484 218.74101638793945 366.5539245605469 218.74101638793945
364.73004150390625 182.6021728515625 427.21810150146484 182.6021728515625 427.21810150146484 218.5455207824707 364.73004150390625 218.5455207824707
366.99383544921875 180.86282348632812 428.2329788208008 180.86282348632812 428.2329788208008 215.67475128173828 366.99383544921875 215.67475128173828
368.5420837402344 178.8824920654297 434.0827178955078 178.8824920654297 434.0827178955078 212.71175384521484 368.5420837402344 212.71175384521484
371.41546630859375 177.73117065429688 435.2043266296387 177.73117065429688 435.2043266296387 210.93110275268555 371.41546630859375 210.93110275268555
372.7188415527344 178.6989288330078 437.45214080810547 178.6989288330078 437.45214080810547 210.56704711914062 372.7188415527344 210.56704711914062
370.22979736328125 178.33474731445312 432.8181953430176 178.33474731445312 432.8181953430176 211.90861129760742 370.22979736328125 211.90861129760742
370.21563720703125 178.91217041015625 432.30257415771484 178.91217041015625 432.30257415771484 212.44487762451172 370.21563720703125 212.44487762451172
375.0450134277344 176.2561798095703 436.13610076904297 176.2561798095703 436.13610076904297 209.29254913330078 375.0450134277344 209.29254913330078
371.97711181640625 173.9898223876953 434.9023857116699 173.9898223876953 434.9023857116699 207.37200164794922 371.97711181640625 207.37200164794922
371.0794677734375 171.2044677734375 434.40428924560547 171.2044677734375 434.40428924560547 205.18357467651367 371.0794677734375 205.18357467651367
370.2611083984375 168.63589477539062 433.1529846191406 168.63589477539062 433.1529846191406 202.38269424438477 370.2611083984375 202.38269424438477
372.5902404785156 163.9215545654297 435.06685638427734 163.9215545654297 435.06685638427734 196.07022857666016 372.5902404785156 196.07022857666016
370.5677185058594 165.1802215576172 431.79228591918945 165.1802215576172 431.79228591918945 198.24414443969727 370.5677185058594 198.24414443969727
369.33917236328125 163.3223876953125 430.70809173583984 163.3223876953125 430.70809173583984 195.94043731689453 369.33917236328125 195.94043731689453
371.781005859375 160.7910614013672 432.8026542663574 160.7910614013672 432.8026542663574 192.91711807250977 371.781005859375 192.91711807250977
370.0245056152344 160.77249145507812 430.9076232910156 160.77249145507812 430.9076232910156 192.90247344970703 370.0245056152344 192.90247344970703
372.87213134765625 160.51284790039062 432.8547058105469 160.51284790039062 432.8547058105469 192.62811279296875 372.87213134765625 192.62811279296875
371.044189453125 158.64169311523438 430.9472427368164 158.64169311523438 430.9472427368164 189.46045303344727 371.044189453125 189.46045303344727
370.75115966796875 156.44903564453125 430.7693176269531 156.44903564453125 430.7693176269531 188.07970809936523 370.75115966796875 188.07970809936523
368.5804748535156 154.86679077148438 429.1251220703125 154.86679077148438 429.1251220703125 187.1984100341797 368.5804748535156 187.1984100341797
369.7455749511719 155.0723419189453 428.96613693237305 155.0723419189453 428.96613693237305 186.40742111206055 369.7455749511719 186.40742111206055
369.9295959472656 154.41522216796875 428.8376770019531 154.41522216796875 428.8376770019531 186.25820922851562 369.9295959472656 186.25820922851562
371.6582946777344 153.75038146972656 430.64741134643555 153.75038146972656 430.64741134643555 185.98175048828125 371.6582946777344 185.98175048828125
372.9635009765625 154.3102264404297 431.74553298950195 154.3102264404297 431.74553298950195 184.75842666625977 372.9635009765625 184.75842666625977
371.18768310546875 153.14468383789062 432.8115234375 153.14468383789062 432.8115234375 184.1091423034668 371.18768310546875 184.1091423034668
368.2632141113281 151.107421875 429.1617431640625 151.107421875 429.1617431640625 183.64564514160156 368.2632141113281 183.64564514160156
367.3266906738281 148.98184204101562 429.4557914733887 148.98184204101562 429.4557914733887 182.2844581604004 367.3266906738281 182.2844581604004
364.64495849609375 147.36427307128906 427.75806427001953 147.36427307128906 427.75806427001953 181.22978973388672 364.64495849609375 181.22978973388672
365.97174072265625 144.53573608398438 429.720458984375 144.53573608398438 429.720458984375 178.3193244934082 365.97174072265625 178.3193244934082
362.5389709472656 144.81900024414062 427.78099060058594 144.81900024414062 427.78099060058594 178.54085540771484 362.5389709472656 178.54085540771484
362.7783203125 145.33663940429688 426.2591361999512 145.33663940429688 426.2591361999512 179.86616897583008 362.7783203125 179.86616897583008
360.0508728027344 145.97607421875 424.7472229003906 145.97607421875 424.7472229003906 181.60783004760742 360.0508728027344 181.60783004760742
361.25933837890625 143.89840698242188 425.2650375366211 143.89840698242188 425.2650375366211 177.90898513793945 361.25933837890625 177.90898513793945
360.15606689453125 142.0770721435547 424.63285064697266 142.0770721435547 424.63285064697266 176.39098358154297 360.15606689453125 176.39098358154297
357.361572265625 138.69618225097656 422.00821685791016 138.69618225097656 422.00821685791016 174.10629653930664 357.361572265625 174.10629653930664
354.4535217285156 136.83340454101562 420.8016662597656 136.83340454101562 420.8016662597656 172.43479537963867 354.4535217285156 172.43479537963867
354.823486328125 135.66592407226562 420.58446502685547 135.66592407226562 420.58446502685547 171.25960159301758 354.823486328125 171.25960159301758
357.24603271484375 133.98458862304688 422.4533462524414 133.98458862304688 422.4533462524414 168.25716400146484 357.24603271484375 168.25716400146484
357.4911193847656 134.88467407226562 422.5028381347656 134.88467407226562 422.5028381347656 168.81711959838867 357.4911193847656 168.81711959838867
355.5542907714844 134.9389190673828 421.7229309082031 134.9389190673828 421.7229309082031 170.9838523864746 355.5542907714844 170.9838523864746
354.9163818359375 133.09170532226562 422.2597198486328 133.09170532226562 422.2597198486328 169.08697509765625 354.9163818359375 169.08697509765625
350.9532775878906 133.00991821289062 420.5728073120117 133.00991821289062 420.5728073120117 170.2454719543457 350.9532775878906 170.2454719543457
351.8849182128906 130.2826385498047 422.95738220214844 130.2826385498047 422.95738220214844 168.82347106933594 351.8849182128906 168.82347106933594
351.2472229003906 127.9034194946289 423.5118942260742 127.9034194946289 423.5118942260742 166.6795196533203 351.2472229003906 166.6795196533203
349.35235595703125 126.14250183105469 422.5461196899414 126.14250183105469 422.5461196899414 165.4171371459961 349.35235595703125 165.4171371459961
350.6813049316406 125.74501037597656 423.4819869995117 125.74501037597656 423.4819869995117 164.80872344970703 350.6813049316406 164.80872344970703
352.03759765625 123.60655212402344 425.4134216308594 123.60655212402344 425.4134216308594 162.97887420654297 352.03759765625 162.97887420654297
350.74005126953125 124.98783874511719 423.14615631103516 124.98783874511719 423.14615631103516 163.65117645263672 350.74005126953125 163.65117645263672
352.3134765625 124.58393859863281 424.7877426147461 124.58393859863281 424.7877426147461 163.4724998474121 352.3134765625 163.4724998474121
350.4126281738281 124.55228424072266 422.40467834472656 124.55228424072266 422.40467834472656 162.53175735473633 350.4126281738281 162.53175735473633
353.0422058105469 122.03580474853516 423.91676330566406 122.03580474853516 423.91676330566406 160.06598281860352 353.0422058105469 160.06598281860352
350.7873229980469 121.45396423339844 422.29844665527344 121.45396423339844 422.29844665527344 159.82571029663086 350.7873229980469 159.82571029663086
347.6580505371094 120.41789245605469 419.4208297729492 120.41789245605469 419.4208297729492 158.9246711730957 347.6580505371094 158.9246711730957
348.95855712890625 119.53271484375 422.0718231201172 119.53271484375 422.0718231201172 158.76414489746094 348.95855712890625 158.76414489746094
350.8337707519531 117.89163970947266 425.1189270019531 117.89163970947266 425.1189270019531 157.75188827514648 350.8337707519531 157.75188827514648
350.05609130859375 116.54646301269531 424.75711822509766 116.54646301269531 424.75711822509766 156.6298599243164 350.05609130859375 156.6298599243164
350.0140686035156 116.179443359375 424.40081787109375 116.179443359375 424.40081787109375 156.09420013427734 350.0140686035156 156.09420013427734
352.0086364746094 113.2560043334961 427.0010986328125 113.2560043334961 427.0010986328125 152.84793090820312 352.0086364746094 152.84793090820312
351.27838134765625 113.67839050292969 426.6573028564453 113.67839050292969 426.6573028564453 154.12553024291992 351.27838134765625 154.12553024291992
351.21240234375 114.10426330566406 426.3869323730469 114.10426330566406 426.3869323730469 154.65270233154297 351.21240234375 154.65270233154297
361.7066955566406 103.2927017211914 431.60746002197266 103.2927017211914 431.60746002197266 142.21663284301758 361.7066955566406 142.21663284301758
358.04443359375 103.41207122802734 429.1932144165039 103.41207122802734 429.1932144165039 140.66603469848633 358.04443359375 140.66603469848633
356.9112548828125 98.64615631103516 426.03479766845703 98.64615631103516 426.03479766845703 135.20901107788086 356.9112548828125 135.20901107788086
359.9501953125 96.94181060791016 428.9533233642578 96.94181060791016 428.9533233642578 132.34836959838867 359.9501953125 132.34836959838867
356.92987060546875 94.67941284179688 425.2814025878906 94.67941284179688 425.2814025878906 130.8748893737793 356.92987060546875 130.8748893737793
358.4751281738281 91.78941345214844 429.02185821533203 91.78941345214844 429.02185821533203 127.08293151855469 358.4751281738281 127.08293151855469
362.279541015625 90.99957275390625 431.21446228027344 90.99957275390625 431.21446228027344 126.04402160644531 362.279541015625 126.04402160644531
358.8089599609375 91.0863037109375 429.22750091552734 91.0863037109375 429.22750091552734 124.12269592285156 358.8089599609375 124.12269592285156
358.03533935546875 88.516845703125 430.11377716064453 88.516845703125 430.11377716064453 122.16155242919922 358.03533935546875 122.16155242919922
355.9422302246094 86.53573608398438 430.5985336303711 86.53573608398438 430.5985336303711 118.95451354980469 355.9422302246094 118.95451354980469
357.7428283691406 87.44329833984375 428.9755401611328 87.44329833984375 428.9755401611328 118.22422218322754 357.7428283691406 118.22422218322754
356.6583251953125 87.39038848876953 428.5202331542969 87.39038848876953 428.5202331542969 119.52030944824219 356.6583251953125 119.52030944824219
356.602294921875 86.75405883789062 429.3904342651367 86.75405883789062 429.3904342651367 118.3876838684082 356.602294921875 118.3876838684082
359.8956298828125 85.72376251220703 433.5292739868164 85.72376251220703 433.5292739868164 118.24188995361328 359.8956298828125 118.24188995361328
364.3627624511719 86.04927062988281 436.0060806274414 86.04927062988281 436.0060806274414 118.20156860351562 364.3627624511719 118.20156860351562
360.92913818359375 85.32605743408203 434.0655975341797 85.32605743408203 434.0655975341797 117.96426010131836 360.92913818359375 117.96426010131836
365.3959045410156 87.2423095703125 434.9988708496094 87.2423095703125 434.9988708496094 118.6898136138916 365.3959045410156 118.6898136138916
366.8505859375 87.38882446289062 437.4834747314453 87.38882446289062 437.4834747314453 119.72220230102539 366.8505859375 119.72220230102539
368.62725830078125 88.22505950927734 439.3502655029297 88.22505950927734 439.3502655029297 119.24894332885742 368.62725830078125 119.24894332885742
372.3486022949219 88.44810485839844 439.0518035888672 88.44810485839844 439.0518035888672 119.94291305541992 372.3486022949219 119.94291305541992
370.5285339355469 84.46085357666016 439.4575958251953 84.46085357666016 439.4575958251953 116.28799819946289 370.5285339355469 116.28799819946289
376.16357421875 85.44276428222656 442.04390716552734 85.44276428222656 442.04390716552734 117.55892562866211 376.16357421875 117.55892562866211
370.0523376464844 84.20513153076172 439.35401916503906 84.20513153076172 439.35401916503906 115.77197456359863 370.0523376464844 115.77197456359863
371.14642333984375 84.5068130493164 440.63026428222656 84.5068130493164 440.63026428222656 115.41752433776855 371.14642333984375 115.41752433776855
371.72259521484375 84.71701049804688 440.8753890991211 84.71701049804688 440.8753890991211 115.76644897460938 371.72259521484375 115.76644897460938
373.87774658203125 85.98563385009766 442.2041244506836 85.98563385009766 442.2041244506836 116.8613052368164 373.87774658203125 116.8613052368164
376.14117431640625 86.5217056274414 443.3124237060547 86.5217056274414 443.3124237060547 117.89825248718262 376.14117431640625 117.89825248718262
376.83349609375 87.3604736328125 440.6203498840332 87.3604736328125 440.6203498840332 116.32440567016602 376.83349609375 116.32440567016602
379.41064453125 85.16448211669922 443.49713134765625 85.16448211669922 443.49713134765625 114.30257987976074 379.41064453125 114.30257987976074
377.8116760253906 82.2771224975586 440.2292060852051 82.2771224975586 440.2292060852051 114.4815673828125 377.8116760253906 114.4815673828125
380.2801208496094 79.2999496459961 441.6009521484375 79.2999496459961 441.6009521484375 110.52687454223633 380.2801208496094 110.52687454223633
380.50177001953125 78.78706359863281 440.2901840209961 78.78706359863281 440.2901840209961 110.15647506713867 380.50177001953125 110.15647506713867
382.0425109863281 77.95065307617188 441.54329681396484 77.95065307617188 441.54329681396484 108.77391624450684 382.0425109863281 108.77391624450684
383.5080261230469 78.50428009033203 440.6476860046387 78.50428009033203 440.6476860046387 109.1645393371582 383.5080261230469 109.1645393371582
385.1033630371094 79.74067687988281 441.56892013549805 79.74067687988281 441.56892013549805 109.50906753540039 385.1033630371094 109.50906753540039
391.6424560546875 80.73261260986328 445.8394241333008 80.73261260986328 445.8394241333008 110.67069244384766 391.6424560546875 110.67069244384766
388.72601318359375 83.00166320800781 444.60859298706055 83.00166320800781 444.60859298706055 112.22676467895508 388.72601318359375 112.22676467895508
392.61651611328125 84.25820922851562 446.95598220825195 84.25820922851562 446.95598220825195 113.41592788696289 392.61651611328125 113.41592788696289
394.45294189453125 85.18153381347656 448.31794357299805 85.18153381347656 448.31794357299805 114.08466148376465 394.45294189453125 114.08466148376465
398.1160888671875 85.94422912597656 452.5094108581543 85.94422912597656 452.5094108581543 115.13084411621094 398.1160888671875 115.13084411621094
399.907958984375 85.0634994506836 454.7346420288086 85.0634994506836 454.7346420288086 114.48264694213867 399.907958984375 114.48264694213867
399.44293212890625 83.87403106689453 454.8619270324707 83.87403106689453 454.8619270324707 113.61100387573242 399.44293212890625 113.61100387573242
402.1163024902344 81.58588409423828 457.97615814208984 81.58588409423828 457.97615814208984 111.55941581726074 402.1163024902344 111.55941581726074
405.37457275390625 83.454833984375 460.1837272644043 83.454833984375 460.1837272644043 112.86457443237305 405.37457275390625 112.86457443237305
404.6313781738281 83.05360412597656 459.4569320678711 83.05360412597656 459.4569320678711 112.47214317321777 404.6313781738281 112.47214317321777
406.7516174316406 83.6466293334961 462.0251998901367 83.6466293334961 462.0251998901367 113.30557632446289 406.7516174316406 113.30557632446289
409.62261962890625 83.60530090332031 464.88322830200195 83.60530090332031 464.88322830200195 113.92354393005371 409.62261962890625 113.92354393005371
411.0240173339844 82.8846435546875 466.7450637817383 82.8846435546875 466.7450637817383 113.42533874511719 411.0240173339844 113.42533874511719
411.3555603027344 81.42401123046875 468.1332778930664 81.42401123046875 468.1332778930664 112.62084007263184 411.3555603027344 112.62084007263184
412.7679138183594 78.74370574951172 467.0042533874512 78.74370574951172 467.0042533874512 110.86182022094727 412.7679138183594 110.86182022094727
415.23291015625 78.41214752197266 468.8751525878906 78.41214752197266 468.8751525878906 109.58952140808105 415.23291015625 109.58952140808105
417.20880126953125 74.64466857910156 471.9052619934082 74.64466857910156 471.9052619934082 106.84793090820312 417.20880126953125 106.84793090820312
420.8816833496094 73.99128723144531 473.32848358154297 73.99128723144531 473.32848358154297 106.58474349975586 420.8816833496094 106.58474349975586
423.4471740722656 73.87336730957031 476.27373123168945 73.87336730957031 476.27373123168945 105.90252685546875 423.4471740722656 105.90252685546875
424.45263671875 72.00520324707031 478.7254943847656 72.00520324707031 478.7254943847656 104.70557403564453 424.45263671875 104.70557403564453
426.59405517578125 72.16475677490234 478.9680404663086 72.16475677490234 478.9680404663086 104.79533004760742 426.59405517578125 104.79533004760742
425.05987548828125 72.26013946533203 481.5672492980957 72.26013946533203 481.5672492980957 104.8801040649414 425.05987548828125 104.8801040649414
426.61669921875 71.55537414550781 482.76104736328125 71.55537414550781 482.76104736328125 104.94494247436523 426.61669921875 104.94494247436523
427.38037109375 69.24012756347656 484.0390739440918 69.24012756347656 484.0390739440918 101.59950256347656 427.38037109375 101.59950256347656
426.44921875 67.80961608886719 483.4666748046875 67.80961608886719 483.4666748046875 100.50382232666016 426.44921875 100.50382232666016
423.5812072753906 64.63499450683594 483.5953140258789 64.63499450683594 483.5953140258789 96.83763885498047 423.5812072753906 96.83763885498047
434.4176330566406 61.40834426879883 489.14415740966797 61.40834426879883 489.14415740966797 95.17467880249023 434.4176330566406 95.17467880249023
425.3143615722656 63.34684371948242 485.59973907470703 63.34684371948242 485.59973907470703 95.69504165649414 425.3143615722656 95.69504165649414
426.5043029785156 63.6921501159668 488.10247802734375 63.6921501159668 488.10247802734375 96.7447738647461 426.5043029785156 96.7447738647461
431.3998107910156 59.84880828857422 489.65533447265625 59.84880828857422 489.65533447265625 93.97230911254883 431.3998107910156 93.97230911254883
437.85791015625 60.996490478515625 494.9146499633789 60.996490478515625 494.9146499633789 95.7630386352539 437.85791015625 95.7630386352539
437.54681396484375 60.46168899536133 494.20600509643555 60.46168899536133 494.20600509643555 94.90764999389648 437.54681396484375 94.90764999389648
424.54742431640625 58.1627311706543 484.5624809265137 58.1627311706543 484.5624809265137 91.79708099365234 424.54742431640625 91.79708099365234
428.721435546875 55.1590576171875 487.3469657897949 55.1590576171875 487.3469657897949 90.90778732299805 428.721435546875 90.90778732299805
426.604736328125 55.21907424926758 488.0186080932617 55.21907424926758 488.0186080932617 89.90015029907227 426.604736328125 89.90015029907227
429.1917419433594 52.4964599609375 488.04815673828125 52.4964599609375 488.04815673828125 87.6401596069336 429.1917419433594 87.6401596069336
434.25872802734375 52.3095817565918 488.95252227783203 52.3095817565918 488.95252227783203 86.56760025024414 434.25872802734375 86.56760025024414
430.21856689453125 52.754676818847656 486.24162673950195 52.754676818847656 486.24162673950195 86.73722839355469 430.21856689453125 86.73722839355469
431.0400390625 52.53375244140625 487.8503303527832 52.53375244140625 487.8503303527832 85.64717864990234 431.0400390625 85.64717864990234
428.42254638671875 52.9866943359375 485.9949150085449 52.9866943359375 485.9949150085449 87.37562942504883 428.42254638671875 87.37562942504883
426.73443603515625 53.19612503051758 485.7005500793457 53.19612503051758 485.7005500793457 86.04246139526367 426.73443603515625 86.04246139526367
436.01788330078125 51.30804443359375 491.1075668334961 51.30804443359375 491.1075668334961 84.67841720581055 436.01788330078125 84.67841720581055
435.8207092285156 50.200782775878906 490.7370491027832 50.200782775878906 490.7370491027832 83.40626525878906 435.8207092285156 83.40626525878906
437.9622497558594 49.389930725097656 490.4699401855469 49.389930725097656 490.4699401855469 80.59356307983398 437.9622497558594 80.59356307983398
439.105224609375 49.67055130004883 490.6156120300293 49.67055130004883 490.6156120300293 79.5497989654541 439.105224609375 79.5497989654541
435.40521240234375 48.073421478271484 488.79878997802734 48.073421478271484 488.79878997802734 79.90740585327148 435.40521240234375 79.90740585327148
438.5050354003906 48.556331634521484 490.1255569458008 48.556331634521484 490.1255569458008 79.61230659484863 438.5050354003906 79.61230659484863
439.8810119628906 47.9815788269043 492.18049240112305 47.9815788269043 492.18049240112305 80.41325759887695 439.8810119628906 80.41325759887695
435.29937744140625 46.949073791503906 490.5500717163086 46.949073791503906 490.5500717163086 81.20645523071289 435.29937744140625 81.20645523071289
432.1238708496094 48.01536178588867 486.7997245788574 48.01536178588867 486.7997245788574 82.5657844543457 432.1238708496094 82.5657844543457
430.7305603027344 47.76640701293945 487.06409454345703 47.76640701293945 487.06409454345703 84.73005294799805 430.7305603027344 84.73005294799805
434.4188537597656 48.7612190246582 489.7041549682617 48.7612190246582 489.7041549682617 82.85866165161133 434.4188537597656 82.85866165161133
434.435791015625 47.52839660644531 490.9109916687012 47.52839660644531 490.9109916687012 83.23075103759766 434.435791015625 83.23075103759766
434.77642822265625 47.751914978027344 490.4642868041992 47.751914978027344 490.4642868041992 83.43572998046875 434.77642822265625 83.43572998046875
436.014404296875 47.56439971923828 492.2084770202637 47.56439971923828 492.2084770202637 83.47012710571289 436.014404296875 83.47012710571289
428.2102966308594 46.044410705566406 490.2357864379883 46.044410705566406 490.2357864379883 83.71845245361328 428.2102966308594 83.71845245361328
432.79901123046875 44.70235824584961 491.2528076171875 44.70235824584961 491.2528076171875 82.89189147949219 432.79901123046875 82.89189147949219
438.31591796875 45.37507247924805 495.6245346069336 45.37507247924805 495.6245346069336 82.39053726196289 438.31591796875 82.39053726196289
442.234375 44.42415237426758 499.9801216125488 44.42415237426758 499.9801216125488 83.00748443603516 442.234375 83.00748443603516
441.668212890625 42.95961380004883 499.7275810241699 42.95961380004883 499.7275810241699 81.20658493041992 441.668212890625 81.20658493041992
436.6678161621094 42.4695930480957 495.46916580200195 42.4695930480957 495.46916580200195 82.18336868286133 436.6678161621094 82.18336868286133
438.7412109375 39.98079299926758 498.91655349731445 39.98079299926758 498.91655349731445 78.03628158569336 438.7412109375 78.03628158569336
439.35736083984375 39.44948959350586 501.6703872680664 39.44948959350586 501.6703872680664 80.04101181030273 439.35736083984375 80.04101181030273
442.31658935546875 37.096595764160156 503.49689865112305 37.096595764160156 503.49689865112305 78.09406280517578 442.31658935546875 78.09406280517578
439.29949951171875 36.597084045410156 501.51879119873047 36.597084045410156 501.51879119873047 77.10142517089844 439.29949951171875 77.10142517089844
439.7938537597656 35.56348419189453 502.92493438720703 35.56348419189453 502.92493438720703 77.97014236450195 439.7938537597656 77.97014236450195
445.87744140625 35.5638542175293 505.8360900878906 35.5638542175293 505.8360900878906 76.700927734375 445.87744140625 76.700927734375
444.68658447265625 33.806339263916016 505.4526252746582 33.806339263916016 505.4526252746582 75.13643646240234 444.68658447265625 75.13643646240234
440.57720947265625 32.915565490722656 504.4101371765137 32.915565490722656 504.4101371765137 74.62260437011719 440.57720947265625 74.62260437011719
444.88189697265625 33.1139030456543 506.0521659851074 33.1139030456543 506.0521659851074 76.2136459350586 444.88189697265625 76.2136459350586
441.1324157714844 29.417407989501953 503.23833084106445 29.417407989501953 503.23833084106445 73.24176788330078 441.1324157714844 73.24176788330078
444.06964111328125 28.12752342224121 502.3668098449707 28.12752342224121 502.3668098449707 68.89180946350098 444.06964111328125 68.89180946350098
443.67071533203125 26.728424072265625 501.2485771179199 26.728424072265625 501.2485771179199 68.35867691040039 443.67071533203125 68.35867691040039
443.33612060546875 25.8701114654541 503.13481521606445 25.8701114654541 503.13481521606445 68.67048454284668 443.33612060546875 68.67048454284668
446.3841247558594 28.228595733642578 505.2339286804199 28.228595733642578 505.2339286804199 69.58115768432617 446.3841247558594 69.58115768432617
445.151123046875 28.87360191345215 505.87349700927734 28.87360191345215 505.87349700927734 71.25257682800293 445.151123046875 71.25257682800293
447.6246643066406 25.480680465698242 509.6703987121582 25.480680465698242 509.6703987121582 68.13419532775879 447.6246643066406 68.13419532775879
443.9708557128906 25.079069137573242 509.3181610107422 25.079069137573242 509.3181610107422 69.9355640411377 443.9708557128906 69.9355640411377
447.15374755859375 23.826040267944336 513.0183029174805 23.826040267944336 513.0183029174805 68.7827205657959 447.15374755859375 68.7827205657959
449.6214294433594 17.537050247192383 515.4443130493164 17.537050247192383 515.4443130493164 62.962411880493164 449.6214294433594 62.962411880493164
453.38238525390625 17.078662872314453 518.1542129516602 17.078662872314453 518.1542129516602 60.85055160522461 453.38238525390625 60.85055160522461
456.7876892089844 16.36336326599121 522.4022521972656 16.36336326599121 522.4022521972656 57.926984786987305 456.7876892089844 57.926984786987305
453.59222412109375 15.09607219696045 522.6726455688477 15.09607219696045 522.6726455688477 57.58562755584717 453.59222412109375 57.58562755584717
453.830810546875 15.63708209991455 520.3327484130859 15.63708209991455 520.3327484130859 58.69089221954346 453.830810546875 58.69089221954346
453.40936279296875 16.151254653930664 520.5479278564453 16.151254653930664 520.5479278564453 59.80431938171387 453.40936279296875 59.80431938171387
450.9700622558594 14.467511177062988 518.4535446166992 14.467511177062988 518.4535446166992 59.230183601379395 450.9700622558594 59.230183601379395
453.46783447265625 13.509272575378418 519.6863555908203 13.509272575378418 519.6863555908203 58.087111473083496 453.46783447265625 58.087111473083496
453.65863037109375 9.463274002075195 520.8616027832031 9.463274002075195 520.8616027832031 55.579721450805664 453.65863037109375 55.579721450805664
457.801025390625 8.436883926391602 523.3630752563477 8.436883926391602 523.3630752563477 52.27346992492676 457.801025390625 52.27346992492676
457.05694580078125 8.163698196411133 523.3693084716797 8.163698196411133 523.3693084716797 50.854413986206055 457.05694580078125 50.854413986206055
456.19061279296875 6.410559177398682 520.7870712280273 6.410559177398682 520.7870712280273 48.19193887710571 456.19061279296875 48.19193887710571
460.24908447265625 6.182582855224609 523.773681640625 6.182582855224609 523.773681640625 48.85871124267578 460.24908447265625 48.85871124267578
466.76666259765625 6.827396392822266 530.6027603149414 6.827396392822266 530.6027603149414 47.70409393310547 466.76666259765625 47.70409393310547
467.974609375 4.883200168609619 531.5559883117676 4.883200168609619 531.5559883117676 46.534910678863525 467.974609375 46.534910678863525
469.5668029785156 5.231555938720703 532.6144714355469 5.231555938720703 532.6144714355469 47.58177947998047 469.5668029785156 47.58177947998047
471.2362365722656 3.5314669609069824 533.6811599731445 3.5314669609069824 533.6811599731445 43.73663663864136 471.2362365722656 43.73663663864136
464.420654296875 3.574906587600708 529.3815460205078 3.574906587600708 529.3815460205078 46.45769238471985 464.420654296875 46.45769238471985
466.91558837890625 2.4758880138397217 533.1321792602539 2.4758880138397217 533.1321792602539 45.4102828502655 466.91558837890625 45.4102828502655
