284.0 228.0 305.0 228.0 305.0 252.0 284.0 252.0
284.0997619628906 228.05322265625 304.8457736968994 228.05322265625 304.8457736968994 251.92911911010742 284.0997619628906 251.92911911010742
286.1198425292969 228.3990020751953 306.5831489562988 228.3990020751953 306.5831489562988 251.7856388092041 286.1198425292969 251.7856388092041
286.16815185546875 228.68313598632812 306.87220764160156 228.68313598632812 306.87220764160156 252.34491539001465 286.16815185546875 252.34491539001465
287.3666076660156 227.2620086669922 307.9115791320801 227.2620086669922 307.9115791320801 250.7419776916504 287.3666076660156 250.7419776916504
287.6560974121094 227.7581329345703 307.9754524230957 227.7581329345703 307.9754524230957 250.9802532196045 287.6560974121094 250.9802532196045
288.0124816894531 228.2976531982422 308.3917942047119 228.2976531982422 308.3917942047119 251.76311683654785 288.0124816894531 251.76311683654785
288.6256408691406 228.0017547607422 309.2816104888916 228.0017547607422 309.2816104888916 251.60857582092285 288.6256408691406 251.60857582092285
288.7500305175781 228.316162109375 309.71843338012695 228.316162109375 309.71843338012695 252.28005027770996 288.7500305175781 252.28005027770996
289.48065185546875 228.99935913085938 309.71434783935547 228.99935913085938 309.71434783935547 252.5442657470703 289.48065185546875 252.5442657470703
290.39874267578125 228.97891235351562 310.244176864624 228.97891235351562 310.244176864624 252.2243423461914 290.39874267578125 252.2243423461914
290.3929443359375 228.6413116455078 310.646333694458 228.6413116455078 310.646333694458 252.36364364624023 290.3929443359375 252.36364364624023
290.9162292480469 229.2854766845703 310.69129943847656 229.2854766845703 310.69129943847656 253.17186164855957 290.9162292480469 253.17186164855957
291.19732666015625 228.7501983642578 311.5032272338867 228.7501983642578 311.5032272338867 252.21869277954102 291.19732666015625 252.21869277954102
292.2965087890625 228.68753051757812 312.80152893066406 228.68753051757812 312.80152893066406 252.1218376159668 292.2965087890625 252.1218376159668
292.384521484375 228.5413818359375 312.69302558898926 228.5413818359375 312.69302558898926 251.55533981323242 292.384521484375 251.55533981323242
293.234130859375 229.03628540039062 313.6711120605469 229.03628540039062 313.6711120605469 251.86480140686035 293.234130859375 251.86480140686035
294.3270263671875 229.1000518798828 314.591251373291 229.1000518798828 314.591251373291 252.38035202026367 294.3270263671875 252.38035202026367
293.13165283203125 229.6206817626953 313.78246688842773 229.6206817626953 313.78246688842773 251.8000316619873 293.13165283203125 251.8000316619873
294.66943359375 229.18310546875 315.3300666809082 229.18310546875 315.3300666809082 252.2048053741455 294.66943359375 252.2048053741455
295.95123291015625 229.64797973632812 316.8002643585205 229.64797973632812 316.8002643585205 253.03219032287598 295.95123291015625 253.03219032287598
296.7398681640625 229.3622589111328 317.48056411743164 229.3622589111328 317.48056411743164 253.06590461730957 296.7398681640625 253.06590461730957
297.8066711425781 229.64584350585938 318.6361503601074 229.64584350585938 318.6361503601074 253.45095443725586 297.8066711425781 253.45095443725586
298.8403015136719 229.04342651367188 319.4701271057129 229.04342651367188 319.4701271057129 252.620361328125 298.8403015136719 252.620361328125
299.3187255859375 229.0193634033203 320.11566734313965 229.0193634033203 320.11566734313965 252.78728675842285 299.3187255859375 252.78728675842285
299.114013671875 229.1298370361328 320.1580810546875 229.1298370361328 320.1580810546875 253.18018913269043 299.114013671875 253.18018913269043
300.5296936035156 229.29019165039062 321.6629276275635 229.29019165039062 321.6629276275635 253.44244766235352 300.5296936035156 253.44244766235352
300.00689697265625 229.61148071289062 321.19221115112305 229.61148071289062 321.19221115112305 253.84544372558594 300.00689697265625 253.84544372558594
301.003662109375 229.47274780273438 321.9726810455322 229.47274780273438 321.9726810455322 253.46401023864746 301.003662109375 253.46401023864746
301.29559326171875 229.7647705078125 322.35143852233887 229.7647705078125 322.35143852233887 253.82858657836914 301.29559326171875 253.82858657836914
302.6133728027344 230.1085968017578 323.33282470703125 230.1085968017578 323.33282470703125 253.78796195983887 302.6133728027344 253.78796195983887
301.9018249511719 230.5968780517578 322.80182456970215 230.5968780517578 322.80182456970215 254.48258590698242 301.9018249511719 254.48258590698242
302.7708740234375 231.2279052734375 323.75226974487305 231.2279052734375 323.75226974487305 255.20663833618164 302.7708740234375 255.20663833618164
303.50701904296875 230.3059844970703 324.6459159851074 230.3059844970703 324.6459159851074 254.46471786499023 303.50701904296875 254.46471786499023
303.6875305175781 229.5943145751953 325.0986213684082 229.5943145751953 325.0986213684082 254.0641269683838 303.6875305175781 254.0641269683838
304.58087158203125 230.67587280273438 326.28760528564453 230.67587280273438 326.28760528564453 255.48356246948242 304.58087158203125 255.48356246948242
304.95245361328125 230.1400909423828 326.7473850250244 230.1400909423828 326.7473850250244 255.0485782623291 304.95245361328125 255.0485782623291
306.80706787109375 230.1677703857422 328.6161117553711 230.1677703857422 328.6161117553711 255.09238815307617 306.80706787109375 255.09238815307617
307.523193359375 229.8625946044922 329.27099227905273 229.8625946044922 329.27099227905273 254.71722030639648 307.523193359375 254.71722030639648
307.3099670410156 231.30612182617188 329.2729549407959 231.30612182617188 329.2729549407959 256.406681060791 307.3099670410156 256.406681060791
307.91839599609375 230.26852416992188 330.17164611816406 230.26852416992188 330.17164611816406 255.7008113861084 307.91839599609375 255.7008113861084
308.14630126953125 229.41635131835938 330.90724182128906 229.41635131835938 330.90724182128906 255.22072410583496 308.14630126953125 255.22072410583496
309.4188537597656 231.1237335205078 331.82557678222656 231.1237335205078 331.82557678222656 256.73141860961914 309.4188537597656 256.73141860961914
310.74127197265625 231.14071655273438 332.6077651977539 231.14071655273438 332.6077651977539 256.13099670410156 310.74127197265625 256.13099670410156
310.6349792480469 230.6532745361328 332.2750186920166 230.6532745361328 332.2750186920166 255.38475227355957 310.6349792480469 255.38475227355957
311.6146545410156 231.2206268310547 333.3968620300293 231.2206268310547 333.3968620300293 256.1145839691162 311.6146545410156 256.1145839691162
312.13616943359375 230.393798828125 334.0120849609375 230.393798828125 334.0120849609375 255.39484977722168 312.13616943359375 255.39484977722168
313.7032165527344 231.13916015625 335.71141052246094 231.13916015625 335.71141052246094 256.29138946533203 313.7032165527344 256.29138946533203
313.71710205078125 230.8899383544922 336.14326095581055 230.8899383544922 336.14326095581055 256.5198402404785 313.71710205078125 256.5198402404785
314.58270263671875 230.81826782226562 336.9156379699707 230.81826782226562 336.9156379699707 256.34162521362305 314.58270263671875 256.34162521362305
314.20989990234375 231.57705688476562 336.82040214538574 231.57705688476562 336.82040214538574 257.4176330566406 314.20989990234375 257.4176330566406
314.69390869140625 232.7681427001953 337.29268646240234 232.7681427001953 337.29268646240234 258.59532165527344 314.69390869140625 258.59532165527344
314.21856689453125 232.6177215576172 336.53723526000977 232.6177215576172 336.53723526000977 258.1247749328613 314.21856689453125 258.1247749328613
314.7906494140625 233.7197265625 336.8011360168457 233.7197265625 336.8011360168457 258.87457275390625 314.7906494140625 258.87457275390625
315.8318786621094 232.7334442138672 337.65424728393555 232.7334442138672 337.65424728393555 257.6732978820801 315.8318786621094 257.6732978820801
316.50140380859375 233.2378387451172 338.1178207397461 233.2378387451172 338.1178207397461 257.9423179626465 316.50140380859375 257.9423179626465
316.23583984375 235.04446411132812 337.67661476135254 235.04446411132812 337.67661476135254 259.54820823669434 316.23583984375 259.54820823669434
318.23553466796875 236.43807983398438 339.37989234924316 236.43807983398438 339.37989234924316 260.6030616760254 318.23553466796875 260.6030616760254
318.1654052734375 234.94595336914062 339.3816394805908 234.94595336914062 339.3816394805908 259.193078994751 318.1654052734375 259.193078994751
319.1934509277344 235.412841796875 340.43881607055664 235.412841796875 340.43881607055664 259.69325828552246 319.1934509277344 259.69325828552246
320.32073974609375 236.302001953125 341.78632736206055 236.302001953125 341.78632736206055 260.83410263061523 320.32073974609375 260.83410263061523
321.23431396484375 235.8062744140625 342.5609321594238 235.8062744140625 342.5609321594238 260.17955207824707 321.23431396484375 260.17955207824707
321.36749267578125 236.33554077148438 342.68144035339355 236.33554077148438 342.68144035339355 260.6943359375 321.36749267578125 260.6943359375
323.00445556640625 236.4681854248047 344.4714241027832 236.4681854248047 344.4714241027832 261.00186347961426 323.00445556640625 261.00186347961426
322.63482666015625 235.3131866455078 344.4303722381592 235.3131866455078 344.4303722381592 260.2223834991455 322.63482666015625 260.2223834991455
324.3517761230469 235.24185180664062 346.0538673400879 235.24185180664062 346.0538673400879 260.04424476623535 324.3517761230469 260.04424476623535
325.22674560546875 235.3031463623047 346.6956729888916 235.3031463623047 346.6956729888916 259.8390636444092 325.22674560546875 259.8390636444092
325.40667724609375 235.79751586914062 347.11830139160156 235.79751586914062 347.11830139160156 260.6107997894287 325.40667724609375 260.6107997894287
326.24517822265625 236.16098022460938 348.19662857055664 236.16098022460938 348.19662857055664 261.24835205078125 326.24517822265625 261.24835205078125
325.9540100097656 237.72885131835938 347.60874366760254 237.72885131835938 347.60874366760254 262.47711753845215 325.9540100097656 262.47711753845215
327.85882568359375 237.61154174804688 349.82226753234863 237.61154174804688 349.82226753234863 262.71261978149414 327.85882568359375 262.71261978149414
327.84027099609375 236.4682159423828 349.61796951293945 236.4682159423828 349.61796951293945 261.35701751708984 327.84027099609375 261.35701751708984
327.888916015625 237.0438690185547 349.66637420654297 237.0438690185547 349.66637420654297 261.93239974975586 327.888916015625 261.93239974975586
329.25665283203125 235.91891479492188 350.6074390411377 235.91891479492188 350.6074390411377 260.31982040405273 329.25665283203125 260.31982040405273
330.1458435058594 235.3591766357422 351.2584533691406 235.3591766357422 351.2584533691406 259.4878807067871 330.1458435058594 259.4878807067871
330.2728576660156 234.85400390625 351.41583824157715 234.85400390625 351.41583824157715 259.0174160003662 330.2728576660156 259.0174160003662
332.3028259277344 235.95455932617188 352.9869747161865 235.95455932617188 352.9869747161865 259.5935935974121 332.3028259277344 259.5935935974121
333.21038818359375 235.7427215576172 353.9108543395996 235.7427215576172 353.9108543395996 259.40040397644043 333.21038818359375 259.40040397644043
333.32330322265625 236.5635986328125 353.75805282592773 236.5635986328125 353.75805282592773 259.9176025390625 333.32330322265625 259.9176025390625
340.079833984375 237.36221313476562 360.67151641845703 237.36221313476562 360.67151641845703 260.89556884765625 340.079833984375 260.89556884765625
336.0558166503906 236.70767211914062 356.6800880432129 236.70767211914062 356.6800880432129 260.27827072143555 336.0558166503906 260.27827072143555
349.808349609375 235.30154418945312 370.66725158691406 235.30154418945312 370.66725158691406 259.1402931213379 349.808349609375 259.1402931213379
338.0543518066406 235.49996948242188 358.3481864929199 235.49996948242188 358.3481864929199 258.692928314209 338.0543518066406 258.692928314209
338.2682189941406 236.31298828125 358.64677810668945 236.31298828125 358.64677810668945 259.60277366638184 338.2682189941406 259.60277366638184
337.297607421875 236.5736083984375 358.0176944732666 236.5736083984375 358.0176944732666 260.2537097930908 337.297607421875 260.2537097930908
318.075927734375 236.2058868408203 338.717227935791 236.2058868408203 338.717227935791 259.7959442138672 318.075927734375 259.7959442138672
312.5482482910156 236.85934448242188 332.5096321105957 236.85934448242188 332.5096321105957 260.6284484863281 312.5482482910156 260.6284484863281
313.28765869140625 237.1979217529297 333.33215141296387 237.1979217529297 333.33215141296387 260.1059150695801 313.28765869140625 260.1059150695801
313.83038330078125 236.3730010986328 333.4064064025879 236.3730010986328 333.4064064025879 258.7455997467041 313.83038330078125 258.7455997467041
316.02239990234375 237.9806671142578 335.80548667907715 237.9806671142578 335.80548667907715 260.58991050720215 316.02239990234375 260.58991050720215
315.96356201171875 238.538330078125 335.77947425842285 238.538330078125 335.77947425842285 261.18509101867676 315.96356201171875 261.18509101867676
316.86297607421875 239.29275512695312 336.88867950439453 239.29275512695312 336.88867950439453 262.1792793273926 316.86297607421875 262.1792793273926
317.2117919921875 239.10720825195312 337.18053245544434 239.10720825195312 337.18053245544434 261.9286346435547 317.2117919921875 261.9286346435547
318.3636169433594 238.9544219970703 338.25829696655273 238.9544219970703 338.25829696655273 261.6912097930908 318.3636169433594 261.6912097930908
318.97979736328125 239.1053924560547 338.6786136627197 239.1053924560547 338.6786136627197 261.61833572387695 318.97979736328125 261.61833572387695
319.34722900390625 239.406005859375 338.8789482116699 239.406005859375 338.8789482116699 261.7279815673828 319.34722900390625 261.7279815673828
320.83258056640625 239.1362762451172 340.84093475341797 239.1362762451172 340.84093475341797 262.0029773712158 320.83258056640625 262.0029773712158
321.0863037109375 238.820068359375 341.3602809906006 238.820068359375 341.3602809906006 261.9903392791748 321.0863037109375 261.9903392791748
321.93109130859375 239.0391082763672 342.14052963256836 239.0391082763672 342.14052963256836 262.13562393188477 321.93109130859375 262.13562393188477
323.5233459472656 239.199462890625 343.74106216430664 239.199462890625 343.74106216430664 262.3054389953613 323.5233459472656 262.3054389953613
323.18048095703125 240.217529296875 343.3957710266113 240.217529296875 343.3957710266113 263.32073402404785 323.18048095703125 263.32073402404785
324.5467834472656 239.5741729736328 345.08240699768066 239.5741729736328 345.08240699768066 263.04347229003906 324.5467834472656 263.04347229003906
326.467041015625 238.3751983642578 347.00707054138184 238.3751983642578 347.00707054138184 261.8495330810547 326.467041015625 261.8495330810547
326.5931091308594 239.74539184570312 346.9981155395508 239.74539184570312 346.9981155395508 263.0654125213623 326.5931091308594 263.0654125213623
326.9355163574219 238.81033325195312 347.4822750091553 238.81033325195312 347.4822750091553 262.2923583984375 326.9355163574219 262.2923583984375
326.5779724121094 239.51229858398438 347.26573181152344 239.51229858398438 347.26573181152344 263.15546798706055 326.5779724121094 263.15546798706055
328.08734130859375 238.8619842529297 348.7742004394531 238.8619842529297 348.7742004394531 262.50412368774414 328.08734130859375 262.50412368774414
328.7978210449219 239.1326141357422 349.59910774230957 239.1326141357422 349.59910774230957 262.90552520751953 328.7978210449219 262.90552520751953
330.0777893066406 239.334716796875 350.83983993530273 239.334716796875 350.83983993530273 263.06278800964355 330.0777893066406 263.06278800964355
330.8049621582031 239.8552703857422 351.18834114074707 239.8552703857422 351.18834114074707 263.15057373046875 330.8049621582031 263.15057373046875
332.18365478515625 239.427978515625 352.64980697631836 239.427978515625 352.64980697631836 262.8178768157959 332.18365478515625 262.8178768157959
331.16094970703125 240.2572784423828 351.8246154785156 240.2572784423828 351.8246154785156 263.8729076385498 331.16094970703125 263.8729076385498
331.2472839355469 240.4220428466797 352.01109886169434 240.4220428466797 352.01109886169434 264.1521282196045 331.2472839355469 264.1521282196045
332.70770263671875 238.87252807617188 353.9471969604492 238.87252807617188 353.9471969604492 263.14624786376953 332.70770263671875 263.14624786376953
331.7872314453125 238.5177764892578 353.26844787597656 238.5177764892578 353.26844787597656 263.06775283813477 331.7872314453125 263.06775283813477
331.86065673828125 238.15994262695312 353.8261661529541 238.15994262695312 353.8261661529541 263.2633972167969 331.86065673828125 263.2633972167969
330.99566650390625 236.7233428955078 353.4517631530762 236.7233428955078 353.4517631530762 262.3874702453613 330.99566650390625 262.3874702453613
332.7546081542969 236.3765106201172 354.6284580230713 236.3765106201172 354.6284580230713 263.35303115844727 332.7546081542969 263.35303115844727
330.5334777832031 238.0747833251953 352.59307289123535 238.0747833251953 352.59307289123535 264.59521102905273 330.5334777832031 264.59521102905273
330.3377380371094 237.74954223632812 352.8239154815674 237.74954223632812 352.8239154815674 264.49147033691406 330.3377380371094 264.49147033691406
331.80755615234375 237.53713989257812 354.2434253692627 237.53713989257812 354.2434253692627 264.6939334869385 331.80755615234375 264.6939334869385
328.8495788574219 238.9840545654297 351.6932373046875 238.9840545654297 351.6932373046875 266.10740661621094 328.8495788574219 266.10740661621094
328.3583984375 238.80126953125 351.1787052154541 238.80126953125 351.1787052154541 266.21188735961914 328.3583984375 266.21188735961914
329.3045349121094 237.01864624023438 350.57920837402344 237.01864624023438 350.57920837402344 266.4774875640869 329.3045349121094 266.4774875640869
327.18853759765625 239.01046752929688 349.3170166015625 239.01046752929688 349.3170166015625 266.9276542663574 327.18853759765625 266.9276542663574
328.9732971191406 236.9264678955078 349.3519973754883 236.9264678955078 349.3519973754883 266.27687644958496 328.9732971191406 266.27687644958496
326.75372314453125 238.45199584960938 349.2625389099121 238.45199584960938 349.2625389099121 266.6024227142334 326.75372314453125 266.6024227142334
325.7413024902344 238.80001831054688 348.24539375305176 238.80001831054688 348.24539375305176 267.26170921325684 325.7413024902344 267.26170921325684
324.0077209472656 241.2908172607422 347.19644355773926 241.2908172607422 347.19644355773926 267.79223251342773 324.0077209472656 267.79223251342773
324.3868713378906 240.61526489257812 346.52332496643066 240.61526489257812 346.52332496643066 269.0949764251709 324.3868713378906 269.0949764251709
325.15631103515625 241.05908203125 347.3455410003662 241.05908203125 347.3455410003662 269.51158714294434 325.15631103515625 269.51158714294434
323.1068115234375 241.83273315429688 346.2630786895752 241.83273315429688 346.2630786895752 268.29705810546875 323.1068115234375 268.29705810546875
323.90313720703125 241.26217651367188 346.30315589904785 241.26217651367188 346.30315589904785 268.1879997253418 323.90313720703125 268.1879997253418
322.54193115234375 241.4563751220703 345.7053852081299 241.4563751220703 345.7053852081299 267.9289093017578 322.54193115234375 267.9289093017578
322.8473815917969 240.58963012695312 346.03077697753906 240.58963012695312 346.03077697753906 267.0849552154541 322.8473815917969 267.0849552154541
323.3067321777344 239.32675170898438 345.70244216918945 239.32675170898438 345.70244216918945 267.2529640197754 323.3067321777344 267.2529640197754
321.77496337890625 241.49423217773438 345.0566711425781 241.49423217773438 345.0566711425781 268.1019172668457 321.77496337890625 268.1019172668457
321.97930908203125 241.36373901367188 345.48222160339355 241.36373901367188 345.48222160339355 268.2242317199707 321.97930908203125 268.2242317199707
321.8060302734375 241.46224975585938 344.2909278869629 241.46224975585938 344.2909278869629 269.5477657318115 321.8060302734375 269.5477657318115
321.69744873046875 241.97488403320312 344.7250785827637 241.97488403320312 344.7250785827637 269.8526039123535 321.69744873046875 269.8526039123535
319.70941162109375 242.0526123046875 343.3637886047363 242.0526123046875 343.3637886047363 269.08620834350586 319.70941162109375 269.08620834350586
319.84356689453125 242.47164916992188 344.0111618041992 242.47164916992188 344.0111618041992 270.09178161621094 319.84356689453125 270.09178161621094
320.3841857910156 242.0107879638672 343.69250106811523 242.0107879638672 343.69250106811523 270.96083641052246 320.3841857910156 270.96083641052246
320.43280029296875 241.1795654296875 342.80214500427246 241.1795654296875 342.80214500427246 271.03193283081055 320.43280029296875 271.03193283081055
319.8814392089844 241.65109252929688 342.48186683654785 241.65109252929688 342.48186683654785 270.7267818450928 319.8814392089844 270.7267818450928
318.7170715332031 243.44515991210938 342.225284576416 243.44515991210938 342.225284576416 270.31170654296875 318.7170715332031 270.31170654296875
317.6896667480469 244.104248046875 341.63894844055176 244.104248046875 341.63894844055176 271.4748725891113 317.6896667480469 271.4748725891113
317.77490234375 244.5185546875 341.9096794128418 244.5185546875 341.9096794128418 272.10117530822754 317.77490234375 272.10117530822754
318.15167236328125 244.30795288085938 342.1508159637451 244.30795288085938 342.1508159637451 271.7355651855469 318.15167236328125 271.7355651855469
317.0146179199219 244.8957061767578 341.3190441131592 244.8957061767578 341.3190441131592 272.67221450805664 317.0146179199219 272.67221450805664
316.5597839355469 244.3461456298828 340.8985004425049 244.3461456298828 340.8985004425049 272.16184425354004 316.5597839355469 272.16184425354004
316.5462951660156 243.3842315673828 341.05301666259766 243.3842315673828 341.05301666259766 271.3919334411621 316.5462951660156 271.3919334411621
316.0380554199219 242.8910675048828 340.6932029724121 242.8910675048828 340.6932029724121 271.068395614624 316.0380554199219 271.068395614624
316.1866760253906 243.01290893554688 340.83067321777344 243.01290893554688 340.83067321777344 271.177490234375 316.1866760253906 271.177490234375
315.46331787109375 243.618408203125 340.15607833862305 243.618408203125 340.15607833862305 271.83871841430664 315.46331787109375 271.83871841430664
316.05169677734375 243.1585235595703 340.93586349487305 243.1585235595703 340.93586349487305 271.5975856781006 316.05169677734375 271.5975856781006
314.5173034667969 244.95297241210938 339.0592346191406 244.95297241210938 339.0592346191406 273.00090980529785 314.5173034667969 273.00090980529785
314.2438049316406 244.85977172851562 338.68387603759766 244.85977172851562 338.68387603759766 272.791296005249 314.2438049316406 272.791296005249
314.0234375 244.6636505126953 338.33910942077637 244.6636505126953 338.33910942077637 272.4530029296875 314.0234375 272.4530029296875
313.02447509765625 245.22119140625 337.437801361084 245.22119140625 337.437801361084 273.1221504211426 313.02447509765625 273.1221504211426
312.57354736328125 244.2237548828125 336.9397945404053 244.2237548828125 336.9397945404053 272.07090759277344 312.57354736328125 272.07090759277344
311.9064025878906 244.58547973632812 336.48273849487305 244.58547973632812 336.48273849487305 272.67273330688477 311.9064025878906 272.67273330688477
312.4512634277344 244.0973663330078 335.5028476715088 244.0973663330078 335.5028476715088 273.7391929626465 312.4512634277344 273.7391929626465
311.0244140625 245.4679412841797 335.60676193237305 245.4679412841797 335.60676193237305 273.562068939209 311.0244140625 273.562068939209
308.5543518066406 245.9271697998047 333.82582664489746 245.9271697998047 333.82582664489746 274.8088722229004 308.5543518066406 274.8088722229004
308.515869140625 245.9890899658203 334.029504776001 245.9890899658203 334.029504776001 275.1475486755371 308.515869140625 275.1475486755371
308.36444091796875 247.291015625 334.1224021911621 247.291015625 334.1224021911621 276.72870445251465 308.36444091796875 276.72870445251465
307.8427734375 246.83120727539062 334.1972198486328 246.83120727539062 334.1972198486328 276.9505958557129 307.8427734375 276.9505958557129
307.30810546875 246.2620849609375 333.1397819519043 246.2620849609375 333.1397819519043 277.0659942626953 307.30810546875 277.0659942626953
307.2049865722656 244.83822631835938 332.6084518432617 244.83822631835938 332.6084518432617 276.20761489868164 307.2049865722656 276.20761489868164
305.92193603515625 245.2987060546875 332.48683166503906 245.2987060546875 332.48683166503906 275.6586093902588 305.92193603515625 275.6586093902588
305.4833984375 245.13113403320312 331.79144859313965 245.13113403320312 331.79144859313965 275.1974983215332 305.4833984375 275.1974983215332
304.4739990234375 246.0617218017578 330.4062080383301 246.0617218017578 330.4062080383301 275.6985511779785 304.4739990234375 275.6985511779785
303.5755920410156 247.2401885986328 329.04172134399414 247.2401885986328 329.04172134399414 276.34435653686523 303.5755920410156 276.34435653686523
303.1019287109375 246.55789184570312 328.2711868286133 246.55789184570312 328.2711868286133 275.3227787017822 303.1019287109375 275.3227787017822
301.56146240234375 246.6463165283203 326.79769134521484 246.6463165283203 326.79769134521484 275.4877414703369 301.56146240234375 275.4877414703369
300.80938720703125 247.85220336914062 325.8479537963867 247.85220336914062 325.8479537963867 276.4677276611328 300.80938720703125 276.4677276611328
299.2481384277344 248.77908325195312 324.13514137268066 248.77908325195312 324.13514137268066 277.2213897705078 299.2481384277344 277.2213897705078
298.51519775390625 248.48104858398438 323.8075199127197 248.48104858398438 323.8075199127197 277.38657569885254 298.51519775390625 277.38657569885254
297.2322998046875 248.2412567138672 322.8957767486572 248.2412567138672 322.8957767486572 277.5709590911865 297.2322998046875 277.5709590911865
296.00299072265625 247.09121704101562 321.6379146575928 247.09121704101562 321.6379146575928 276.38829040527344 296.00299072265625 276.38829040527344
294.94329833984375 249.058837890625 320.9590492248535 249.058837890625 320.9590492248535 278.7911434173584 294.94329833984375 278.7911434173584
294.22430419921875 249.37948608398438 320.3675022125244 249.37948608398438 320.3675022125244 279.2574462890625 294.22430419921875 279.2574462890625
292.2713317871094 250.2528839111328 318.79901123046875 250.2528839111328 318.79901123046875 280.57025146484375 292.2713317871094 280.57025146484375
292.4117736816406 249.2751922607422 317.8372802734375 249.2751922607422 317.8372802734375 280.75292587280273 292.4117736816406 280.75292587280273
290.3328552246094 249.2705078125 316.0429267883301 249.2705078125 316.0429267883301 280.744104385376 290.3328552246094 280.744104385376
290.8182678222656 248.99746704101562 315.2529640197754 248.99746704101562 315.2529640197754 279.7963161468506 290.8182678222656 279.7963161468506
290.900634765625 247.4684600830078 315.79499435424805 247.4684600830078 315.79499435424805 279.5747261047363 290.900634765625 279.5747261047363
289.24810791015625 248.1650390625 313.9885501861572 248.1650390625 313.9885501861572 280.38082122802734 289.24810791015625 280.38082122802734
288.4639587402344 247.23779296875 312.3760871887207 247.23779296875 312.3760871887207 280.80599212646484 288.4639587402344 280.80599212646484
285.93780517578125 248.62057495117188 310.5646095275879 248.62057495117188 310.5646095275879 281.0529899597168 285.93780517578125 281.0529899597168
283.212646484375 251.04586791992188 309.5120048522949 251.04586791992188 309.5120048522949 282.2811031341553 283.212646484375 282.2811031341553
283.9026794433594 250.556884765625 308.9538745880127 250.556884765625 308.9538745880127 282.0585117340088 283.9026794433594 282.0585117340088
280.6111145019531 251.17391967773438 306.45239639282227 251.17391967773438 306.45239639282227 281.57366371154785 280.6111145019531 281.57366371154785
279.33929443359375 251.93679809570312 305.26983070373535 251.93679809570312 305.26983070373535 282.10638999938965 279.33929443359375 282.10638999938965
278.58056640625 251.9974365234375 303.59875869750977 251.9974365234375 303.59875869750977 281.22459983825684 278.58056640625 281.22459983825684
276.70135498046875 252.85977172851562 301.6727066040039 252.85977172851562 301.6727066040039 282.1347141265869 276.70135498046875 282.1347141265869
275.5267639160156 251.5126953125 299.43201065063477 251.5126953125 299.43201065063477 279.3604373931885 275.5267639160156 279.3604373931885
274.042724609375 250.85110473632812 297.9451198577881 250.85110473632812 297.9451198577881 280.1925106048584 274.042724609375 280.1925106048584
272.23809814453125 252.2727508544922 296.18292808532715 252.2727508544922 296.18292808532715 280.3904151916504 272.23809814453125 280.3904151916504
271.35235595703125 253.00341796875 294.77637100219727 253.00341796875 294.77637100219727 281.45681381225586 271.35235595703125 281.45681381225586
268.60406494140625 254.4647979736328 293.4723014831543 254.4647979736328 293.4723014831543 282.88566970825195 268.60406494140625 282.88566970825195
269.1737365722656 253.39682006835938 293.06346130371094 253.39682006835938 293.06346130371094 282.4482307434082 269.1737365722656 282.4482307434082
265.2839050292969 253.96005249023438 290.34823989868164 253.96005249023438 290.34823989868164 283.09728050231934 265.2839050292969 283.09728050231934
263.5069885253906 253.9282684326172 288.7901096343994 253.9282684326172 288.7901096343994 282.82329177856445 263.5069885253906 282.82329177856445
264.29327392578125 252.49307250976562 288.8357124328613 252.49307250976562 288.8357124328613 282.51745223999023 264.29327392578125 282.51745223999023
261.8377380371094 252.84359741210938 286.8049430847168 252.84359741210938 286.8049430847168 281.476806640625 261.8377380371094 281.476806640625
261.97247314453125 252.55300903320312 285.89605140686035 252.55300903320312 285.89605140686035 282.05795669555664 261.97247314453125 282.05795669555664
258.8072204589844 253.65988159179688 283.2589588165283 253.65988159179688 283.2589588165283 282.7975883483887 258.8072204589844 282.7975883483887
258.92681884765625 254.5615692138672 282.37740325927734 254.5615692138672 282.37740325927734 283.90122413635254 258.92681884765625 283.90122413635254
257.11370849609375 255.4014892578125 279.7273464202881 255.4014892578125 279.7273464202881 285.2492561340332 257.11370849609375 285.2492561340332
251.96121215820312 257.5785827636719 277.4015941619873 257.5785827636719 277.4015941619873 286.65332984924316 251.96121215820312 286.65332984924316
251.3955078125 256.7290344238281 276.4553508758545 256.7290344238281 276.4553508758545 285.36888122558594 251.3955078125 285.36888122558594
253.37002563476562 254.59854125976562 275.89627838134766 254.59854125976562 275.89627838134766 285.4101619720459 253.37002563476562 285.4101619720459
250.4044189453125 254.61618041992188 273.53109550476074 254.61618041992188 273.53109550476074 286.8110656738281 250.4044189453125 286.8110656738281
248.4319305419922 254.09164428710938 272.08861351013184 254.09164428710938 272.08861351013184 285.331241607666 248.4319305419922 285.331241607666
245.03598022460938 255.06912231445312 270.53321266174316 255.06912231445312 270.53321266174316 285.1841011047363 245.03598022460938 285.1841011047363
242.6968994140625 256.0628356933594 268.04213523864746 256.0628356933594 268.04213523864746 286.1161346435547 242.6968994140625 286.1161346435547
240.82009887695312 257.3002014160156 266.8896179199219 257.3002014160156 266.8896179199219 287.0939636230469 240.82009887695312 287.0939636230469
238.73654174804688 258.352294921875 265.21363258361816 258.352294921875 265.21363258361816 288.6118564605713 238.73654174804688 288.6118564605713
237.4587860107422 256.86126708984375 263.45454025268555 256.86126708984375 263.45454025268555 286.5707302093506 237.4587860107422 286.5707302093506
236.0767364501953 257.9737854003906 262.05080795288086 257.9737854003906 262.05080795288086 287.65846824645996 236.0767364501953 287.65846824645996
235.1012725830078 259.59942626953125 261.1667881011963 259.59942626953125 261.1667881011963 289.38861656188965 235.1012725830078 289.38861656188965
232.2690887451172 259.98797607421875 258.7021369934082 259.98797607421875 258.7021369934082 290.1972007751465 232.2690887451172 290.1972007751465
231.2463836669922 259.1243896484375 257.8053741455078 259.1243896484375 257.8053741455078 289.4775505065918 231.2463836669922 289.4775505065918
229.05908203125 260.8245849609375 256.16376304626465 260.8245849609375 256.16376304626465 291.8013916015625 229.05908203125 291.8013916015625
227.54421997070312 258.88165283203125 254.9143886566162 258.88165283203125 254.9143886566162 290.1618766784668 227.54421997070312 290.1618766784668
224.5947265625 259.32293701171875 252.3177089691162 259.32293701171875 252.3177089691162 291.0063781738281 224.5947265625 291.0063781738281
223.84066772460938 260.2988586425781 251.3911952972412 260.2988586425781 251.3911952972412 291.7852077484131 223.84066772460938 291.7852077484131
222.30709838867188 260.22076416015625 249.3826026916504 260.22076416015625 249.3826026916504 291.1642265319824 222.30709838867188 291.1642265319824
222.0245361328125 260.00042724609375 248.49884605407715 260.00042724609375 248.49884605407715 290.25680923461914 222.0245361328125 290.25680923461914
220.177490234375 258.4046325683594 246.46766662597656 258.4046325683594 246.46766662597656 288.45057678222656 220.177490234375 288.45057678222656
217.697509765625 260.07965087890625 244.1044216156006 260.07965087890625 244.1044216156006 290.2590084075928 217.697509765625 290.2590084075928
217.30923461914062 258.8542175292969 243.5684757232666 258.8542175292969 243.5684757232666 288.8648109436035 217.30923461914062 288.8648109436035
214.774169921875 259.2538146972656 241.2207374572754 259.2538146972656 241.2207374572754 289.47849464416504 214.774169921875 289.47849464416504
213.5689697265625 258.52410888671875 240.28631019592285 258.52410888671875 240.28631019592285 289.05824279785156 213.5689697265625 289.05824279785156
225.6829376220703 259.42755126953125 252.27006912231445 259.42755126953125 252.27006912231445 289.8128719329834 225.6829376220703 289.8128719329834
208.40298461914062 259.9000549316406 235.36652183532715 259.9000549316406 235.36652183532715 290.71555519104004 208.40298461914062 290.71555519104004
207.7764129638672 258.21710205078125 235.38034057617188 258.21710205078125 235.38034057617188 289.76447677612305 207.7764129638672 289.76447677612305
207.03280639648438 258.2498779296875 234.87667274475098 258.2498779296875 234.87667274475098 290.0714683532715 207.03280639648438 290.0714683532715
205.1343231201172 260.80084228515625 233.24222946166992 260.80084228515625 233.24222946166992 292.9241943359375 205.1343231201172 292.9241943359375
205.4251708984375 259.1502380371094 233.93880081176758 259.1502380371094 233.93880081176758 291.7372741699219 205.4251708984375 291.7372741699219
204.02159118652344 258.6702575683594 233.25516319274902 258.6702575683594 233.25516319274902 292.08008575439453 204.02159118652344 292.08008575439453
202.8717498779297 258.1510314941406 232.3286533355713 258.1510314941406 232.3286533355713 291.8160934448242 202.8717498779297 291.8160934448242
201.57827758789062 259.9705810546875 231.28042602539062 259.9705810546875 231.28042602539062 293.9159240722656 201.57827758789062 293.9159240722656
200.34161376953125 258.63409423828125 229.4167423248291 258.63409423828125 229.4167423248291 293.1474151611328 200.34161376953125 293.1474151611328
198.8825225830078 260.8643493652344 227.83634567260742 260.8643493652344 227.83634567260742 293.95446014404297 198.8825225830078 293.95446014404297
197.9720916748047 261.93463134765625 227.24749755859375 261.93463134765625 227.24749755859375 295.3922653198242 197.9720916748047 295.3922653198242
196.1934051513672 262.89031982421875 225.38925743103027 262.89031982421875 225.38925743103027 296.2570381164551 196.1934051513672 296.2570381164551
195.25596618652344 262.3268737792969 223.80096054077148 262.3268737792969 223.80096054077148 296.30312728881836 195.25596618652344 296.30312728881836
193.42843627929688 263.0918884277344 222.99882125854492 263.0918884277344 222.99882125854492 296.8866424560547 193.42843627929688 296.8866424560547
191.78868103027344 262.45318603515625 221.4737148284912 262.45318603515625 221.4737148284912 296.3789710998535 191.78868103027344 296.3789710998535
188.5272674560547 262.71087646484375 218.30419540405273 262.71087646484375 218.30419540405273 296.74168395996094 188.5272674560547 296.74168395996094
188.60003662109375 263.11322021484375 217.8976936340332 263.11322021484375 217.8976936340332 296.5962905883789 188.60003662109375 296.5962905883789
187.47024536132812 263.25079345703125 216.5729637145996 263.25079345703125 216.5729637145996 296.51108169555664 187.47024536132812 296.51108169555664
185.57354736328125 264.0666198730469 215.27587890625 264.0666198730469 215.27587890625 298.0121841430664 185.57354736328125 298.0121841430664
184.44027709960938 263.1988220214844 213.99015426635742 263.1988220214844 213.99015426635742 296.9701499938965 184.44027709960938 296.9701499938965
183.20230102539062 263.0945739746094 211.97291946411133 263.0945739746094 211.97291946411133 297.52579498291016 183.20230102539062 297.52579498291016
182.05462646484375 263.6813049316406 210.4613857269287 263.6813049316406 210.4613857269287 297.35303497314453 182.05462646484375 297.35303497314453
184.73471069335938 261.4460144042969 210.8609275817871 261.4460144042969 210.8609275817871 296.7981948852539 184.73471069335938 296.7981948852539
181.19493103027344 263.1954345703125 208.98949241638184 263.1954345703125 208.98949241638184 296.9010696411133 181.19493103027344 296.9010696411133
179.14093017578125 263.17840576171875 207.61140823364258 263.17840576171875 207.61140823364258 295.7161331176758 179.14093017578125 295.7161331176758
178.93264770507812 262.10870361328125 207.1512451171875 262.10870361328125 207.1512451171875 295.5201873779297 178.93264770507812 295.5201873779297
177.9672393798828 260.75396728515625 205.83229637145996 260.75396728515625 205.83229637145996 294.33367919921875 177.9672393798828 294.33367919921875
176.71961975097656 260.186279296875 205.3587703704834 260.186279296875 205.3587703704834 293.8365135192871 176.71961975097656 293.8365135192871
174.4217071533203 263.16961669921875 202.8855743408203 263.16961669921875 202.8855743408203 296.51651763916016 174.4217071533203 296.51651763916016
173.28945922851562 264.0218811035156 201.76540565490723 264.0218811035156 201.76540565490723 296.56585693359375 173.28945922851562 296.56585693359375
170.547607421875 266.689697265625 198.84893226623535 266.689697265625 198.84893226623535 299.03410720825195 170.547607421875 299.03410720825195
170.40284729003906 265.47637939453125 198.67232131958008 265.47637939453125 198.67232131958008 297.7843894958496 170.40284729003906 297.7843894958496
169.14309692382812 265.23553466796875 197.18425369262695 265.23553466796875 197.18425369262695 297.2826156616211 169.14309692382812 297.2826156616211
168.10745239257812 267.22357177734375 195.45169067382812 267.22357177734375 195.45169067382812 298.47417640686035 168.10745239257812 298.47417640686035
167.67776489257812 266.8321228027344 194.68660354614258 266.8321228027344 194.68660354614258 297.69941329956055 167.67776489257812 297.69941329956055
167.0786895751953 265.6326904296875 194.0074405670166 265.6326904296875 194.0074405670166 296.40845108032227 167.0786895751953 296.40845108032227
166.162109375 266.6544494628906 192.8395481109619 266.6544494628906 192.8395481109619 297.14299392700195 166.162109375 297.14299392700195
166.7586669921875 266.08184814453125 192.82445335388184 266.08184814453125 192.82445335388184 295.87135887145996 166.7586669921875 295.87135887145996
165.82174682617188 266.006103515625 191.8105125427246 266.006103515625 191.8105125427246 295.7075901031494 165.82174682617188 295.7075901031494
164.8563232421875 266.42718505859375 190.96669006347656 266.42718505859375 190.96669006347656 296.2676429748535 164.8563232421875 296.2676429748535
164.91506958007812 269.09234619140625 191.09519577026367 269.09234619140625 191.09519577026367 299.0125312805176 164.91506958007812 299.0125312805176
164.18453979492188 266.5618591308594 190.6810703277588 266.5618591308594 190.6810703277588 296.84364891052246 164.18453979492188 296.84364891052246
180.4252166748047 241.807861328125 206.82332229614258 241.807861328125 206.82332229614258 271.97716331481934 180.4252166748047 271.97716331481934
186.51669311523438 253.25900268554688 212.5178165435791 253.25900268554688 212.5178165435791 282.974609375 186.51669311523438 282.974609375
199.2335968017578 242.23794555664062 226.00607681274414 242.23794555664062 226.00607681274414 272.8351020812988 199.2335968017578 272.8351020812988
205.9427947998047 257.623046875 232.59903526306152 257.623046875 232.59903526306152 288.0873603820801 205.9427947998047 288.0873603820801
185.98492431640625 276.8417663574219 212.37319564819336 276.8417663574219 212.37319564819336 306.99982833862305 185.98492431640625 306.99982833862305
181.42616271972656 255.79931640625 207.59189796447754 255.79931640625 207.59189796447754 285.70305252075195 181.42616271972656 285.70305252075195
177.50425720214844 261.531982421875 204.2391357421875 261.531982421875 204.2391357421875 292.0861701965332 177.50425720214844 292.0861701965332
148.55352783203125 273.2083740234375 175.11367225646973 273.2083740234375 175.11367225646973 303.56286239624023 148.55352783203125 303.56286239624023
143.55303955078125 269.3628234863281 170.42361068725586 269.3628234863281 170.42361068725586 300.0720863342285 143.55303955078125 300.0720863342285
141.1161651611328 270.28497314453125 167.6885223388672 270.28497314453125 167.6885223388672 300.6534175872803 141.1161651611328 300.6534175872803
139.83607482910156 271.4075012207031 166.1577854156494 271.4075012207031 166.1577854156494 301.48949241638184 139.83607482910156 301.48949241638184
138.58172607421875 270.4930725097656 165.39169311523438 270.4930725097656 165.39169311523438 301.1330757141113 138.58172607421875 301.1330757141113
138.2467498779297 271.6543884277344 165.0136013031006 271.6543884277344 165.0136013031006 302.2451171875 138.2467498779297 302.2451171875
136.0293426513672 271.25274658203125 163.0523281097412 271.25274658203125 163.0523281097412 302.13620376586914 136.0293426513672 302.13620376586914
135.188720703125 273.0523376464844 162.50032424926758 273.0523376464844 162.50032424926758 304.26564598083496 135.188720703125 304.26564598083496
134.39552307128906 273.1849060058594 161.9936008453369 273.1849060058594 161.9936008453369 304.72561264038086 134.39552307128906 304.72561264038086
132.7903594970703 274.39825439453125 160.68010902404785 274.39825439453125 160.68010902404785 306.2723026275635 132.7903594970703 306.2723026275635
131.98513793945312 275.31268310546875 159.73388290405273 275.31268310546875 159.73388290405273 307.0255832672119 131.98513793945312 307.0255832672119
130.6248321533203 273.7816467285156 159.0257682800293 273.7816467285156 159.0257682800293 306.23990631103516 130.6248321533203 306.23990631103516
128.7821502685547 273.9833068847656 157.49424171447754 273.9833068847656 157.49424171447754 306.7971725463867 128.7821502685547 306.7971725463867
128.0843505859375 273.59820556640625 156.87395668029785 273.59820556640625 156.87395668029785 306.5006637573242 128.0843505859375 306.5006637573242
127.83951568603516 272.89044189453125 156.5420799255371 272.89044189453125 156.5420799255371 305.6934242248535 127.83951568603516 305.6934242248535
125.50601959228516 273.1179504394531 154.48207473754883 273.1179504394531 154.48207473754883 306.23349380493164 125.50601959228516 306.23349380493164
125.8825912475586 271.88372802734375 154.26208305358887 271.88372802734375 154.26208305358887 304.3174858093262 125.8825912475586 304.3174858093262
124.2100830078125 274.06890869140625 152.69588661193848 274.06890869140625 152.69588661193848 306.6241683959961 124.2100830078125 306.6241683959961
123.29341125488281 273.9554138183594 151.96575546264648 273.9554138183594 151.96575546264648 306.7238655090332 123.29341125488281 306.7238655090332
122.61030578613281 275.17755126953125 151.26673316955566 275.17755126953125 151.26673316955566 307.9731636047363 122.61030578613281 307.9731636047363
121.69998931884766 277.14599609375 149.28784942626953 277.14599609375 149.28784942626953 310.8325881958008 121.69998931884766 310.8325881958008
120.5672836303711 276.553466796875 148.52764701843262 276.553466796875 148.52764701843262 309.76054763793945 120.5672836303711 309.76054763793945
118.56082916259766 276.28155517578125 147.83894729614258 276.28155517578125 147.83894729614258 309.7423210144043 118.56082916259766 309.7423210144043
116.72611236572266 275.63861083984375 146.0532341003418 275.63861083984375 146.0532341003418 309.1553764343262 116.72611236572266 309.1553764343262
115.81779479980469 275.1629333496094 144.97983741760254 275.1629333496094 144.97983741760254 308.49103927612305 115.81779479980469 308.49103927612305
114.28083801269531 276.7641906738281 143.7471103668213 276.7641906738281 143.7471103668213 310.4399871826172 114.28083801269531 310.4399871826172
112.91529846191406 277.0295104980469 142.68526649475098 277.0295104980469 142.68526649475098 311.0523872375488 112.91529846191406 311.0523872375488
111.9208755493164 277.3658142089844 142.11662101745605 277.3658142089844 142.11662101745605 311.8752975463867 111.9208755493164 311.8752975463867
110.77850341796875 277.110595703125 140.7647247314453 277.110595703125 140.7647247314453 311.38062286376953 110.77850341796875 311.38062286376953
108.9622802734375 278.0048522949219 139.03574562072754 278.0048522949219 139.03574562072754 312.37458419799805 108.9622802734375 312.37458419799805
108.96158599853516 276.92974853515625 139.01680755615234 276.92974853515625 139.01680755615234 311.27862548828125 108.96158599853516 311.27862548828125
105.76881408691406 277.47930908203125 136.25266456604004 277.47930908203125 136.25266456604004 312.3180465698242 105.76881408691406 312.3180465698242
105.04002380371094 275.71502685546875 136.09799194335938 275.71502685546875 136.09799194335938 311.209903717041 105.04002380371094 311.209903717041
104.3133773803711 276.70318603515625 135.3605728149414 276.70318603515625 135.3605728149414 312.18575286865234 104.3133773803711 312.18575286865234
103.07684326171875 276.47003173828125 134.16832542419434 276.47003173828125 134.16832542419434 312.00321197509766 103.07684326171875 312.00321197509766
101.8057632446289 276.6017761230469 133.02702522277832 276.6017761230469 133.02702522277832 312.28327560424805 101.8057632446289 312.28327560424805
100.25118255615234 277.9822082519531 131.4051399230957 277.9822082519531 131.4051399230957 313.58678817749023 100.25118255615234 313.58678817749023
99.56657409667969 278.46539306640625 130.64256286621094 278.46539306640625 130.64256286621094 313.9808654785156 99.56657409667969 313.9808654785156
98.66972351074219 279.9642028808594 129.72903060913086 279.9642028808594 129.72903060913086 315.4606132507324 98.66972351074219 315.4606132507324
97.76657104492188 280.0478515625 128.95652770996094 280.0478515625 128.95652770996094 315.69357681274414 97.76657104492188 315.69357681274414
96.09976959228516 278.75775146484375 127.06198310852051 278.75775146484375 127.06198310852051 314.1431999206543 96.09976959228516 314.1431999206543
95.43614196777344 277.67755126953125 127.14287948608398 277.67755126953125 127.14287948608398 313.9138870239258 95.43614196777344 313.9138870239258
93.77058410644531 278.5245361328125 125.81652069091797 278.5245361328125 125.81652069091797 315.14852142333984 93.77058410644531 315.14852142333984
92.42922973632812 278.25628662109375 124.65919876098633 278.25628662109375 124.65919876098633 315.0905952453613 92.42922973632812 315.0905952453613
91.9832534790039 279.7825622558594 124.58651733398438 279.7825622558594 124.58651733398438 317.04349517822266 91.9832534790039 317.04349517822266
91.2486343383789 280.6455383300781 123.49925994873047 280.6455383300781 123.49925994873047 317.50345611572266 91.2486343383789 317.50345611572266
89.74531555175781 281.99737548828125 121.52477073669434 281.99737548828125 121.52477073669434 318.31681060791016 89.74531555175781 318.31681060791016
88.85920715332031 282.1824035644531 120.99836730957031 282.1824035644531 120.99836730957031 318.9129333496094 88.85920715332031 318.9129333496094
89.05961608886719 281.4452209472656 121.58327865600586 281.4452209472656 121.58327865600586 318.61518478393555 89.05961608886719 318.61518478393555
90.68021392822266 274.88909912109375 121.51290130615234 274.88909912109375 121.51290130615234 314.42859649658203 90.68021392822266 314.42859649658203
88.66539001464844 277.495849609375 121.10802459716797 277.495849609375 121.10802459716797 315.70848846435547 88.66539001464844 315.70848846435547
88.23143768310547 278.53778076171875 119.86870193481445 278.53778076171875 119.86870193481445 317.7527084350586 88.23143768310547 317.7527084350586
88.67063903808594 275.54913330078125 119.52719497680664 275.54913330078125 119.52719497680664 315.5469779968262 88.67063903808594 315.5469779968262
86.62321472167969 279.6617126464844 117.53342819213867 279.6617126464844 117.53342819213867 319.82600021362305 86.62321472167969 319.82600021362305
83.12033081054688 282.90960693359375 116.28934860229492 282.90960693359375 116.28934860229492 320.8171272277832 83.12033081054688 320.8171272277832
83.58342742919922 281.275390625 116.25438690185547 281.275390625 116.25438690185547 320.36247634887695 83.58342742919922 320.36247634887695
82.79931640625 280.2464599609375 114.63685035705566 280.2464599609375 114.63685035705566 321.0255012512207 82.79931640625 321.0255012512207
78.37528991699219 284.05792236328125 112.15301132202148 284.05792236328125 112.15301132202148 322.66110610961914 78.37528991699219 322.66110610961914
78.34061431884766 282.6048889160156 112.189208984375 282.6048889160156 112.189208984375 321.28907012939453 78.34061431884766 321.28907012939453
77.2183837890625 281.21600341796875 110.99415588378906 281.21600341796875 110.99415588378906 319.81695556640625 77.2183837890625 319.81695556640625
80.61063385009766 277.8125915527344 111.05868721008301 277.8125915527344 111.05868721008301 320.2663879394531 80.61063385009766 320.2663879394531
75.5848617553711 282.7146911621094 109.32742309570312 282.7146911621094 109.32742309570312 321.2776870727539 75.5848617553711 321.2776870727539
74.20179748535156 284.20458984375 108.15400314331055 284.20458984375 108.15400314331055 323.0071792602539 74.20179748535156 323.0071792602539
71.88802337646484 285.28546142578125 106.88848876953125 285.28546142578125 106.88848876953125 325.2860679626465 71.88802337646484 325.2860679626465
70.95528411865234 284.85894775390625 106.48222732543945 284.85894775390625 106.48222732543945 325.46124267578125 70.95528411865234 325.46124267578125
69.63414001464844 284.2439880371094 105.38711547851562 284.2439880371094 105.38711547851562 325.10460662841797 69.63414001464844 325.10460662841797
69.23880004882812 285.98919677734375 104.58795166015625 285.98919677734375 104.58795166015625 326.38829803466797 69.23880004882812 326.38829803466797
69.79962158203125 285.43450927734375 105.39954376220703 285.43450927734375 105.39954376220703 326.12020111083984 69.79962158203125 326.12020111083984
68.46754455566406 285.78778076171875 103.38503646850586 285.78778076171875 103.38503646850586 325.69355392456055 68.46754455566406 325.69355392456055
67.5999984741211 285.5194091796875 102.07449340820312 285.5194091796875 102.07449340820312 324.9188995361328 67.5999984741211 324.9188995361328
65.74867248535156 286.029296875 100.75010681152344 286.029296875 100.75010681152344 326.031005859375 65.74867248535156 326.031005859375
65.6133041381836 287.33587646484375 99.5379524230957 287.33587646484375 99.5379524230957 326.10697174072266 65.6133041381836 326.10697174072266
64.34591674804688 287.5227966308594 97.42899703979492 287.5227966308594 97.42899703979492 325.3320999145508 64.34591674804688 325.3320999145508
63.428443908691406 289.4429626464844 95.38641166687012 289.4429626464844 95.38641166687012 327.65898513793945 63.428443908691406 327.65898513793945
59.4837760925293 291.97393798828125 92.40485382080078 291.97393798828125 92.40485382080078 329.59809494018555 59.4837760925293 329.59809494018555
57.988075256347656 290.62652587890625 91.02686309814453 290.62652587890625 91.02686309814453 328.3852119445801 57.988075256347656 328.3852119445801
55.719993591308594 291.0047912597656 89.73107147216797 291.0047912597656 89.73107147216797 329.8746681213379 55.719993591308594 329.8746681213379
54.891151428222656 287.1498718261719 88.54757690429688 287.1498718261719 88.54757690429688 327.59151458740234 54.891151428222656 327.59151458740234
52.64677810668945 287.36358642578125 85.29011154174805 287.36358642578125 85.29011154174805 328.2134208679199 52.64677810668945 328.2134208679199
49.88638687133789 290.2663879394531 83.67223358154297 290.2663879394531 83.67223358154297 330.65660858154297 49.88638687133789 330.65660858154297
52.12097930908203 284.90203857421875 82.9425220489502 284.90203857421875 82.9425220489502 329.41597747802734 52.12097930908203 329.41597747802734
47.335655212402344 291.45611572265625 81.54001998901367 291.45611572265625 81.54001998901367 331.7616539001465 47.335655212402344 331.7616539001465
44.90782928466797 293.22064208984375 80.2870101928711 293.22064208984375 80.2870101928711 333.6540756225586 44.90782928466797 333.6540756225586
42.5155029296875 293.2382507324219 78.15610885620117 293.2382507324219 78.15610885620117 333.970458984375 42.5155029296875 333.970458984375
41.26049041748047 292.0354309082031 76.4847297668457 292.0354309082031 76.4847297668457 332.2917900085449 41.26049041748047 332.2917900085449
38.8841438293457 288.38739013671875 73.36607360839844 288.38739013671875 73.36607360839844 329.92159271240234 38.8841438293457 329.92159271240234
39.77547073364258 285.6583557128906 70.88119316101074 285.6583557128906 70.88119316101074 330.4856491088867 39.77547073364258 330.4856491088867
37.30937957763672 284.6863708496094 69.1120433807373 284.6863708496094 69.1120433807373 330.07253646850586 37.30937957763672 330.07253646850586
37.10830307006836 285.92266845703125 67.73741149902344 285.92266845703125 67.73741149902344 329.99298095703125 37.10830307006836 329.99298095703125
34.807518005371094 285.867431640625 64.87036895751953 285.867431640625 64.87036895751953 330.72898864746094 34.807518005371094 330.72898864746094
33.380916595458984 287.02911376953125 63.334251403808594 287.02911376953125 63.334251403808594 332.2938995361328 33.380916595458984 332.2938995361328
30.931835174560547 287.32501220703125 62.12890625 287.32501220703125 62.12890625 330.30818939208984 30.931835174560547 330.30818939208984
28.988784790039062 286.9381408691406 60.18170738220215 286.9381408691406 60.18170738220215 329.8440628051758 28.988784790039062 329.8440628051758
27.844940185546875 287.16571044921875 59.91193389892578 287.16571044921875 59.91193389892578 330.34400939941406 27.844940185546875 330.34400939941406
26.261465072631836 287.7281188964844 57.222585678100586 287.7281188964844 57.222585678100586 331.77149200439453 26.261465072631836 331.77149200439453
24.194168090820312 287.9693298339844 55.87941932678223 287.9693298339844 55.87941932678223 332.4074287414551 24.194168090820312 332.4074287414551
22.359283447265625 289.70880126953125 54.01785850524902 289.70880126953125 54.01785850524902 332.67020416259766 22.359283447265625 332.67020416259766
21.90083885192871 287.70068359375 52.610185623168945 287.70068359375 52.610185623168945 331.20589447021484 21.90083885192871 331.20589447021484
17.3963680267334 290.5859069824219 51.22152519226074 290.5859069824219 51.22152519226074 330.8804244995117 17.3963680267334 330.8804244995117
16.154460906982422 290.552001953125 48.98422622680664 290.552001953125 48.98422622680664 331.74337005615234 16.154460906982422 331.74337005615234
13.400891304016113 289.5621337890625 46.40481662750244 289.5621337890625 46.40481662750244 331.22228240966797 13.400891304016113 331.22228240966797
11.115683555603027 292.95758056640625 46.21585750579834 292.95758056640625 46.21585750579834 333.0721549987793 11.115683555603027 333.0721549987793
8.976335525512695 292.12713623046875 43.84065055847168 292.12713623046875 43.84065055847168 333.8675003051758 8.976335525512695 333.8675003051758
7.151370048522949 293.0273132324219 42.75499629974365 293.0273132324219 42.75499629974365 333.7172660827637 7.151370048522949 333.7172660827637
4.9745402336120605 294.07928466796875 40.63033628463745 294.07928466796875 40.63033628463745 334.828857421875 4.9745402336120605 334.828857421875
4.261904716491699 294.9053955078125 39.23667049407959 294.9053955078125 39.23667049407959 334.8766403198242 4.261904716491699 334.8766403198242
0.8524273037910461 295.42138671875 35.31016045808792 295.42138671875 35.31016045808792 334.80173110961914 0.8524273037910461 334.80173110961914
0.6579238772392273 294.3609619140625 34.57474058866501 294.3609619140625 34.57474058866501 333.1231155395508 0.6579238772392273 333.1231155395508
1.4658994674682617 292.7222595214844 32.37415790557861 292.7222595214844 32.37415790557861 332.4925994873047 1.4658994674682617 332.4925994873047
0.026880646124482155 296.21954345703125 32.82474365271628 296.21954345703125 32.82474365271628 333.7028923034668 0.026880646124482155 333.7028923034668
0.0 295.15472412109375 32.09400177001953 295.15472412109375 32.09400177001953 331.8336601257324 0.0 331.8336601257324
0.0 294.8977355957031 31.116519927978516 294.8977355957031 31.116519927978516 330.4595489501953 0.0 330.4595489501953
0.0 294.56500244140625 30.423166275024414 294.56500244140625 30.423166275024414 329.33441162109375 0.0 329.33441162109375
0.0 294.32794189453125 30.117595672607422 294.32794189453125 30.117595672607422 328.74813079833984 0.0 328.74813079833984
0.0 296.6160888671875 28.836833953857422 296.6160888671875 28.836833953857422 329.57254791259766 0.0 329.57254791259766
0.0 294.1509704589844 28.279489517211914 294.1509704589844 28.279489517211914 326.47046279907227 0.0 326.47046279907227
0.09117565304040909 294.6597595214844 27.63751659542322 294.6597595214844 27.63751659542322 326.1413631439209 0.09117565304040909 326.1413631439209
20.482229232788086 299.3282775878906 48.05296516418457 299.3282775878906 48.05296516418457 330.8377628326416 20.482229232788086 330.8377628326416
42.04861831665039 316.5669250488281 69.66621780395508 316.5669250488281 69.66621780395508 348.1299686431885 42.04861831665039 348.1299686431885
49.15220260620117 330.0213928222656 76.83510971069336 330.0213928222656 76.83510971069336 361.6590766906738 49.15220260620117 361.6590766906738
40.023681640625 312.0220947265625 68.11019897460938 312.0220947265625 68.11019897460938 344.1210479736328 40.023681640625 344.1210479736328
39.3265380859375 310.66876220703125 67.17166519165039 310.66876220703125 67.17166519165039 342.4918403625488 39.3265380859375 342.4918403625488
37.35272216796875 312.4527893066406 65.34074401855469 312.4527893066406 65.34074401855469 344.4391784667969 37.35272216796875 344.4391784667969
36.296043395996094 312.7109375 64.16181755065918 312.7109375 64.16181755065918 344.5576171875 36.296043395996094 344.5576171875
32.58911895751953 311.26177978515625 61.15214157104492 311.26177978515625 61.15214157104492 343.9053153991699 32.58911895751953 343.9053153991699
30.778223037719727 313.71600341796875 59.26472854614258 313.71600341796875 59.26472854614258 346.27208709716797 30.778223037719727 346.27208709716797
29.119558334350586 314.0632629394531 57.05351257324219 314.0632629394531 57.05351257324219 347.80885314941406 29.119558334350586 347.80885314941406
24.526992797851562 314.34185791015625 53.15639686584473 314.34185791015625 53.15639686584473 347.0612564086914 24.526992797851562 347.0612564086914
23.10866928100586 311.95819091796875 50.161705017089844 311.95819091796875 50.161705017089844 346.1026382446289 23.10866928100586 346.1026382446289
20.585391998291016 310.6727294921875 46.280582427978516 310.6727294921875 46.280582427978516 344.5731887817383 20.585391998291016 344.5731887817383
18.902292251586914 311.1449279785156 46.033660888671875 311.1449279785156 46.033660888671875 344.5226860046387 18.902292251586914 344.5226860046387
17.27250099182129 312.10009765625 45.03317642211914 312.10009765625 45.03317642211914 344.5613098144531 17.27250099182129 344.5613098144531
12.811820983886719 311.70770263671875 39.02749824523926 311.70770263671875 39.02749824523926 345.02281951904297 12.811820983886719 345.02281951904297
11.844696998596191 312.260498046875 39.39036273956299 312.260498046875 39.39036273956299 344.37097930908203 11.844696998596191 344.37097930908203
9.725953102111816 311.75823974609375 36.51305675506592 311.75823974609375 36.51305675506592 344.57123947143555 9.725953102111816 344.57123947143555
8.334738731384277 311.84014892578125 34.272250175476074 311.84014892578125 34.272250175476074 344.1977996826172 8.334738731384277 344.1977996826172
6.659092903137207 312.7491149902344 34.07072353363037 312.7491149902344 34.07072353363037 345.669979095459 6.659092903137207 345.669979095459
2.0307059288024902 310.7678527832031 29.068191051483154 310.7678527832031 29.068191051483154 343.31800079345703 2.0307059288024902 343.31800079345703
0.0 309.39556884765625 27.94717025756836 309.39556884765625 27.94717025756836 341.5296974182129 0.0 341.5296974182129
0.0 311.24420166015625 27.49920654296875 311.24420166015625 27.49920654296875 342.6719512939453 0.0 342.6719512939453
0.0 310.4415588378906 25.66361427307129 310.4415588378906 25.66361427307129 341.0756721496582 0.0 341.0756721496582
0.07992992550134659 312.0226745605469 25.660988427698612 312.0226745605469 25.660988427698612 341.2582492828369 0.07992992550134659 341.2582492828369
0.0 312.80523681640625 24.750225067138672 312.80523681640625 24.750225067138672 341.09128761291504 0.0 341.09128761291504
0.0 312.64312744140625 24.086750030517578 312.64312744140625 24.086750030517578 340.1709175109863 0.0 340.1709175109863
25.1331729888916 319.36553955078125 49.60585594177246 319.36553955078125 49.60585594177246 347.3343963623047 25.1331729888916 347.3343963623047
37.59354782104492 331.1831359863281 61.8283748626709 331.1831359863281 61.8283748626709 358.88015365600586 37.59354782104492 358.88015365600586
60.67693328857422 350.0804748535156 84.83024215698242 350.0804748535156 84.83024215698242 377.68432998657227 60.67693328857422 377.68432998657227
67.6161117553711 379.47344970703125 91.52617645263672 379.47344970703125 91.52617645263672 406.7993106842041 67.6161117553711 406.7993106842041
79.60067749023438 370.3028564453125 103.59328079223633 370.3028564453125 103.59328079223633 397.7230472564697 79.60067749023438 397.7230472564697
64.08741760253906 385.13800048828125 87.86872482299805 385.13800048828125 87.86872482299805 412.31671142578125 64.08741760253906 412.31671142578125
59.4976692199707 388.73065185546875 82.77534484863281 388.73065185546875 82.77534484863281 415.3337802886963 59.4976692199707 415.3337802886963
67.88025665283203 379.74993896484375 91.43441009521484 379.74993896484375 91.43441009521484 406.6690425872803 67.88025665283203 406.6690425872803
70.22283935546875 378.4783935546875 94.0177230834961 378.4783935546875 94.0177230834961 405.6726188659668 70.22283935546875 405.6726188659668
85.88963317871094 373.0025329589844 110.15378189086914 373.0025329589844 110.15378189086914 400.7330627441406 85.88963317871094 400.7330627441406
66.25228118896484 383.2215270996094 90.82796859741211 383.2215270996094 90.82796859741211 411.30810165405273 66.25228118896484 411.30810165405273
67.72624206542969 385.26226806640625 92.20503616333008 385.26226806640625 92.20503616333008 413.23810386657715 67.72624206542969 413.23810386657715
68.8660659790039 382.6563415527344 93.73546028137207 382.6563415527344 93.73546028137207 411.078577041626 68.8660659790039 411.078577041626
70.75660705566406 373.27215576171875 95.59305000305176 373.27215576171875 95.59305000305176 401.6567325592041 70.75660705566406 401.6567325592041
75.2114486694336 378.858154296875 100.09280776977539 378.858154296875 100.09280776977539 407.2940616607666 75.2114486694336 407.2940616607666
56.65148162841797 387.8772888183594 81.41299819946289 387.8772888183594 81.41299819946289 416.176233291626 56.65148162841797 416.176233291626
60.96156692504883 388.3855895996094 85.20994186401367 388.3855895996094 85.20994186401367 416.098087310791 60.96156692504883 416.098087310791
68.4591064453125 381.286865234375 92.47930335998535 381.286865234375 92.47930335998535 408.73858642578125 68.4591064453125 408.73858642578125
66.05458068847656 379.73956298828125 90.00249290466309 379.73956298828125 90.00249290466309 407.1086730957031 66.05458068847656 407.1086730957031
77.38090515136719 380.9069519042969 101.25697898864746 380.9069519042969 101.25697898864746 408.19396018981934 77.38090515136719 408.19396018981934
77.8550033569336 374.5579528808594 101.66214942932129 374.5579528808594 101.66214942932129 401.76618576049805 77.8550033569336 401.76618576049805
79.02201843261719 367.574462890625 103.01338577270508 367.574462890625 103.01338577270508 394.9932346343994 79.02201843261719 394.9932346343994
70.04854583740234 381.3276062011719 93.84675216674805 381.3276062011719 93.84675216674805 408.5256233215332 70.04854583740234 408.5256233215332
67.1195068359375 387.36370849609375 90.83702087402344 387.36370849609375 90.83702087402344 414.4695072174072 67.1195068359375 414.4695072174072
67.45789337158203 387.70550537109375 91.12253952026367 387.70550537109375 91.12253952026367 414.7508850097656 67.45789337158203 414.7508850097656
68.25916290283203 387.0838623046875 92.00906181335449 387.0838623046875 92.00906181335449 414.22667503356934 68.25916290283203 414.22667503356934
67.77908325195312 387.4190368652344 91.87083435058594 387.4190368652344 91.87083435058594 414.9525394439697 67.77908325195312 414.9525394439697
66.55401611328125 387.13519287109375 90.4345817565918 387.13519287109375 90.4345817565918 414.4273376464844 66.55401611328125 414.4273376464844
64.80317687988281 385.96612548828125 88.78651428222656 385.96612548828125 88.78651428222656 413.37572288513184 64.80317687988281 413.37572288513184
67.95057678222656 383.7606201171875 92.03851318359375 383.7606201171875 92.03851318359375 411.289758682251 67.95057678222656 411.289758682251
61.5766716003418 385.64996337890625 85.55218505859375 385.64996337890625 85.55218505859375 413.0506191253662 61.5766716003418 413.0506191253662
66.4842758178711 380.1332092285156 91.15589714050293 380.1332092285156 91.15589714050293 408.32941818237305 66.4842758178711 408.32941818237305
66.82357788085938 387.19317626953125 91.67036056518555 387.19317626953125 91.67036056518555 415.5895690917969 66.82357788085938 415.5895690917969
67.60213470458984 382.3310546875 92.53805160522461 382.3310546875 92.53805160522461 410.8293151855469 67.60213470458984 410.8293151855469
74.17159271240234 386.8280334472656 98.98518753051758 386.8280334472656 98.98518753051758 415.1864929199219 74.17159271240234 415.1864929199219
68.9391098022461 386.3549499511719 93.30866050720215 386.3549499511719 93.30866050720215 414.2059268951416 68.9391098022461 414.2059268951416
67.16681671142578 381.55548095703125 91.27908706665039 381.55548095703125 91.27908706665039 409.1124210357666 67.16681671142578 409.1124210357666
64.91264343261719 386.3211364746094 89.12835693359375 386.3211364746094 89.12835693359375 413.9962959289551 64.91264343261719 413.9962959289551
68.56234741210938 378.8689880371094 92.55135154724121 378.8689880371094 92.55135154724121 406.2850532531738 68.56234741210938 406.2850532531738
68.68437194824219 381.2859802246094 92.46956634521484 381.2859802246094 92.46956634521484 408.46912002563477 68.68437194824219 408.46912002563477
64.80159759521484 392.7906799316406 88.67420768737793 392.7906799316406 88.67420768737793 420.0737247467041 64.80159759521484 420.0737247467041
68.90753936767578 382.1575622558594 92.81551742553711 382.1575622558594 92.81551742553711 409.48102951049805 68.90753936767578 409.48102951049805
68.48825073242188 379.32806396484375 92.44745445251465 379.32806396484375 92.44745445251465 406.7100772857666 68.48825073242188 406.7100772857666
64.30115509033203 391.841064453125 88.11518287658691 391.841064453125 88.11518287658691 419.0571632385254 64.30115509033203 419.0571632385254
65.89613342285156 385.0816345214844 89.39186668395996 385.0816345214844 89.39186668395996 411.93396949768066 65.89613342285156 411.93396949768066
58.708290100097656 387.3785095214844 82.61752700805664 387.3785095214844 82.61752700805664 414.70341873168945 58.708290100097656 414.70341873168945
54.690582275390625 389.27435302734375 78.57869529724121 389.27435302734375 78.57869529724121 416.57512283325195 54.690582275390625 416.57512283325195
59.163818359375 385.65338134765625 83.20763206481934 385.65338134765625 83.20763206481934 413.1320991516113 59.163818359375 413.1320991516113
63.88147735595703 384.3501281738281 87.94943618774414 384.3501281738281 87.94943618774414 411.8564395904541 63.88147735595703 411.8564395904541
67.97361755371094 379.8143005371094 92.05826187133789 379.8143005371094 92.05826187133789 407.3396797180176 67.97361755371094 407.3396797180176
70.738037109375 385.91558837890625 94.51202774047852 385.91558837890625 94.51202774047852 413.0859317779541 70.738037109375 413.0859317779541
71.92393493652344 380.19500732421875 95.57448959350586 380.19500732421875 95.57448959350586 407.2242774963379 71.92393493652344 407.2242774963379
69.90288543701172 385.6624755859375 93.45241165161133 385.6624755859375 93.45241165161133 412.5762825012207 69.90288543701172 412.5762825012207
79.71734619140625 378.58856201171875 103.50478172302246 378.58856201171875 103.50478172302246 405.77426528930664 79.71734619140625 405.77426528930664
79.1316909790039 375.5220947265625 102.73460388183594 375.5220947265625 102.73460388183594 402.4969139099121 79.1316909790039 402.4969139099121
59.1826171875 376.36737060546875 83.05154228210449 376.36737060546875 83.05154228210449 403.646203994751 59.1826171875 403.646203994751
69.96952056884766 375.1388244628906 93.74283218383789 375.1388244628906 93.74283218383789 402.308385848999 69.96952056884766 402.308385848999
69.23629760742188 383.70343017578125 93.19752502441406 383.70343017578125 93.19752502441406 411.08775329589844 69.23629760742188 411.08775329589844
65.33619689941406 382.9967956542969 89.3628044128418 382.9967956542969 89.3628044128418 410.4558410644531 65.33619689941406 410.4558410644531
72.22742462158203 384.0880432128906 96.25605201721191 384.0880432128906 96.25605201721191 411.5493984222412 72.22742462158203 411.5493984222412
70.87678527832031 385.751708984375 94.28904724121094 385.751708984375 94.28904724121094 412.50864601135254 70.87678527832031 412.50864601135254
77.34127807617188 382.71356201171875 100.48897171020508 382.71356201171875 100.48897171020508 409.1681327819824 77.34127807617188 409.1681327819824
61.781715393066406 392.9557189941406 84.97969245910645 392.9557189941406 84.97969245910645 419.4677543640137 61.781715393066406 419.4677543640137
66.47183990478516 383.0777282714844 90.08676338195801 383.0777282714844 90.08676338195801 410.0662727355957 66.47183990478516 410.0662727355957
65.86619567871094 389.5364074707031 89.18365097045898 389.5364074707031 89.18365097045898 416.18498611450195 65.86619567871094 416.18498611450195
59.28609085083008 388.64593505859375 82.60801887512207 388.64593505859375 82.60801887512207 415.29962730407715 59.28609085083008 415.29962730407715
68.20121765136719 380.0419921875 91.53831672668457 380.0419921875 91.53831672668457 406.71302223205566 68.20121765136719 406.71302223205566
69.0895767211914 381.19610595703125 92.70171356201172 381.19610595703125 92.70171356201172 408.1814670562744 69.0895767211914 408.1814670562744
68.45857238769531 382.6904296875 91.99511337280273 382.6904296875 91.99511337280273 409.5893974304199 68.45857238769531 409.5893974304199
65.53971862792969 387.6334533691406 89.18457412719727 387.6334533691406 89.18457412719727 414.6562080383301 65.53971862792969 414.6562080383301
64.77867126464844 382.860107421875 88.21023559570312 382.860107421875 88.21023559570312 409.639102935791 64.77867126464844 409.639102935791
72.20223999023438 378.84564208984375 95.37388038635254 378.84564208984375 95.37388038635254 405.32758140563965 72.20223999023438 405.32758140563965
75.91085052490234 384.72015380859375 99.17556190490723 384.72015380859375 99.17556190490723 411.3084602355957 75.91085052490234 411.3084602355957
69.48091888427734 379.339111328125 92.61112785339355 379.339111328125 92.61112785339355 405.77370262145996 69.48091888427734 405.77370262145996
66.10673522949219 383.31817626953125 89.37132453918457 383.31817626953125 89.37132453918457 409.9063472747803 66.10673522949219 409.9063472747803
66.27582550048828 380.72174072265625 89.76558113098145 380.72174072265625 89.76558113098145 407.56724548339844 66.27582550048828 407.56724548339844
66.42989349365234 382.54815673828125 89.84438705444336 382.54815673828125 89.84438705444336 409.30764389038086 66.42989349365234 409.30764389038086
58.72454833984375 389.1846618652344 81.67752838134766 389.1846618652344 81.67752838134766 415.4167060852051 58.72454833984375 415.4167060852051
66.19898986816406 387.3536682128906 88.99599647521973 387.3536682128906 88.99599647521973 413.40745544433594 66.19898986816406 413.40745544433594
69.99121856689453 383.7591552734375 92.5368766784668 383.7591552734375 92.5368766784668 409.5256862640381 69.99121856689453 409.5256862640381
68.68269348144531 383.5771484375 91.04465103149414 383.5771484375 91.04465103149414 409.13373374938965 68.68269348144531 409.13373374938965
69.84254455566406 381.13543701171875 92.23160934448242 381.13543701171875 92.23160934448242 406.7230033874512 69.84254455566406 406.7230033874512
56.03400421142578 388.9524230957031 78.53184127807617 388.9524230957031 78.53184127807617 414.6643009185791 56.03400421142578 414.6643009185791
63.37896728515625 384.52178955078125 86.0140323638916 384.52178955078125 86.0140323638916 410.3904972076416 63.37896728515625 410.3904972076416
67.99711608886719 385.6318054199219 90.58224105834961 385.6318054199219 90.58224105834961 411.4434394836426 67.99711608886719 411.4434394836426
68.30065155029297 378.49102783203125 90.97595024108887 378.49102783203125 90.97595024108887 404.4057159423828 68.30065155029297 404.4057159423828
66.9094467163086 386.48919677734375 89.34607315063477 386.48919677734375 89.34607315063477 412.1311149597168 66.9094467163086 412.1311149597168
66.1762924194336 385.8652648925781 88.9562759399414 385.8652648925781 88.9562759399414 411.89959144592285 66.1762924194336 411.89959144592285
55.95018768310547 388.1490783691406 78.65255928039551 388.1490783691406 78.65255928039551 414.09470558166504 55.95018768310547 414.09470558166504
60.26866912841797 388.0129089355469 83.11654281616211 388.0129089355469 83.11654281616211 414.1248264312744 60.26866912841797 414.1248264312744
62.87931442260742 386.5423889160156 85.71463012695312 386.5423889160156 85.71463012695312 412.639949798584 62.87931442260742 412.639949798584
68.46644592285156 388.89923095703125 91.12557029724121 388.89923095703125 91.12557029724121 414.7954292297363 68.46644592285156 414.7954292297363
68.93544006347656 386.6793518066406 91.36515808105469 386.6793518066406 91.36515808105469 412.31336975097656 68.93544006347656 412.31336975097656
63.799095153808594 392.75885009765625 85.97123908996582 392.75885009765625 85.97123908996582 418.09849739074707 63.799095153808594 418.09849739074707
64.71298217773438 384.6873474121094 87.00451278686523 384.6873474121094 87.00451278686523 410.16343688964844 64.71298217773438 410.16343688964844
66.74087524414062 384.7869567871094 89.01731491088867 384.7869567871094 89.01731491088867 410.24580001831055 66.74087524414062 410.24580001831055
60.010169982910156 394.06329345703125 81.8669605255127 394.06329345703125 81.8669605255127 419.042537689209 60.010169982910156 419.042537689209
57.527259826660156 390.32110595703125 79.6434211730957 390.32110595703125 79.6434211730957 415.5967769622803 57.527259826660156 415.5967769622803
70.2063980102539 383.3270568847656 92.17889785766602 383.3270568847656 92.17889785766602 408.4385414123535 70.2063980102539 408.4385414123535
65.73792266845703 388.67474365234375 87.69388008117676 388.67474365234375 87.69388008117676 413.7673225402832 65.73792266845703 413.7673225402832
67.18350982666016 387.4112854003906 88.56536102294922 387.4112854003906 88.56536102294922 411.8477420806885 67.18350982666016 411.8477420806885
67.69194793701172 386.81268310546875 89.27952003479004 386.81268310546875 89.27952003479004 411.48424911499023 67.69194793701172 411.48424911499023
64.22859191894531 388.93994140625 86.09726524353027 388.93994140625 86.09726524353027 413.93276596069336 64.22859191894531 413.93276596069336
67.30879974365234 385.6014099121094 88.92271041870117 385.6014099121094 88.92271041870117 410.3030757904053 67.30879974365234 410.3030757904053
56.64796829223633 390.61541748046875 77.79531288146973 390.61541748046875 77.79531288146973 414.78386306762695 56.64796829223633 414.78386306762695
50.73024368286133 403.40765380859375 71.65911865234375 403.40765380859375 71.65911865234375 427.32641983032227 50.73024368286133 427.32641983032227
56.3689079284668 414.2237243652344 76.84303092956543 414.2237243652344 76.84303092956543 437.62277030944824 56.3689079284668 437.62277030944824
44.462623596191406 404.97943115234375 64.53134727478027 404.97943115234375 64.53134727478027 427.91516494750977 44.462623596191406 427.91516494750977
59.4542121887207 403.00311279296875 79.45385551452637 403.00311279296875 79.45385551452637 425.8598976135254 59.4542121887207 425.8598976135254
48.436763763427734 399.8406066894531 68.21059226989746 399.8406066894531 68.21059226989746 422.43931770324707 48.436763763427734 422.43931770324707
57.5883674621582 390.5527038574219 77.49776649475098 390.5527038574219 77.49776649475098 413.3063545227051 57.5883674621582 413.3063545227051
70.12875366210938 389.83270263671875 90.00339126586914 389.83270263671875 90.00339126586914 412.5466251373291 70.12875366210938 412.5466251373291
62.07173538208008 389.9617919921875 82.12364387512207 389.9617919921875 82.12364387512207 412.87830924987793 62.07173538208008 412.87830924987793
58.73850631713867 397.26202392578125 78.39534759521484 397.26202392578125 78.39534759521484 419.72703552246094 58.73850631713867 419.72703552246094
64.79864501953125 389.65850830078125 84.13510131835938 389.65850830078125 84.13510131835938 411.7573661804199 64.79864501953125 411.7573661804199
63.056297302246094 388.85113525390625 81.99615287780762 388.85113525390625 81.99615287780762 410.4967346191406 63.056297302246094 410.4967346191406
58.216888427734375 390.1552734375 76.91222763061523 390.1552734375 76.91222763061523 411.521427154541 58.216888427734375 411.521427154541
59.941253662109375 391.34844970703125 78.45103073120117 391.34844970703125 78.45103073120117 412.5025291442871 59.941253662109375 412.5025291442871
53.93672561645508 391.4900207519531 72.38925552368164 391.4900207519531 72.38925552368164 412.57867431640625 53.93672561645508 412.57867431640625
52.056922912597656 391.55999755859375 70.2013988494873 391.55999755859375 70.2013988494873 412.2965888977051 52.056922912597656 412.2965888977051
57.37238311767578 392.07843017578125 75.27016830444336 392.07843017578125 75.27016830444336 412.53308868408203 57.37238311767578 412.53308868408203
57.24314498901367 391.80035400390625 74.9609260559082 391.80035400390625 74.9609260559082 412.04929542541504 57.24314498901367 412.04929542541504
56.369529724121094 391.7716369628906 73.89118766784668 391.7716369628906 73.89118766784668 411.79643630981445 56.369529724121094 411.79643630981445
59.48627853393555 390.6033630371094 76.90401268005371 390.6033630371094 76.90401268005371 410.50938987731934 59.48627853393555 410.50938987731934
58.51778030395508 391.67681884765625 75.87566947937012 391.67681884765625 75.87566947937012 411.5144500732422 58.51778030395508 411.5144500732422
54.030662536621094 392.05194091796875 71.35485076904297 392.05194091796875 71.35485076904297 411.85105895996094 54.030662536621094 411.85105895996094
57.79740524291992 391.7689208984375 74.90997886657715 391.7689208984375 74.90997886657715 411.32619285583496 57.79740524291992 411.32619285583496
62.020896911621094 392.3682556152344 78.76353073120117 392.3682556152344 78.76353073120117 411.5027389526367 62.020896911621094 411.5027389526367
61.4783821105957 392.1529846191406 78.4421329498291 392.1529846191406 78.4421329498291 411.5401725769043 61.4783821105957 411.5401725769043
56.83856964111328 392.50775146484375 73.9326286315918 392.50775146484375 73.9326286315918 412.0438632965088 56.83856964111328 412.0438632965088
48.74867630004883 395.32513427734375 65.88273620605469 395.32513427734375 65.88273620605469 414.9069633483887 48.74867630004883 414.9069633483887
53.122779846191406 392.63287353515625 70.16980361938477 392.63287353515625 70.16980361938477 412.11523056030273 53.122779846191406 412.11523056030273
50.0606575012207 402.0656433105469 66.83060646057129 402.0656433105469 66.83060646057129 421.23134422302246 50.0606575012207 421.23134422302246
48.23981857299805 394.01995849609375 64.89805603027344 394.01995849609375 64.89805603027344 413.05799102783203 48.23981857299805 413.05799102783203
57.22712326049805 388.81060791015625 74.0793628692627 388.81060791015625 74.0793628692627 408.0703601837158 57.22712326049805 408.0703601837158
57.563072204589844 392.19830322265625 74.14956283569336 392.19830322265625 74.14956283569336 411.1543426513672 57.563072204589844 411.1543426513672
61.080322265625 397.3066101074219 77.70698928833008 397.3066101074219 77.70698928833008 416.3085632324219 61.080322265625 416.3085632324219
61.44880294799805 392.26361083984375 77.8713607788086 392.26361083984375 77.8713607788086 411.03229331970215 61.44880294799805 411.03229331970215
55.26789093017578 393.0015563964844 71.75096130371094 393.0015563964844 71.75096130371094 411.8393974304199 55.26789093017578 411.8393974304199
56.979225158691406 393.6567077636719 73.16769599914551 393.6567077636719 73.16769599914551 412.15786361694336 56.979225158691406 412.15786361694336
62.77741622924805 393.3202209472656 78.81595039367676 393.3202209472656 78.81595039367676 411.65002059936523 62.77741622924805 411.65002059936523
59.96516799926758 390.73431396484375 75.93846321105957 390.73431396484375 75.93846321105957 408.9895553588867 59.96516799926758 408.9895553588867
56.552467346191406 394.25189208984375 72.24337005615234 394.25189208984375 72.24337005615234 412.18439865112305 56.552467346191406 412.18439865112305
56.938636779785156 392.75091552734375 72.39598846435547 392.75091552734375 72.39598846435547 410.41650772094727 56.938636779785156 410.41650772094727
50.636085510253906 394.41522216796875 65.75583171844482 394.41522216796875 65.75583171844482 411.6949806213379 50.636085510253906 411.6949806213379
59.830101013183594 406.9790954589844 75.07385540008545 406.9790954589844 75.07385540008545 424.40057945251465 59.830101013183594 424.40057945251465
53.44110107421875 396.0856628417969 68.37740802764893 396.0856628417969 68.37740802764893 413.15577697753906 53.44110107421875 413.15577697753906
51.30608367919922 398.85595703125 66.23111724853516 398.85595703125 66.23111724853516 415.9131889343262 51.30608367919922 415.9131889343262
52.212562561035156 393.1151428222656 66.87968730926514 393.1151428222656 66.87968730926514 409.8776206970215 52.212562561035156 409.8776206970215
54.319671630859375 395.1583557128906 68.97784900665283 395.1583557128906 68.97784900665283 411.910608291626 54.319671630859375 411.910608291626
54.87630081176758 395.9275817871094 69.328200340271 395.9275817871094 69.328200340271 412.44408798217773 54.87630081176758 412.44408798217773
53.73012161254883 394.11505126953125 68.06604862213135 394.11505126953125 68.06604862213135 410.4990177154541 53.73012161254883 410.4990177154541
68.76124572753906 393.6173095703125 82.93428039550781 393.6173095703125 82.93428039550781 409.81511306762695 68.76124572753906 409.81511306762695
49.993995666503906 393.59100341796875 63.95675468444824 393.59100341796875 63.95675468444824 409.5484924316406 49.993995666503906 409.5484924316406
49.68671417236328 395.7179260253906 63.58279609680176 395.7179260253906 63.58279609680176 411.5992126464844 49.68671417236328 411.5992126464844
56.2576789855957 395.43585205078125 70.11118412017822 395.43585205078125 70.11118412017822 411.2684803009033 56.2576789855957 411.2684803009033
50.02643585205078 396.77581787109375 63.947171211242676 396.77581787109375 63.947171211242676 412.68528175354004 50.02643585205078 412.68528175354004
49.408912658691406 395.5693359375 63.556264877319336 395.5693359375 63.556264877319336 411.73778915405273 49.408912658691406 411.73778915405273
48.87449264526367 395.66534423828125 63.04065799713135 395.66534423828125 63.04065799713135 411.8552989959717 48.87449264526367 411.8552989959717
42.5216064453125 404.6516418457031 56.519575119018555 404.6516418457031 56.519575119018555 420.6493730545044 42.5216064453125 420.6493730545044
47.849884033203125 401.72625732421875 61.86641502380371 401.72625732421875 61.86641502380371 417.7452049255371 47.849884033203125 417.7452049255371
49.20772171020508 396.35174560546875 63.33420944213867 396.35174560546875 63.33420944213867 412.49635887145996 49.20772171020508 412.49635887145996
47.74005889892578 395.0018005371094 61.7871150970459 395.0018005371094 61.7871150970459 411.05563735961914 47.74005889892578 411.05563735961914
47.18569564819336 396.9459533691406 61.21971321105957 396.9459533691406 61.21971321105957 412.98488998413086 47.18569564819336 412.98488998413086
43.63102722167969 415.06085205078125 57.55754280090332 415.06085205078125 57.55754280090332 430.9769287109375 43.63102722167969 430.9769287109375
30.960834503173828 423.50128173828125 45.02705001831055 423.50128173828125 45.02705001831055 439.5770149230957 30.960834503173828 439.5770149230957
33.74608612060547 420.07940673828125 47.60838317871094 420.07940673828125 47.60838317871094 435.9220905303955 33.74608612060547 435.9220905303955
27.684268951416016 420.8560485839844 41.70570182800293 420.8560485839844 41.70570182800293 436.88059997558594 27.684268951416016 436.88059997558594
20.654388427734375 418.85748291015625 34.54500865936279 418.85748291015625 34.54500865936279 434.732533454895 20.654388427734375 434.732533454895
12.10223388671875 410.11932373046875 25.98036479949951 410.11932373046875 25.98036479949951 425.98009967803955 12.10223388671875 425.98009967803955
19.077096939086914 421.0169372558594 32.961910247802734 421.0169372558594 32.961910247802734 436.8853483200073 19.077096939086914 436.8853483200073
17.569377899169922 419.6939392089844 31.44706153869629 419.6939392089844 31.44706153869629 435.5542039871216 17.569377899169922 435.5542039871216
20.695201873779297 410.22314453125 34.57478904724121 410.22314453125 34.57478904724121 426.08558464050293 20.695201873779297 426.08558464050293
29.93679428100586 421.0270080566406 43.74418830871582 421.0270080566406 43.74418830871582 436.80694103240967 29.93679428100586 436.80694103240967
26.842357635498047 421.7206115722656 40.591196060180664 421.7206115722656 40.591196060180664 437.43362617492676 26.842357635498047 437.43362617492676
30.224559783935547 419.9332580566406 43.91911697387695 419.9332580566406 43.91911697387695 435.58423614501953 30.224559783935547 435.58423614501953
43.1282844543457 418.6900329589844 56.73728847503662 418.6900329589844 56.73728847503662 434.2432346343994 43.1282844543457 434.2432346343994
33.973384857177734 419.53472900390625 47.71431827545166 419.53472900390625 47.71431827545166 435.2387065887451 33.973384857177734 435.2387065887451
28.757549285888672 423.46234130859375 42.50829887390137 423.46234130859375 42.50829887390137 439.1775379180908 28.757549285888672 439.1775379180908
37.90338897705078 419.32232666015625 51.535682678222656 419.32232666015625 51.535682678222656 434.90214347839355 37.90338897705078 434.90214347839355
41.841697692871094 419.552734375 55.42226219177246 419.552734375 55.42226219177246 435.0734348297119 41.841697692871094 435.0734348297119
30.94283676147461 420.8358459472656 44.39486598968506 420.8358459472656 44.39486598968506 436.2096481323242 30.94283676147461 436.2096481323242
20.52752685546875 420.63507080078125 34.067678451538086 420.63507080078125 34.067678451538086 436.1095857620239 20.52752685546875 436.1095857620239
13.896171569824219 418.9422912597656 27.206507682800293 418.9422912597656 27.206507682800293 434.1541576385498 13.896171569824219 434.1541576385498
16.726743698120117 420.0828552246094 30.096726417541504 420.0828552246094 30.096726417541504 435.3628873825073 16.726743698120117 435.3628873825073
22.44516372680664 426.8020935058594 35.878862380981445 426.8020935058594 35.878862380981445 442.15494537353516 22.44516372680664 442.15494537353516
13.401359558105469 436.93255615234375 26.788891792297363 436.93255615234375 26.788891792297363 452.23264503479004 13.401359558105469 452.23264503479004
12.0404691696167 437.01739501953125 25.29563617706299 437.01739501953125 25.29563617706299 452.16620922088623 12.0404691696167 452.16620922088623
22.96648597717285 439.06744384765625 36.0731201171875 439.06744384765625 36.0731201171875 454.04650688171387 22.96648597717285 454.04650688171387
28.74479103088379 421.506103515625 41.579922676086426 421.506103515625 41.579922676086426 436.17487621307373 28.74479103088379 436.17487621307373
29.82216453552246 423.57086181640625 42.76643657684326 423.57086181640625 42.76643657684326 438.36436653137207 29.82216453552246 438.36436653137207
14.966418266296387 420.60345458984375 27.83907127380371 420.60345458984375 27.83907127380371 435.31510734558105 14.966418266296387 435.31510734558105
12.364416122436523 437.50164794921875 25.1800594329834 437.50164794921875 25.1800594329834 452.1481456756592 12.364416122436523 452.1481456756592
12.404659271240234 424.4728088378906 25.267690658569336 424.4728088378906 25.267690658569336 439.17346477508545 12.404659271240234 439.17346477508545
24.27981185913086 420.99786376953125 37.26884078979492 420.99786376953125 37.26884078979492 435.8425168991089 24.27981185913086 435.8425168991089
17.52823829650879 420.001953125 30.348578453063965 420.001953125 30.348578453063965 434.65381813049316 17.52823829650879 434.65381813049316
32.44025421142578 419.71368408203125 45.409759521484375 419.71368408203125 45.409759521484375 434.53602409362793 32.44025421142578 434.53602409362793
30.440319061279297 422.59967041015625 43.37783718109131 422.59967041015625 43.37783718109131 437.38545417785645 30.440319061279297 437.38545417785645
35.49431610107422 421.2232360839844 48.327792167663574 421.2232360839844 48.327792167663574 435.89011573791504 35.49431610107422 435.89011573791504
30.500009536743164 421.2574768066406 43.19119930267334 421.2574768066406 43.19119930267334 435.7617435455322 30.500009536743164 435.7617435455322
31.422565460205078 420.9613342285156 44.3343620300293 420.9613342285156 44.3343620300293 435.71772289276123 31.422565460205078 435.71772289276123
16.954267501831055 420.4737854003906 29.80834197998047 420.4737854003906 29.80834197998047 435.16420555114746 16.954267501831055 435.16420555114746
21.31443214416504 417.75665283203125 33.90385818481445 417.75665283203125 33.90385818481445 432.1446170806885 21.31443214416504 432.1446170806885
29.107120513916016 420.93902587890625 41.51223087310791 420.93902587890625 41.51223087310791 435.11634254455566 29.107120513916016 435.11634254455566
34.29840087890625 424.31494140625 46.788856506347656 424.31494140625 46.788856506347656 438.5897960662842 34.29840087890625 438.5897960662842
33.05809020996094 420.84423828125 45.597618103027344 420.84423828125 45.597618103027344 435.17517375946045 33.05809020996094 435.17517375946045
23.873729705810547 420.1119079589844 36.4115686416626 420.1119079589844 36.4115686416626 434.4409122467041 23.873729705810547 434.4409122467041
31.349206924438477 422.54486083984375 43.96862506866455 422.54486083984375 43.96862506866455 436.96709728240967 31.349206924438477 436.96709728240967
44.91727066040039 419.99853515625 57.51043128967285 419.99853515625 57.51043128967285 434.39076232910156 44.91727066040039 434.39076232910156
61.79076385498047 418.5926818847656 74.57766532897949 418.5926818847656 74.57766532897949 433.2063274383545 61.79076385498047 433.2063274383545
64.61756134033203 415.50299072265625 77.11413288116455 415.50299072265625 77.11413288116455 429.7848300933838 64.61756134033203 429.7848300933838
63.67052459716797 415.4266662597656 76.43451690673828 415.4266662597656 76.43451690673828 430.0141296386719 63.67052459716797 430.0141296386719
65.97428131103516 394.9832458496094 78.93824481964111 394.9832458496094 78.93824481964111 409.7992477416992 65.97428131103516 409.7992477416992
69.00846862792969 390.3662109375 81.97887420654297 390.3662109375 81.97887420654297 405.1895751953125 69.00846862792969 405.1895751953125
66.3704833984375 389.1753845214844 79.37776756286621 389.1753845214844 79.37776756286621 404.04089641571045 66.3704833984375 404.04089641571045
