404.0 233.0 424.0 233.0 424.0 248.0 404.0 248.0
404.0662536621094 233.15060424804688 424.6094799041748 233.15060424804688 424.6094799041748 247.90819835662842 404.0662536621094 247.90819835662842
403.76171875 233.6205596923828 424.4593753814697 233.6205596923828 424.4593753814697 248.19683647155762 403.76171875 248.19683647155762
403.80413818359375 233.4835662841797 424.281888961792 233.4835662841797 424.281888961792 248.84188079833984 403.80413818359375 248.84188079833984
404.0083923339844 233.71536254882812 424.85585021972656 233.71536254882812 424.85585021972656 248.89967155456543 404.0083923339844 248.89967155456543
404.0121765136719 233.2314453125 424.75626945495605 233.2314453125 424.75626945495605 248.58522605895996 404.0121765136719 248.58522605895996
404.401611328125 233.257568359375 425.65242767333984 233.257568359375 425.65242767333984 248.59853839874268 404.401611328125 248.59853839874268
405.7113952636719 233.201171875 425.53943061828613 233.201171875 425.53943061828613 248.76021766662598 405.7113952636719 248.76021766662598
406.1465148925781 233.946533203125 425.85894775390625 233.946533203125 425.85894775390625 249.4884214401245 406.1465148925781 249.4884214401245
406.5018310546875 233.9906005859375 425.2603416442871 233.9906005859375 425.2603416442871 249.61780834197998 406.5018310546875 249.61780834197998
405.76483154296875 234.541748046875 425.71346282958984 234.541748046875 425.71346282958984 250.19400024414062 405.76483154296875 250.19400024414062
405.63275146484375 234.8267822265625 426.24436378479004 234.8267822265625 426.24436378479004 249.9226894378662 405.63275146484375 249.9226894378662
405.5969543457031 235.4493408203125 426.048397064209 235.4493408203125 426.048397064209 250.5939588546753 405.5969543457031 250.5939588546753
406.26251220703125 235.80419921875 426.26666831970215 235.80419921875 426.26666831970215 250.80839729309082 406.26251220703125 250.80839729309082
405.8070068359375 236.0821075439453 426.8429718017578 236.0821075439453 426.8429718017578 250.88046264648438 405.8070068359375 250.88046264648438
405.53509521484375 235.55038452148438 427.61987495422363 235.55038452148438 427.61987495422363 251.44463634490967 405.53509521484375 251.44463634490967
405.8780212402344 235.83804321289062 428.3397922515869 235.83804321289062 428.3397922515869 251.27621746063232 405.8780212402344 251.27621746063232
405.94476318359375 235.12710571289062 427.48312187194824 235.12710571289062 427.48312187194824 251.26885223388672 405.94476318359375 251.26885223388672
406.4260559082031 236.03945922851562 427.5362911224365 236.03945922851562 427.5362911224365 251.63227081298828 406.4260559082031 251.63227081298828
406.2964172363281 235.7735137939453 427.745210647583 235.7735137939453 427.745210647583 251.41950225830078 406.2964172363281 251.41950225830078
406.5750427246094 236.09451293945312 428.03520584106445 236.09451293945312 428.03520584106445 251.5666217803955 406.5750427246094 251.5666217803955
406.5458068847656 236.7294464111328 429.3499221801758 236.7294464111328 429.3499221801758 252.32523345947266 406.5458068847656 252.32523345947266
407.626708984375 236.7098846435547 429.3487091064453 236.7098846435547 429.3487091064453 252.16132354736328 407.626708984375 252.16132354736328
407.995849609375 237.25399780273438 429.4513454437256 237.25399780273438 429.4513454437256 252.78954124450684 407.995849609375 252.78954124450684
408.2481994628906 236.15603637695312 429.87392807006836 236.15603637695312 429.87392807006836 252.6165428161621 408.2481994628906 252.6165428161621
408.250732421875 235.75527954101562 431.0520324707031 235.75527954101562 431.0520324707031 251.75671768188477 408.250732421875 251.75671768188477
408.3075256347656 236.4813995361328 430.8594722747803 236.4813995361328 430.8594722747803 252.73883056640625 408.3075256347656 252.73883056640625
409.5454406738281 236.45596313476562 431.6517868041992 236.45596313476562 431.6517868041992 253.0357208251953 409.5454406738281 253.0357208251953
410.05853271484375 237.85281372070312 431.7066993713379 237.85281372070312 431.7066993713379 254.08893585205078 410.05853271484375 254.08893585205078
409.70257568359375 238.08187866210938 431.51161193847656 238.08187866210938 431.51161193847656 254.43865394592285 409.70257568359375 254.43865394592285
409.5552062988281 238.5460968017578 431.3043212890625 238.5460968017578 431.3043212890625 254.79356384277344 409.5552062988281 254.79356384277344
409.30328369140625 238.0031280517578 431.46006774902344 238.0031280517578 431.46006774902344 254.26678848266602 409.30328369140625 254.26678848266602
409.35870361328125 238.1117706298828 431.6256904602051 238.1117706298828 431.6256904602051 254.42783737182617 409.35870361328125 254.42783737182617
409.7674865722656 238.2611846923828 432.16598320007324 238.2611846923828 432.16598320007324 254.79471397399902 409.7674865722656 254.79471397399902
410.07672119140625 238.3162841796875 432.5331916809082 238.3162841796875 432.5331916809082 254.51031684875488 410.07672119140625 254.51031684875488
410.5589294433594 238.048828125 433.7420845031738 238.048828125 433.7420845031738 254.2338104248047 410.5589294433594 254.2338104248047
410.55975341796875 237.5473175048828 432.7060127258301 237.5473175048828 432.7060127258301 254.15700912475586 410.55975341796875 254.15700912475586
410.4236755371094 238.0749053955078 432.634672164917 238.0749053955078 432.634672164917 254.53560829162598 410.4236755371094 254.53560829162598
410.6563415527344 238.54623413085938 432.966365814209 238.54623413085938 432.966365814209 255.0385627746582 410.6563415527344 255.0385627746582
410.4532165527344 239.5540313720703 433.85193634033203 239.5540313720703 433.85193634033203 256.16222763061523 410.4532165527344 256.16222763061523
411.34320068359375 239.82156372070312 433.3406181335449 239.82156372070312 433.3406181335449 255.9936866760254 411.34320068359375 255.9936866760254
410.98406982421875 240.165771484375 434.18275451660156 240.165771484375 434.18275451660156 255.48190021514893 410.98406982421875 255.48190021514893
412.512451171875 240.0268096923828 434.71766471862793 240.0268096923828 434.71766471862793 256.5888671875 412.512451171875 256.5888671875
412.711669921875 239.4584503173828 434.5024166107178 239.4584503173828 434.5024166107178 256.0982131958008 412.711669921875 256.0982131958008
412.4955139160156 239.37930297851562 435.1213722229004 239.37930297851562 435.1213722229004 255.6288661956787 412.4955139160156 255.6288661956787
412.175537109375 239.2086639404297 435.4075164794922 239.2086639404297 435.4075164794922 255.68234825134277 412.175537109375 255.68234825134277
412.3955993652344 239.25717163085938 435.00263023376465 239.25717163085938 435.00263023376465 256.2124443054199 412.3955993652344 256.2124443054199
413.1390075683594 240.0595245361328 435.69513511657715 240.0595245361328 435.69513511657715 256.976619720459 413.1390075683594 256.976619720459
412.2635803222656 240.64572143554688 435.55424880981445 240.64572143554688 435.55424880981445 257.1202735900879 412.2635803222656 257.1202735900879
413.0380859375 240.5797882080078 436.3703269958496 240.5797882080078 436.3703269958496 257.77756690979004 413.0380859375 257.77756690979004
413.4087829589844 240.29232788085938 436.7245693206787 240.29232788085938 436.7245693206787 257.77917098999023 413.4087829589844 257.77917098999023
413.4400329589844 241.3400115966797 437.2914581298828 241.3400115966797 437.2914581298828 258.28278732299805 413.4400329589844 258.28278732299805
412.44989013671875 241.47604370117188 435.6989440917969 241.47604370117188 435.6989440917969 258.4346008300781 412.44989013671875 258.4346008300781
413.5631408691406 241.3455810546875 436.8758144378662 241.3455810546875 436.8758144378662 258.1945858001709 413.5631408691406 258.1945858001709
413.00860595703125 240.3795166015625 435.81959533691406 240.3795166015625 435.81959533691406 257.4877624511719 413.00860595703125 257.4877624511719
413.1715393066406 240.5571746826172 435.99541091918945 240.5571746826172 435.99541091918945 257.6750831604004 413.1715393066406 257.6750831604004
413.3268127441406 241.2877197265625 436.01783180236816 241.2877197265625 436.01783180236816 258.3059883117676 413.3268127441406 258.3059883117676
413.4183044433594 240.97097778320312 436.04012298583984 240.97097778320312 436.04012298583984 257.93734550476074 413.4183044433594 257.93734550476074
413.9482421875 242.0606231689453 436.53150939941406 242.0606231689453 436.53150939941406 258.7605743408203 413.9482421875 258.7605743408203
414.09246826171875 242.268310546875 437.0498352050781 242.268310546875 437.0498352050781 259.4863395690918 414.09246826171875 259.4863395690918
414.53363037109375 242.1143035888672 437.12320709228516 242.1143035888672 437.12320709228516 259.056489944458 414.53363037109375 259.056489944458
414.2328186035156 241.7470703125 437.3505554199219 241.7470703125 437.3505554199219 259.0853786468506 414.2328186035156 259.0853786468506
413.1741638183594 242.36050415039062 436.0274085998535 242.36050415039062 436.0274085998535 259.5004425048828 413.1741638183594 259.5004425048828
413.9518127441406 241.88858032226562 437.2213363647461 241.88858032226562 437.2213363647461 259.3407287597656 413.9518127441406 259.3407287597656
413.4510803222656 241.4225311279297 437.2613124847412 241.4225311279297 437.2613124847412 259.28021240234375 413.4510803222656 259.28021240234375
412.853271484375 242.6045684814453 436.482873916626 242.6045684814453 436.482873916626 260.32677841186523 412.853271484375 260.32677841186523
413.1321716308594 243.1002197265625 436.9592933654785 243.1002197265625 436.9592933654785 260.9705696105957 413.1321716308594 260.9705696105957
411.51080322265625 242.16000366210938 435.64293098449707 242.16000366210938 435.64293098449707 260.25910568237305 411.51080322265625 260.25910568237305
411.79815673828125 242.7514190673828 436.1144733428955 242.7514190673828 436.1144733428955 260.1497058868408 411.79815673828125 260.1497058868408
411.3363342285156 243.0840606689453 435.22613525390625 243.0840606689453 435.22613525390625 261.0014171600342 411.3363342285156 261.0014171600342
411.3487243652344 243.3695068359375 435.3967475891113 243.3695068359375 435.3967475891113 260.9265880584717 411.3487243652344 260.9265880584717
410.97735595703125 242.7098388671875 435.25127601623535 242.7098388671875 435.25127601623535 260.91528511047363 410.97735595703125 260.91528511047363
410.91632080078125 243.1881561279297 435.0541763305664 243.1881561279297 435.0541763305664 261.29155349731445 410.91632080078125 261.29155349731445
409.7838439941406 243.27761840820312 434.35605239868164 243.27761840820312 434.35605239868164 261.2702941894531 409.7838439941406 261.2702941894531
409.4471130371094 243.08895874023438 434.52607345581055 243.08895874023438 434.52607345581055 261.3995590209961 409.4471130371094 261.3995590209961
408.5398864746094 244.085205078125 434.5553684234619 244.085205078125 434.5553684234619 261.96445655822754 408.5398864746094 261.96445655822754
408.58013916015625 244.30874633789062 434.05926513671875 244.30874633789062 434.05926513671875 262.6100883483887 408.58013916015625 262.6100883483887
408.3260192871094 245.1026153564453 433.3944206237793 245.1026153564453 433.3944206237793 262.96776962280273 408.3260192871094 262.96776962280273
408.2746887207031 245.2732696533203 433.5616645812988 245.2732696533203 433.5616645812988 263.21011543273926 408.2746887207031 263.21011543273926
407.4583740234375 245.00717163085938 433.40041732788086 245.00717163085938 433.40041732788086 262.80977630615234 407.4583740234375 262.80977630615234
406.75238037109375 244.25912475585938 432.47968673706055 244.25912475585938 432.47968673706055 263.82068061828613 406.75238037109375 263.82068061828613
407.1058349609375 244.14297485351562 432.88550758361816 244.14297485351562 432.88550758361816 262.52263832092285 407.1058349609375 262.52263832092285
406.86651611328125 244.03079223632812 432.5742950439453 244.03079223632812 432.5742950439453 262.538236618042 406.86651611328125 262.538236618042
406.4869689941406 245.27841186523438 431.93942642211914 245.27841186523438 431.93942642211914 263.4991683959961 406.4869689941406 263.4991683959961
406.5032653808594 245.42562866210938 431.83448219299316 245.42562866210938 431.83448219299316 263.7485103607178 406.5032653808594 263.7485103607178
406.0413513183594 246.8945770263672 432.5713405609131 246.8945770263672 432.5713405609131 264.221155166626 406.0413513183594 264.221155166626
405.6361083984375 247.2270965576172 431.4917411804199 247.2270965576172 431.4917411804199 264.98768043518066 405.6361083984375 264.98768043518066
404.9386291503906 246.6869659423828 430.90460777282715 246.6869659423828 430.90460777282715 265.2333736419678 404.9386291503906 265.2333736419678
404.4602966308594 247.1078338623047 430.4917869567871 247.1078338623047 430.4917869567871 265.35918045043945 404.4602966308594 265.35918045043945
404.26837158203125 246.1188507080078 429.5057182312012 246.1188507080078 429.5057182312012 264.52305030822754 404.26837158203125 264.52305030822754
402.71588134765625 246.4778289794922 428.69261741638184 246.4778289794922 428.69261741638184 263.6378593444824 402.71588134765625 263.6378593444824
402.7626953125 246.1304168701172 428.1362934112549 246.1304168701172 428.1362934112549 264.6641960144043 402.7626953125 264.6641960144043
403.7757568359375 246.908935546875 427.8095397949219 246.908935546875 427.8095397949219 264.557186126709 403.7757568359375 264.557186126709
404.27520751953125 246.884033203125 427.455867767334 246.884033203125 427.455867767334 264.5984649658203 404.27520751953125 264.5984649658203
403.06903076171875 248.1005859375 427.03474044799805 248.1005859375 427.03474044799805 264.5337371826172 403.06903076171875 264.5337371826172
403.6487731933594 248.7970733642578 426.92377281188965 248.7970733642578 426.92377281188965 265.7505912780762 403.6487731933594 265.7505912780762
403.5980224609375 249.0723419189453 426.943510055542 249.0723419189453 426.943510055542 265.64488792419434 403.5980224609375 265.64488792419434
403.0078125 249.4241180419922 425.70408821105957 249.4241180419922 425.70408821105957 266.28945541381836 403.0078125 266.28945541381836
403.273193359375 249.02902221679688 425.25683975219727 249.02902221679688 425.25683975219727 265.48440170288086 403.273193359375 265.48440170288086
402.4393310546875 249.2703857421875 425.6512870788574 249.2703857421875 425.6512870788574 265.6853427886963 402.4393310546875 265.6853427886963
401.9469299316406 247.8688201904297 426.2673091888428 247.8688201904297 426.2673091888428 265.5643501281738 401.9469299316406 265.5643501281738
402.24310302734375 248.5547332763672 426.75279998779297 248.5547332763672 426.75279998779297 265.4073123931885 402.24310302734375 265.4073123931885
400.92352294921875 248.48348999023438 425.5590572357178 248.48348999023438 425.5590572357178 266.6373291015625 400.92352294921875 266.6373291015625
401.1269836425781 250.26318359375 426.94065284729004 250.26318359375 426.94065284729004 267.29442977905273 401.1269836425781 267.29442977905273
401.5711364746094 250.16354370117188 426.944429397583 250.16354370117188 426.944429397583 266.8653030395508 401.5711364746094 266.8653030395508
401.3970642089844 250.69320678710938 426.0661430358887 250.69320678710938 426.0661430358887 268.5549564361572 401.3970642089844 268.5549564361572
400.2965393066406 250.3207244873047 425.7422122955322 250.3207244873047 425.7422122955322 267.9420871734619 400.2965393066406 267.9420871734619
400.94122314453125 251.059814453125 426.43437576293945 251.059814453125 426.43437576293945 267.9242820739746 400.94122314453125 267.9242820739746
400.4307556152344 250.15591430664062 425.8978729248047 250.15591430664062 425.8978729248047 267.2067642211914 400.4307556152344 267.2067642211914
400.63568115234375 250.21533203125 425.45752334594727 250.21533203125 425.45752334594727 267.42848777770996 400.63568115234375 267.42848777770996
399.89947509765625 249.6791229248047 425.5118045806885 249.6791229248047 425.5118045806885 267.36170387268066 399.89947509765625 267.36170387268066
398.96282958984375 250.2250213623047 424.3101406097412 250.2250213623047 424.3101406097412 269.2355155944824 398.96282958984375 269.2355155944824
399.3517150878906 250.48934936523438 424.2272491455078 250.48934936523438 424.2272491455078 268.89515113830566 399.3517150878906 268.89515113830566
400.06890869140625 250.98471069335938 425.5053901672363 250.98471069335938 425.5053901672363 269.3204231262207 400.06890869140625 269.3204231262207
399.462158203125 251.1853485107422 424.68278884887695 251.1853485107422 424.68278884887695 270.100830078125 399.462158203125 270.100830078125
399.01641845703125 252.2305145263672 424.3267421722412 252.2305145263672 424.3267421722412 270.3962059020996 399.01641845703125 270.3962059020996
399.29071044921875 252.2304229736328 424.0407199859619 252.2304229736328 424.0407199859619 270.4942741394043 399.29071044921875 270.4942741394043
399.33563232421875 252.05502319335938 424.73828887939453 252.05502319335938 424.73828887939453 269.9617385864258 399.33563232421875 269.9617385864258
399.123291015625 253.5044403076172 423.8569850921631 253.5044403076172 423.8569850921631 270.7967109680176 399.123291015625 270.7967109680176
398.40228271484375 251.70639038085938 424.0195426940918 251.70639038085938 424.0195426940918 269.63501358032227 398.40228271484375 269.63501358032227
397.34747314453125 248.9636993408203 423.74110984802246 248.9636993408203 423.74110984802246 266.62761878967285 397.34747314453125 266.62761878967285
396.6837158203125 244.3310546875 424.5324897766113 244.3310546875 424.5324897766113 261.26194190979004 396.6837158203125 261.26194190979004
396.63232421875 242.2545623779297 424.44300842285156 242.2545623779297 424.44300842285156 259.1633892059326 396.63232421875 259.1633892059326
399.1016845703125 240.243408203125 424.35346603393555 240.243408203125 424.35346603393555 257.77429580688477 399.1016845703125 257.77429580688477
396.7286071777344 236.81015014648438 422.2125587463379 236.81015014648438 422.2125587463379 254.33416175842285 396.7286071777344 254.33416175842285
396.3843078613281 235.1095428466797 422.3093967437744 235.1095428466797 422.3093967437744 251.1518669128418 396.3843078613281 251.1518669128418
398.0553894042969 230.35562133789062 424.0279998779297 230.35562133789062 424.0279998779297 246.0311985015869 398.0553894042969 246.0311985015869
397.86810302734375 229.07803344726562 422.33698654174805 229.07803344726562 422.33698654174805 247.14226722717285 397.86810302734375 247.14226722717285
398.5022888183594 228.85708618164062 422.9057426452637 228.85708618164062 422.9057426452637 246.4057846069336 398.5022888183594 246.4057846069336
396.87890625 229.4940948486328 422.7552833557129 229.4940948486328 422.7552833557129 248.0163402557373 396.87890625 248.0163402557373
397.82891845703125 230.39633178710938 423.0128421783447 230.39633178710938 423.0128421783447 247.84360122680664 397.82891845703125 247.84360122680664
398.13067626953125 230.61764526367188 422.5047264099121 230.61764526367188 422.5047264099121 247.8209228515625 398.13067626953125 247.8209228515625
398.577880859375 230.5676727294922 422.2236957550049 230.5676727294922 422.2236957550049 247.58320999145508 398.577880859375 247.58320999145508
398.1387634277344 230.4642333984375 422.26383209228516 230.4642333984375 422.26383209228516 248.1055202484131 398.1387634277344 248.1055202484131
398.76214599609375 231.01254272460938 422.64791107177734 231.01254272460938 422.64791107177734 248.69753074645996 398.76214599609375 248.69753074645996
399.72332763671875 231.4014129638672 422.44335556030273 231.4014129638672 422.44335556030273 248.830322265625 399.72332763671875 248.830322265625
398.96014404296875 231.5232696533203 422.8303565979004 231.5232696533203 422.8303565979004 249.043306350708 398.96014404296875 249.043306350708
399.5719299316406 231.97183227539062 423.5853157043457 231.97183227539062 423.5853157043457 249.19422912597656 399.5719299316406 249.19422912597656
397.7247314453125 228.1887969970703 424.1933650970459 228.1887969970703 424.1933650970459 245.3784236907959 397.7247314453125 245.3784236907959
398.940185546875 225.0946502685547 424.7265319824219 225.0946502685547 424.7265319824219 244.434419631958 398.940185546875 244.434419631958
398.47479248046875 222.24624633789062 426.0226249694824 222.24624633789062 426.0226249694824 239.45312881469727 398.47479248046875 239.45312881469727
400.19232177734375 217.69674682617188 425.8294372558594 217.69674682617188 425.8294372558594 236.92459297180176 400.19232177734375 236.92459297180176
399.2178649902344 215.0728759765625 425.7771110534668 215.0728759765625 425.7771110534668 233.97750282287598 399.2178649902344 233.97750282287598
400.1658020019531 212.99551391601562 425.88035011291504 212.99551391601562 425.88035011291504 230.92332649230957 400.1658020019531 230.92332649230957
401.71844482421875 210.9265594482422 427.1149654388428 210.9265594482422 427.1149654388428 229.9739589691162 401.71844482421875 229.9739589691162
401.98394775390625 211.779541015625 427.01544189453125 211.779541015625 427.01544189453125 230.44083976745605 401.98394775390625 230.44083976745605
401.79559326171875 210.9807586669922 427.0755920410156 210.9807586669922 427.0755920410156 229.57664680480957 401.79559326171875 229.57664680480957
401.98736572265625 211.13449096679688 427.4010200500488 211.13449096679688 427.4010200500488 230.01196670532227 401.98736572265625 230.01196670532227
401.8841247558594 211.52847290039062 427.97252464294434 211.52847290039062 427.97252464294434 229.84612846374512 401.8841247558594 229.84612846374512
402.5418395996094 211.9788818359375 428.46295738220215 211.9788818359375 428.46295738220215 230.23424911499023 402.5418395996094 230.23424911499023
403.65936279296875 211.59634399414062 429.7744655609131 211.59634399414062 429.7744655609131 230.88946914672852 403.65936279296875 230.88946914672852
403.80865478515625 212.68429565429688 430.4109859466553 212.68429565429688 430.4109859466553 230.18097114562988 403.80865478515625 230.18097114562988
404.488037109375 212.86563110351562 430.0009517669678 212.86563110351562 430.0009517669678 231.44362258911133 404.488037109375 231.44362258911133
404.76458740234375 213.7047882080078 430.17248725891113 213.7047882080078 430.17248725891113 231.6021671295166 404.76458740234375 231.6021671295166
405.11822509765625 214.91812133789062 430.63848876953125 214.91812133789062 430.63848876953125 233.19281578063965 405.11822509765625 233.19281578063965
405.7198486328125 215.67691040039062 431.45543479919434 215.67691040039062 431.45543479919434 233.08369827270508 405.7198486328125 233.08369827270508
404.8958740234375 216.4054718017578 431.2669258117676 216.4054718017578 431.2669258117676 233.7239990234375 404.8958740234375 233.7239990234375
405.7976989746094 216.1038055419922 431.0992012023926 216.1038055419922 431.0992012023926 233.34427452087402 405.7976989746094 233.34427452087402
406.6236877441406 215.4438934326172 432.12244606018066 215.4438934326172 432.12244606018066 232.52177810668945 406.6236877441406 232.52177810668945
407.5183410644531 215.78732299804688 433.22895431518555 215.78732299804688 433.22895431518555 232.68484687805176 407.5183410644531 232.68484687805176
407.8918762207031 214.7013397216797 433.3016052246094 214.7013397216797 433.3016052246094 232.3349609375 407.8918762207031 232.3349609375
408.9207763671875 215.31521606445312 433.5545539855957 215.31521606445312 433.5545539855957 232.5823802947998 408.9207763671875 232.5823802947998
409.9063415527344 216.15878295898438 434.4290714263916 216.15878295898438 434.4290714263916 233.97636795043945 409.9063415527344 233.97636795043945
409.79010009765625 216.23617553710938 435.1723690032959 216.23617553710938 435.1723690032959 233.80722427368164 409.79010009765625 233.80722427368164
409.0985107421875 215.2281494140625 434.4223518371582 215.2281494140625 434.4223518371582 231.80404090881348 409.0985107421875 231.80404090881348
409.1080627441406 208.9114990234375 435.4638614654541 208.9114990234375 435.4638614654541 225.1680450439453 409.1080627441406 225.1680450439453
410.6263732910156 205.6992950439453 435.3275566101074 205.6992950439453 435.3275566101074 222.95843124389648 410.6263732910156 222.95843124389648
410.567626953125 199.33917236328125 437.1593818664551 199.33917236328125 437.1593818664551 215.78973960876465 410.567626953125 215.78973960876465
411.83056640625 195.89303588867188 439.2386169433594 195.89303588867188 439.2386169433594 212.31939315795898 411.83056640625 212.31939315795898
412.1100158691406 189.19273376464844 437.4777889251709 189.19273376464844 437.4777889251709 208.21857261657715 412.1100158691406 208.21857261657715
411.4976501464844 187.47161865234375 437.89611434936523 187.47161865234375 437.89611434936523 206.21199798583984 411.4976501464844 206.21199798583984
411.5533142089844 186.42825317382812 438.0033073425293 186.42825317382812 438.0033073425293 203.57547569274902 411.5533142089844 203.57547569274902
411.6299743652344 182.8388214111328 438.8570804595947 182.8388214111328 438.8570804595947 200.18184280395508 411.6299743652344 200.18184280395508
412.94866943359375 179.71939086914062 439.06330490112305 179.71939086914062 439.06330490112305 198.94559288024902 412.94866943359375 198.94559288024902
413.3082580566406 180.92587280273438 438.53704261779785 180.92587280273438 438.53704261779785 198.5838565826416 413.3082580566406 198.5838565826416
413.65521240234375 180.18508911132812 439.8744926452637 180.18508911132812 439.8744926452637 197.42909622192383 413.65521240234375 197.42909622192383
413.50341796875 179.72764587402344 440.23112869262695 179.72764587402344 440.23112869262695 197.56552505493164 413.50341796875 197.56552505493164
414.5372619628906 179.76097106933594 440.802433013916 179.76097106933594 440.802433013916 197.7232608795166 414.5372619628906 197.7232608795166
414.63037109375 180.06752014160156 441.2851142883301 180.06752014160156 441.2851142883301 197.41442680358887 414.63037109375 197.41442680358887
414.8128967285156 180.7052001953125 441.8876247406006 180.7052001953125 441.8876247406006 199.27186012268066 414.8128967285156 199.27186012268066
415.869140625 181.5128936767578 442.82001304626465 181.5128936767578 442.82001304626465 198.69575881958008 415.869140625 198.69575881958008
416.2333984375 181.97067260742188 441.85805320739746 181.97067260742188 441.85805320739746 200.36996841430664 416.2333984375 200.36996841430664
416.17242431640625 181.23892211914062 443.48858070373535 181.23892211914062 443.48858070373535 199.95546531677246 416.17242431640625 199.95546531677246
416.94049072265625 181.52700805664062 443.2342643737793 181.52700805664062 443.2342643737793 199.97767639160156 416.94049072265625 199.97767639160156
416.5589904785156 181.01974487304688 443.56641578674316 181.01974487304688 443.56641578674316 199.79864501953125 416.5589904785156 199.79864501953125
417.635986328125 181.61436462402344 443.9569149017334 181.61436462402344 443.9569149017334 199.5804786682129 417.635986328125 199.5804786682129
418.135986328125 181.99896240234375 444.6792793273926 181.99896240234375 444.6792793273926 199.95214080810547 418.135986328125 199.95214080810547
417.5992736816406 181.86544799804688 445.6418209075928 181.86544799804688 445.6418209075928 200.0715847015381 417.5992736816406 200.0715847015381
418.31390380859375 183.33905029296875 445.12171936035156 183.33905029296875 445.12171936035156 201.2918357849121 418.31390380859375 201.2918357849121
417.7035217285156 184.17813110351562 444.94386863708496 184.17813110351562 444.94386863708496 202.3193073272705 417.7035217285156 202.3193073272705
418.07684326171875 184.66030883789062 444.8245086669922 184.66030883789062 444.8245086669922 202.31310653686523 418.07684326171875 202.31310653686523
416.41998291015625 180.44631958007812 446.54999923706055 180.44631958007812 446.54999923706055 197.2303009033203 416.41998291015625 197.2303009033203
418.5436096191406 176.6034698486328 447.4488010406494 176.6034698486328 447.4488010406494 195.35665893554688 418.5436096191406 195.35665893554688
419.1781311035156 173.72891235351562 445.7105407714844 173.72891235351562 445.7105407714844 191.68865585327148 419.1781311035156 191.68865585327148
419.6664123535156 169.662109375 448.1236934661865 169.662109375 448.1236934661865 186.59486770629883 419.6664123535156 186.59486770629883
417.9300842285156 167.4017791748047 446.7318916320801 167.4017791748047 446.7318916320801 185.86184692382812 417.9300842285156 185.86184692382812
419.8221740722656 167.2462615966797 448.12241554260254 167.2462615966797 448.12241554260254 184.42261695861816 419.8221740722656 184.42261695861816
419.64068603515625 167.91824340820312 447.5805778503418 167.91824340820312 447.5805778503418 185.46552085876465 419.64068603515625 185.46552085876465
421.1708068847656 168.31301879882812 448.11811447143555 168.31301879882812 448.11811447143555 187.47234344482422 421.1708068847656 187.47234344482422
421.167236328125 168.96148681640625 448.061803817749 168.96148681640625 448.061803817749 187.24537658691406 421.167236328125 187.24537658691406
421.6893615722656 170.08358764648438 448.8580741882324 170.08358764648438 448.8580741882324 187.52573776245117 421.6893615722656 187.52573776245117
422.57122802734375 170.12924194335938 447.60838317871094 170.12924194335938 447.60838317871094 188.05874824523926 422.57122802734375 188.05874824523926
420.52899169921875 169.14999389648438 448.6767463684082 169.14999389648438 448.6767463684082 187.70777702331543 420.52899169921875 187.70777702331543
422.22137451171875 168.7157440185547 449.2087097167969 168.7157440185547 449.2087097167969 188.5195083618164 422.22137451171875 188.5195083618164
421.38824462890625 169.37112426757812 448.89262771606445 169.37112426757812 448.89262771606445 188.55516624450684 421.38824462890625 188.55516624450684
423.00213623046875 169.79803466796875 449.907169342041 169.79803466796875 449.907169342041 189.5642604827881 423.00213623046875 189.5642604827881
423.37127685546875 169.7534637451172 450.5039463043213 169.7534637451172 450.5039463043213 189.36358261108398 423.37127685546875 189.36358261108398
423.793701171875 171.8238525390625 450.4944610595703 171.8238525390625 450.4944610595703 189.63843154907227 423.793701171875 189.63843154907227
422.8954162597656 172.00901794433594 449.3827819824219 172.00901794433594 449.3827819824219 190.36177444458008 422.8954162597656 190.36177444458008
422.9306640625 172.1181640625 449.6085510253906 172.1181640625 449.6085510253906 191.29380798339844 422.9306640625 191.29380798339844
422.9234924316406 172.16134643554688 450.0984802246094 172.16134643554688 450.0984802246094 190.83302688598633 422.9234924316406 190.83302688598633
423.177490234375 172.38687133789062 450.67129135131836 172.38687133789062 450.67129135131836 190.69794464111328 423.177490234375 190.69794464111328
424.22772216796875 173.00076293945312 452.5383605957031 173.00076293945312 452.5383605957031 191.42698097229004 424.22772216796875 191.42698097229004
424.04779052734375 172.84474182128906 452.9269046783447 172.84474182128906 452.9269046783447 191.8113956451416 424.04779052734375 191.8113956451416
424.3819885253906 172.5790557861328 451.6599922180176 172.5790557861328 451.6599922180176 190.698148727417 424.3819885253906 190.698148727417
425.2103576660156 173.67637634277344 453.7003936767578 173.67637634277344 453.7003936767578 191.6154727935791 425.2103576660156 191.6154727935791
426.0972595214844 173.8273468017578 453.0157814025879 173.8273468017578 453.0157814025879 192.65181732177734 426.0972595214844 192.65181732177734
427.06170654296875 174.22686767578125 453.7826271057129 174.22686767578125 453.7826271057129 192.4069881439209 427.06170654296875 192.4069881439209
426.57537841796875 175.1147003173828 453.2436275482178 175.1147003173828 453.2436275482178 193.66650009155273 426.57537841796875 193.66650009155273
426.5658264160156 175.4886932373047 452.6206970214844 175.4886932373047 452.6206970214844 194.1250877380371 426.5658264160156 194.1250877380371
425.9476623535156 174.84271240234375 453.43779373168945 174.84271240234375 453.43779373168945 194.07901573181152 425.9476623535156 194.07901573181152
426.07537841796875 175.4765167236328 454.33384132385254 175.4765167236328 454.33384132385254 194.10263442993164 426.07537841796875 194.10263442993164
426.646484375 175.32485961914062 455.2638359069824 175.32485961914062 455.2638359069824 194.48858833312988 426.646484375 194.48858833312988
426.4913635253906 175.6252899169922 455.2482395172119 175.6252899169922 455.2482395172119 194.229585647583 426.4913635253906 194.229585647583
427.36480712890625 175.70448303222656 455.5694999694824 175.70448303222656 455.5694999694824 194.62757682800293 427.36480712890625 194.62757682800293
427.5482482910156 176.1160430908203 455.6468868255615 176.1160430908203 455.6468868255615 194.63267707824707 427.5482482910156 194.63267707824707
427.416259765625 177.5479736328125 455.53318786621094 177.5479736328125 455.53318786621094 196.3099880218506 427.416259765625 196.3099880218506
428.3848571777344 177.62135314941406 455.2079200744629 177.62135314941406 455.2079200744629 196.78989219665527 428.3848571777344 196.78989219665527
427.9956970214844 178.31643676757812 456.12371826171875 178.31643676757812 456.12371826171875 197.78741073608398 427.9956970214844 197.78741073608398
428.20111083984375 175.87118530273438 457.67139053344727 175.87118530273438 457.67139053344727 195.64737510681152 428.20111083984375 195.64737510681152
427.31890869140625 172.18307495117188 457.48308181762695 172.18307495117188 457.48308181762695 190.73897171020508 427.31890869140625 190.73897171020508
429.2685546875 168.9764862060547 459.55567932128906 168.9764862060547 459.55567932128906 187.22748947143555 429.2685546875 187.22748947143555
429.052001953125 163.88609313964844 458.898983001709 163.88609313964844 458.898983001709 182.77221488952637 429.052001953125 182.77221488952637
429.51513671875 162.8388671875 458.29815101623535 162.8388671875 458.29815101623535 182.68315887451172 429.51513671875 182.68315887451172
429.94061279296875 163.1784210205078 459.60952377319336 163.1784210205078 459.60952377319336 181.82806587219238 429.94061279296875 181.82806587219238
430.56689453125 163.9295196533203 459.3964443206787 163.9295196533203 459.3964443206787 182.4296817779541 430.56689453125 182.4296817779541
430.96783447265625 164.7630157470703 459.2238883972168 164.7630157470703 459.2238883972168 183.5523681640625 430.96783447265625 183.5523681640625
432.1617736816406 164.22543334960938 460.0458011627197 164.22543334960938 460.0458011627197 183.76587867736816 432.1617736816406 183.76587867736816
431.89410400390625 164.72496032714844 459.95161056518555 164.72496032714844 459.95161056518555 184.37205123901367 431.89410400390625 184.37205123901367
431.8053283691406 164.5283966064453 461.7187843322754 164.5283966064453 461.7187843322754 184.1769618988037 431.8053283691406 184.1769618988037
432.7568359375 164.61033630371094 461.0718574523926 164.61033630371094 461.0718574523926 183.32049942016602 432.7568359375 183.32049942016602
434.216796875 167.09310913085938 463.63182640075684 167.09310913085938 463.63182640075684 185.60139846801758 434.216796875 185.60139846801758
436.59832763671875 167.89266967773438 465.5509338378906 167.89266967773438 465.5509338378906 186.10847282409668 436.59832763671875 186.10847282409668
435.9378967285156 167.36378479003906 466.25005531311035 167.36378479003906 466.25005531311035 186.87675094604492 435.9378967285156 186.87675094604492
436.81427001953125 167.79507446289062 465.6932792663574 167.79507446289062 465.6932792663574 187.10513877868652 436.81427001953125 187.10513877868652
436.9457092285156 168.18212890625 466.9836673736572 168.18212890625 466.9836673736572 187.31174659729004 436.9457092285156 187.31174659729004
437.8121643066406 169.25973510742188 467.0251655578613 169.25973510742188 467.0251655578613 188.83901023864746 437.8121643066406 188.83901023864746
438.7264709472656 169.79293823242188 468.85895919799805 169.79293823242188 468.85895919799805 189.5543918609619 438.7264709472656 189.5543918609619
439.15313720703125 169.96768188476562 468.4840030670166 169.96768188476562 468.4840030670166 189.84616470336914 439.15313720703125 189.84616470336914
439.3524475097656 170.31185913085938 469.18725967407227 170.31185913085938 469.18725967407227 190.49427795410156 439.3524475097656 190.49427795410156
439.1143493652344 170.20289611816406 469.2767391204834 170.20289611816406 469.2767391204834 190.4215145111084 439.1143493652344 190.4215145111084
439.8683166503906 170.590576171875 469.04973793029785 170.590576171875 469.04973793029785 190.34321975708008 439.8683166503906 190.34321975708008
430.37408447265625 171.5000762939453 465.1329765319824 171.5000762939453 465.1329765319824 189.11106872558594 430.37408447265625 189.11106872558594
426.99395751953125 170.2423858642578 458.65507888793945 170.2423858642578 458.65507888793945 189.1977653503418 426.99395751953125 189.1977653503418
420.14324951171875 171.41073608398438 453.1366157531738 171.41073608398438 453.1366157531738 190.52775955200195 420.14324951171875 190.52775955200195
415.48455810546875 171.60342407226562 446.5848083496094 171.60342407226562 446.5848083496094 191.66343688964844 415.48455810546875 191.66343688964844
411.07379150390625 172.8885498046875 440.0265865325928 172.8885498046875 440.0265865325928 192.50680923461914 411.07379150390625 192.50680923461914
403.82843017578125 174.5706787109375 438.929443359375 174.5706787109375 438.929443359375 192.5806541442871 403.82843017578125 192.5806541442871
399.2303161621094 173.6931915283203 430.385929107666 173.6931915283203 430.385929107666 193.10909461975098 399.2303161621094 193.10909461975098
396.508056640625 173.37338256835938 427.434383392334 173.37338256835938 427.434383392334 193.28351211547852 396.508056640625 193.28351211547852
391.2261657714844 173.92010498046875 421.38824462890625 173.92010498046875 421.38824462890625 194.14493942260742 391.2261657714844 194.14493942260742
383.405517578125 174.37680053710938 415.5027198791504 174.37680053710938 415.5027198791504 192.82458114624023 383.405517578125 192.82458114624023
381.9141845703125 173.5045928955078 410.9034233093262 173.5045928955078 410.9034233093262 195.24650955200195 381.9141845703125 195.24650955200195
380.8088684082031 174.31822204589844 411.1982822418213 174.31822204589844 411.1982822418213 195.65946006774902 380.8088684082031 195.65946006774902
381.0981750488281 175.06089782714844 410.5169734954834 175.06089782714844 410.5169734954834 197.12498474121094 381.0981750488281 197.12498474121094
382.37103271484375 175.3699493408203 411.7389316558838 175.3699493408203 411.7389316558838 197.08444786071777 382.37103271484375 197.08444786071777
383.35101318359375 175.50430297851562 411.428186416626 175.50430297851562 411.428186416626 197.69268417358398 383.35101318359375 197.69268417358398
383.6375427246094 177.42626953125 411.2921543121338 177.42626953125 411.2921543121338 198.14150047302246 383.6375427246094 198.14150047302246
384.7139587402344 176.79342651367188 411.2426509857178 176.79342651367188 411.2426509857178 198.22011947631836 384.7139587402344 198.22011947631836
380.86627197265625 177.97232055664062 410.7817440032959 177.97232055664062 410.7817440032959 197.71583557128906 380.86627197265625 197.71583557128906
372.4314270019531 177.61476135253906 401.76564025878906 177.61476135253906 401.76564025878906 197.34951400756836 372.4314270019531 197.34951400756836
367.36566162109375 176.6031036376953 397.5007781982422 176.6031036376953 397.5007781982422 196.44501113891602 367.36566162109375 196.44501113891602
362.75946044921875 176.90420532226562 391.05852127075195 176.90420532226562 391.05852127075195 197.9762420654297 362.75946044921875 197.9762420654297
358.4178161621094 178.16635131835938 386.0163688659668 178.16635131835938 386.0163688659668 197.1575107574463 358.4178161621094 197.1575107574463
353.5752868652344 179.24514770507812 382.16478538513184 179.24514770507812 382.16478538513184 198.53037452697754 353.5752868652344 198.53037452697754
354.4256286621094 180.55484008789062 378.99202728271484 180.55484008789062 378.99202728271484 199.9744167327881 354.4256286621094 199.9744167327881
355.02886962890625 182.5159149169922 379.14260482788086 182.5159149169922 379.14260482788086 202.56536293029785 355.02886962890625 202.56536293029785
356.90472412109375 182.91241455078125 379.74173736572266 182.91241455078125 379.74173736572266 202.07410049438477 356.90472412109375 202.07410049438477
355.93121337890625 183.48046875 380.1612300872803 183.48046875 380.1612300872803 202.42510414123535 355.93121337890625 202.42510414123535
356.8873596191406 183.18014526367188 380.8930149078369 183.18014526367188 380.8930149078369 203.32952499389648 356.8873596191406 203.32952499389648
357.7306213378906 183.185791015625 381.5777072906494 183.185791015625 381.5777072906494 201.8597812652588 357.7306213378906 201.8597812652588
357.7657775878906 183.18612670898438 382.8903465270996 183.18612670898438 382.8903465270996 201.33254051208496 357.7657775878906 201.33254051208496
360.96527099609375 182.5399932861328 383.36541175842285 182.5399932861328 383.36541175842285 201.95406341552734 360.96527099609375 201.95406341552734
361.9278869628906 183.7881622314453 384.7616844177246 183.7881622314453 384.7616844177246 202.64045333862305 361.9278869628906 202.64045333862305
362.53350830078125 184.3325958251953 385.3135738372803 184.3325958251953 385.3135738372803 203.53125 362.53350830078125 203.53125
361.998046875 185.1285400390625 388.5958003997803 185.1285400390625 388.5958003997803 205.07683944702148 361.998046875 205.07683944702148
362.77911376953125 185.06619262695312 386.4358882904053 185.06619262695312 386.4358882904053 205.8001766204834 362.77911376953125 205.8001766204834
364.2282409667969 185.4054412841797 387.52268409729004 185.4054412841797 387.52268409729004 206.56057167053223 364.2282409667969 206.56057167053223
364.9141845703125 189.00521850585938 391.26446533203125 189.00521850585938 391.26446533203125 208.7679100036621 364.9141845703125 208.7679100036621
365.05487060546875 184.51461791992188 390.06257247924805 184.51461791992188 390.06257247924805 204.9157199859619 365.05487060546875 204.9157199859619
366.10089111328125 184.12057495117188 389.23082160949707 184.12057495117188 389.23082160949707 205.10903930664062 366.10089111328125 205.10903930664062
366.49871826171875 184.13320922851562 390.904239654541 184.13320922851562 390.904239654541 204.49853897094727 366.49871826171875 204.49853897094727
369.32025146484375 184.8788604736328 390.96802139282227 184.8788604736328 390.96802139282227 205.51145553588867 369.32025146484375 205.51145553588867
369.64678955078125 186.88272094726562 391.8530616760254 186.88272094726562 391.8530616760254 205.35273551940918 369.64678955078125 205.35273551940918
361.443603515625 188.35110473632812 385.2758598327637 188.35110473632812 385.2758598327637 207.10847282409668 361.443603515625 207.10847282409668
354.4122619628906 188.96475219726562 379.2253360748291 188.96475219726562 379.2253360748291 207.28649139404297 354.4122619628906 207.28649139404297
351.09356689453125 189.3116455078125 375.73219299316406 189.3116455078125 375.73219299316406 207.7905979156494 351.09356689453125 207.7905979156494
347.4148864746094 189.60873413085938 370.30150032043457 189.60873413085938 370.30150032043457 207.60905075073242 347.4148864746094 207.60905075073242
339.16900634765625 189.2462158203125 363.2351894378662 189.2462158203125 363.2351894378662 207.45555114746094 339.16900634765625 207.45555114746094
335.0112609863281 188.56643676757812 358.6995277404785 188.56643676757812 358.6995277404785 206.6344699859619 335.0112609863281 206.6344699859619
328.35284423828125 188.481201171875 351.99352264404297 188.481201171875 351.99352264404297 206.21169662475586 328.35284423828125 206.21169662475586
325.8575744628906 193.93344116210938 349.11777114868164 193.93344116210938 349.11777114868164 211.37857818603516 325.8575744628906 211.37857818603516
318.84613037109375 186.49533081054688 342.7193412780762 186.49533081054688 342.7193412780762 204.4002285003662 318.84613037109375 204.4002285003662
319.46087646484375 186.72885131835938 343.4871940612793 186.72885131835938 343.4871940612793 204.74857902526855 319.46087646484375 204.74857902526855
318.8292236328125 187.15615844726562 342.5738334655762 187.15615844726562 342.5738334655762 204.96460723876953 318.8292236328125 204.96460723876953
321.8494567871094 188.66754150390625 345.2921485900879 188.66754150390625 345.2921485900879 206.2495517730713 321.8494567871094 206.2495517730713
314.1055603027344 190.12464904785156 337.19249534606934 190.12464904785156 337.19249534606934 207.43984031677246 314.1055603027344 207.43984031677246
318.820556640625 194.87547302246094 342.3925323486328 194.87547302246094 342.3925323486328 212.55444717407227 318.820556640625 212.55444717407227
308.1831970214844 190.51095581054688 331.4666805267334 190.51095581054688 331.4666805267334 207.97356033325195 308.1831970214844 207.97356033325195
311.5980529785156 191.45211791992188 334.9791831970215 191.45211791992188 334.9791831970215 208.98795700073242 311.5980529785156 208.98795700073242
308.0359191894531 193.58343505859375 331.6388969421387 193.58343505859375 331.6388969421387 211.2856616973877 308.0359191894531 211.2856616973877
305.51190185546875 191.44778442382812 329.27838134765625 191.44778442382812 329.27838134765625 209.27263832092285 305.51190185546875 209.27263832092285
306.2353820800781 191.92457580566406 330.2595806121826 191.92457580566406 330.2595806121826 209.94271850585938 306.2353820800781 209.94271850585938
306.4648742675781 192.99676513671875 330.58209800720215 192.99676513671875 330.58209800720215 211.08467483520508 306.4648742675781 211.08467483520508
306.9560852050781 194.9169464111328 331.12964820861816 194.9169464111328 331.12964820861816 213.04711151123047 306.9560852050781 213.04711151123047
303.53143310546875 196.1791229248047 327.5923881530762 196.1791229248047 327.5923881530762 214.22483444213867 303.53143310546875 214.22483444213867
299.62969970703125 196.37716674804688 323.1251735687256 196.37716674804688 323.1251735687256 213.9987678527832 299.62969970703125 213.9987678527832
297.3918762207031 197.45156860351562 317.5341739654541 197.45156860351562 317.5341739654541 212.53370189666748 297.3918762207031 212.53370189666748
293.41278076171875 197.53225708007812 314.5781440734863 197.53225708007812 314.5781440734863 212.2664155960083 293.41278076171875 212.2664155960083
294.16064453125 198.7053985595703 313.91090965270996 198.7053985595703 313.91090965270996 215.07181930541992 294.16064453125 215.07181930541992
294.0565490722656 198.92239379882812 314.5563163757324 198.92239379882812 314.5563163757324 215.68111038208008 294.0565490722656 215.68111038208008
294.75189208984375 199.4638671875 313.8316135406494 199.4638671875 313.8316135406494 217.6530055999756 294.75189208984375 217.6530055999756
295.29449462890625 200.38455200195312 315.0084648132324 200.38455200195312 315.0084648132324 217.8502712249756 295.29449462890625 217.8502712249756
298.7196960449219 201.76336669921875 316.91523361206055 201.76336669921875 316.91523361206055 217.88380813598633 298.7196960449219 217.88380813598633
299.200927734375 202.17648315429688 317.9639549255371 202.17648315429688 317.9639549255371 218.1685333251953 299.200927734375 218.1685333251953
300.50750732421875 201.92739868164062 318.8091621398926 201.92739868164062 318.8091621398926 217.9159164428711 300.50750732421875 217.9159164428711
301.2866516113281 202.17849731445312 320.0069103240967 202.17849731445312 320.0069103240967 218.31454277038574 301.2866516113281 218.31454277038574
301.2330627441406 201.84671020507812 320.4606513977051 201.84671020507812 320.4606513977051 218.52042961120605 301.2330627441406 218.52042961120605
302.0565490722656 200.68502807617188 322.58832931518555 200.68502807617188 322.58832931518555 217.8882942199707 302.0565490722656 217.8882942199707
301.61004638671875 201.18246459960938 323.5564498901367 201.18246459960938 323.5564498901367 218.82994079589844 301.61004638671875 218.82994079589844
303.7452087402344 201.67373657226562 326.0170249938965 201.67373657226562 326.0170249938965 218.79540824890137 303.7452087402344 218.79540824890137
305.23101806640625 203.58547973632812 327.58345794677734 203.58547973632812 327.58345794677734 220.34980392456055 305.23101806640625 220.34980392456055
306.10455322265625 203.79002380371094 328.5634059906006 203.79002380371094 328.5634059906006 220.63415908813477 306.10455322265625 220.63415908813477
306.9915466308594 204.3169708251953 329.62018394470215 204.3169708251953 329.62018394470215 221.2884464263916 306.9915466308594 221.2884464263916
308.8969421386719 204.54013061523438 331.8950366973877 204.54013061523438 331.8950366973877 221.78870010375977 308.8969421386719 221.78870010375977
308.7288513183594 204.78250122070312 331.26123046875 204.78250122070312 331.26123046875 222.08844566345215 308.7288513183594 222.08844566345215
311.0611267089844 205.26821899414062 334.35607719421387 205.26821899414062 334.35607719421387 222.9311923980713 311.0611267089844 222.9311923980713
311.2478942871094 206.04525756835938 335.163818359375 206.04525756835938 335.163818359375 224.17255210876465 311.2478942871094 224.17255210876465
311.77978515625 207.786376953125 335.5534210205078 207.786376953125 335.5534210205078 225.8200511932373 311.77978515625 225.8200511932373
312.80548095703125 208.4766387939453 337.2768669128418 208.4766387939453 337.2768669128418 226.83017539978027 312.80548095703125 226.83017539978027
311.89337158203125 208.2567138671875 334.5066680908203 208.2567138671875 334.5066680908203 227.11743354797363 311.89337158203125 227.11743354797363
310.9605407714844 209.3437957763672 335.0382843017578 209.3437957763672 335.0382843017578 228.7489414215088 310.9605407714844 228.7489414215088
310.96942138671875 211.0400390625 336.0780849456787 211.0400390625 336.0780849456787 229.74416542053223 310.96942138671875 229.74416542053223
312.38970947265625 211.79324340820312 338.2999324798584 211.79324340820312 338.2999324798584 231.2259120941162 312.38970947265625 231.2259120941162
309.751708984375 210.5533447265625 335.8187065124512 210.5533447265625 335.8187065124512 229.6779899597168 309.751708984375 229.6779899597168
309.33135986328125 210.15823364257812 336.54108810424805 210.15823364257812 336.54108810424805 229.5490264892578 309.33135986328125 229.5490264892578
308.7366943359375 210.00253295898438 336.0732364654541 210.00253295898438 336.0732364654541 229.90699768066406 308.7366943359375 229.90699768066406
307.82366943359375 210.0196533203125 335.51233291625977 210.0196533203125 335.51233291625977 229.76797485351562 307.82366943359375 229.76797485351562
309.1655578613281 212.219970703125 336.90680503845215 212.219970703125 336.90680503845215 233.07043838500977 309.1655578613281 233.07043838500977
309.90106201171875 213.2842559814453 337.7004280090332 213.2842559814453 337.7004280090332 234.2082920074463 309.90106201171875 234.2082920074463
308.1772766113281 213.75430297851562 336.20241355895996 213.75430297851562 336.20241355895996 234.60431289672852 308.1772766113281 234.60431289672852
307.1393127441406 213.5560302734375 334.64921951293945 213.5560302734375 334.64921951293945 235.10708045959473 307.1393127441406 235.10708045959473
304.69769287109375 213.4859161376953 333.99892234802246 213.4859161376953 333.99892234802246 233.85355377197266 304.69769287109375 233.85355377197266
294.14349365234375 215.0169677734375 325.779577255249 215.0169677734375 325.779577255249 236.0748748779297 294.14349365234375 236.0748748779297
291.6781921386719 215.33645629882812 322.0872001647949 215.33645629882812 322.0872001647949 238.14321327209473 291.6781921386719 238.14321327209473
282.4403381347656 212.9481201171875 314.45238494873047 212.9481201171875 314.45238494873047 234.95485305786133 282.4403381347656 234.95485305786133
277.84759521484375 214.10739135742188 309.7587890625 214.10739135742188 309.7587890625 236.97676849365234 277.84759521484375 236.97676849365234
272.656005859375 214.895751953125 304.8369140625 214.895751953125 304.8369140625 236.7267837524414 272.656005859375 236.7267837524414
266.57427978515625 215.19384765625 299.43737411499023 215.19384765625 299.43737411499023 236.03633308410645 266.57427978515625 236.03633308410645
255.31539916992188 217.1708984375 290.0164794921875 217.1708984375 290.0164794921875 238.57064819335938 255.31539916992188 238.57064819335938
251.49978637695312 218.8245391845703 284.8158073425293 218.8245391845703 284.8158073425293 241.86415481567383 251.49978637695312 241.86415481567383
247.0769805908203 218.86849975585938 280.6398277282715 218.86849975585938 280.6398277282715 242.2353401184082 247.0769805908203 242.2353401184082
244.62313842773438 217.45748901367188 278.9626235961914 217.45748901367188 278.9626235961914 240.15023040771484 244.62313842773438 240.15023040771484
244.9694061279297 216.7709503173828 278.59639739990234 216.7709503173828 278.59639739990234 241.24611282348633 244.9694061279297 241.24611282348633
243.18310546875 216.93759155273438 277.7955741882324 216.93759155273438 277.7955741882324 240.64605331420898 243.18310546875 240.64605331420898
242.45236206054688 217.25830078125 276.7229537963867 217.25830078125 276.7229537963867 240.4642333984375 242.45236206054688 240.4642333984375
243.4755859375 217.08755493164062 276.32016372680664 217.08755493164062 276.32016372680664 241.84209442138672 243.4755859375 241.84209442138672
242.61343383789062 218.58694458007812 276.9671745300293 218.58694458007812 276.9671745300293 242.80788230895996 242.61343383789062 242.80788230895996
243.145751953125 220.53335571289062 276.1258201599121 220.53335571289062 276.1258201599121 244.92500114440918 243.145751953125 244.92500114440918
242.42404174804688 222.40103149414062 275.46849060058594 222.40103149414062 275.46849060058594 247.31975936889648 242.42404174804688 247.31975936889648
241.49966430664062 223.54702758789062 275.715087890625 223.54702758789062 275.715087890625 248.2892837524414 241.49966430664062 248.2892837524414
237.8929443359375 224.0118865966797 275.71221923828125 224.0118865966797 275.71221923828125 248.83930587768555 237.8929443359375 248.83930587768555
239.2463836669922 223.45010375976562 275.4415817260742 223.45010375976562 275.4415817260742 249.15827560424805 239.2463836669922 249.15827560424805
237.355224609375 222.8357391357422 273.68750381469727 222.8357391357422 273.68750381469727 247.60360717773438 237.355224609375 247.60360717773438
237.4073028564453 223.6040802001953 274.2529754638672 223.6040802001953 274.2529754638672 247.48431015014648 237.4073028564453 247.48431015014648
236.252197265625 223.4418487548828 272.7861442565918 223.4418487548828 272.7861442565918 246.92067337036133 236.252197265625 246.92067337036133
234.7909393310547 224.2438507080078 271.24222564697266 224.2438507080078 271.24222564697266 248.8858871459961 234.7909393310547 248.8858871459961
236.8893280029297 225.3769073486328 271.79920196533203 225.3769073486328 271.79920196533203 251.18226051330566 236.8893280029297 251.18226051330566
234.89218139648438 227.49490356445312 270.5641784667969 227.49490356445312 270.5641784667969 253.2314052581787 234.89218139648438 253.2314052581787
235.6287841796875 227.2853240966797 270.33564376831055 227.2853240966797 270.33564376831055 253.3931121826172 235.6287841796875 253.3931121826172
233.68795776367188 228.0446319580078 268.66242599487305 228.0446319580078 268.66242599487305 253.30874633789062 233.68795776367188 253.30874633789062
230.7189483642578 228.2753448486328 266.2440719604492 228.2753448486328 266.2440719604492 251.6485252380371 230.7189483642578 251.6485252380371
229.6814727783203 227.7734375 265.2249526977539 227.7734375 265.2249526977539 252.14301681518555 229.6814727783203 252.14301681518555
228.0716094970703 227.7625274658203 263.6736373901367 227.7625274658203 263.6736373901367 251.13795852661133 228.0716094970703 251.13795852661133
228.9044189453125 228.74319458007812 262.7324905395508 228.74319458007812 262.7324905395508 252.3386631011963 228.9044189453125 252.3386631011963
227.9788360595703 228.9343719482422 261.6059112548828 228.9343719482422 261.6059112548828 252.05969619750977 227.9788360595703 252.05969619750977
226.8278350830078 230.08309936523438 260.50352478027344 230.08309936523438 260.50352478027344 254.01376724243164 226.8278350830078 254.01376724243164
226.67031860351562 231.22793579101562 260.6831512451172 231.22793579101562 260.6831512451172 255.1334400177002 226.67031860351562 255.1334400177002
226.2663116455078 233.1868133544922 260.73620223999023 233.1868133544922 260.73620223999023 256.5132179260254 226.2663116455078 256.5132179260254
224.5692901611328 232.87661743164062 259.95114517211914 232.87661743164062 259.95114517211914 256.09638595581055 224.5692901611328 256.09638595581055
225.76632690429688 233.481689453125 260.0769958496094 233.481689453125 260.0769958496094 257.759370803833 225.76632690429688 257.759370803833
225.3468017578125 233.01724243164062 259.5294494628906 233.01724243164062 259.5294494628906 257.80996322631836 225.3468017578125 257.80996322631836
223.96981811523438 232.8751983642578 259.9962348937988 232.8751983642578 259.9962348937988 257.12880516052246 223.96981811523438 257.12880516052246
223.29171752929688 233.202392578125 260.2822074890137 233.202392578125 260.2822074890137 257.16919326782227 223.29171752929688 257.16919326782227
221.585205078125 233.10116577148438 258.3291320800781 233.10116577148438 258.3291320800781 257.55273056030273 221.585205078125 257.55273056030273
222.15921020507812 232.82522583007812 257.3250732421875 232.82522583007812 257.3250732421875 257.98978996276855 222.15921020507812 257.98978996276855
219.6434783935547 234.36636352539062 256.14638900756836 234.36636352539062 256.14638900756836 259.5888862609863 219.6434783935547 259.5888862609863
217.9652099609375 235.68075561523438 257.2973098754883 235.68075561523438 257.2973098754883 261.19700813293457 217.9652099609375 261.19700813293457
218.25064086914062 236.889892578125 258.8895797729492 236.889892578125 258.8895797729492 261.8971138000488 218.25064086914062 261.8971138000488
217.859130859375 237.1002655029297 256.5812301635742 237.1002655029297 256.5812301635742 263.07399559020996 217.859130859375 263.07399559020996
215.7567138671875 237.7090606689453 255.5599136352539 237.7090606689453 255.5599136352539 263.3992462158203 215.7567138671875 263.3992462158203
215.82870483398438 238.3553009033203 256.3072700500488 238.3553009033203 256.3072700500488 263.32750701904297 215.82870483398438 263.32750701904297
216.09750366210938 238.5169677734375 256.30098724365234 238.5169677734375 256.30098724365234 263.2380561828613 216.09750366210938 263.2380561828613
214.5604705810547 237.460693359375 255.0343360900879 237.460693359375 255.0343360900879 263.0095863342285 214.5604705810547 263.0095863342285
214.07022094726562 237.4138946533203 255.08363723754883 237.4138946533203 255.08363723754883 262.29640769958496 214.07022094726562 262.29640769958496
213.79623413085938 238.3074951171875 254.41146850585938 238.3074951171875 254.41146850585938 263.17815017700195 213.79623413085938 263.17815017700195
213.79537963867188 239.0523223876953 254.7155647277832 239.0523223876953 254.7155647277832 266.5211696624756 213.79537963867188 266.5211696624756
215.70944213867188 240.6514892578125 255.57245635986328 240.6514892578125 255.57245635986328 267.29189109802246 215.70944213867188 267.29189109802246
215.93136596679688 241.9322509765625 255.18050384521484 241.9322509765625 255.18050384521484 268.25086402893066 215.93136596679688 268.25086402893066
211.94650268554688 242.7303924560547 253.0717658996582 242.7303924560547 253.0717658996582 269.14130210876465 211.94650268554688 269.14130210876465
214.08358764648438 242.87088012695312 252.4369125366211 242.87088012695312 252.4369125366211 270.373779296875 214.08358764648438 270.373779296875
214.23385620117188 244.4261016845703 254.1068344116211 244.4261016845703 254.1068344116211 270.7478904724121 214.23385620117188 270.7478904724121
213.6528778076172 244.1648406982422 254.30620956420898 244.1648406982422 254.30620956420898 270.8115634918213 213.6528778076172 270.8115634918213
214.4910125732422 244.2467803955078 253.92237091064453 244.2467803955078 253.92237091064453 271.2009792327881 214.4910125732422 271.2009792327881
211.649658203125 245.554443359375 251.80988693237305 245.554443359375 251.80988693237305 271.12685775756836 211.649658203125 271.12685775756836
211.77682495117188 246.58291625976562 251.85317993164062 246.58291625976562 251.85317993164062 271.7728576660156 211.77682495117188 271.7728576660156
211.7731475830078 247.6742706298828 252.72044372558594 247.6742706298828 252.72044372558594 275.31216049194336 211.7731475830078 275.31216049194336
212.7701873779297 248.23635864257812 253.20912170410156 248.23635864257812 253.20912170410156 275.5325870513916 212.7701873779297 275.5325870513916
211.7473907470703 248.4462432861328 251.13714599609375 248.4462432861328 251.13714599609375 275.89771461486816 211.7473907470703 275.89771461486816
211.86434936523438 250.2241668701172 251.3937644958496 250.2241668701172 251.3937644958496 276.9609775543213 211.86434936523438 276.9609775543213
211.3369140625 249.3939208984375 252.35573196411133 249.3939208984375 252.35573196411133 276.37578773498535 211.3369140625 276.37578773498535
208.6436767578125 250.256103515625 249.91258239746094 250.256103515625 249.91258239746094 276.15724182128906 208.6436767578125 276.15724182128906
209.72000122070312 249.4371337890625 250.01748275756836 249.4371337890625 250.01748275756836 276.75041580200195 209.72000122070312 276.75041580200195
208.8962860107422 251.67044067382812 248.6998634338379 251.67044067382812 248.6998634338379 277.61054039001465 208.8962860107422 277.61054039001465
206.4989776611328 251.9968719482422 247.19584274291992 251.9968719482422 247.19584274291992 277.7923469543457 206.4989776611328 277.7923469543457
209.7851104736328 253.2770538330078 246.72345352172852 253.2770538330078 246.72345352172852 280.60898780822754 209.7851104736328 280.60898780822754
208.4741973876953 253.44973754882812 248.57218170166016 253.44973754882812 248.57218170166016 280.5066375732422 208.4741973876953 280.5066375732422
207.8179931640625 255.47958374023438 247.55567169189453 255.47958374023438 247.55567169189453 282.19048500061035 207.8179931640625 282.19048500061035
208.8794708251953 255.6481475830078 247.27153396606445 255.6481475830078 247.27153396606445 282.0727348327637 208.8794708251953 282.0727348327637
208.53701782226562 256.562255859375 246.5117530822754 256.562255859375 246.5117530822754 283.91972732543945 208.53701782226562 283.91972732543945
207.4879913330078 256.8053894042969 246.0674819946289 256.8053894042969 246.0674819946289 283.8930416107178 207.4879913330078 283.8930416107178
207.07333374023438 258.1217346191406 247.02582550048828 258.1217346191406 247.02582550048828 285.35517501831055 207.07333374023438 285.35517501831055
207.19973754882812 258.6151123046875 248.11570358276367 258.6151123046875 248.11570358276367 285.3208122253418 207.19973754882812 285.3208122253418
206.91970825195312 258.7882080078125 248.41168212890625 258.7882080078125 248.41168212890625 286.1997947692871 206.91970825195312 286.1997947692871
206.77493286132812 258.1297302246094 248.79035568237305 258.1297302246094 248.79035568237305 286.3280792236328 206.77493286132812 286.3280792236328
205.41439819335938 258.2109375 248.09147262573242 258.2109375 248.09147262573242 286.6846523284912 205.41439819335938 286.6846523284912
207.68618774414062 259.387939453125 257.2628402709961 259.387939453125 257.2628402709961 287.68760681152344 207.68618774414062 287.68760681152344
213.52536010742188 260.19305419921875 259.8707160949707 260.19305419921875 259.8707160949707 288.51144790649414 213.52536010742188 288.51144790649414
219.8539276123047 260.6518249511719 266.1727600097656 260.6518249511719 266.1727600097656 287.9959354400635 219.8539276123047 287.9959354400635
227.48828125 261.21270751953125 272.65670013427734 261.21270751953125 272.65670013427734 288.02102279663086 227.48828125 288.02102279663086
232.03115844726562 261.7455139160156 277.60266494750977 261.7455139160156 277.60266494750977 288.94543075561523 232.03115844726562 288.94543075561523
233.288330078125 261.938720703125 282.34728240966797 261.938720703125 282.34728240966797 289.3517208099365 233.288330078125 289.3517208099365
243.7728271484375 263.4855041503906 288.1241683959961 263.4855041503906 288.1241683959961 290.2171211242676 243.7728271484375 290.2171211242676
240.754150390625 263.5009460449219 286.9472541809082 263.5009460449219 286.9472541809082 290.4226779937744 240.754150390625 290.4226779937744
244.42489624023438 263.5135803222656 288.1772689819336 263.5135803222656 288.1772689819336 291.95695877075195 244.42489624023438 291.95695877075195
242.60336303710938 262.698974609375 286.86109924316406 262.698974609375 286.86109924316406 292.1051597595215 242.60336303710938 292.1051597595215
243.8135986328125 262.53631591796875 285.6889839172363 262.53631591796875 285.6889839172363 292.7691230773926 243.8135986328125 292.7691230773926
243.8166961669922 264.827880859375 285.8212242126465 264.827880859375 285.8212242126465 295.43452072143555 243.8166961669922 295.43452072143555
242.8419952392578 266.864013671875 284.81261444091797 266.864013671875 284.81261444091797 297.2372531890869 242.8419952392578 297.2372531890869
