372.0 120.0 407.0 120.0 407.0 170.0 372.0 170.0
372.5039978027344 121.06488037109375 406.7594223022461 121.06488037109375 406.7594223022461 169.42833709716797 372.5039978027344 169.42833709716797
373.23382568359375 120.5560531616211 407.68273162841797 120.5560531616211 407.68273162841797 169.76877212524414 373.23382568359375 169.76877212524414
372.79302978515625 120.5045394897461 407.0536880493164 120.5045394897461 407.0536880493164 169.20175552368164 372.79302978515625 169.20175552368164
373.2073669433594 120.05413818359375 408.0247230529785 120.05413818359375 408.0247230529785 169.55590057373047 373.2073669433594 169.55590057373047
372.80230712890625 121.54097747802734 407.23387145996094 121.54097747802734 407.23387145996094 170.72891998291016 372.80230712890625 170.72891998291016
372.002685546875 118.94035339355469 407.1050682067871 118.94035339355469 407.1050682067871 169.08660507202148 372.002685546875 169.08660507202148
372.98651123046875 119.40625 408.48138427734375 119.40625 408.48138427734375 169.54660034179688 372.98651123046875 169.54660034179688
372.1617126464844 120.4959945678711 407.2497749328613 120.4959945678711 407.2497749328613 169.7518310546875 372.1617126464844 169.7518310546875
371.94921875 120.45426940917969 407.67469024658203 120.45426940917969 407.67469024658203 168.71252822875977 371.94921875 168.71252822875977
372.1833190917969 120.1341323852539 407.68379974365234 120.1341323852539 407.68379974365234 170.85828399658203 372.1833190917969 170.85828399658203
372.63714599609375 120.6513442993164 407.7723693847656 120.6513442993164 407.7723693847656 170.84450912475586 372.63714599609375 170.84450912475586
372.05645751953125 119.76963806152344 406.7853126525879 119.76963806152344 406.7853126525879 169.7298355102539 372.05645751953125 169.7298355102539
372.6819763183594 119.35035705566406 407.61659240722656 119.35035705566406 407.61659240722656 170.38465118408203 372.6819763183594 170.38465118408203
372.7177429199219 118.7303695678711 407.921329498291 118.7303695678711 407.921329498291 169.32078170776367 372.7177429199219 169.32078170776367
372.3851013183594 119.43074035644531 407.8565216064453 119.43074035644531 407.8565216064453 170.1733055114746 372.3851013183594 170.1733055114746
371.6743469238281 119.86683654785156 407.6153106689453 119.86683654785156 407.6153106689453 171.5814552307129 371.6743469238281 171.5814552307129
372.46051025390625 120.23909759521484 408.12975692749023 120.23909759521484 408.12975692749023 170.9123077392578 372.46051025390625 170.9123077392578
372.516845703125 119.58320617675781 407.9477653503418 119.58320617675781 407.9477653503418 169.9303321838379 372.516845703125 169.9303321838379
372.5677795410156 119.635498046875 407.8415641784668 119.635498046875 407.8415641784668 170.19510650634766 372.5677795410156 170.19510650634766
371.84356689453125 119.92021179199219 407.7565498352051 119.92021179199219 407.7565498352051 171.0276107788086 371.84356689453125 171.0276107788086
372.1064453125 119.93070220947266 407.3718490600586 119.93070220947266 407.3718490600586 170.30982208251953 372.1064453125 170.30982208251953
373.38067626953125 118.7948226928711 408.9258499145508 118.7948226928711 408.9258499145508 169.5736083984375 373.38067626953125 169.5736083984375
371.74151611328125 119.49267578125 407.8269462585449 119.49267578125 407.8269462585449 170.47910690307617 371.74151611328125 170.47910690307617
372.22784423828125 119.92427825927734 408.5234489440918 119.92427825927734 408.5234489440918 170.1909637451172 372.22784423828125 170.1909637451172
372.7546691894531 120.3433609008789 408.5994873046875 120.3433609008789 408.5994873046875 171.0238914489746 372.7546691894531 171.0238914489746
372.4299621582031 120.06086730957031 408.6145896911621 120.06086730957031 408.6145896911621 169.88465881347656 372.4299621582031 169.88465881347656
373.9560546875 119.67459869384766 409.60583877563477 119.67459869384766 409.60583877563477 169.97579956054688 373.9560546875 169.97579956054688
373.63616943359375 119.6204605102539 408.8672103881836 119.6204605102539 408.8672103881836 169.14433670043945 373.63616943359375 169.14433670043945
371.68231201171875 119.9508056640625 406.8671569824219 119.9508056640625 406.8671569824219 170.21483612060547 371.68231201171875 170.21483612060547
373.38031005859375 118.18833923339844 408.4862594604492 118.18833923339844 408.4862594604492 168.52779388427734 373.38031005859375 168.52779388427734
374.6748046875 116.74226379394531 409.52117919921875 116.74226379394531 409.52117919921875 166.52276229858398 374.6748046875 166.52276229858398
374.49041748046875 115.64094543457031 409.5479507446289 115.64094543457031 409.5479507446289 165.72310256958008 374.49041748046875 165.72310256958008
374.1278381347656 115.9104232788086 409.71475982666016 115.9104232788086 409.71475982666016 166.74885177612305 374.1278381347656 166.74885177612305
373.33538818359375 115.10731506347656 409.67285537719727 115.10731506347656 409.67285537719727 166.57806015014648 373.33538818359375 166.57806015014648
372.3298645019531 116.37272644042969 408.75057220458984 116.37272644042969 408.75057220458984 168.40227890014648 372.3298645019531 168.40227890014648
372.74481201171875 116.163818359375 409.37035369873047 116.163818359375 409.37035369873047 168.67874145507812 372.74481201171875 168.67874145507812
372.0111999511719 117.50331115722656 408.47798919677734 117.50331115722656 408.47798919677734 168.77284240722656 372.0111999511719 168.77284240722656
372.0043640136719 119.44364929199219 408.2468032836914 119.44364929199219 408.2468032836914 170.9511947631836 372.0043640136719 170.9511947631836
372.57611083984375 119.71063232421875 408.1136360168457 119.71063232421875 408.1136360168457 170.69722747802734 372.57611083984375 170.69722747802734
371.4286193847656 120.8801040649414 406.62955474853516 120.8801040649414 406.62955474853516 171.16712188720703 371.4286193847656 171.16712188720703
372.76910400390625 120.07470703125 408.50885009765625 120.07470703125 408.50885009765625 170.89875411987305 372.76910400390625 170.89875411987305
372.6639404296875 120.39897155761719 408.1633834838867 120.39897155761719 408.1633834838867 171.11243057250977 372.6639404296875 171.11243057250977
373.1319274902344 119.03855895996094 407.7483139038086 119.03855895996094 407.7483139038086 168.49050903320312 373.1319274902344 168.49050903320312
372.30902099609375 120.58454895019531 407.6520690917969 120.58454895019531 407.6520690917969 169.83465957641602 372.30902099609375 169.83465957641602
372.48443603515625 120.17658996582031 407.64526748657227 120.17658996582031 407.64526748657227 170.16729354858398 372.48443603515625 170.16729354858398
374.42987060546875 119.98441314697266 409.26916122436523 119.98441314697266 409.26916122436523 169.7547950744629 374.42987060546875 169.7547950744629
372.92779541015625 119.91580963134766 407.54711151123047 119.91580963134766 407.54711151123047 169.37194442749023 372.92779541015625 169.37194442749023
373.8294677734375 121.61546325683594 408.1414680480957 121.61546325683594 408.1414680480957 170.63257598876953 373.8294677734375 170.63257598876953
374.5284118652344 120.10221099853516 408.8883743286133 120.10221099853516 408.8883743286133 169.18783950805664 374.5284118652344 169.18783950805664
373.529052734375 121.55411529541016 408.2412452697754 121.55411529541016 408.2412452697754 170.82405471801758 373.529052734375 170.82405471801758
373.69403076171875 121.8245849609375 408.55554962158203 121.8245849609375 408.55554962158203 171.62672424316406 373.69403076171875 171.62672424316406
373.7408447265625 121.62858581542969 409.21870040893555 121.62858581542969 409.21870040893555 172.25704193115234 373.7408447265625 172.25704193115234
372.61968994140625 121.0750503540039 408.2089538574219 121.0750503540039 408.2089538574219 170.57991409301758 372.61968994140625 170.57991409301758
372.69122314453125 121.6441421508789 408.1152038574219 121.6441421508789 408.1152038574219 169.61855697631836 372.69122314453125 169.61855697631836
372.9518127441406 121.24888610839844 408.3776054382324 121.24888610839844 408.3776054382324 170.65143585205078 372.9518127441406 170.65143585205078
372.8794250488281 121.02229309082031 408.0729637145996 121.02229309082031 408.0729637145996 170.89131927490234 372.8794250488281 170.89131927490234
373.5118103027344 121.1324234008789 408.64759826660156 121.1324234008789 408.64759826660156 171.22418212890625 373.5118103027344 171.22418212890625
373.53131103515625 120.9804916381836 408.24677658081055 120.9804916381836 408.24677658081055 170.55083465576172 373.53131103515625 170.55083465576172
374.8699035644531 121.11970520019531 409.3081283569336 121.11970520019531 409.3081283569336 170.48974227905273 374.8699035644531 170.48974227905273
373.6509704589844 121.28160095214844 408.4714050292969 121.28160095214844 408.4714050292969 170.9112548828125 373.6509704589844 170.9112548828125
374.4906921386719 121.0008773803711 409.2088088989258 121.0008773803711 409.2088088989258 170.70721435546875 374.4906921386719 170.70721435546875
373.52166748046875 120.8983383178711 408.34947204589844 120.8983383178711 408.34947204589844 170.6951141357422 373.52166748046875 170.6951141357422
372.5428771972656 120.26911926269531 407.88631439208984 120.26911926269531 407.88631439208984 171.17827606201172 372.5428771972656 171.17827606201172
373.1257019042969 121.24031066894531 408.31269454956055 121.24031066894531 408.31269454956055 171.7738151550293 373.1257019042969 171.7738151550293
374.1055603027344 121.15177917480469 408.69933319091797 121.15177917480469 408.69933319091797 171.14049911499023 374.1055603027344 171.14049911499023
374.0819091796875 121.52561950683594 408.686466217041 121.52561950683594 408.686466217041 170.96065521240234 374.0819091796875 170.96065521240234
374.255859375 121.6398696899414 408.5062026977539 121.6398696899414 408.5062026977539 170.56888961791992 374.255859375 170.56888961791992
373.2835388183594 121.84580993652344 407.9278144836426 121.84580993652344 407.9278144836426 171.33759307861328 373.2835388183594 171.33759307861328
374.33673095703125 122.7769775390625 408.2801322937012 122.7769775390625 408.2801322937012 171.26750946044922 374.33673095703125 171.26750946044922
373.13031005859375 122.51416015625 407.20384979248047 122.51416015625 407.20384979248047 171.19060134887695 373.13031005859375 171.19060134887695
374.53143310546875 122.32878112792969 408.49898529052734 122.32878112792969 408.49898529052734 170.85381317138672 374.53143310546875 170.85381317138672
374.2332458496094 122.07600402832031 408.02919006347656 122.07600402832031 408.02919006347656 170.35588836669922 374.2332458496094 170.35588836669922
374.3895568847656 123.61966705322266 408.41346740722656 123.61966705322266 408.41346740722656 172.22521591186523 374.3895568847656 172.22521591186523
373.6839294433594 121.73524475097656 408.2318687438965 121.73524475097656 408.2318687438965 171.08940887451172 373.6839294433594 171.08940887451172
373.99224853515625 122.4653091430664 408.4044723510742 122.4653091430664 408.4044723510742 171.6255874633789 373.99224853515625 171.6255874633789
376.76318359375 121.26506042480469 411.31143951416016 121.26506042480469 411.31143951416016 170.6196746826172 376.76318359375 170.6196746826172
356.25531005859375 108.2664566040039 390.8747329711914 108.2664566040039 390.8747329711914 157.72274017333984 356.25531005859375 157.72274017333984
372.09539794921875 122.2457046508789 407.1343994140625 122.2457046508789 407.1343994140625 172.3013801574707 372.09539794921875 172.3013801574707
371.87713623046875 122.22447204589844 406.07085037231445 122.22447204589844 406.07085037231445 170.58255004882812 371.87713623046875 170.58255004882812
373.6107177734375 121.41996002197266 408.44759368896484 121.41996002197266 408.44759368896484 171.18688583374023 373.6107177734375 171.18688583374023
373.83502197265625 122.10078430175781 408.5219192504883 122.10078430175781 408.5219192504883 171.48626327514648 373.83502197265625 171.48626327514648
374.32366943359375 121.55921936035156 408.4975471496582 121.55921936035156 408.4975471496582 170.3790054321289 374.32366943359375 170.3790054321289
372.78558349609375 121.82857513427734 407.38002014160156 121.82857513427734 407.38002014160156 171.2491569519043 372.78558349609375 171.2491569519043
373.8973693847656 122.0186996459961 408.67820739746094 122.0186996459961 408.67820739746094 171.70556640625 373.8973693847656 171.70556640625
373.30584716796875 121.52117919921875 408.5867691040039 121.52117919921875 408.5867691040039 171.76862335205078 373.30584716796875 171.76862335205078
372.7987060546875 120.8182601928711 408.07530975341797 120.8182601928711 408.07530975341797 171.42658615112305 372.7987060546875 171.42658615112305
371.4949645996094 120.6141128540039 408.1159858703613 120.6141128540039 408.1159858703613 171.91496658325195 371.4949645996094 171.91496658325195
371.8627014160156 120.75022888183594 407.28375244140625 120.75022888183594 407.28375244140625 172.1684799194336 371.8627014160156 172.1684799194336
371.65325927734375 121.04612731933594 408.2406425476074 121.04612731933594 408.2406425476074 171.95631790161133 371.65325927734375 171.95631790161133
371.13018798828125 120.1606216430664 408.35163497924805 120.1606216430664 408.35163497924805 171.95500564575195 371.13018798828125 171.95500564575195
371.3279724121094 119.9996337890625 408.19555282592773 119.9996337890625 408.19555282592773 171.30496978759766 371.3279724121094 171.30496978759766
371.6217346191406 120.86430358886719 407.9470634460449 120.86430358886719 407.9470634460449 171.7991180419922 371.6217346191406 171.7991180419922
372.0748596191406 120.6312255859375 408.25140380859375 120.6312255859375 408.25140380859375 172.97318267822266 372.0748596191406 172.97318267822266
371.2961730957031 121.19737243652344 407.9425926208496 121.19737243652344 407.9425926208496 172.1478271484375 371.2961730957031 172.1478271484375
372.2872619628906 120.20613098144531 407.9354782104492 120.20613098144531 407.9354782104492 171.6303253173828 372.2872619628906 171.6303253173828
372.4935607910156 120.5447998046875 408.48902893066406 120.5447998046875 408.48902893066406 172.01283645629883 372.4935607910156 172.01283645629883
372.52166748046875 120.40189361572266 408.2575874328613 120.40189361572266 408.2575874328613 171.69020462036133 372.52166748046875 171.69020462036133
371.37371826171875 120.35384368896484 407.8754119873047 120.35384368896484 407.8754119873047 172.26129150390625 371.37371826171875 172.26129150390625
371.6031188964844 120.34651184082031 408.57506561279297 120.34651184082031 408.57506561279297 172.29501724243164 371.6031188964844 172.29501724243164
371.64776611328125 120.0315933227539 408.20262145996094 120.0315933227539 408.20262145996094 171.3231964111328 371.64776611328125 171.3231964111328
371.06243896484375 121.22576904296875 407.82637786865234 121.22576904296875 407.82637786865234 172.05802154541016 371.06243896484375 172.05802154541016
372.11260986328125 120.6680908203125 407.83899688720703 120.6680908203125 407.83899688720703 171.56411743164062 372.11260986328125 171.56411743164062
371.9762268066406 119.66313171386719 408.1191940307617 119.66313171386719 408.1191940307617 171.0743064880371 371.9762268066406 171.0743064880371
372.31268310546875 120.72871398925781 408.81726837158203 120.72871398925781 408.81726837158203 172.80298233032227 372.31268310546875 172.80298233032227
372.18499755859375 119.82383728027344 408.13968658447266 119.82383728027344 408.13968658447266 171.18762588500977 372.18499755859375 171.18762588500977
373.2489318847656 120.78807067871094 409.4116630554199 120.78807067871094 409.4116630554199 172.4490623474121 373.2489318847656 172.4490623474121
371.83587646484375 120.17718505859375 407.85518646240234 120.17718505859375 407.85518646240234 171.1355972290039 371.83587646484375 171.1355972290039
372.693359375 121.050048828125 408.69091796875 121.050048828125 408.69091796875 171.29290390014648 372.693359375 171.29290390014648
373.1050109863281 120.74177551269531 407.1761131286621 120.74177551269531 407.1761131286621 170.19976043701172 373.1050109863281 170.19976043701172
372.28692626953125 120.62589263916016 408.33260345458984 120.62589263916016 408.33260345458984 169.97229766845703 372.28692626953125 169.97229766845703
372.2471923828125 120.15983581542969 407.0420913696289 120.15983581542969 407.0420913696289 169.92644119262695 372.2471923828125 169.92644119262695
372.0107727050781 120.36689758300781 407.96098709106445 120.36689758300781 407.96098709106445 170.2718162536621 372.0107727050781 170.2718162536621
372.23052978515625 120.9421157836914 407.8493461608887 120.9421157836914 407.8493461608887 170.9577178955078 372.23052978515625 170.9577178955078
373.0777587890625 120.2242202758789 407.9174461364746 120.2242202758789 407.9174461364746 170.24815368652344 373.0777587890625 170.24815368652344
373.25103759765625 120.50508117675781 408.0443992614746 120.50508117675781 408.0443992614746 170.16152572631836 373.25103759765625 170.16152572631836
373.19354248046875 121.07124328613281 407.17690658569336 121.07124328613281 407.17690658569336 170.05181121826172 373.19354248046875 170.05181121826172
370.04241943359375 126.62200927734375 405.3349494934082 126.62200927734375 405.3349494934082 172.83712005615234 370.04241943359375 172.83712005615234
367.71563720703125 124.35710144042969 403.6390800476074 124.35710144042969 403.6390800476074 174.3321189880371 367.71563720703125 174.3321189880371
360.7702331542969 127.12614440917969 397.4808464050293 127.12614440917969 397.4808464050293 179.4066505432129 360.7702331542969 179.4066505432129
355.8561706542969 127.06192779541016 392.3861427307129 127.06192779541016 392.3861427307129 182.36354064941406 355.8561706542969 182.36354064941406
346.2489318847656 132.76675415039062 384.58283615112305 132.76675415039062 384.58283615112305 186.8749771118164 346.2489318847656 186.8749771118164
339.8204345703125 135.03216552734375 378.2683753967285 135.03216552734375 378.2683753967285 190.0631103515625 339.8204345703125 190.0631103515625
333.011474609375 137.34130859375 371.900390625 137.34130859375 371.900390625 191.52913284301758 333.011474609375 191.52913284301758
330.50787353515625 140.24191284179688 368.01672744750977 140.24191284179688 368.01672744750977 194.50479125976562 330.50787353515625 194.50479125976562
324.5867614746094 144.0557403564453 362.55016326904297 144.0557403564453 362.55016326904297 198.50977325439453 324.5867614746094 198.50977325439453
323.087646484375 143.8218231201172 360.43122482299805 143.8218231201172 360.43122482299805 199.23912048339844 323.087646484375 199.23912048339844
318.3441467285156 147.9185791015625 356.6738967895508 147.9185791015625 356.6738967895508 203.4701042175293 318.3441467285156 203.4701042175293
317.31353759765625 149.0567626953125 355.04405975341797 149.0567626953125 355.04405975341797 204.92520904541016 317.31353759765625 204.92520904541016
315.0255432128906 150.43301391601562 352.9104690551758 150.43301391601562 352.9104690551758 206.18490600585938 315.0255432128906 206.18490600585938
310.21026611328125 153.01695251464844 348.26729583740234 153.01695251464844 348.26729583740234 207.38408660888672 310.21026611328125 207.38408660888672
310.0751647949219 153.69110107421875 347.96235275268555 153.69110107421875 347.96235275268555 207.81560516357422 310.0751647949219 207.81560516357422
308.06402587890625 156.28504943847656 345.2518730163574 156.28504943847656 345.2518730163574 209.41049575805664 308.06402587890625 209.41049575805664
307.5539245605469 155.5777587890625 344.3867378234863 155.5777587890625 344.3867378234863 208.19600677490234 307.5539245605469 208.19600677490234
308.3968505859375 157.69406127929688 344.204402923584 157.69406127929688 344.204402923584 208.84765625 308.3968505859375 208.84765625
309.4945373535156 156.78164672851562 345.2425308227539 156.78164672851562 345.2425308227539 207.85015487670898 309.4945373535156 207.85015487670898
310.02423095703125 157.48532104492188 345.66698455810547 157.48532104492188 345.66698455810547 208.40348434448242 310.02423095703125 208.40348434448242
309.7071228027344 156.10153198242188 345.4509086608887 156.10153198242188 345.4509086608887 207.16403198242188 309.7071228027344 207.16403198242188
309.36395263671875 156.54335021972656 345.17254638671875 156.54335021972656 345.17254638671875 207.69843292236328 309.36395263671875 207.69843292236328
309.35687255859375 157.2649383544922 344.6696891784668 157.2649383544922 344.6696891784668 207.7117691040039 309.35687255859375 207.7117691040039
309.22406005859375 156.6888427734375 344.2304153442383 156.6888427734375 344.2304153442383 206.6978759765625 309.22406005859375 206.6978759765625
309.9735412597656 157.26113891601562 344.99279022216797 157.26113891601562 344.99279022216797 207.28859329223633 309.9735412597656 207.28859329223633
308.75616455078125 157.287841796875 344.14287185668945 157.287841796875 344.14287185668945 207.8402328491211 308.75616455078125 207.8402328491211
308.5531311035156 157.26702880859375 344.15613555908203 157.26702880859375 344.15613555908203 207.86405563354492 308.5531311035156 207.86405563354492
309.21240234375 156.7095489501953 344.4446487426758 156.7095489501953 344.4446487426758 207.37223434448242 309.21240234375 207.37223434448242
308.4830627441406 156.61532592773438 343.41446685791016 156.61532592773438 343.41446685791016 207.6252670288086 308.4830627441406 207.6252670288086
308.8600769042969 156.10887145996094 344.93407440185547 156.10887145996094 344.93407440185547 207.40164947509766 308.8600769042969 207.40164947509766
309.1871337890625 158.06607055664062 344.60759353637695 158.06607055664062 344.60759353637695 209.4393081665039 309.1871337890625 209.4393081665039
309.024658203125 157.56039428710938 344.6675834655762 157.56039428710938 344.6675834655762 208.27957153320312 309.024658203125 208.27957153320312
308.85931396484375 157.18423461914062 343.99372482299805 157.18423461914062 343.99372482299805 207.3761978149414 308.85931396484375 207.3761978149414
308.32489013671875 157.0650634765625 344.16744232177734 157.0650634765625 344.16744232177734 207.13935470581055 308.32489013671875 207.13935470581055
309.7528381347656 157.4735870361328 344.82410430908203 157.4735870361328 344.82410430908203 206.70155334472656 309.7528381347656 206.70155334472656
308.3917541503906 158.24948120117188 344.9382209777832 158.24948120117188 344.9382209777832 203.77537536621094 308.3917541503906 203.77537536621094
335.21258544921875 150.5244140625 370.5764846801758 150.5244140625 370.5764846801758 201.04420852661133 335.21258544921875 201.04420852661133
328.59130859375 149.94464111328125 363.6912155151367 149.94464111328125 363.6912155151367 200.08731079101562 328.59130859375 200.08731079101562
314.8334655761719 155.03890991210938 349.2976188659668 155.03890991210938 349.2976188659668 204.27336502075195 314.8334655761719 204.27336502075195
313.95330810546875 153.37493896484375 348.15035247802734 153.37493896484375 348.15035247802734 202.22781372070312 313.95330810546875 202.22781372070312
318.5054626464844 153.71456909179688 352.4741744995117 153.71456909179688 352.4741744995117 202.24125289916992 318.5054626464844 202.24125289916992
318.62469482421875 147.92575073242188 352.6082229614258 147.92575073242188 352.6082229614258 196.4735984802246 318.62469482421875 196.4735984802246
315.81866455078125 158.4513702392578 349.6592330932617 158.4513702392578 349.6592330932617 206.7949981689453 315.81866455078125 206.7949981689453
320.7698669433594 149.5922088623047 354.8265800476074 149.5922088623047 354.8265800476074 198.24461364746094 320.7698669433594 198.24461364746094
326.2996826171875 145.0458984375 361.35694122314453 145.0458984375 361.35694122314453 195.12765502929688 326.2996826171875 195.12765502929688
326.020263671875 145.4176025390625 360.8520393371582 145.4176025390625 360.8520393371582 195.17723846435547 326.020263671875 195.17723846435547
308.6835021972656 160.66769409179688 344.00823974609375 160.66769409179688 344.00823974609375 209.65216827392578 308.6835021972656 209.65216827392578
308.72589111328125 157.4673614501953 343.91020584106445 157.4673614501953 343.91020584106445 207.7306251525879 308.72589111328125 207.7306251525879
309.14190673828125 156.8961944580078 344.47700119018555 156.8961944580078 344.47700119018555 207.3748550415039 309.14190673828125 207.3748550415039
309.60650634765625 158.23464965820312 344.3590393066406 158.23464965820312 344.3590393066406 207.8810806274414 309.60650634765625 207.8810806274414
309.56646728515625 158.3998565673828 344.04097747802734 158.3998565673828 344.04097747802734 207.64911651611328 309.56646728515625 207.64911651611328
309.4102478027344 158.4291229248047 344.0817642211914 158.4291229248047 344.0817642211914 207.9598159790039 309.4102478027344 207.9598159790039
308.78070068359375 157.27743530273438 343.75403594970703 157.27743530273438 343.75403594970703 207.37248611450195 308.78070068359375 207.37248611450195
309.13665771484375 158.4958953857422 343.74160385131836 158.4958953857422 343.74160385131836 207.9314956665039 309.13665771484375 207.9314956665039
308.8134765625 158.03692626953125 343.13304901123047 158.03692626953125 343.13304901123047 207.06484603881836 308.8134765625 207.06484603881836
309.65277099609375 158.01498413085938 344.1501159667969 158.01498413085938 344.1501159667969 207.29685592651367 309.65277099609375 207.29685592651367
308.90478515625 157.00245666503906 344.1117057800293 157.00245666503906 344.1117057800293 207.29801177978516 308.90478515625 207.29801177978516
308.4913635253906 158.62930297851562 343.4447212219238 158.62930297851562 343.4447212219238 208.56262969970703 308.4913635253906 208.56262969970703
308.92974853515625 158.33731079101562 343.8341636657715 158.33731079101562 343.8341636657715 208.20072174072266 308.92974853515625 208.20072174072266
308.9595642089844 158.9562530517578 343.61065673828125 158.9562530517578 343.61065673828125 208.45777893066406 308.9595642089844 208.45777893066406
309.18035888671875 158.989501953125 343.8950881958008 158.989501953125 343.8950881958008 208.5819320678711 309.18035888671875 208.5819320678711
310.2862243652344 158.06626892089844 344.7679634094238 158.06626892089844 344.7679634094238 207.3258514404297 310.2862243652344 207.3258514404297
309.52899169921875 159.15719604492188 343.5783271789551 159.15719604492188 343.5783271789551 207.79905700683594 309.52899169921875 207.79905700683594
310.01580810546875 160.16448974609375 344.0493850708008 160.16448974609375 344.0493850708008 208.7838363647461 310.01580810546875 208.7838363647461
309.36859130859375 159.11936950683594 342.68628692626953 159.11936950683594 342.68628692626953 206.71602630615234 309.36859130859375 206.71602630615234
309.9808654785156 159.03421020507812 343.70543670654297 159.03421020507812 343.70543670654297 207.21212005615234 309.9808654785156 207.21212005615234
310.57684326171875 159.53477478027344 344.4962577819824 159.53477478027344 344.4962577819824 207.99103164672852 310.57684326171875 207.99103164672852
309.86126708984375 158.88766479492188 344.2995910644531 158.88766479492188 344.2995910644531 208.0852165222168 309.86126708984375 208.0852165222168
310.17535400390625 158.06857299804688 344.30663681030273 158.06857299804688 344.30663681030273 206.82749557495117 310.17535400390625 206.82749557495117
310.0068359375 159.00918579101562 344.1947937011719 159.00918579101562 344.1947937011719 207.8490753173828 310.0068359375 207.8490753173828
309.7952880859375 158.60989379882812 344.0367126464844 158.60989379882812 344.0367126464844 207.52616500854492 309.7952880859375 207.52616500854492
310.5257263183594 158.697509765625 344.70406341552734 158.697509765625 344.70406341552734 207.5236587524414 310.5257263183594 207.5236587524414
310.05084228515625 158.831298828125 344.14079666137695 158.831298828125 344.14079666137695 207.53118133544922 310.05084228515625 207.53118133544922
309.3590393066406 158.64694213867188 343.3050956726074 158.64694213867188 343.3050956726074 207.1412582397461 309.3590393066406 207.1412582397461
310.60833740234375 158.21231079101562 344.58202362060547 158.21231079101562 344.58202362060547 206.7461051940918 310.60833740234375 206.7461051940918
309.69720458984375 158.40127563476562 344.08660888671875 158.40127563476562 344.08660888671875 207.5289535522461 309.69720458984375 207.5289535522461
310.45953369140625 159.33834838867188 344.53260040283203 159.33834838867188 344.53260040283203 208.0141143798828 310.45953369140625 208.0141143798828
310.939697265625 159.66990661621094 345.0726547241211 159.66990661621094 345.0726547241211 208.4312286376953 310.939697265625 208.4312286376953
310.6598205566406 159.11798095703125 344.74193572998047 159.11798095703125 344.74193572998047 207.80667877197266 310.6598205566406 207.80667877197266
311.2972106933594 158.6871337890625 345.2017707824707 158.6871337890625 345.2017707824707 207.1221809387207 311.2972106933594 207.1221809387207
311.08355712890625 158.39015197753906 344.4282684326172 158.39015197753906 344.4282684326172 206.02541732788086 311.08355712890625 206.02541732788086
311.493408203125 159.15713500976562 344.51958084106445 159.15713500976562 344.51958084106445 206.33734130859375 311.493408203125 206.33734130859375
311.06201171875 158.15939331054688 344.8792724609375 158.15939331054688 344.8792724609375 206.46971893310547 311.06201171875 206.46971893310547
309.8148498535156 158.64187622070312 343.85091400146484 158.64187622070312 343.85091400146484 207.2647819519043 309.8148498535156 207.2647819519043
309.86102294921875 158.99795532226562 344.18921279907227 158.99795532226562 344.18921279907227 208.03818130493164 309.86102294921875 208.03818130493164
310.9664001464844 158.6634521484375 345.3202323913574 158.6634521484375 345.3202323913574 207.74030685424805 310.9664001464844 207.74030685424805
310.45782470703125 158.2876434326172 344.32730865478516 158.2876434326172 344.32730865478516 206.6725730895996 310.45782470703125 206.6725730895996
310.1646728515625 159.0262451171875 344.1864547729492 159.0262451171875 344.1864547729492 207.6287498474121 310.1646728515625 207.6287498474121
309.38330078125 158.41061401367188 343.6738739013672 158.41061401367188 343.6738739013672 207.39710998535156 309.38330078125 207.39710998535156
309.6670227050781 159.4059295654297 343.35346603393555 159.4059295654297 343.35346603393555 207.52938079833984 309.6670227050781 207.52938079833984
308.80322265625 159.0361328125 342.9282417297363 159.0361328125 342.9282417297363 207.7861213684082 308.80322265625 207.7861213684082
309.64666748046875 158.8802490234375 344.4648857116699 158.8802490234375 344.4648857116699 208.62052154541016 309.64666748046875 208.62052154541016
309.8421630859375 158.05812072753906 344.6436653137207 158.05812072753906 344.6436653137207 207.77450942993164 309.8421630859375 207.77450942993164
309.5171203613281 158.8772430419922 344.47772216796875 158.8772430419922 344.47772216796875 208.82091522216797 309.5171203613281 208.82091522216797
309.1534423828125 157.91033935546875 344.0158805847168 157.91033935546875 344.0158805847168 207.71377563476562 309.1534423828125 207.71377563476562
308.51739501953125 157.60787963867188 343.8534927368164 157.60787963867188 343.8534927368164 208.08797073364258 308.51739501953125 208.08797073364258
308.6591796875 157.4857177734375 344.316951751709 157.4857177734375 344.316951751709 208.42534255981445 308.6591796875 208.42534255981445
308.42779541015625 157.8643341064453 344.39660263061523 157.8643341064453 344.39660263061523 209.24829483032227 308.42779541015625 209.24829483032227
308.01495361328125 157.4280548095703 344.6613121032715 157.4280548095703 344.6613121032715 209.5148162841797 308.01495361328125 209.5148162841797
307.45391845703125 156.4654541015625 344.1596145629883 156.4654541015625 344.1596145629883 208.56301879882812 307.45391845703125 208.56301879882812
308.55731201171875 157.6742706298828 344.9940490722656 157.6742706298828 344.9940490722656 209.72669982910156 308.55731201171875 209.72669982910156
308.9713134765625 157.203369140625 344.9433898925781 157.203369140625 344.9433898925781 208.59199142456055 308.9713134765625 208.59199142456055
309.2005615234375 157.36532592773438 345.4710159301758 157.36532592773438 345.4710159301758 209.1801986694336 309.2005615234375 209.1801986694336
308.942138671875 157.24169921875 344.9915580749512 157.24169921875 344.9915580749512 208.74080657958984 308.942138671875 208.74080657958984
309.1448974609375 157.9686279296875 344.5705451965332 157.9686279296875 344.5705451965332 208.57663345336914 309.1448974609375 208.57663345336914
308.8582458496094 157.1295166015625 345.22806549072266 157.1295166015625 345.22806549072266 208.61405563354492 308.8582458496094 208.61405563354492
309.4391174316406 157.20005798339844 345.3827133178711 157.20005798339844 345.3827133178711 208.09002304077148 309.4391174316406 208.09002304077148
308.83636474609375 158.26290893554688 344.42081451416016 158.26290893554688 344.42081451416016 209.09777069091797 308.83636474609375 209.09777069091797
309.1131896972656 157.4462127685547 344.5076599121094 157.4462127685547 344.5076599121094 208.00967407226562 309.1131896972656 208.00967407226562
309.434814453125 158.7401580810547 344.98123931884766 158.7401580810547 344.98123931884766 209.52069473266602 309.434814453125 209.52069473266602
309.10955810546875 157.58819580078125 344.7239799499512 157.58819580078125 344.7239799499512 207.97686004638672 309.10955810546875 207.97686004638672
309.24517822265625 158.02737426757812 344.8991928100586 158.02737426757812 344.8991928100586 208.96160507202148 309.24517822265625 208.96160507202148
309.3768310546875 157.3961944580078 345.1558036804199 157.3961944580078 345.1558036804199 207.9696502685547 309.3768310546875 207.9696502685547
308.1048583984375 156.96218872070312 344.2583808898926 156.96218872070312 344.2583808898926 208.00691604614258 308.1048583984375 208.00691604614258
308.8381652832031 157.61416625976562 344.81731033325195 157.61416625976562 344.81731033325195 209.01285934448242 308.8381652832031 209.01285934448242
309.9469299316406 155.82247924804688 345.6230773925781 155.82247924804688 345.6230773925781 206.7883186340332 309.9469299316406 206.7883186340332
310.1346740722656 158.3033447265625 345.04279708862305 158.3033447265625 345.04279708862305 208.17200469970703 310.1346740722656 208.17200469970703
309.3091125488281 158.3473663330078 344.4735641479492 158.3473663330078 344.4735641479492 208.58221435546875 309.3091125488281 208.58221435546875
309.0806579589844 158.37796020507812 344.4194526672363 158.37796020507812 344.4194526672363 208.22051239013672 309.0806579589844 208.22051239013672
308.55023193359375 157.85760498046875 344.5372085571289 157.85760498046875 344.5372085571289 208.4686508178711 308.55023193359375 208.4686508178711
308.7839660644531 157.1370391845703 344.6939163208008 157.1370391845703 344.6939163208008 208.43687438964844 308.7839660644531 208.43687438964844
310.03521728515625 158.17050170898438 345.3227119445801 158.17050170898438 345.3227119445801 208.36583709716797 310.03521728515625 208.36583709716797
310.2320861816406 158.01467895507812 345.62535858154297 158.01467895507812 345.62535858154297 208.57640075683594 310.2320861816406 208.57640075683594
310.36138916015625 157.7584686279297 345.45223236083984 157.7584686279297 345.45223236083984 207.8881492614746 310.36138916015625 207.8881492614746
309.9449157714844 158.6064910888672 344.4587936401367 158.6064910888672 344.4587936401367 207.91193389892578 309.9449157714844 207.91193389892578
309.94146728515625 158.4217987060547 344.90624237060547 158.4217987060547 344.90624237060547 208.37137603759766 309.94146728515625 208.37137603759766
308.846435546875 157.0706024169922 343.62850189208984 157.0706024169922 343.62850189208984 206.90639877319336 308.846435546875 206.90639877319336
309.6420593261719 157.83480834960938 344.29266357421875 157.83480834960938 344.29266357421875 207.3355712890625 309.6420593261719 207.3355712890625
309.12762451171875 157.32423400878906 344.34318923950195 157.32423400878906 344.34318923950195 207.6018829345703 309.12762451171875 207.6018829345703
309.2767028808594 157.7069854736328 344.3765182495117 157.7069854736328 344.3765182495117 207.84947967529297 309.2767028808594 207.84947967529297
308.952880859375 158.30026245117188 343.6865463256836 158.30026245117188 343.6865463256836 207.91968536376953 308.952880859375 207.91968536376953
309.0843811035156 158.14955139160156 344.2839889526367 158.14955139160156 344.2839889526367 208.67010879516602 309.0843811035156 208.67010879516602
309.7417907714844 158.37838745117188 344.7947082519531 158.37838745117188 344.7947082519531 208.45387649536133 309.7417907714844 208.45387649536133
311.0699768066406 158.30873107910156 344.92816162109375 158.30873107910156 344.92816162109375 206.67746353149414 311.0699768066406 206.67746353149414
309.1488952636719 158.1824951171875 343.7649230957031 158.1824951171875 343.7649230957031 207.16456985473633 309.1488952636719 207.16456985473633
310.1067810058594 158.8169708251953 343.8723030090332 158.8169708251953 343.8723030090332 207.05332565307617 310.1067810058594 207.05332565307617
310.6428527832031 159.29452514648438 344.0880355834961 159.29452514648438 344.0880355834961 207.0732536315918 310.6428527832031 207.0732536315918
310.28973388671875 160.0043487548828 343.4696350097656 160.0043487548828 343.4696350097656 207.40410614013672 310.28973388671875 207.40410614013672
311.263427734375 159.0924530029297 344.3215751647949 159.0924530029297 344.3215751647949 206.31827545166016 311.263427734375 206.31827545166016
310.6900939941406 159.46966552734375 344.39383697509766 159.46966552734375 344.39383697509766 207.61776733398438 310.6900939941406 207.61776733398438
310.36126708984375 158.32386779785156 344.53351974487305 158.32386779785156 344.53351974487305 207.14127349853516 310.36126708984375 207.14127349853516
310.1737365722656 158.5709228515625 344.3305244445801 158.5709228515625 344.3305244445801 207.3662338256836 310.1737365722656 207.3662338256836
309.2731628417969 159.1608428955078 343.71728134155273 159.1608428955078 343.71728134155273 208.36663055419922 309.2731628417969 208.36663055419922
309.10931396484375 157.29913330078125 343.9766082763672 157.29913330078125 343.9766082763672 207.10945892333984 309.10931396484375 207.10945892333984
308.68157958984375 158.04881286621094 343.60814666748047 158.04881286621094 343.60814666748047 207.94380950927734 308.68157958984375 207.94380950927734
308.80499267578125 156.7855987548828 343.97710037231445 156.7855987548828 343.97710037231445 207.03136444091797 308.80499267578125 207.03136444091797
307.222900390625 157.33883666992188 343.2898254394531 157.33883666992188 343.2898254394531 208.86290740966797 307.222900390625 208.86290740966797
304.0735168457031 159.4412078857422 340.4060249328613 159.4412078857422 340.4060249328613 210.64084243774414 304.0735168457031 210.64084243774414
300.04559326171875 161.5933837890625 335.84342193603516 161.5933837890625 335.84342193603516 212.7330322265625 300.04559326171875 212.7330322265625
298.3113708496094 163.4927215576172 334.0458564758301 163.4927215576172 334.0458564758301 214.54187774658203 298.3113708496094 214.54187774658203
291.99981689453125 167.36990356445312 327.9652328491211 167.36990356445312 327.9652328491211 218.74897003173828 291.99981689453125 218.74897003173828
285.67730712890625 169.74510192871094 321.85827255249023 169.74510192871094 321.85827255249023 219.39291763305664 285.67730712890625 219.39291763305664
282.7828369140625 172.02566528320312 318.59852600097656 172.02566528320312 318.59852600097656 222.64001083374023 282.7828369140625 222.64001083374023
281.4305725097656 173.85781860351562 318.27429962158203 173.85781860351562 318.27429962158203 223.17161178588867 281.4305725097656 223.17161178588867
280.2593994140625 172.61056518554688 317.66207122802734 172.61056518554688 317.66207122802734 222.14805221557617 280.2593994140625 222.14805221557617
281.62841796875 173.25167846679688 317.6683464050293 173.25167846679688 317.6683464050293 224.25307083129883 281.62841796875 224.25307083129883
281.1890869140625 172.9742431640625 317.4554862976074 172.9742431640625 317.4554862976074 223.06588745117188 281.1890869140625 223.06588745117188
281.26678466796875 171.64532470703125 317.7057189941406 171.64532470703125 317.7057189941406 222.11093139648438 281.26678466796875 222.11093139648438
280.39019775390625 172.51461791992188 317.9566192626953 172.51461791992188 317.9566192626953 221.47528839111328 280.39019775390625 221.47528839111328
281.1256408691406 174.14999389648438 317.6797103881836 174.14999389648438 317.6797103881836 222.19626998901367 281.1256408691406 222.19626998901367
281.30242919921875 173.822998046875 317.66751861572266 173.822998046875 317.66751861572266 223.37501525878906 281.30242919921875 223.37501525878906
281.804931640625 173.21827697753906 317.4423484802246 173.21827697753906 317.4423484802246 223.16327285766602 281.804931640625 223.16327285766602
283.2046813964844 172.32614135742188 318.8196487426758 172.32614135742188 318.8196487426758 223.37189865112305 283.2046813964844 223.37189865112305
282.14532470703125 172.80667114257812 317.7951202392578 172.80667114257812 317.7951202392578 223.48925018310547 282.14532470703125 223.48925018310547
282.8130798339844 174.06460571289062 317.76688385009766 174.06460571289062 317.76688385009766 223.9985122680664 282.8130798339844 223.9985122680664
283.2506408691406 173.35140991210938 317.7957878112793 173.35140991210938 317.7957878112793 222.7015151977539 283.2506408691406 222.7015151977539
283.96356201171875 173.19180297851562 318.4702453613281 173.19180297851562 318.4702453613281 222.4869613647461 283.96356201171875 222.4869613647461
283.1693115234375 175.79368591308594 317.49925994873047 175.79368591308594 317.49925994873047 224.83636856079102 283.1693115234375 224.83636856079102
283.3821716308594 174.599853515625 317.6625175476074 174.599853515625 317.6625175476074 223.5716781616211 283.3821716308594 223.5716781616211
282.9300231933594 173.3844451904297 317.2451171875 173.3844451904297 317.2451171875 222.4059181213379 282.9300231933594 222.4059181213379
282.52850341796875 174.5607147216797 317.33423233032227 174.5607147216797 317.33423233032227 224.2830924987793 282.52850341796875 224.2830924987793
282.7283630371094 174.70468139648438 316.6881675720215 174.70468139648438 316.6881675720215 223.2185935974121 282.7283630371094 223.2185935974121
283.84075927734375 175.38363647460938 317.8476753234863 175.38363647460938 317.8476753234863 223.96485137939453 283.84075927734375 223.96485137939453
283.0276794433594 174.4333038330078 317.0492630004883 174.4333038330078 317.0492630004883 223.0354766845703 283.0276794433594 223.0354766845703
283.32025146484375 174.33926391601562 317.1585006713867 174.33926391601562 317.1585006713867 222.6795425415039 283.32025146484375 222.6795425415039
283.01947021484375 173.927490234375 317.3508491516113 173.927490234375 317.3508491516113 222.97223663330078 283.01947021484375 222.97223663330078
283.2684020996094 173.2211151123047 317.9419593811035 173.2211151123047 317.9419593811035 222.75467681884766 283.2684020996094 222.75467681884766
282.908447265625 173.9460906982422 317.86283111572266 173.9460906982422 317.86283111572266 223.88083267211914 282.908447265625 223.88083267211914
283.25958251953125 173.3678741455078 317.7657165527344 173.3678741455078 317.7657165527344 222.66225814819336 283.25958251953125 222.66225814819336
283.195556640625 173.85739135742188 317.42321014404297 173.85739135742188 317.42321014404297 222.75394439697266 283.195556640625 222.75394439697266
284.17596435546875 173.1914520263672 318.1557273864746 173.1914520263672 318.1557273864746 221.73388290405273 284.17596435546875 221.73388290405273
283.16796875 174.13839721679688 317.6969680786133 174.13839721679688 317.6969680786133 223.46544647216797 283.16796875 223.46544647216797
283.3791809082031 173.82974243164062 318.6527633666992 173.82974243164062 318.6527633666992 224.2204818725586 283.3791809082031 224.2204818725586
282.7694091796875 173.6615447998047 318.0690689086914 173.6615447998047 318.0690689086914 224.08953475952148 282.7694091796875 224.08953475952148
283.2506408691406 174.55398559570312 318.24504470825195 174.55398559570312 318.24504470825195 224.5458984375 283.2506408691406 224.5458984375
282.3907165527344 174.67062377929688 316.92361068725586 174.67062377929688 316.92361068725586 224.00324249267578 282.3907165527344 224.00324249267578
283.4023132324219 174.5767364501953 318.1778564453125 174.5767364501953 318.1778564453125 224.25599670410156 283.4023132324219 224.25599670410156
282.9532775878906 173.1306610107422 316.90161514282227 173.1306610107422 316.90161514282227 221.6281967163086 282.9532775878906 221.6281967163086
284.1307678222656 174.12118530273438 317.97430419921875 174.12118530273438 317.97430419921875 222.46900177001953 284.1307678222656 222.46900177001953
283.07427978515625 173.7851104736328 317.69896697998047 173.7851104736328 317.69896697998047 223.2488555908203 283.07427978515625 223.2488555908203
283.5542297363281 174.45761108398438 318.18611907958984 174.45761108398438 318.18611907958984 223.93164443969727 283.5542297363281 223.93164443969727
283.50079345703125 174.60043334960938 318.09243392944336 174.60043334960938 318.09243392944336 224.0169677734375 283.50079345703125 224.0169677734375
282.8822937011719 174.0823974609375 317.8470573425293 174.0823974609375 317.8470573425293 223.40392303466797 282.8822937011719 223.40392303466797
283.08819580078125 173.56948852539062 317.60483169555664 173.56948852539062 317.60483169555664 222.87886810302734 283.08819580078125 222.87886810302734
284.17431640625 173.48779296875 318.65836334228516 173.48779296875 318.65836334228516 222.75061798095703 284.17431640625 222.75061798095703
282.45147705078125 174.22299194335938 316.9054374694824 174.22299194335938 316.9054374694824 223.4428367614746 282.45147705078125 223.4428367614746
284.1224060058594 174.26138305664062 318.8216552734375 174.26138305664062 318.8216552734375 223.83163452148438 284.1224060058594 223.83163452148438
282.8963928222656 173.30128479003906 317.95018768310547 173.30128479003906 317.95018768310547 223.02889251708984 282.8963928222656 223.02889251708984
283.52728271484375 173.78677368164062 318.07635498046875 173.78677368164062 318.07635498046875 222.9032211303711 283.52728271484375 222.9032211303711
283.3539733886719 173.7239227294922 317.66761779785156 173.7239227294922 317.66761779785156 222.74330139160156 283.3539733886719 222.74330139160156
283.99566650390625 174.72744750976562 318.06539154052734 174.72744750976562 318.06539154052734 223.39837646484375 283.99566650390625 223.39837646484375
283.29583740234375 173.586181640625 317.36609649658203 173.586181640625 317.36609649658203 222.25787734985352 283.29583740234375 222.25787734985352
283.689697265625 173.846435546875 317.79662322998047 173.846435546875 317.79662322998047 222.57051467895508 283.689697265625 222.57051467895508
283.9532470703125 174.03155517578125 318.36995697021484 174.03155517578125 318.36995697021484 223.19817733764648 283.9532470703125 223.19817733764648
283.3778991699219 174.2566375732422 317.8384475708008 174.2566375732422 317.8384475708008 223.48588943481445 283.3778991699219 223.48588943481445
282.25030517578125 173.92849731445312 317.24427032470703 173.92849731445312 317.24427032470703 223.9197769165039 282.25030517578125 223.9197769165039
283.4256286621094 172.7489013671875 318.5895309448242 172.7489013671875 318.5895309448242 222.98295211791992 283.4256286621094 222.98295211791992
282.44854736328125 174.00299072265625 317.5837593078613 174.00299072265625 317.5837593078613 224.19604873657227 282.44854736328125 224.19604873657227
282.1499938964844 171.48312377929688 318.38231658935547 171.48312377929688 318.38231658935547 222.66277313232422 282.1499938964844 222.66277313232422
281.3936767578125 173.01492309570312 317.7928161621094 173.01492309570312 317.7928161621094 222.90707397460938 281.3936767578125 222.90707397460938
281.0206604003906 172.9141387939453 317.6078071594238 172.9141387939453 317.6078071594238 222.2156524658203 281.0206604003906 222.2156524658203
285.73260498046875 168.9988250732422 321.3298149108887 168.9988250732422 321.3298149108887 219.85188674926758 285.73260498046875 219.85188674926758
285.8379821777344 168.7884521484375 321.6885986328125 168.7884521484375 321.6885986328125 220.00352096557617 285.8379821777344 220.00352096557617
286.93017578125 168.64913940429688 324.1948585510254 168.64913940429688 324.1948585510254 217.1160659790039 286.93017578125 217.1160659790039
290.9867248535156 166.3458251953125 327.38027572631836 166.3458251953125 327.38027572631836 216.70203399658203 290.9867248535156 216.70203399658203
294.37872314453125 165.24195861816406 330.6456985473633 165.24195861816406 330.6456985473633 215.96103286743164 294.37872314453125 215.96103286743164
298.3514709472656 162.33358764648438 333.49486541748047 162.33358764648438 333.49486541748047 212.53832626342773 298.3514709472656 212.53832626342773
301.033203125 162.2293701171875 337.15352630615234 162.2293701171875 337.15352630615234 210.95340728759766 301.033203125 210.95340728759766
305.3435974121094 159.08787536621094 340.6620063781738 159.08787536621094 340.6620063781738 209.5426254272461 305.3435974121094 209.5426254272461
307.81964111328125 158.795166015625 343.1765823364258 158.795166015625 343.1765823364258 209.30496215820312 307.81964111328125 209.30496215820312
312.2504577636719 154.6752471923828 348.46424102783203 154.6752471923828 348.46424102783203 206.40909576416016 312.2504577636719 206.40909576416016
322.5189208984375 149.8139190673828 359.252254486084 149.8139190673828 359.252254486084 200.30841064453125 322.5189208984375 200.30841064453125
324.165283203125 148.2394561767578 360.70723724365234 148.2394561767578 360.70723724365234 199.93237686157227 324.165283203125 199.93237686157227
323.4686279296875 148.86846923828125 360.1820602416992 148.86846923828125 360.1820602416992 200.23109817504883 323.4686279296875 200.23109817504883
324.67095947265625 146.28224182128906 361.28148651123047 146.28224182128906 361.28148651123047 198.58285903930664 324.67095947265625 198.58285903930664
317.76202392578125 95.8408203125 354.10777282714844 95.8408203125 354.10777282714844 147.76318359375 317.76202392578125 147.76318359375
286.6473388671875 105.93782043457031 323.3069381713867 105.93782043457031 323.3069381713867 158.30853652954102 286.6473388671875 158.30853652954102
246.3570556640625 94.12076568603516 282.4252014160156 94.12076568603516 282.4252014160156 145.64655303955078 246.3570556640625 145.64655303955078
243.9435577392578 82.43263244628906 279.55189514160156 82.43263244628906 279.55189514160156 133.30155181884766 243.9435577392578 133.30155181884766
241.8639373779297 76.62118530273438 277.24638748168945 76.62118530273438 277.24638748168945 127.16740417480469 241.8639373779297 127.16740417480469
259.54095458984375 100.74736022949219 294.4700012207031 100.74736022949219 294.4700012207031 150.6458625793457 259.54095458984375 150.6458625793457
304.3961181640625 132.75579833984375 339.62773513793945 132.75579833984375 339.62773513793945 183.0865364074707 304.3961181640625 183.0865364074707
322.8467712402344 148.4122772216797 358.57201385498047 148.4122772216797 358.57201385498047 199.44818878173828 322.8467712402344 199.44818878173828
324.1264343261719 148.5996551513672 360.0896186828613 148.5996551513672 360.0896186828613 199.9754867553711 324.1264343261719 199.9754867553711
324.56292724609375 149.42054748535156 360.4483833312988 149.42054748535156 360.4483833312988 200.6853370666504 324.56292724609375 200.6853370666504
323.9229431152344 149.82272338867188 359.91301345825195 149.82272338867188 359.91301345825195 201.23695755004883 323.9229431152344 201.23695755004883
324.2171325683594 149.15829467773438 360.36119842529297 149.15829467773438 360.36119842529297 200.79251861572266 324.2171325683594 200.79251861572266
324.6748962402344 149.432861328125 360.4646644592285 149.432861328125 360.4646644592285 200.5609474182129 324.6748962402344 200.5609474182129
323.599853515625 148.85540771484375 359.3538360595703 148.85540771484375 359.3538360595703 199.93237686157227 323.599853515625 199.93237686157227
323.5736389160156 149.24191284179688 359.43944549560547 149.24191284179688 359.43944549560547 200.47863006591797 323.5736389160156 200.47863006591797
324.83740234375 148.95761108398438 360.72847747802734 148.95761108398438 360.72847747802734 200.23042678833008 324.83740234375 200.23042678833008
324.4384765625 148.92648315429688 360.30956649780273 148.92648315429688 360.30956649780273 200.1707534790039 324.4384765625 200.1707534790039
324.42218017578125 149.52560424804688 360.2806739807129 149.52560424804688 360.2806739807129 200.75188064575195 324.42218017578125 200.75188064575195
324.03143310546875 149.3563232421875 359.40987396240234 149.3563232421875 359.40987396240234 199.89681243896484 324.03143310546875 199.89681243896484
324.2870178222656 149.32525634765625 359.8780746459961 149.32525634765625 359.8780746459961 200.04166793823242 324.2870178222656 200.04166793823242
324.47808837890625 149.06008911132812 360.0497360229492 149.06008911132812 360.0497360229492 200.3211898803711 324.47808837890625 200.3211898803711
323.90167236328125 149.61793518066406 359.8569984436035 149.61793518066406 359.8569984436035 200.98254013061523 323.90167236328125 200.98254013061523
325.748291015625 149.2730255126953 361.7881774902344 149.2730255126953 361.7881774902344 200.75843811035156 325.748291015625 200.75843811035156
324.5949401855469 149.42849731445312 360.6821823120117 149.42849731445312 360.6821823120117 200.98155975341797 324.5949401855469 200.98155975341797
324.51556396484375 148.39999389648438 361.0464057922363 148.39999389648438 361.0464057922363 201.29216766357422 324.51556396484375 201.29216766357422
324.654541015625 147.8043670654297 361.42159271240234 147.8043670654297 361.42159271240234 200.9780731201172 324.654541015625 200.9780731201172
324.02716064453125 147.89614868164062 360.84976959228516 147.89614868164062 360.84976959228516 200.62894439697266 324.02716064453125 200.62894439697266
323.31988525390625 148.03689575195312 359.84410858154297 148.03689575195312 359.84410858154297 201.009033203125 323.31988525390625 201.009033203125
323.8052062988281 147.6744384765625 360.4386100769043 147.6744384765625 360.4386100769043 200.5941162109375 323.8052062988281 200.5941162109375
323.0921325683594 148.91358947753906 359.43417739868164 148.91358947753906 359.43417739868164 200.65826034545898 323.0921325683594 200.65826034545898
323.2539978027344 148.80230712890625 359.1041679382324 148.80230712890625 359.1041679382324 200.30522918701172 323.2539978027344 200.30522918701172
323.4961853027344 149.03353881835938 359.3734817504883 149.03353881835938 359.3734817504883 200.4771728515625 323.4961853027344 200.4771728515625
324.3367614746094 148.8492889404297 361.0939407348633 148.8492889404297 361.0939407348633 201.20008850097656 324.3367614746094 201.20008850097656
322.54180908203125 147.52572631835938 360.01734161376953 147.52572631835938 360.01734161376953 199.66333770751953 322.54180908203125 199.66333770751953
322.2961730957031 148.01622009277344 359.2819480895996 148.01622009277344 359.2819480895996 200.8305892944336 322.2961730957031 200.8305892944336
323.04779052734375 146.8400115966797 359.82527923583984 146.8400115966797 359.82527923583984 200.70061874389648 323.04779052734375 200.70061874389648
322.7551574707031 147.30995178222656 359.70278549194336 147.30995178222656 359.70278549194336 200.09381484985352 322.7551574707031 200.09381484985352
323.3199157714844 146.28515625 359.2097854614258 146.28515625 359.2097854614258 200.79268264770508 323.3199157714844 200.79268264770508
322.6947937011719 147.38461303710938 359.69176483154297 147.38461303710938 359.69176483154297 200.05379104614258 322.6947937011719 200.05379104614258
322.41705322265625 146.37083435058594 359.12204360961914 146.37083435058594 359.12204360961914 200.42792510986328 322.41705322265625 200.42792510986328
322.47393798828125 147.75953674316406 359.0116310119629 147.75953674316406 359.0116310119629 200.00836563110352 322.47393798828125 200.00836563110352
322.9405517578125 149.01748657226562 359.9809379577637 149.01748657226562 359.9809379577637 201.93218231201172 322.9405517578125 201.93218231201172
324.3000183105469 148.81219482421875 360.9398307800293 148.81219482421875 360.9398307800293 201.08057403564453 324.3000183105469 201.08057403564453
324.16119384765625 148.4419708251953 360.2023048400879 148.4419708251953 360.2023048400879 200.3960838317871 324.16119384765625 200.3960838317871
323.71295166015625 149.00218200683594 360.08723068237305 149.00218200683594 360.08723068237305 201.04942321777344 323.71295166015625 201.04942321777344
323.04193115234375 148.9403533935547 359.6515121459961 148.9403533935547 359.6515121459961 201.17632293701172 323.04193115234375 201.17632293701172
323.3478088378906 147.87120056152344 359.6574516296387 147.87120056152344 359.6574516296387 200.6080093383789 323.3478088378906 200.6080093383789
323.7370910644531 148.05001831054688 359.85308837890625 148.05001831054688 359.85308837890625 200.37013626098633 323.7370910644531 200.37013626098633
322.99591064453125 148.15090942382812 359.6106185913086 148.15090942382812 359.6106185913086 200.41602325439453 322.99591064453125 200.41602325439453
323.10693359375 148.67263793945312 359.71045684814453 148.67263793945312 359.71045684814453 200.92364501953125 323.10693359375 200.92364501953125
322.5263977050781 147.4439697265625 359.0650405883789 147.4439697265625 359.0650405883789 199.86773681640625 322.5263977050781 199.86773681640625
323.3011779785156 148.7218780517578 360.25343322753906 148.7218780517578 360.25343322753906 200.6446304321289 323.3011779785156 200.6446304321289
322.7510986328125 148.67987060546875 359.9111213684082 148.67987060546875 359.9111213684082 200.18177032470703 322.7510986328125 200.18177032470703
323.7841491699219 148.63821411132812 360.20642471313477 148.63821411132812 360.20642471313477 200.66989135742188 323.7841491699219 200.66989135742188
323.160400390625 149.52511596679688 359.77069091796875 149.52511596679688 359.77069091796875 201.82538986206055 323.160400390625 201.82538986206055
323.68865966796875 149.49215698242188 360.3015670776367 149.49215698242188 360.3015670776367 201.7961654663086 323.68865966796875 201.7961654663086
322.2205810546875 148.9783172607422 359.89892578125 148.9783172607422 359.89892578125 200.3094024658203 322.2205810546875 200.3094024658203
321.851806640625 149.7500762939453 359.3101577758789 149.7500762939453 359.3101577758789 202.0195770263672 321.851806640625 202.0195770263672
322.43646240234375 148.1349334716797 360.7373237609863 148.1349334716797 360.7373237609863 200.6824073791504 322.43646240234375 200.6824073791504
321.5991516113281 148.72506713867188 359.41641998291016 148.72506713867188 359.41641998291016 201.21104049682617 321.5991516113281 201.21104049682617
323.81964111328125 149.47747802734375 360.7073745727539 149.47747802734375 360.7073745727539 201.25989532470703 323.81964111328125 201.25989532470703
322.3139953613281 149.19296264648438 359.3488540649414 149.19296264648438 359.3488540649414 201.45328903198242 322.3139953613281 201.45328903198242
322.0611877441406 150.05264282226562 358.8837471008301 150.05264282226562 358.8837471008301 201.72340774536133 322.0611877441406 201.72340774536133
323.9794616699219 150.68374633789062 359.589599609375 150.68374633789062 359.589599609375 201.55524444580078 323.9794616699219 201.55524444580078
323.64886474609375 149.5943145751953 359.7538299560547 149.5943145751953 359.7538299560547 201.17270278930664 323.64886474609375 201.17270278930664
324.1943054199219 149.77056884765625 359.72568130493164 149.77056884765625 359.72568130493164 200.52954864501953 324.1943054199219 200.52954864501953
324.18316650390625 149.23287963867188 359.8886604309082 149.23287963867188 359.8886604309082 200.2406005859375 324.18316650390625 200.2406005859375
323.01971435546875 149.8961639404297 359.1019706726074 149.8961639404297 359.1019706726074 201.4421157836914 323.01971435546875 201.4421157836914
322.42352294921875 149.81787109375 358.5650825500488 149.81787109375 358.5650825500488 201.44854736328125 322.42352294921875 201.44854736328125
323.1099548339844 150.18772888183594 358.8470115661621 150.18772888183594 358.8470115661621 201.24054718017578 323.1099548339844 201.24054718017578
323.33056640625 150.04466247558594 358.9913902282715 150.04466247558594 358.9913902282715 200.4690170288086 323.33056640625 200.4690170288086
322.54669189453125 149.31781005859375 358.68774032592773 149.31781005859375 358.68774032592773 200.94776153564453 322.54669189453125 200.94776153564453
322.47698974609375 149.2781982421875 358.7255630493164 149.2781982421875 358.7255630493164 200.30033111572266 322.47698974609375 200.30033111572266
322.65032958984375 149.0807342529297 358.8388786315918 149.0807342529297 358.8388786315918 200.33319473266602 322.65032958984375 200.33319473266602
323.8813171386719 150.15792846679688 359.7976264953613 150.15792846679688 359.7976264953613 201.4668197631836 323.8813171386719 201.4668197631836
323.41436767578125 150.80722045898438 359.11318588256836 150.80722045898438 359.11318588256836 201.8054084777832 323.41436767578125 201.8054084777832
323.18572998046875 151.28541564941406 358.4969711303711 151.28541564941406 358.4969711303711 201.72992324829102 323.18572998046875 201.72992324829102
323.4275207519531 150.63394165039062 359.2863464355469 150.63394165039062 359.2863464355469 201.8607063293457 323.4275207519531 201.8607063293457
324.20941162109375 150.3821258544922 359.44689178466797 150.3821258544922 359.44689178466797 200.72124862670898 324.20941162109375 200.72124862670898
324.69305419921875 150.92703247070312 359.81404876708984 150.92703247070312 359.81404876708984 201.09975051879883 324.69305419921875 201.09975051879883
