24.0 65.0 45.0 65.0 45.0 96.0 24.0 96.0
24.636728286743164 65.64202880859375 45.385257720947266 65.64202880859375 45.385257720947266 95.79898071289062 24.636728286743164 95.79898071289062
25.3654727935791 66.81875610351562 45.69466209411621 66.81875610351562 45.69466209411621 94.5573616027832 25.3654727935791 94.5573616027832
26.366125106811523 67.11807250976562 46.75082588195801 67.11807250976562 46.75082588195801 93.23190689086914 26.366125106811523 93.23190689086914
26.728195190429688 68.47538757324219 48.556724548339844 68.47538757324219 48.556724548339844 93.80839920043945 26.728195190429688 93.80839920043945
27.56943702697754 68.57414245605469 48.139347076416016 68.57414245605469 48.139347076416016 95.35715866088867 27.56943702697754 95.35715866088867
28.372467041015625 67.34205627441406 50.31609916687012 67.34205627441406 50.31609916687012 95.25638771057129 28.372467041015625 95.25638771057129
29.16274070739746 66.91300964355469 50.91917610168457 66.91300964355469 50.91917610168457 96.60549354553223 29.16274070739746 96.60549354553223
31.336772918701172 66.35222625732422 52.604177474975586 66.35222625732422 52.604177474975586 97.55194473266602 31.336772918701172 97.55194473266602
31.26760482788086 65.60908508300781 52.3011474609375 65.60908508300781 52.3011474609375 96.65860366821289 31.26760482788086 96.65860366821289
33.21462631225586 66.07844543457031 54.22597312927246 66.07844543457031 54.22597312927246 97.30623817443848 33.21462631225586 97.30623817443848
33.5103645324707 65.14863586425781 54.45322799682617 65.14863586425781 54.45322799682617 94.76966857910156 33.5103645324707 94.76966857910156
34.41253662109375 67.08670806884766 56.20498466491699 67.08670806884766 56.20498466491699 98.06439399719238 34.41253662109375 98.06439399719238
35.78334426879883 67.8157730102539 57.088340759277344 67.8157730102539 57.088340759277344 98.2054557800293 35.78334426879883 98.2054557800293
36.85249710083008 68.58998107910156 58.984092712402344 68.58998107910156 58.984092712402344 96.37110900878906 36.85249710083008 96.37110900878906
37.01233673095703 66.41688537597656 58.13694381713867 66.41688537597656 58.13694381713867 97.6008358001709 37.01233673095703 97.6008358001709
38.3798942565918 66.33438873291016 59.599721908569336 66.33438873291016 59.599721908569336 96.87569808959961 38.3798942565918 96.87569808959961
38.054019927978516 66.76619720458984 59.79132270812988 66.76619720458984 59.79132270812988 96.45678520202637 38.054019927978516 96.45678520202637
39.514984130859375 67.06692504882812 60.906707763671875 67.06692504882812 60.906707763671875 98.64519119262695 39.514984130859375 98.64519119262695
40.12977981567383 68.69922637939453 61.3878231048584 68.69922637939453 61.3878231048584 97.89969062805176 40.12977981567383 97.89969062805176
42.713890075683594 68.13677978515625 63.86163520812988 68.13677978515625 63.86163520812988 99.62490272521973 42.713890075683594 99.62490272521973
43.39278793334961 68.82057189941406 65.52304267883301 68.82057189941406 65.52304267883301 99.17465209960938 43.39278793334961 99.17465209960938
43.80762481689453 67.65333557128906 65.19023895263672 67.65333557128906 65.19023895263672 99.2181453704834 43.80762481689453 99.2181453704834
46.2493896484375 68.51319122314453 67.71564483642578 68.51319122314453 67.71564483642578 99.42298698425293 46.2493896484375 99.42298698425293
46.50265121459961 68.9446792602539 67.92430114746094 68.9446792602539 67.92430114746094 99.7458267211914 46.50265121459961 99.7458267211914
49.4684944152832 69.9248275756836 69.63752555847168 69.9248275756836 69.63752555847168 100.33466339111328 49.4684944152832 100.33466339111328
50.24022674560547 69.7309799194336 71.21585083007812 69.7309799194336 71.21585083007812 100.12240409851074 50.24022674560547 100.12240409851074
50.33696746826172 68.73400115966797 71.66677474975586 68.73400115966797 71.66677474975586 98.84173965454102 50.33696746826172 98.84173965454102
52.515174865722656 69.35380554199219 72.61315727233887 69.35380554199219 72.61315727233887 100.57238388061523 52.515174865722656 100.57238388061523
52.93902587890625 69.4964599609375 74.81185340881348 69.4964599609375 74.81185340881348 98.99454116821289 52.93902587890625 98.99454116821289
54.178436279296875 68.76689147949219 75.42424964904785 68.76689147949219 75.42424964904785 100.09546852111816 54.178436279296875 100.09546852111816
55.1068115234375 69.15555572509766 76.73245811462402 69.15555572509766 76.73245811462402 101.07913017272949 55.1068115234375 101.07913017272949
56.09478759765625 69.07848358154297 76.81518363952637 69.07848358154297 76.81518363952637 100.41926193237305 56.09478759765625 100.41926193237305
56.030479431152344 68.99542236328125 77.37094497680664 68.99542236328125 77.37094497680664 100.49801635742188 56.030479431152344 100.49801635742188
56.711822509765625 69.80235290527344 77.92984008789062 69.80235290527344 77.92984008789062 101.12418746948242 56.711822509765625 101.12418746948242
58.75530242919922 69.60848236083984 80.04119873046875 69.60848236083984 80.04119873046875 101.03051948547363 58.75530242919922 101.03051948547363
61.03173828125 71.24053192138672 82.31088829040527 71.24053192138672 82.31088829040527 102.65261459350586 61.03173828125 102.65261459350586
61.89717483520508 70.2652816772461 83.28241729736328 70.2652816772461 83.28241729736328 101.83397674560547 61.89717483520508 101.83397674560547
63.0245361328125 71.34962463378906 84.20500755310059 71.34962463378906 84.20500755310059 102.61603736877441 63.0245361328125 102.61603736877441
64.45210266113281 71.09561157226562 85.86642074584961 71.09561157226562 85.86642074584961 102.70722579956055 64.45210266113281 102.70722579956055
65.7250747680664 70.80563354492188 87.29452323913574 70.80563354492188 87.29452323913574 102.6462516784668 65.7250747680664 102.6462516784668
66.34013366699219 71.43177032470703 87.72199249267578 71.43177032470703 87.72199249267578 102.99547004699707 66.34013366699219 102.99547004699707
68.46849822998047 72.17578887939453 90.13393020629883 72.17578887939453 90.13393020629883 104.15809440612793 68.46849822998047 104.15809440612793
68.4998550415039 71.3326187133789 90.2230339050293 71.3326187133789 90.2230339050293 103.40016555786133 68.4998550415039 103.40016555786133
70.39949035644531 73.03428649902344 92.6656723022461 73.03428649902344 92.6656723022461 104.51312255859375 70.39949035644531 104.51312255859375
70.845947265625 72.49853515625 92.80926513671875 72.49853515625 92.80926513671875 104.92057037353516 70.845947265625 104.92057037353516
72.09114837646484 72.97367095947266 93.90677261352539 72.97367095947266 93.90677261352539 105.17767715454102 72.09114837646484 105.17767715454102
73.2952651977539 72.46817779541016 95.13704490661621 72.46817779541016 95.13704490661621 104.76066970825195 73.2952651977539 104.76066970825195
73.70521545410156 72.47134399414062 95.76479721069336 72.47134399414062 95.76479721069336 105.03548049926758 73.70521545410156 105.03548049926758
75.55493927001953 71.9442367553711 97.49792098999023 71.9442367553711 97.49792098999023 104.33624649047852 75.55493927001953 104.33624649047852
76.97079467773438 72.4700927734375 99.35091781616211 72.4700927734375 99.35091781616211 105.50740814208984 76.97079467773438 105.50740814208984
78.34593963623047 72.8886947631836 100.86723327636719 72.8886947631836 100.86723327636719 105.4970703125 78.34593963623047 105.4970703125
79.37238311767578 73.73002624511719 101.44799613952637 73.73002624511719 101.44799613952637 106.31782913208008 79.37238311767578 106.31782913208008
80.65863037109375 73.23834228515625 102.63431930541992 73.23834228515625 102.63431930541992 105.67863845825195 80.65863037109375 105.67863845825195
82.03953552246094 73.56661224365234 104.12571144104004 73.56661224365234 104.12571144104004 106.17000579833984 82.03953552246094 106.17000579833984
82.85147857666016 74.45030212402344 105.3605842590332 74.45030212402344 105.3605842590332 107.67802047729492 82.85147857666016 107.67802047729492
84.29288482666016 73.4952163696289 106.65808296203613 73.4952163696289 106.65808296203613 106.510498046875 84.29288482666016 106.510498046875
86.30590057373047 74.60633850097656 108.96457481384277 74.60633850097656 108.96457481384277 107.38683700561523 86.30590057373047 107.38683700561523
87.6478042602539 73.59732055664062 109.95008087158203 73.59732055664062 109.95008087158203 106.26917266845703 87.6478042602539 106.26917266845703
88.10318756103516 74.53627014160156 111.15629196166992 74.53627014160156 111.15629196166992 106.82507705688477 88.10318756103516 106.82507705688477
89.20719909667969 73.559326171875 111.95946884155273 73.559326171875 111.95946884155273 106.24110412597656 89.20719909667969 106.24110412597656
91.43382263183594 76.94041442871094 113.97110748291016 76.94041442871094 113.97110748291016 107.57908630371094 91.43382263183594 107.57908630371094
91.48164367675781 75.72689819335938 114.81218910217285 75.72689819335938 114.81218910217285 106.69975662231445 91.48164367675781 106.69975662231445
93.44742584228516 76.87263488769531 115.44307518005371 76.87263488769531 115.44307518005371 109.71298217773438 93.44742584228516 109.71298217773438
94.6832046508789 75.08734130859375 117.32210731506348 75.08734130859375 117.32210731506348 107.21728134155273 94.6832046508789 107.21728134155273
95.59249114990234 74.13078308105469 118.82866477966309 74.13078308105469 118.82866477966309 106.70058822631836 95.59249114990234 106.70058822631836
96.43154907226562 76.37248992919922 120.38255310058594 76.37248992919922 120.38255310058594 107.55402946472168 96.43154907226562 107.55402946472168
98.96018981933594 79.7302017211914 120.30522155761719 79.7302017211914 120.30522155761719 109.10571098327637 98.96018981933594 109.10571098327637
98.6707992553711 78.09226989746094 121.70248603820801 78.09226989746094 121.70248603820801 108.38163757324219 98.6707992553711 108.38163757324219
101.10884857177734 76.52799987792969 123.76872634887695 76.52799987792969 123.76872634887695 106.75405502319336 101.10884857177734 106.75405502319336
101.75851440429688 76.88873291015625 125.0601749420166 76.88873291015625 125.0601749420166 108.62676429748535 101.75851440429688 108.62676429748535
104.13871002197266 79.02525329589844 126.68867111206055 79.02525329589844 126.68867111206055 110.55887413024902 104.13871002197266 110.55887413024902
105.03248596191406 78.6001205444336 128.03709983825684 78.6001205444336 128.03709983825684 109.5163688659668 105.03248596191406 109.5163688659668
105.63960266113281 79.37688446044922 127.7260799407959 79.37688446044922 127.7260799407959 111.9748420715332 105.63960266113281 111.9748420715332
108.21063232421875 78.3542251586914 130.39031791687012 78.3542251586914 130.39031791687012 110.99104690551758 108.21063232421875 110.99104690551758
108.82828521728516 79.58019256591797 130.76296615600586 79.58019256591797 130.76296615600586 110.72639083862305 108.82828521728516 110.72639083862305
110.31401062011719 79.8693618774414 131.89530563354492 79.8693618774414 131.89530563354492 111.31446075439453 110.31401062011719 111.31446075439453
111.18000793457031 77.2993392944336 134.00967597961426 77.2993392944336 134.00967597961426 109.42649841308594 111.18000793457031 109.42649841308594
112.6981430053711 80.25069427490234 135.65100479125977 80.25069427490234 135.65100479125977 111.95057487487793 112.6981430053711 111.95057487487793
113.10343933105469 79.55498504638672 135.55219650268555 79.55498504638672 135.55219650268555 110.47821426391602 113.10343933105469 110.47821426391602
115.0237808227539 80.1979751586914 138.35126876831055 80.1979751586914 138.35126876831055 111.38087844848633 115.0237808227539 111.38087844848633
116.8785400390625 79.90049743652344 139.3613166809082 79.90049743652344 139.3613166809082 111.05081558227539 116.8785400390625 111.05081558227539
117.79618072509766 79.88920593261719 141.31638526916504 79.88920593261719 141.31638526916504 111.12613868713379 117.79618072509766 111.12613868713379
119.59239196777344 80.19309997558594 141.84418869018555 80.19309997558594 141.84418869018555 112.30477523803711 119.59239196777344 112.30477523803711
121.60880279541016 79.7317123413086 143.4206199645996 79.7317123413086 143.4206199645996 111.30195236206055 121.60880279541016 111.30195236206055
122.45799255371094 81.13504791259766 144.6776885986328 81.13504791259766 144.6776885986328 114.15704345703125 122.45799255371094 114.15704345703125
123.22297668457031 79.61003112792969 145.89929580688477 79.61003112792969 145.89929580688477 112.4220199584961 123.22297668457031 112.4220199584961
124.86613464355469 78.68050384521484 147.88019180297852 78.68050384521484 147.88019180297852 111.5238151550293 124.86613464355469 111.5238151550293
125.6099853515625 79.1182632446289 148.25031089782715 79.1182632446289 148.25031089782715 111.87649536132812 125.6099853515625 111.87649536132812
127.5716552734375 80.40953063964844 148.86569213867188 80.40953063964844 148.86569213867188 112.17589950561523 127.5716552734375 112.17589950561523
128.23013305664062 80.03019714355469 150.5245704650879 80.03019714355469 150.5245704650879 110.89127540588379 128.23013305664062 110.89127540588379
130.82858276367188 79.43618774414062 152.4700222015381 79.43618774414062 152.4700222015381 111.2132682800293 130.82858276367188 111.2132682800293
131.4877166748047 79.82328033447266 153.38221168518066 79.82328033447266 153.38221168518066 110.51073455810547 131.4877166748047 110.51073455810547
132.1168670654297 81.07186126708984 154.0959644317627 81.07186126708984 154.0959644317627 113.41838836669922 132.1168670654297 113.41838836669922
134.20787048339844 80.85107421875 156.10108757019043 80.85107421875 156.10108757019043 113.60761260986328 134.20787048339844 113.60761260986328
136.05300903320312 83.62507629394531 157.43615531921387 83.62507629394531 157.43615531921387 115.20269393920898 136.05300903320312 115.20269393920898
137.7781982421875 83.16535949707031 158.70896530151367 83.16535949707031 158.70896530151367 114.63490295410156 137.7781982421875 114.63490295410156
139.22120666503906 82.830078125 158.85173797607422 82.830078125 158.85173797607422 114.69363403320312 139.22120666503906 114.69363403320312
140.7267608642578 83.3362045288086 160.3250217437744 83.3362045288086 160.3250217437744 115.11689949035645 140.7267608642578 115.11689949035645
143.34695434570312 84.14197540283203 163.41334915161133 84.14197540283203 163.41334915161133 116.0934829711914 143.34695434570312 116.0934829711914
145.654052734375 82.18243408203125 165.31427383422852 82.18243408203125 165.31427383422852 115.40605545043945 145.654052734375 115.40605545043945
147.20108032226562 82.63780212402344 165.66169548034668 82.63780212402344 165.66169548034668 115.72364044189453 147.20108032226562 115.72364044189453
148.17776489257812 81.7867202758789 167.10073852539062 81.7867202758789 167.10073852539062 114.95671081542969 148.17776489257812 114.95671081542969
148.57858276367188 83.91937255859375 170.23155212402344 83.91937255859375 170.23155212402344 115.88327598571777 148.57858276367188 115.88327598571777
149.83651733398438 82.87442779541016 170.25450134277344 82.87442779541016 170.25450134277344 116.39635848999023 149.83651733398438 116.39635848999023
150.41368103027344 83.61512756347656 170.97259902954102 83.61512756347656 170.97259902954102 116.58287048339844 150.41368103027344 116.58287048339844
152.55447387695312 83.27345275878906 173.47072219848633 83.27345275878906 173.47072219848633 115.90409088134766 152.55447387695312 115.90409088134766
153.41908264160156 82.42559051513672 173.57037925720215 82.42559051513672 173.57037925720215 116.34322357177734 153.41908264160156 116.34322357177734
156.2633819580078 80.88636016845703 174.94220733642578 80.88636016845703 174.94220733642578 115.9222297668457 156.2633819580078 115.9222297668457
157.17807006835938 84.22080993652344 176.49610710144043 84.22080993652344 176.49610710144043 118.25381469726562 157.17807006835938 118.25381469726562
158.2054901123047 85.955078125 179.31605339050293 85.955078125 179.31605339050293 118.5136604309082 158.2054901123047 118.5136604309082
158.9532012939453 84.1751937866211 178.90799522399902 84.1751937866211 178.90799522399902 118.21082305908203 158.9532012939453 118.21082305908203
160.4715576171875 86.23817443847656 182.19691467285156 86.23817443847656 182.19691467285156 118.30893325805664 160.4715576171875 118.30893325805664
162.48611450195312 87.0529556274414 184.34520149230957 87.0529556274414 184.34520149230957 119.32112121582031 162.48611450195312 119.32112121582031
162.20962524414062 87.43751525878906 183.8824806213379 87.43751525878906 183.8824806213379 119.43077087402344 162.20962524414062 119.43077087402344
163.6105194091797 88.17853546142578 185.7591438293457 88.17853546142578 185.7591438293457 120.87411499023438 163.6105194091797 120.87411499023438
165.0951385498047 88.69371032714844 187.18141174316406 88.69371032714844 187.18141174316406 121.29724502563477 165.0951385498047 121.29724502563477
166.53811645507812 88.43214416503906 188.72127151489258 88.43214416503906 188.72127151489258 121.18011474609375 166.53811645507812 121.18011474609375
169.2934112548828 82.20817565917969 189.24853897094727 82.20817565917969 189.24853897094727 114.83654022216797 169.2934112548828 114.83654022216797
170.7139892578125 85.78959655761719 191.23371505737305 85.78959655761719 191.23371505737305 119.81069564819336 170.7139892578125 119.81069564819336
171.27261352539062 83.68222045898438 191.63172912597656 83.68222045898438 191.63172912597656 117.86302947998047 171.27261352539062 117.86302947998047
172.3270263671875 85.01712799072266 193.37646102905273 85.01712799072266 193.37646102905273 119.06748962402344 172.3270263671875 119.06748962402344
174.28030395507812 85.04031372070312 195.48679733276367 85.04031372070312 195.48679733276367 118.19737243652344 174.28030395507812 118.19737243652344
174.23812866210938 87.84932708740234 195.89836883544922 87.84932708740234 195.89836883544922 120.70110321044922 174.23812866210938 120.70110321044922
177.4158935546875 82.96566009521484 197.08614921569824 82.96566009521484 197.08614921569824 116.69081115722656 177.4158935546875 116.69081115722656
178.7986602783203 85.24058532714844 198.30601501464844 85.24058532714844 198.30601501464844 118.16428756713867 178.7986602783203 118.16428756713867
178.17822265625 88.75096893310547 199.5010108947754 88.75096893310547 199.5010108947754 121.552490234375 178.17822265625 121.552490234375
180.44265747070312 89.04701232910156 201.52367401123047 89.04701232910156 201.52367401123047 122.1913833618164 180.44265747070312 122.1913833618164
182.45053100585938 89.44143676757812 202.95644569396973 89.44143676757812 202.95644569396973 122.66843795776367 182.45053100585938 122.66843795776367
181.7014617919922 91.5574951171875 204.33679580688477 91.5574951171875 204.33679580688477 124.97153854370117 181.7014617919922 124.97153854370117
183.78182983398438 89.8365478515625 205.10222625732422 89.8365478515625 205.10222625732422 124.7930679321289 183.78182983398438 124.7930679321289
185.8907012939453 87.55337524414062 206.59625625610352 87.55337524414062 206.59625625610352 122.02252960205078 185.8907012939453 122.02252960205078
186.9271697998047 89.75224304199219 207.42859077453613 89.75224304199219 207.42859077453613 125.07952499389648 186.9271697998047 125.07952499389648
188.9134521484375 84.97484588623047 208.65276718139648 84.97484588623047 208.65276718139648 120.02015686035156 188.9134521484375 120.02015686035156
189.51724243164062 86.58439636230469 209.9343662261963 86.58439636230469 209.9343662261963 120.69107437133789 189.51724243164062 120.69107437133789
188.18441772460938 94.4629898071289 211.00868225097656 94.4629898071289 211.00868225097656 128.1559295654297 188.18441772460938 128.1559295654297
191.48831176757812 89.63432312011719 212.2030258178711 89.63432312011719 212.2030258178711 124.24221420288086 191.48831176757812 124.24221420288086
192.3665313720703 90.97042083740234 213.55159378051758 90.97042083740234 213.55159378051758 125.37572479248047 192.3665313720703 125.37572479248047
193.21890258789062 92.37843322753906 214.99957847595215 92.37843322753906 214.99957847595215 127.14481735229492 193.21890258789062 127.14481735229492
193.93759155273438 92.6515121459961 215.71141052246094 92.6515121459961 215.71141052246094 127.64089584350586 193.93759155273438 127.64089584350586
196.11239624023438 92.13814544677734 217.3922519683838 92.13814544677734 217.3922519683838 128.64928817749023 196.11239624023438 128.64928817749023
196.13113403320312 94.40168762207031 219.62037086486816 94.40168762207031 219.62037086486816 131.06664276123047 196.13113403320312 131.06664276123047
196.91616821289062 93.43074035644531 220.65657424926758 93.43074035644531 220.65657424926758 129.3826789855957 196.91616821289062 129.3826789855957
199.9456787109375 91.9450454711914 222.29034423828125 91.9450454711914 222.29034423828125 128.99416732788086 199.9456787109375 128.99416732788086
200.67459106445312 92.97127532958984 224.02533340454102 92.97127532958984 224.02533340454102 128.11530303955078 200.67459106445312 128.11530303955078
202.70889282226562 93.7259521484375 225.52518844604492 93.7259521484375 225.52518844604492 129.02751541137695 202.70889282226562 129.02751541137695
204.1743927001953 92.76030731201172 226.5539608001709 92.76030731201172 226.5539608001709 127.5852279663086 204.1743927001953 127.5852279663086
203.54714965820312 95.66717529296875 226.84650802612305 95.66717529296875 226.84650802612305 131.43871688842773 203.54714965820312 131.43871688842773
205.90841674804688 94.65765380859375 227.9472141265869 94.65765380859375 227.9472141265869 129.08763885498047 205.90841674804688 129.08763885498047
208.0707550048828 92.2633056640625 229.70442390441895 92.2633056640625 229.70442390441895 127.59598541259766 208.0707550048828 127.59598541259766
209.3972930908203 93.45911407470703 231.71571731567383 93.45911407470703 231.71571731567383 127.71450805664062 209.3972930908203 127.71450805664062
210.8422088623047 90.87442016601562 232.23085594177246 90.87442016601562 232.23085594177246 125.84447479248047 210.8422088623047 125.84447479248047
211.8260498046875 93.34420013427734 232.47165298461914 93.34420013427734 232.47165298461914 127.6436538696289 211.8260498046875 127.6436538696289
212.47695922851562 93.3401870727539 233.3674430847168 93.3401870727539 233.3674430847168 126.88265228271484 212.47695922851562 126.88265228271484
215.0287628173828 93.22312927246094 234.42494201660156 93.22312927246094 234.42494201660156 126.59702682495117 215.0287628173828 126.59702682495117
215.6876983642578 94.32643127441406 236.09704208374023 94.32643127441406 236.09704208374023 128.27941513061523 215.6876983642578 128.27941513061523
215.9973602294922 96.7571792602539 236.91561889648438 96.7571792602539 236.91561889648438 130.04116821289062 215.9973602294922 130.04116821289062
217.0820770263672 96.14946746826172 237.89511680603027 96.14946746826172 237.89511680603027 131.02817916870117 217.0820770263672 131.02817916870117
218.59292602539062 93.84063720703125 239.07739639282227 93.84063720703125 239.07739639282227 126.36540985107422 218.59292602539062 126.36540985107422
219.966552734375 96.0398941040039 239.61209106445312 96.0398941040039 239.61209106445312 128.459228515625 219.966552734375 128.459228515625
221.6213836669922 96.5328598022461 241.04230880737305 96.5328598022461 241.04230880737305 129.4276351928711 221.6213836669922 129.4276351928711
222.5946044921875 94.08796691894531 242.64202308654785 94.08796691894531 242.64202308654785 127.36907196044922 222.5946044921875 127.36907196044922
223.07876586914062 95.25051879882812 245.10918807983398 95.25051879882812 245.10918807983398 128.53000259399414 223.07876586914062 128.53000259399414
225.2180938720703 94.20518493652344 245.20179176330566 94.20518493652344 245.20179176330566 126.00753784179688 225.2180938720703 126.00753784179688
226.26382446289062 95.2061538696289 246.12183570861816 95.2061538696289 246.12183570861816 128.15163040161133 226.26382446289062 128.15163040161133
227.43417358398438 95.6602554321289 248.31855392456055 95.6602554321289 248.31855392456055 126.48354721069336 227.43417358398438 126.48354721069336
228.17257690429688 96.90428161621094 249.47378540039062 96.90428161621094 249.47378540039062 128.65810775756836 228.17257690429688 128.65810775756836
229.41696166992188 97.26533508300781 250.30070114135742 97.26533508300781 250.30070114135742 128.85098838806152 229.41696166992188 128.85098838806152
231.251220703125 98.09147644042969 252.30803298950195 98.09147644042969 252.30803298950195 129.40076637268066 231.251220703125 129.40076637268066
232.31741333007812 95.8929214477539 253.4044704437256 95.8929214477539 253.4044704437256 126.88040924072266 232.31741333007812 126.88040924072266
234.03897094726562 97.14947509765625 254.27436637878418 97.14947509765625 254.27436637878418 128.05842971801758 234.03897094726562 128.05842971801758
235.31777954101562 98.99437713623047 255.4440460205078 98.99437713623047 255.4440460205078 129.91021919250488 235.31777954101562 129.91021919250488
235.75015258789062 101.35086822509766 257.35937881469727 101.35086822509766 257.35937881469727 133.88521194458008 235.75015258789062 133.88521194458008
237.9572296142578 99.63777923583984 258.93393898010254 99.63777923583984 258.93393898010254 130.35023880004883 237.9572296142578 130.35023880004883
239.470947265625 99.48097229003906 259.9220600128174 99.48097229003906 259.9220600128174 129.81272315979004 239.470947265625 129.81272315979004
240.2253875732422 101.18342590332031 261.4442138671875 101.18342590332031 261.4442138671875 132.9111843109131 240.2253875732422 132.9111843109131
241.6486358642578 100.5457992553711 263.3416976928711 100.5457992553711 263.3416976928711 132.66519165039062 241.6486358642578 132.66519165039062
243.51901245117188 100.10240173339844 263.9225959777832 100.10240173339844 263.9225959777832 132.18185806274414 243.51901245117188 132.18185806274414
244.28182983398438 103.2878189086914 265.69713973999023 103.2878189086914 265.69713973999023 135.46049118041992 244.28182983398438 135.46049118041992
245.67398071289062 103.47019958496094 267.1784496307373 103.47019958496094 267.1784496307373 134.7948398590088 245.67398071289062 134.7948398590088
247.10116577148438 101.92733001708984 268.54102325439453 101.92733001708984 268.54102325439453 134.5254249572754 247.10116577148438 134.5254249572754
247.7650909423828 101.6061019897461 269.7041130065918 101.6061019897461 269.7041130065918 132.38618278503418 247.7650909423828 132.38618278503418
249.4026641845703 104.697509765625 270.6865043640137 104.697509765625 270.6865043640137 135.18234825134277 249.4026641845703 135.18234825134277
250.2628936767578 104.26835632324219 272.6788158416748 104.26835632324219 272.6788158416748 137.7813491821289 250.2628936767578 137.7813491821289
251.1536102294922 102.75626373291016 273.5621681213379 102.75626373291016 273.5621681213379 136.31302642822266 251.1536102294922 136.31302642822266
253.1936492919922 105.1194839477539 275.43036460876465 105.1194839477539 275.43036460876465 137.08544540405273 253.1936492919922 137.08544540405273
253.41134643554688 104.4441146850586 276.9182720184326 104.4441146850586 276.9182720184326 137.65062713623047 253.41134643554688 137.65062713623047
255.6970672607422 103.98887634277344 279.0446186065674 103.98887634277344 279.0446186065674 137.38973236083984 255.6970672607422 137.38973236083984
256.87432861328125 104.19667053222656 279.8057804107666 104.19667053222656 279.8057804107666 138.75426864624023 256.87432861328125 138.75426864624023
258.0239562988281 104.93876647949219 280.4894847869873 104.93876647949219 280.4894847869873 140.07509231567383 258.0239562988281 140.07509231567383
260.21002197265625 103.90545654296875 281.6395568847656 103.90545654296875 281.6395568847656 138.4155158996582 260.21002197265625 138.4155158996582
261.71527099609375 103.6803207397461 283.4869022369385 103.6803207397461 283.4869022369385 137.8585548400879 261.71527099609375 137.8585548400879
263.3147888183594 103.2276382446289 284.226993560791 103.2276382446289 284.226993560791 136.76356887817383 263.3147888183594 136.76356887817383
263.62030029296875 103.92378997802734 284.70580673217773 103.92378997802734 284.70580673217773 138.43666076660156 263.62030029296875 138.43666076660156
264.3399963378906 106.10816955566406 285.65465927124023 106.10816955566406 285.65465927124023 139.93777465820312 264.3399963378906 139.93777465820312
265.48590087890625 104.5150146484375 286.545597076416 104.5150146484375 286.545597076416 138.23377990722656 265.48590087890625 138.23377990722656
267.41729736328125 104.16111755371094 288.1210765838623 104.16111755371094 288.1210765838623 137.38874053955078 267.41729736328125 137.38874053955078
268.251708984375 105.97088623046875 289.0947437286377 105.97088623046875 289.0947437286377 140.88441848754883 268.251708984375 140.88441848754883
268.562255859375 108.41253662109375 290.36461448669434 108.41253662109375 290.36461448669434 143.19073104858398 268.562255859375 143.19073104858398
270.5417785644531 105.60836029052734 290.8274269104004 105.60836029052734 290.8274269104004 138.16726684570312 270.5417785644531 138.16726684570312
271.06121826171875 107.96290588378906 292.068151473999 107.96290588378906 292.068151473999 140.03618621826172 271.06121826171875 140.03618621826172
272.205078125 109.52351379394531 293.1516876220703 109.52351379394531 293.1516876220703 140.7860565185547 272.205078125 140.7860565185547
275.332763671875 106.26436614990234 295.390661239624 106.26436614990234 295.390661239624 137.94370651245117 275.332763671875 137.94370651245117
276.5694274902344 106.20137023925781 296.531063079834 106.20137023925781 296.531063079834 137.13888931274414 276.5694274902344 137.13888931274414
277.57421875 107.53194427490234 298.4638500213623 107.53194427490234 298.4638500213623 140.7949447631836 277.57421875 140.7949447631836
278.6940002441406 106.6985855102539 297.9644947052002 106.6985855102539 297.9644947052002 140.46444702148438 278.6940002441406 140.46444702148438
279.3458251953125 107.3685531616211 299.26816177368164 107.3685531616211 299.26816177368164 139.68209838867188 279.3458251953125 139.68209838867188
281.5740661621094 107.09498596191406 300.0015296936035 107.09498596191406 300.0015296936035 140.64434051513672 281.5740661621094 140.64434051513672
281.4664306640625 107.06355285644531 300.0727252960205 107.06355285644531 300.0727252960205 140.2272720336914 281.4664306640625 140.2272720336914
283.4172058105469 107.81758880615234 302.3825569152832 107.81758880615234 302.3825569152832 142.6497344970703 283.4172058105469 142.6497344970703
283.615966796875 106.58966064453125 302.72472763061523 106.58966064453125 302.72472763061523 139.22795486450195 283.615966796875 139.22795486450195
284.47125244140625 108.2688980102539 303.7310562133789 108.2688980102539 303.7310562133789 140.04739570617676 284.47125244140625 140.04739570617676
286.4891662597656 109.1063003540039 305.1414451599121 109.1063003540039 305.1414451599121 141.58717727661133 286.4891662597656 141.58717727661133
288.9944763183594 108.43330383300781 306.81474685668945 108.43330383300781 306.81474685668945 139.4709587097168 288.9944763183594 139.4709587097168
289.1266174316406 109.71366882324219 308.1868782043457 109.71366882324219 308.1868782043457 139.18041038513184 289.1266174316406 139.18041038513184
289.8278503417969 112.50801849365234 309.20674324035645 112.50801849365234 309.20674324035645 142.96667289733887 289.8278503417969 142.96667289733887
291.1061096191406 110.36173248291016 309.343074798584 110.36173248291016 309.343074798584 142.026948928833 291.1061096191406 142.026948928833
291.7032165527344 111.95511627197266 311.7585277557373 111.95511627197266 311.7585277557373 144.77645111083984 291.7032165527344 144.77645111083984
292.972412109375 110.67756652832031 312.6017646789551 110.67756652832031 312.6017646789551 142.6200408935547 292.972412109375 142.6200408935547
293.9034423828125 110.01353454589844 314.5226421356201 110.01353454589844 314.5226421356201 139.5563564300537 293.9034423828125 139.5563564300537
295.0108337402344 112.368896484375 315.1279354095459 112.368896484375 315.1279354095459 145.7629623413086 295.0108337402344 145.7629623413086
296.4284973144531 111.8504867553711 316.5062313079834 111.8504867553711 316.5062313079834 145.08258819580078 296.4284973144531 145.08258819580078
295.84271240234375 114.06636047363281 317.4979476928711 114.06636047363281 317.4979476928711 147.7612762451172 295.84271240234375 147.7612762451172
297.69110107421875 110.8344497680664 318.7840881347656 110.8344497680664 318.7840881347656 142.77499198913574 297.69110107421875 142.77499198913574
298.5025634765625 111.8839111328125 320.0883140563965 111.8839111328125 320.0883140563965 145.1414566040039 298.5025634765625 145.1414566040039
299.18048095703125 111.0301513671875 320.6789245605469 111.0301513671875 320.6789245605469 143.9927864074707 299.18048095703125 143.9927864074707
302.1389465332031 111.37220764160156 321.94971084594727 111.37220764160156 321.94971084594727 144.73989486694336 302.1389465332031 144.73989486694336
301.8739013671875 113.71903228759766 323.0288200378418 113.71903228759766 323.0288200378418 148.1354217529297 301.8739013671875 148.1354217529297
302.91827392578125 115.42381286621094 324.0000762939453 115.42381286621094 324.0000762939453 150.0332260131836 302.91827392578125 150.0332260131836
303.6802062988281 113.6789779663086 325.3855400085449 113.6789779663086 325.3855400085449 145.70034790039062 303.6802062988281 145.70034790039062
304.8199768066406 114.37434387207031 325.80772399902344 114.37434387207031 325.80772399902344 149.10112762451172 304.8199768066406 149.10112762451172
307.3307800292969 113.74137878417969 327.2713146209717 113.74137878417969 327.2713146209717 148.23097229003906 307.3307800292969 148.23097229003906
308.6472473144531 113.64445495605469 329.54253005981445 113.64445495605469 329.54253005981445 149.71090698242188 308.6472473144531 149.71090698242188
308.82513427734375 115.958984375 331.09024238586426 115.958984375 331.09024238586426 150.12231826782227 308.82513427734375 150.12231826782227
310.86407470703125 112.94783782958984 332.67941665649414 112.94783782958984 332.67941665649414 147.56069564819336 310.86407470703125 147.56069564819336
312.010986328125 115.24998474121094 335.00965118408203 115.24998474121094 335.00965118408203 149.9570541381836 312.010986328125 149.9570541381836
312.53704833984375 116.41666412353516 335.9164047241211 116.41666412353516 335.9164047241211 151.53667831420898 312.53704833984375 151.53667831420898
313.3479919433594 115.474853515625 336.2992362976074 115.474853515625 336.2992362976074 150.07730102539062 313.3479919433594 150.07730102539062
316.38336181640625 114.71920013427734 338.4491653442383 114.71920013427734 338.4491653442383 150.12102890014648 316.38336181640625 150.12102890014648
316.947509765625 114.7528305053711 338.6938896179199 114.7528305053711 338.6938896179199 148.6703109741211 316.947509765625 148.6703109741211
317.44427490234375 113.51408386230469 339.15492248535156 113.51408386230469 339.15492248535156 148.9638214111328 317.44427490234375 148.9638214111328
319.43768310546875 112.73404693603516 339.84443283081055 112.73404693603516 339.84443283081055 146.56369400024414 319.43768310546875 146.56369400024414
321.69384765625 112.48079681396484 341.74486923217773 112.48079681396484 341.74486923217773 145.2803192138672 321.69384765625 145.2803192138672
321.01422119140625 114.05423736572266 342.7375602722168 114.05423736572266 342.7375602722168 146.29693603515625 321.01422119140625 146.29693603515625
324.58856201171875 112.6883773803711 344.42351150512695 112.6883773803711 344.42351150512695 144.7788848876953 324.58856201171875 144.7788848876953
324.9342956542969 114.78643798828125 345.7441062927246 114.78643798828125 345.7441062927246 146.08481788635254 324.9342956542969 146.08481788635254
325.5174255371094 116.23344421386719 345.4348678588867 116.23344421386719 345.4348678588867 147.2458553314209 325.5174255371094 147.2458553314209
326.95635986328125 116.01029205322266 346.5486354827881 116.01029205322266 346.5486354827881 145.78727912902832 326.95635986328125 145.78727912902832
329.0106506347656 114.96163177490234 348.6576843261719 114.96163177490234 348.6576843261719 145.28495407104492 329.0106506347656 145.28495407104492
330.6338806152344 115.3188247680664 349.9346332550049 115.3188247680664 349.9346332550049 144.5661277770996 330.6338806152344 144.5661277770996
332.05157470703125 114.6204605102539 352.49122047424316 114.6204605102539 352.49122047424316 144.05951118469238 332.05157470703125 144.05951118469238
332.0625915527344 115.15769958496094 353.32219314575195 115.15769958496094 353.32219314575195 144.2307586669922 332.0625915527344 144.2307586669922
333.749755859375 115.90399169921875 354.04972076416016 115.90399169921875 354.04972076416016 144.4449119567871 333.749755859375 144.4449119567871
333.89306640625 116.54701232910156 355.73656272888184 116.54701232910156 355.73656272888184 145.06475257873535 333.89306640625 145.06475257873535
335.46240234375 116.2386245727539 356.7390327453613 116.2386245727539 356.7390327453613 145.30768585205078 335.46240234375 145.30768585205078
337.10504150390625 116.94950866699219 357.6138324737549 116.94950866699219 357.6138324737549 148.48109817504883 337.10504150390625 148.48109817504883
338.5750732421875 117.6510238647461 359.34141731262207 117.6510238647461 359.34141731262207 147.7229232788086 338.5750732421875 147.7229232788086
338.51971435546875 118.82466125488281 361.9691276550293 118.82466125488281 361.9691276550293 148.95637893676758 338.51971435546875 148.95637893676758
339.83990478515625 120.06697082519531 362.78989028930664 120.06697082519531 362.78989028930664 151.74025344848633 339.83990478515625 151.74025344848633
341.00897216796875 120.89825439453125 363.7771701812744 120.89825439453125 363.7771701812744 152.48177528381348 341.00897216796875 152.48177528381348
342.548095703125 120.0250015258789 364.5926761627197 120.0250015258789 364.5926761627197 150.73901557922363 342.548095703125 150.73901557922363
343.4876403808594 119.5279312133789 365.8293972015381 119.5279312133789 365.8293972015381 151.20581245422363 343.4876403808594 151.20581245422363
345.3461608886719 122.5321044921875 366.16685676574707 122.5321044921875 366.16685676574707 153.5098533630371 345.3461608886719 153.5098533630371
346.59613037109375 124.31358337402344 366.851131439209 124.31358337402344 366.851131439209 155.9885654449463 346.59613037109375 155.9885654449463
346.84320068359375 123.67545318603516 367.7217826843262 123.67545318603516 367.7217826843262 155.9673309326172 346.84320068359375 155.9673309326172
347.90911865234375 118.82911682128906 368.9666805267334 118.82911682128906 368.9666805267334 151.02397537231445 347.90911865234375 151.02397537231445
349.5472106933594 119.0849609375 369.86355781555176 119.0849609375 369.86355781555176 151.10392379760742 349.5472106933594 151.10392379760742
350.6022033691406 119.80354309082031 371.54578590393066 119.80354309082031 371.54578590393066 149.584228515625 350.6022033691406 149.584228515625
350.1369323730469 121.7214584350586 372.0177230834961 121.7214584350586 372.0177230834961 151.2431926727295 350.1369323730469 151.2431926727295
352.5692138671875 121.2109146118164 373.23631286621094 121.2109146118164 373.23631286621094 150.89692878723145 352.5692138671875 150.89692878723145
353.45477294921875 121.9896469116211 375.172119140625 121.9896469116211 375.172119140625 151.62701606750488 353.45477294921875 151.62701606750488
356.1449279785156 122.12406921386719 376.5149612426758 122.12406921386719 376.5149612426758 151.76072692871094 356.1449279785156 151.76072692871094
356.854248046875 122.0243148803711 376.62294006347656 122.0243148803711 376.62294006347656 152.1725082397461 356.854248046875 152.1725082397461
358.7630615234375 123.49788665771484 377.7602081298828 123.49788665771484 377.7602081298828 152.37001419067383 358.7630615234375 152.37001419067383
360.74273681640625 124.81502532958984 380.1589241027832 124.81502532958984 380.1589241027832 154.3936595916748 360.74273681640625 154.3936595916748
361.34234619140625 125.36824035644531 380.72312927246094 125.36824035644531 380.72312927246094 155.19797134399414 361.34234619140625 155.19797134399414
362.8258361816406 123.81547546386719 383.0181312561035 123.81547546386719 383.0181312561035 154.107421875 362.8258361816406 154.107421875
363.1758728027344 125.02579498291016 383.0522041320801 125.02579498291016 383.0522041320801 154.97588920593262 363.1758728027344 154.97588920593262
364.6723937988281 124.04727935791016 384.73075103759766 124.04727935791016 384.73075103759766 153.1433982849121 364.6723937988281 153.1433982849121
366.2479553222656 123.70658874511719 386.54981994628906 123.70658874511719 386.54981994628906 153.11546897888184 366.2479553222656 153.11546897888184
368.05206298828125 122.8839340209961 388.5726623535156 122.8839340209961 388.5726623535156 153.5984172821045 368.05206298828125 153.5984172821045
370.51776123046875 122.9941635131836 390.5799198150635 122.9941635131836 390.5799198150635 152.8834056854248 370.51776123046875 152.8834056854248
371.468994140625 121.31361389160156 393.24606132507324 121.31361389160156 393.24606132507324 152.34707069396973 371.468994140625 152.34707069396973
372.8390197753906 124.61649322509766 392.987247467041 124.61649322509766 392.987247467041 156.19044303894043 372.8390197753906 156.19044303894043
373.48138427734375 125.4475326538086 394.39838218688965 125.4475326538086 394.39838218688965 156.96128463745117 373.48138427734375 156.96128463745117
376.12152099609375 125.78352355957031 395.7853260040283 125.78352355957031 395.7853260040283 158.80588150024414 376.12152099609375 158.80588150024414
377.10113525390625 124.3079833984375 397.9208068847656 124.3079833984375 397.9208068847656 156.60144805908203 377.10113525390625 156.60144805908203
377.8328552246094 127.2003173828125 397.827823638916 127.2003173828125 397.827823638916 159.42720413208008 377.8328552246094 159.42720413208008
