361.0 217.0 410.0 217.0 410.0 385.0 361.0 385.0
366.3099060058594 221.4336395263672 414.64342498779297 221.4336395263672 414.64342498779297 383.3179016113281 366.3099060058594 383.3179016113281
370.5066833496094 218.49136352539062 417.11469650268555 218.49136352539062 417.11469650268555 390.8511962890625 370.5066833496094 390.8511962890625
377.2680969238281 216.6001739501953 427.48035430908203 216.6001739501953 427.48035430908203 388.7564697265625 377.2680969238281 388.7564697265625
382.04571533203125 214.2397003173828 431.5768127441406 214.2397003173828 431.5768127441406 387.4785614013672 382.04571533203125 387.4785614013672
386.5810546875 215.2894287109375 436.1041069030762 215.2894287109375 436.1041069030762 385.0827331542969 386.5810546875 385.0827331542969
392.43505859375 218.3187255859375 438.14794921875 218.3187255859375 438.14794921875 393.0495147705078 392.43505859375 393.0495147705078
395.9892578125 223.28076171875 444.6401023864746 223.28076171875 444.6401023864746 391.2050323486328 395.9892578125 391.2050323486328
401.937255859375 225.32699584960938 447.88243865966797 225.32699584960938 447.88243865966797 390.335205078125 401.937255859375 390.335205078125
402.7094421386719 227.75277709960938 451.4491310119629 227.75277709960938 451.4491310119629 391.81256103515625 402.7094421386719 391.81256103515625
408.2804260253906 224.2397918701172 457.97058486938477 224.2397918701172 457.97058486938477 398.3070831298828 408.2804260253906 398.3070831298828
409.2049865722656 222.73452758789062 459.5717353820801 222.73452758789062 459.5717353820801 395.4205322265625 409.2049865722656 395.4205322265625
413.34063720703125 222.73464965820312 460.4257621765137 222.73464965820312 460.4257621765137 398.38885498046875 413.34063720703125 398.38885498046875
416.7931213378906 218.01248168945312 467.4562454223633 218.01248168945312 467.4562454223633 391.7146301269531 416.7931213378906 391.7146301269531
415.7393493652344 223.44851684570312 466.0683364868164 223.44851684570312 466.0683364868164 396.63427734375 415.7393493652344 396.63427734375
407.77685546875 222.7555694580078 458.59957122802734 222.7555694580078 458.59957122802734 393.26678466796875 407.77685546875 393.26678466796875
396.94561767578125 223.4672393798828 448.4397163391113 223.4672393798828 448.4397163391113 394.5502166748047 396.94561767578125 394.5502166748047
387.34478759765625 225.92691040039062 440.4144515991211 225.92691040039062 440.4144515991211 397.34014892578125 387.34478759765625 397.34014892578125
377.9935607910156 221.3425750732422 430.4628219604492 221.3425750732422 430.4628219604492 402.4380798339844 377.9935607910156 402.4380798339844
373.18988037109375 223.8544464111328 425.28919219970703 223.8544464111328 425.28919219970703 402.4806365966797 373.18988037109375 402.4806365966797
359.3299255371094 220.3799285888672 410.8534049987793 220.3799285888672 410.8534049987793 400.6775817871094 359.3299255371094 400.6775817871094
354.48406982421875 214.69467163085938 406.24481201171875 214.69467163085938 406.24481201171875 392.16004943847656 354.48406982421875 392.16004943847656
347.4692687988281 224.7437744140625 399.41521072387695 224.7437744140625 399.41521072387695 402.8441467285156 347.4692687988281 402.8441467285156
335.2370300292969 223.1394805908203 388.01566314697266 223.1394805908203 388.01566314697266 399.72996520996094 335.2370300292969 399.72996520996094
327.0117492675781 228.37533569335938 379.2668876647949 228.37533569335938 379.2668876647949 407.5358123779297 327.0117492675781 407.5358123779297
310.3002624511719 230.6529541015625 363.1907157897949 230.6529541015625 363.1907157897949 409.39251708984375 310.3002624511719 409.39251708984375
300.60992431640625 222.5997772216797 354.8696517944336 222.5997772216797 354.8696517944336 408.6331329345703 300.60992431640625 408.6331329345703
288.80694580078125 221.23336791992188 342.5331230163574 221.23336791992188 342.5331230163574 407.8413848876953 288.80694580078125 407.8413848876953
272.11572265625 226.28140258789062 325.0857925415039 226.28140258789062 325.0857925415039 412.1290740966797 272.11572265625 412.1290740966797
262.238037109375 222.8988037109375 315.4729309082031 222.8988037109375 315.4729309082031 407.3469543457031 262.238037109375 407.3469543457031
253.19509887695312 231.93093872070312 307.33480072021484 231.93093872070312 307.33480072021484 406.98223876953125 253.19509887695312 406.98223876953125
239.60354614257812 234.2333984375 295.4095878601074 234.2333984375 295.4095878601074 410.7781524658203 239.60354614257812 410.7781524658203
227.7126922607422 231.0309295654297 280.0950241088867 231.0309295654297 280.0950241088867 415.602294921875 227.7126922607422 415.602294921875
213.77783203125 225.12637329101562 267.7866897583008 225.12637329101562 267.7866897583008 410.2996063232422 213.77783203125 410.2996063232422
209.2897491455078 227.23104858398438 262.18932342529297 227.23104858398438 262.18932342529297 408.60101318359375 209.2897491455078 408.60101318359375
197.67904663085938 230.93115234375 249.5076789855957 230.93115234375 249.5076789855957 408.6293182373047 197.67904663085938 408.6293182373047
186.0648193359375 231.29971313476562 237.50603103637695 231.29971313476562 237.50603103637695 407.6696014404297 186.0648193359375 407.6696014404297
172.70228576660156 231.3284912109375 224.0994415283203 231.3284912109375 224.0994415283203 407.5473327636719 172.70228576660156 407.5473327636719
154.89205932617188 234.6414031982422 205.63358688354492 234.6414031982422 205.63358688354492 408.6123809814453 154.89205932617188 408.6123809814453
142.09434509277344 238.1107940673828 193.01630020141602 238.1107940673828 193.01630020141602 412.70037841796875 142.09434509277344 412.70037841796875
127.07098388671875 230.9235076904297 178.29850387573242 230.9235076904297 178.29850387573242 406.5607452392578 127.07098388671875 406.5607452392578
113.58314514160156 231.19155883789062 164.32278060913086 231.19155883789062 164.32278060913086 405.1560516357422 113.58314514160156 405.1560516357422
106.71207427978516 232.61581420898438 158.06583404541016 232.61581420898438 158.06583404541016 408.6858673095703 106.71207427978516 408.6858673095703
92.70601654052734 235.59402465820312 144.74752807617188 235.59402465820312 144.74752807617188 414.0220947265625 92.70601654052734 414.0220947265625
79.78971862792969 237.70046997070312 131.49227142333984 237.70046997070312 131.49227142333984 414.9663848876953 79.78971862792969 414.9663848876953
65.79962158203125 238.3191375732422 116.66446685791016 238.3191375732422 116.66446685791016 412.71290588378906 65.79962158203125 412.71290588378906
56.923255920410156 240.98403930664062 107.7384033203125 240.98403930664062 107.7384033203125 415.2074279785156 56.923255920410156 415.2074279785156
45.59259796142578 235.6932830810547 96.65507888793945 235.6932830810547 96.65507888793945 410.76466369628906 45.59259796142578 410.76466369628906
32.74985885620117 231.1885528564453 83.81547164916992 231.1885528564453 83.81547164916992 406.2706756591797 32.74985885620117 406.2706756591797
28.5677433013916 233.1616668701172 79.2131175994873 233.1616668701172 79.2131175994873 406.80296325683594 28.5677433013916 406.80296325683594
26.656625747680664 237.76123046875 78.17729759216309 237.76123046875 78.17729759216309 414.40354919433594 26.656625747680664 414.40354919433594
29.816669464111328 234.1442413330078 81.73200607299805 234.1442413330078 81.73200607299805 412.1396942138672 29.816669464111328 412.1396942138672
36.96941375732422 233.914306640625 88.27244567871094 233.914306640625 88.27244567871094 410.76177978515625 36.96941375732422 410.76177978515625
42.448482513427734 228.6826171875 94.49882507324219 228.6826171875 94.49882507324219 407.14093017578125 42.448482513427734 407.14093017578125
49.74873733520508 229.99490356445312 101.18249130249023 229.99490356445312 101.18249130249023 406.33917236328125 49.74873733520508 406.33917236328125
50.66202926635742 225.6540985107422 100.4747200012207 225.6540985107422 100.4747200012207 403.6660614013672 50.66202926635742 403.6660614013672
55.913536071777344 223.3512725830078 107.09539794921875 223.3512725830078 107.09539794921875 402.02073669433594 55.913536071777344 402.02073669433594
60.42364501953125 227.72427368164062 111.1743049621582 227.72427368164062 111.1743049621582 402.6021728515625 60.42364501953125 402.6021728515625
63.87398147583008 227.48611450195312 115.36141586303711 227.48611450195312 115.36141586303711 404.0144348144531 63.87398147583008 404.0144348144531
73.04600524902344 227.66189575195312 123.16720199584961 227.66189575195312 123.16720199584961 399.5059814453125 73.04600524902344 399.5059814453125
76.3812484741211 226.6219940185547 126.89828491210938 226.6219940185547 126.89828491210938 399.82325744628906 76.3812484741211 399.82325744628906
79.5144271850586 224.1903076171875 129.18643188476562 224.1903076171875 129.18643188476562 394.49432373046875 79.5144271850586 394.49432373046875
85.29044342041016 223.67691040039062 134.26729202270508 223.67691040039062 134.26729202270508 391.5975341796875 85.29044342041016 391.5975341796875
91.40968322753906 227.6861114501953 140.51010513305664 227.6861114501953 140.51010513305664 396.03041076660156 91.40968322753906 396.03041076660156
98.42274475097656 224.9900665283203 148.45563507080078 224.9900665283203 148.45563507080078 396.5314025878906 98.42274475097656 396.5314025878906
106.86649322509766 225.7633056640625 156.77381896972656 225.7633056640625 156.77381896972656 396.8741455078125 106.86649322509766 396.8741455078125
106.06671142578125 228.08847045898438 155.1308364868164 228.08847045898438 155.1308364868164 396.308349609375 106.06671142578125 396.308349609375
115.8251724243164 230.4303436279297 164.0629425048828 230.4303436279297 164.0629425048828 395.8170166015625 115.8251724243164 395.8170166015625
120.72489929199219 229.28213500976562 168.9322509765625 229.28213500976562 168.9322509765625 394.5645294189453 120.72489929199219 394.5645294189453
122.47308349609375 225.89883422851562 170.19382095336914 225.89883422851562 170.19382095336914 389.51283264160156 122.47308349609375 389.51283264160156
126.59356689453125 224.40335083007812 175.29901123046875 224.40335083007812 175.29901123046875 391.39349365234375 126.59356689453125 391.39349365234375
128.83651733398438 227.647216796875 178.6182632446289 227.647216796875 178.6182632446289 398.3275451660156 128.83651733398438 398.3275451660156
133.35336303710938 221.9365997314453 184.08931350708008 221.9365997314453 184.08931350708008 395.8884735107422 133.35336303710938 395.8884735107422
139.1095733642578 229.84060668945312 188.47454452514648 229.84060668945312 188.47454452514648 401.130126953125 139.1095733642578 401.130126953125
142.10342407226562 225.18716430664062 191.89906692504883 225.18716430664062 191.89906692504883 395.9151611328125 142.10342407226562 395.9151611328125
144.911376953125 224.74411010742188 195.0057830810547 224.74411010742188 195.0057830810547 396.4964294433594 144.911376953125 396.4964294433594
147.3103790283203 220.00411987304688 198.3294677734375 220.00411987304688 198.3294677734375 394.92677307128906 147.3103790283203 394.92677307128906
153.814208984375 217.56747436523438 204.73545455932617 217.56747436523438 204.73545455932617 392.1546630859375 153.814208984375 392.1546630859375
160.25119018554688 219.90756225585938 211.35810089111328 219.90756225585938 211.35810089111328 395.13134765625 160.25119018554688 395.13134765625
166.1926727294922 220.49740600585938 217.54302215576172 220.49740600585938 217.54302215576172 396.5558166503906 166.1926727294922 396.5558166503906
172.24346923828125 219.9207763671875 222.84320449829102 219.9207763671875 222.84320449829102 393.4056396484375 172.24346923828125 393.4056396484375
175.56924438476562 222.86734008789062 226.41680526733398 222.86734008789062 226.41680526733398 397.20188903808594 175.56924438476562 397.20188903808594
177.34413146972656 220.6622772216797 228.9558563232422 220.6622772216797 228.9558563232422 397.6168212890625 177.34413146972656 397.6168212890625
183.42337036132812 218.32958984375 234.53056716918945 218.32958984375 234.53056716918945 397.7411804199219 183.42337036132812 397.7411804199219
188.08262634277344 217.7201385498047 239.92499160766602 217.7201385498047 239.92499160766602 395.46546936035156 188.08262634277344 395.46546936035156
190.46998596191406 217.4946746826172 240.822265625 217.4946746826172 240.822265625 396.3868865966797 190.46998596191406 396.3868865966797
195.9815673828125 216.0949249267578 247.08880615234375 216.0949249267578 247.08880615234375 391.31982421875 195.9815673828125 391.31982421875
202.10726928710938 217.6682586669922 252.6968994140625 217.6682586669922 252.6968994140625 391.1184844970703 202.10726928710938 391.1184844970703
206.7606964111328 219.5904998779297 256.58580780029297 219.5904998779297 256.58580780029297 390.41949462890625 206.7606964111328 390.41949462890625
201.30972290039062 225.453369140625 250.64555740356445 225.453369140625 250.64555740356445 394.6048583984375 201.30972290039062 394.6048583984375
195.08670043945312 223.2048797607422 244.79450225830078 223.2048797607422 244.79450225830078 393.63169860839844 195.08670043945312 393.63169860839844
184.85617065429688 217.47250366210938 235.24851608276367 217.47250366210938 235.24851608276367 390.246337890625 184.85617065429688 390.246337890625
174.89976501464844 217.75390625 224.15053939819336 217.75390625 224.15053939819336 386.6138000488281 174.89976501464844 386.6138000488281
168.3046417236328 217.3341522216797 218.42229843139648 217.3341522216797 218.42229843139648 389.1662139892578 168.3046417236328 389.1662139892578
159.0917510986328 216.8297576904297 209.81957244873047 216.8297576904297 209.81957244873047 390.75379943847656 159.0917510986328 390.75379943847656
147.69161987304688 220.83712768554688 198.51566696166992 220.83712768554688 198.51566696166992 395.0910949707031 147.69161987304688 395.0910949707031
146.01119995117188 220.8563690185547 196.3409194946289 220.8563690185547 196.3409194946289 393.4154815673828 146.01119995117188 393.4154815673828
148.46218872070312 222.8241424560547 198.96197128295898 222.8241424560547 198.96197128295898 395.9663391113281 148.46218872070312 395.9663391113281
150.80873107910156 220.5747528076172 201.91446685791016 220.5747528076172 201.91446685791016 396.2047119140625 150.80873107910156 396.2047119140625
159.69483947753906 218.6451416015625 209.6487808227539 218.6451416015625 209.6487808227539 389.91587829589844 159.69483947753906 389.91587829589844
162.9665069580078 213.826171875 213.50284576416016 213.826171875 213.50284576416016 387.0937194824219 162.9665069580078 387.0937194824219
169.17037963867188 216.20474243164062 219.44281768798828 216.20474243164062 219.44281768798828 388.56748962402344 169.17037963867188 388.56748962402344
172.196533203125 215.5688018798828 222.04928588867188 215.5688018798828 222.04928588867188 386.4926452636719 172.196533203125 386.4926452636719
177.88528442382812 218.2388153076172 228.00933074951172 218.2388153076172 228.00933074951172 390.0928192138672 177.88528442382812 390.0928192138672
180.8262481689453 214.10067749023438 232.1929473876953 214.10067749023438 232.1929473876953 390.2152099609375 180.8262481689453 390.2152099609375
184.6085968017578 214.01889038085938 233.84101104736328 214.01889038085938 233.84101104736328 389.7121124267578 184.6085968017578 389.7121124267578
187.5364990234375 211.1617889404297 239.0689811706543 211.1617889404297 239.0689811706543 387.84471130371094 187.5364990234375 387.84471130371094
194.63198852539062 210.61111450195312 246.2723274230957 210.61111450195312 246.2723274230957 387.66383361816406 194.63198852539062 387.66383361816406
199.50161743164062 207.5906219482422 250.5702133178711 207.5906219482422 250.5702133178711 387.0941925048828 199.50161743164062 387.0941925048828
208.2220458984375 200.7738494873047 258.23766326904297 200.7738494873047 258.23766326904297 387.80189514160156 208.2220458984375 387.80189514160156
211.6136474609375 203.1630859375 264.39196014404297 203.1630859375 264.39196014404297 384.11741638183594 211.6136474609375 384.11741638183594
219.2726287841797 205.66030883789062 267.7763137817383 205.66030883789062 267.7763137817383 388.4452209472656 219.2726287841797 388.4452209472656
218.0449981689453 203.57998657226562 269.61695098876953 203.57998657226562 269.61695098876953 380.3982696533203 218.0449981689453 380.3982696533203
202.47097778320312 208.8904266357422 253.83220672607422 208.8904266357422 253.83220672607422 384.98622131347656 202.47097778320312 384.98622131347656
198.81675720214844 205.2172088623047 250.2866439819336 205.2172088623047 250.2866439819336 383.4104766845703 198.81675720214844 383.4104766845703
190.0882568359375 199.22584533691406 242.3934555053711 199.22584533691406 242.3934555053711 378.55812072753906 190.0882568359375 378.55812072753906
183.72061157226562 199.9404296875 236.84136962890625 199.9404296875 236.84136962890625 382.06890869140625 183.72061157226562 382.06890869140625
179.95010375976562 196.84878540039062 232.56680297851562 196.84878540039062 232.56680297851562 377.2490692138672 179.95010375976562 377.2490692138672
169.15892028808594 189.0279541015625 221.96753692626953 189.0279541015625 221.96753692626953 370.0862274169922 169.15892028808594 370.0862274169922
158.9727325439453 196.60861206054688 211.33826446533203 196.60861206054688 211.33826446533203 377.50575256347656 158.9727325439453 377.50575256347656
148.6206512451172 200.03277587890625 200.7162094116211 200.03277587890625 200.7162094116211 378.6462707519531 148.6206512451172 378.6462707519531
138.04653930664062 204.86679077148438 189.51411056518555 204.86679077148438 189.51411056518555 380.9024658203125 138.04653930664062 380.9024658203125
130.98178100585938 198.01571655273438 182.0899887084961 198.01571655273438 182.0899887084961 373.2439727783203 130.98178100585938 373.2439727783203
130.33853149414062 198.99801635742188 182.1146240234375 198.99801635742188 182.1146240234375 376.51617431640625 130.33853149414062 376.51617431640625
131.96774291992188 204.05996704101562 179.35131072998047 204.05996704101562 179.35131072998047 378.6785888671875 131.96774291992188 378.6785888671875
140.1800994873047 196.8822479248047 190.947265625 196.8822479248047 190.947265625 373.34938049316406 140.1800994873047 373.34938049316406
153.0459747314453 203.02880859375 201.1248435974121 203.02880859375 201.1248435974121 374.9581756591797 153.0459747314453 374.9581756591797
162.6880340576172 205.9119110107422 206.80257415771484 205.9119110107422 206.80257415771484 369.7734832763672 162.6880340576172 369.7734832763672
162.71847534179688 206.5084686279297 212.02898788452148 206.5084686279297 212.02898788452148 368.75196838378906 162.71847534179688 368.75196838378906
169.56692504882812 201.72775268554688 218.48447799682617 201.72775268554688 218.48447799682617 375.0332946777344 169.56692504882812 375.0332946777344
177.00064086914062 198.01858520507812 224.65517807006836 198.01858520507812 224.65517807006836 374.4335021972656 177.00064086914062 374.4335021972656
180.96597290039062 196.10638427734375 230.254638671875 196.10638427734375 230.254638671875 370.0508728027344 180.96597290039062 370.0508728027344
184.7743682861328 198.2255401611328 232.71994400024414 198.2255401611328 232.71994400024414 370.9560852050781 184.7743682861328 370.9560852050781
193.7298583984375 194.87533569335938 241.79872512817383 194.87533569335938 241.79872512817383 371.5994873046875 193.7298583984375 371.5994873046875
198.8984832763672 196.7142791748047 246.72460174560547 196.7142791748047 246.72460174560547 367.69737243652344 198.8984832763672 367.69737243652344
207.62301635742188 201.06143188476562 253.0029525756836 201.06143188476562 253.0029525756836 368.6385040283203 207.62301635742188 368.6385040283203
211.091064453125 203.5139617919922 258.1289291381836 203.5139617919922 258.1289291381836 366.44798278808594 211.091064453125 366.44798278808594
216.8854522705078 195.940185546875 262.9236183166504 195.940185546875 262.9236183166504 369.380615234375 216.8854522705078 369.380615234375
220.74038696289062 193.63414001464844 269.8558120727539 193.63414001464844 269.8558120727539 362.02992248535156 220.74038696289062 362.02992248535156
222.57156372070312 188.63626098632812 271.45318603515625 188.63626098632812 271.45318603515625 356.23045349121094 222.57156372070312 356.23045349121094
215.60330200195312 193.77859497070312 264.2765083312988 193.77859497070312 264.2765083312988 360.658203125 215.60330200195312 360.658203125
210.1973114013672 189.36285400390625 258.9990577697754 189.36285400390625 258.9990577697754 356.68316650390625 210.1973114013672 356.68316650390625
201.40438842773438 191.7589569091797 250.03020095825195 191.7589569091797 250.03020095825195 358.47607421875 201.40438842773438 358.47607421875
194.97119140625 191.905029296875 243.56650161743164 191.905029296875 243.56650161743164 358.51756286621094 194.97119140625 358.51756286621094
185.68075561523438 194.8568115234375 234.4011573791504 194.8568115234375 234.4011573791504 361.8982238769531 185.68075561523438 361.8982238769531
182.11952209472656 193.093505859375 230.6947479248047 193.093505859375 230.6947479248047 359.6371765136719 182.11952209472656 359.6371765136719
180.5323028564453 191.81393432617188 229.14444732666016 191.81393432617188 229.14444732666016 358.48419189453125 180.5323028564453 358.48419189453125
188.39358520507812 188.1184539794922 237.94579315185547 188.1184539794922 237.94579315185547 358.0117950439453 188.39358520507812 358.0117950439453
195.34249877929688 184.47650146484375 244.22344970703125 184.47650146484375 244.22344970703125 352.0683898925781 195.34249877929688 352.0683898925781
213.512451171875 185.145263671875 263.1753463745117 185.145263671875 263.1753463745117 355.4181213378906 213.512451171875 355.4181213378906
226.7638397216797 183.61331176757812 276.4011459350586 183.61331176757812 276.4011459350586 353.79844665527344 226.7638397216797 353.79844665527344
238.5155792236328 180.47683715820312 287.0629005432129 180.47683715820312 287.0629005432129 346.9248809814453 238.5155792236328 346.9248809814453
245.68508911132812 179.98341369628906 294.5361213684082 179.98341369628906 294.5361213684082 347.4727478027344 245.68508911132812 347.4727478027344
256.92486572265625 181.1269989013672 305.4354362487793 181.1269989013672 305.4354362487793 347.4490509033203 256.92486572265625 347.4490509033203
265.3237609863281 177.98257446289062 314.1130065917969 177.98257446289062 314.1130065917969 345.26007080078125 265.3237609863281 345.26007080078125
277.70892333984375 175.67578125 326.64144134521484 175.67578125 326.64144134521484 343.4444885253906 277.70892333984375 343.4444885253906
288.4500427246094 171.3820037841797 338.1819877624512 171.3820037841797 338.1819877624512 341.8916015625 288.4500427246094 341.8916015625
298.6441345214844 172.88812255859375 348.6116027832031 172.88812255859375 348.6116027832031 344.2052307128906 298.6441345214844 344.2052307128906
311.1189880371094 172.8895263671875 360.4442825317383 172.8895263671875 360.4442825317383 342.0049133300781 311.1189880371094 342.0049133300781
324.54559326171875 173.17349243164062 374.20667266845703 173.17349243164062 374.20667266845703 343.44012451171875 324.54559326171875 343.44012451171875
332.80096435546875 176.951171875 381.76529693603516 176.951171875 381.76529693603516 344.8289489746094 332.80096435546875 344.8289489746094
344.59613037109375 173.68667602539062 393.404239654541 173.68667602539062 393.404239654541 341.02882385253906 344.59613037109375 341.02882385253906
354.322509765625 174.33419799804688 403.81860733032227 174.33419799804688 403.81860733032227 344.03514099121094 354.322509765625 344.03514099121094
360.3005676269531 175.68502807617188 409.64847564697266 175.68502807617188 409.64847564697266 344.8778839111328 360.3005676269531 344.8778839111328
360.9295654296875 170.35910034179688 406.0568046569824 170.35910034179688 406.0568046569824 348.12721252441406 360.9295654296875 348.12721252441406
356.2099914550781 172.8814239501953 404.9570198059082 172.8814239501953 404.9570198059082 340.01409912109375 356.2099914550781 340.01409912109375
352.76397705078125 174.9801483154297 400.88814544677734 174.9801483154297 400.88814544677734 346.0315399169922 352.76397705078125 346.0315399169922
350.5089111328125 177.37222290039062 397.90592193603516 177.37222290039062 397.90592193603516 348.2668914794922 350.5089111328125 348.2668914794922
335.41766357421875 176.89578247070312 383.2998275756836 176.89578247070312 383.2998275756836 342.90501403808594 335.41766357421875 342.90501403808594
315.3713684082031 176.04397583007812 362.5875358581543 176.04397583007812 362.5875358581543 337.9280090332031 315.3713684082031 337.9280090332031
325.37042236328125 180.0432891845703 372.37903594970703 180.0432891845703 372.37903594970703 341.21571350097656 325.37042236328125 341.21571350097656
317.63067626953125 175.1307373046875 364.3022994995117 175.1307373046875 364.3022994995117 335.1477813720703 317.63067626953125 335.1477813720703
309.6865234375 179.95370483398438 355.9818916320801 179.95370483398438 355.9818916320801 338.6807098388672 309.6865234375 338.6807098388672
299.0658264160156 176.0866241455078 344.7216148376465 176.0866241455078 344.7216148376465 331.87294006347656 299.0658264160156 331.87294006347656
294.57403564453125 181.7822723388672 339.53107833862305 181.7822723388672 339.53107833862305 332.52752685546875 294.57403564453125 332.52752685546875
289.02850341796875 179.4484405517578 334.70749282836914 179.4484405517578 334.70749282836914 334.6123809814453 289.02850341796875 334.6123809814453
281.8851318359375 177.88784790039062 327.5241928100586 177.88784790039062 327.5241928100586 335.6916809082031 281.8851318359375 335.6916809082031
280.5113830566406 176.14462280273438 325.2631530761719 176.14462280273438 325.2631530761719 337.16966247558594 280.5113830566406 337.16966247558594
276.6171875 179.41976928710938 322.5526237487793 179.41976928710938 322.5526237487793 336.91270446777344 276.6171875 336.91270446777344
273.31097412109375 176.68995666503906 319.1102752685547 176.68995666503906 319.1102752685547 338.30218505859375 273.31097412109375 338.30218505859375
266.5901184082031 177.06698608398438 313.6391410827637 177.06698608398438 313.6391410827637 338.37794494628906 266.5901184082031 338.37794494628906
263.685791015625 174.70387268066406 311.1589126586914 174.70387268066406 311.1589126586914 337.46888732910156 263.685791015625 337.46888732910156
260.9430847167969 173.31495666503906 306.92238998413086 173.31495666503906 306.92238998413086 335.1261901855469 260.9430847167969 335.1261901855469
255.24008178710938 178.12876892089844 301.7314682006836 178.12876892089844 301.7314682006836 337.52781677246094 255.24008178710938 337.52781677246094
256.2264099121094 179.05528259277344 303.30841064453125 179.05528259277344 303.30841064453125 340.4792938232422 256.2264099121094 340.4792938232422
269.6754455566406 171.0437469482422 317.0104751586914 171.0437469482422 317.0104751586914 333.3352813720703 269.6754455566406 333.3352813720703
280.91851806640625 172.0480499267578 327.2279853820801 172.0480499267578 327.2279853820801 330.8233947753906 280.91851806640625 330.8233947753906
290.00482177734375 173.4411163330078 336.3651885986328 173.4411163330078 336.3651885986328 332.39097595214844 290.00482177734375 332.39097595214844
302.2139587402344 170.9883575439453 349.446590423584 170.9883575439453 349.446590423584 332.92884826660156 302.2139587402344 332.92884826660156
296.3252258300781 170.1121826171875 342.0782241821289 170.1121826171875 342.0782241821289 332.2985076904297 296.3252258300781 332.2985076904297
285.6630859375 168.18490600585938 329.73233795166016 168.18490600585938 329.73233795166016 324.8807067871094 285.6630859375 324.8807067871094
280.09747314453125 169.8907012939453 323.8640022277832 169.8907012939453 323.8640022277832 320.4946746826172 280.09747314453125 320.4946746826172
274.0547180175781 170.43319702148438 317.58646392822266 170.43319702148438 317.58646392822266 318.7619934082031 274.0547180175781 318.7619934082031
270.16729736328125 168.7058868408203 314.37975311279297 168.7058868408203 314.37975311279297 318.4556579589844 270.16729736328125 318.4556579589844
265.5315856933594 167.66064453125 309.6867446899414 167.66064453125 309.6867446899414 318.3970031738281 265.5315856933594 318.3970031738281
258.7214050292969 166.81358337402344 301.47968673706055 166.81358337402344 301.47968673706055 321.2159423828125 258.7214050292969 321.2159423828125
253.9766845703125 160.28939819335938 297.6690673828125 160.28939819335938 297.6690673828125 322.63116455078125 253.9766845703125 322.63116455078125
249.157958984375 162.85513305664062 293.79882049560547 162.85513305664062 293.79882049560547 315.90956115722656 249.157958984375 315.90956115722656
245.10769653320312 161.00111389160156 289.68343353271484 161.00111389160156 289.68343353271484 313.83226013183594 245.10769653320312 313.83226013183594
240.4223175048828 163.8026885986328 285.00022888183594 163.8026885986328 285.00022888183594 316.6413116455078 240.4223175048828 316.6413116455078
235.00991821289062 163.39602661132812 279.14404678344727 163.39602661132812 279.14404678344727 314.7130889892578 235.00991821289062 314.7130889892578
232.2168426513672 162.64187622070312 275.8377456665039 162.64187622070312 275.8377456665039 312.1992950439453 232.2168426513672 312.1992950439453
226.22427368164062 162.5640411376953 270.0172805786133 162.5640411376953 270.0172805786133 312.71153259277344 226.22427368164062 312.71153259277344
221.9768524169922 161.94607543945312 265.9437561035156 161.94607543945312 265.9437561035156 312.68980407714844 221.9768524169922 312.68980407714844
219.8021697998047 162.41055297851562 263.2603950500488 162.41055297851562 263.2603950500488 311.4102478027344 219.8021697998047 311.4102478027344
213.9346466064453 160.627685546875 257.7145309448242 160.627685546875 257.7145309448242 310.73020935058594 213.9346466064453 310.73020935058594
207.42788696289062 158.72715759277344 250.95261764526367 158.72715759277344 250.95261764526367 307.9548645019531 207.42788696289062 307.9548645019531
204.04495239257812 156.24249267578125 248.23210906982422 156.24249267578125 248.23210906982422 307.74139404296875 204.04495239257812 307.74139404296875
200.2676239013672 156.61416625976562 244.74542999267578 156.61416625976562 244.74542999267578 309.1095733642578 200.2676239013672 309.1095733642578
194.85031127929688 155.61734008789062 238.9742660522461 155.61734008789062 238.9742660522461 308.06480407714844 194.85031127929688 308.06480407714844
187.3375244140625 158.20962524414062 231.7171173095703 158.20962524414062 231.7171173095703 308.5526885986328 187.3375244140625 308.5526885986328
180.8316192626953 159.16903686523438 225.19488143920898 159.16903686523438 225.19488143920898 307.67054748535156 180.8316192626953 307.67054748535156
175.8440399169922 159.3943328857422 220.46319198608398 159.3943328857422 220.46319198608398 312.06158447265625 175.8440399169922 312.06158447265625
170.53433227539062 156.54904174804688 215.41006469726562 156.54904174804688 215.41006469726562 310.4087371826172 170.53433227539062 310.4087371826172
166.76036071777344 153.5762176513672 211.83462524414062 153.5762176513672 211.83462524414062 311.9239959716797 166.76036071777344 311.9239959716797
161.5132598876953 155.27206420898438 205.44945526123047 155.27206420898438 205.44945526123047 314.873779296875 161.5132598876953 314.873779296875
154.6813201904297 157.47084045410156 198.88037872314453 157.47084045410156 198.88037872314453 318.0779724121094 154.6813201904297 318.0779724121094
148.69931030273438 155.92019653320312 194.01898193359375 155.92019653320312 194.01898193359375 313.6374816894531 148.69931030273438 313.6374816894531
144.88621520996094 152.4954376220703 189.73923873901367 152.4954376220703 189.73923873901367 308.2413635253906 144.88621520996094 308.2413635253906
139.86544799804688 152.58799743652344 184.5994644165039 152.58799743652344 184.5994644165039 307.19786071777344 139.86544799804688 307.19786071777344
132.8956298828125 152.9443359375 177.35210418701172 152.9443359375 177.35210418701172 305.3665771484375 132.8956298828125 305.3665771484375
129.5883331298828 151.5509490966797 173.79399871826172 151.5509490966797 173.79399871826172 303.11326599121094 129.5883331298828 303.11326599121094
122.4155044555664 148.06112670898438 167.5179100036621 148.06112670898438 167.5179100036621 302.69798278808594 122.4155044555664 302.69798278808594
119.26545715332031 149.8086700439453 164.3454246520996 149.8086700439453 164.3454246520996 304.36859130859375 119.26545715332031 304.36859130859375
116.1325454711914 147.2115936279297 160.96434020996094 147.2115936279297 160.96434020996094 302.96153259277344 116.1325454711914 302.96153259277344
111.11930847167969 142.8206024169922 155.8732681274414 142.8206024169922 155.8732681274414 296.2627868652344 111.11930847167969 296.2627868652344
109.03230285644531 143.43161010742188 152.35388946533203 143.43161010742188 152.35388946533203 299.1784210205078 109.03230285644531 299.1784210205078
105.06461334228516 146.60824584960938 148.55929565429688 146.60824584960938 148.55929565429688 297.4171600341797 105.06461334228516 297.4171600341797
98.71449279785156 146.0795135498047 142.38678741455078 146.0795135498047 142.38678741455078 295.8131103515625 98.71449279785156 295.8131103515625
95.95780944824219 145.43997192382812 139.81393814086914 145.43997192382812 139.81393814086914 295.8038635253906 95.95780944824219 295.8038635253906
89.03059387207031 146.58285522460938 132.78992080688477 146.58285522460938 132.78992080688477 297.8202362060547 89.03059387207031 297.8202362060547
85.13639068603516 145.63296508789062 129.2776336669922 145.63296508789062 129.2776336669922 296.974365234375 85.13639068603516 296.974365234375
78.25816345214844 142.48516845703125 122.6540756225586 142.48516845703125 122.6540756225586 294.6997375488281 78.25816345214844 294.6997375488281
73.82220458984375 140.05245971679688 117.95040893554688 140.05245971679688 117.95040893554688 291.3491668701172 73.82220458984375 291.3491668701172
69.97242736816406 144.1424102783203 113.81968307495117 144.1424102783203 113.81968307495117 294.4758605957031 69.97242736816406 294.4758605957031
65.46365356445312 142.2381591796875 108.36944580078125 142.2381591796875 108.36944580078125 289.34373474121094 65.46365356445312 289.34373474121094
64.64099884033203 143.28179931640625 107.79828643798828 143.28179931640625 107.79828643798828 291.24964904785156 64.64099884033203 291.24964904785156
58.002479553222656 141.5919647216797 101.41328811645508 141.5919647216797 101.41328811645508 290.4290313720703 58.002479553222656 290.4290313720703
55.93347930908203 142.17034912109375 99.8746337890625 142.17034912109375 99.8746337890625 292.82574462890625 55.93347930908203 292.82574462890625
50.99106979370117 142.09561157226562 94.97332763671875 142.09561157226562 94.97332763671875 292.8919219970703 50.99106979370117 292.8919219970703
48.719818115234375 137.9949188232422 92.37456130981445 137.9949188232422 92.37456130981445 290.75660705566406 48.719818115234375 290.75660705566406
52.82228469848633 137.4697723388672 96.2181282043457 137.4697723388672 96.2181282043457 286.25550842285156 52.82228469848633 286.25550842285156
60.20917892456055 135.99314880371094 103.20637130737305 135.99314880371094 103.20637130737305 283.4120635986328 60.20917892456055 283.4120635986328
67.644775390625 135.63449096679688 110.48750686645508 135.63449096679688 110.48750686645508 282.52381896972656 67.644775390625 282.52381896972656
68.31026458740234 135.13760375976562 111.17612838745117 135.13760375976562 111.17612838745117 282.1062469482422 68.31026458740234 282.1062469482422
74.18463897705078 134.89834594726562 118.09930419921875 134.89834594726562 118.09930419921875 285.462890625 74.18463897705078 285.462890625
82.13658142089844 132.2664031982422 125.59508514404297 132.2664031982422 125.59508514404297 281.26698303222656 82.13658142089844 281.26698303222656
86.0301742553711 134.70205688476562 128.07975006103516 134.70205688476562 128.07975006103516 283.12635803222656 86.0301742553711 283.12635803222656
92.55423736572266 134.1832275390625 135.09864807128906 134.1832275390625 135.09864807128906 280.8965606689453 92.55423736572266 280.8965606689453
95.32366943359375 133.4222869873047 138.61516571044922 133.4222869873047 138.61516571044922 281.98899841308594 95.32366943359375 281.98899841308594
100.46434020996094 134.0979766845703 142.08312606811523 134.0979766845703 142.08312606811523 284.32237243652344 100.46434020996094 284.32237243652344
104.48103332519531 130.5672607421875 147.2500991821289 130.5672607421875 147.2500991821289 277.2040252685547 104.48103332519531 277.2040252685547
107.64068603515625 130.07933044433594 150.16121292114258 130.07933044433594 150.16121292114258 275.86395263671875 107.64068603515625 275.86395263671875
113.63471984863281 127.00892639160156 156.55633926391602 127.00892639160156 156.55633926391602 274.1687316894531 113.63471984863281 274.1687316894531
117.00978088378906 125.62007904052734 160.12543487548828 125.62007904052734 160.12543487548828 273.4451370239258 117.00978088378906 273.4451370239258
124.25262451171875 126.0354995727539 168.0159149169922 126.0354995727539 168.0159149169922 276.0810317993164 124.25262451171875 276.0810317993164
125.1561279296875 129.19569396972656 168.09239959716797 129.19569396972656 168.09239959716797 281.0399627685547 125.1561279296875 281.0399627685547
132.22146606445312 127.890625 176.19079208374023 127.890625 176.19079208374023 278.642578125 132.22146606445312 278.642578125
140.0710906982422 126.64681243896484 183.66670989990234 126.64681243896484 183.66670989990234 276.1174850463867 140.0710906982422 276.1174850463867
142.5045166015625 125.4027099609375 185.53813934326172 125.4027099609375 185.53813934326172 272.946533203125 142.5045166015625 272.946533203125
145.7313690185547 120.39830017089844 189.6587791442871 120.39830017089844 189.6587791442871 271.0065460205078 145.7313690185547 271.0065460205078
152.5052947998047 119.6900863647461 197.08237838745117 119.6900863647461 197.08237838745117 272.5257797241211 152.5052947998047 272.5257797241211
155.5998992919922 116.62986755371094 200.50418853759766 116.62986755371094 200.50418853759766 270.58740234375 155.5998992919922 270.58740234375
159.72438049316406 112.38316345214844 205.3669662475586 112.38316345214844 205.3669662475586 268.8720245361328 159.72438049316406 268.8720245361328
165.137939453125 112.90999603271484 210.34421920776367 112.90999603271484 210.34421920776367 267.90294647216797 165.137939453125 267.90294647216797
169.9210662841797 110.64192962646484 215.99939727783203 110.64192962646484 215.99939727783203 268.62476348876953 169.9210662841797 268.62476348876953
176.09365844726562 108.76637268066406 221.85417938232422 108.76637268066406 221.85417938232422 265.6595764160156 176.09365844726562 265.6595764160156
180.02590942382812 109.5494384765625 225.47891998291016 109.5494384765625 225.47891998291016 268.7490997314453 180.02590942382812 268.7490997314453
183.515380859375 112.01141357421875 226.9024772644043 112.01141357421875 226.9024772644043 273.1390838623047 183.515380859375 273.1390838623047
186.3106231689453 114.48490905761719 228.93834686279297 114.48490905761719 228.93834686279297 271.64073181152344 186.3106231689453 271.64073181152344
191.01820373535156 111.27156829833984 236.30517959594727 111.27156829833984 236.30517959594727 267.77953338623047 191.01820373535156 267.77953338623047
194.77540588378906 110.20777893066406 239.67772674560547 110.20777893066406 239.67772674560547 268.0305633544922 194.77540588378906 268.0305633544922
199.76678466796875 110.1628646850586 243.81665802001953 110.1628646850586 243.81665802001953 262.9493637084961 199.76678466796875 262.9493637084961
203.9353485107422 108.8097152709961 248.55551147460938 108.8097152709961 248.55551147460938 261.79308319091797 203.9353485107422 261.79308319091797
209.8979949951172 111.23851013183594 254.02405548095703 111.23851013183594 254.02405548095703 262.5277862548828 209.8979949951172 262.5277862548828
213.04312133789062 112.33778381347656 256.7461471557617 112.33778381347656 256.7461471557617 262.7223815917969 213.04312133789062 262.7223815917969
217.2729949951172 113.0469741821289 260.61390686035156 113.0469741821289 260.61390686035156 261.6050338745117 217.2729949951172 261.6050338745117
225.0760955810547 112.48213195800781 267.5314521789551 112.48213195800781 267.5314521789551 258.0432586669922 225.0760955810547 258.0432586669922
227.498291015625 113.29051208496094 269.84545135498047 113.29051208496094 269.84545135498047 258.4806823730469 227.498291015625 258.4806823730469
232.7320098876953 107.19539642333984 275.20730209350586 107.19539642333984 275.20730209350586 252.82488250732422 232.7320098876953 252.82488250732422
241.1334991455078 107.1533432006836 283.5324897766113 107.1533432006836 283.5324897766113 252.52123260498047 241.1334991455078 252.52123260498047
246.3499755859375 106.1999740600586 288.86288833618164 106.1999740600586 288.86288833618164 251.95844268798828 246.3499755859375 251.95844268798828
251.84304809570312 103.23411560058594 295.31717681884766 103.23411560058594 295.31717681884766 252.2881622314453 251.84304809570312 252.2881622314453
260.50030517578125 91.08324432373047 304.07898712158203 91.08324432373047 304.07898712158203 240.4957504272461 260.50030517578125 240.4957504272461
284.31182861328125 87.62344360351562 327.1196174621582 87.62344360351562 327.1196174621582 234.39288330078125 284.31182861328125 234.39288330078125
391.55609130859375 82.0760726928711 434.7234191894531 82.0760726928711 434.7234191894531 230.0782241821289 391.55609130859375 230.0782241821289
434.905029296875 87.69549560546875 478.21448135375977 87.69549560546875 478.21448135375977 236.18492126464844 434.905029296875 236.18492126464844
422.2452087402344 45.569374084472656 464.8750762939453 45.569374084472656 464.8750762939453 191.7287826538086 422.2452087402344 191.7287826538086
443.5972595214844 79.64652252197266 486.0415802001953 79.64652252197266 486.0415802001953 225.16976165771484 443.5972595214844 225.16976165771484
446.74267578125 83.96448516845703 489.90709686279297 83.96448516845703 489.90709686279297 231.9566421508789 446.74267578125 231.9566421508789
450.865234375 72.28046417236328 494.1673126220703 72.28046417236328 494.1673126220703 220.74459075927734 450.865234375 220.74459075927734
444.02276611328125 75.09587097167969 486.94853591918945 75.09587097167969 486.94853591918945 222.26979064941406 444.02276611328125 222.26979064941406
461.8333435058594 84.18502044677734 504.34839630126953 84.18502044677734 504.34839630126953 229.95076751708984 461.8333435058594 229.95076751708984
451.1424255371094 75.33756256103516 493.3550148010254 75.33756256103516 493.3550148010254 220.06627655029297 451.1424255371094 220.06627655029297
396.75830078125 50.58756637573242 439.1644096374512 50.58756637573242 439.1644096374512 195.97979354858398 396.75830078125 195.97979354858398
419.82342529296875 21.234851837158203 462.0412826538086 21.234851837158203 462.0412826538086 165.98164749145508 419.82342529296875 165.98164749145508
434.6983337402344 0.0 476.7094612121582 0.0 476.7094612121582 144.03802490234375 434.6983337402344 144.03802490234375
417.3665466308594 17.29880714416504 458.8976821899414 17.29880714416504 458.8976821899414 159.69114112854004 417.3665466308594 159.69114112854004
426.9833984375 48.3338623046875 468.03087615966797 48.3338623046875 468.03087615966797 189.0679473876953 426.9833984375 189.0679473876953
463.28265380859375 0.0 504.4093551635742 0.0 504.4093551635742 141.00570678710938 463.28265380859375 141.00570678710938
476.17559814453125 0.0 516.6964454650879 0.0 516.6964454650879 138.92849731445312 476.17559814453125 138.92849731445312
498.42718505859375 0.0 537.6093444824219 0.0 537.6093444824219 134.33871459960938 498.42718505859375 134.33871459960938
446.4408264160156 34.29419708251953 485.41942977905273 34.29419708251953 485.41942977905273 167.93502044677734 446.4408264160156 167.93502044677734
399.39776611328125 82.51969146728516 438.16222763061523 82.51969146728516 438.16222763061523 215.42632293701172 399.39776611328125 215.42632293701172
382.2740478515625 90.0134048461914 420.6992416381836 90.0134048461914 420.6992416381836 221.75684356689453 382.2740478515625 221.75684356689453
350.90142822265625 19.76064682006836 389.2007942199707 19.76064682006836 389.2007942199707 151.07267379760742 350.90142822265625 151.07267379760742
354.1844482421875 7.386723518371582 392.72227478027344 7.386723518371582 392.72227478027344 139.5163164138794 354.1844482421875 139.5163164138794
361.7548522949219 7.639448642730713 401.0485610961914 7.639448642730713 401.0485610961914 142.3606095314026 361.7548522949219 142.3606095314026
364.2859802246094 0.0 404.03303146362305 0.0 404.03303146362305 136.27548217773438 364.2859802246094 136.27548217773438
396.12322998046875 3.9747955799102783 437.0278854370117 3.9747955799102783 437.0278854370117 144.2192108631134 396.12322998046875 144.2192108631134
423.28985595703125 10.725923538208008 463.69734954833984 10.725923538208008 463.69734954833984 149.26577949523926 423.28985595703125 149.26577949523926
498.98614501953125 0.0 538.4856262207031 0.0 538.4856262207031 135.42666625976562 498.98614501953125 135.42666625976562
511.35443115234375 0.0 550.1093330383301 0.0 550.1093330383301 132.8738250732422 511.35443115234375 132.8738250732422
516.8992919921875 0.0 555.5818099975586 0.0 555.5818099975586 132.62564086914062 516.8992919921875 132.62564086914062
527.3717651367188 0.13810577988624573 565.9952926635742 0.13810577988624573 565.9952926635742 132.56147614121437 527.3717651367188 132.56147614121437
517.876953125 0.0 556.1016731262207 0.0 556.1016731262207 131.0560302734375 517.876953125 131.0560302734375
454.3548889160156 66.9935531616211 491.8636665344238 66.9935531616211 491.8636665344238 195.59493255615234 454.3548889160156 195.59493255615234
463.7066345214844 72.30587005615234 501.3378715515137 72.30587005615234 501.3378715515137 201.32711029052734 463.7066345214844 201.32711029052734
466.6023864746094 71.51570129394531 505.08617401123047 71.51570129394531 505.08617401123047 203.45997619628906 466.6023864746094 203.45997619628906
472.0719299316406 77.6316146850586 510.9533348083496 77.6316146850586 510.9533348083496 210.93914031982422 472.0719299316406 210.93914031982422
477.8548889160156 75.56407165527344 516.6798896789551 75.56407165527344 516.6798896789551 208.67819213867188 477.8548889160156 208.67819213867188
482.2237854003906 76.53760528564453 520.732494354248 76.53760528564453 520.732494354248 208.56729888916016 482.2237854003906 208.56729888916016
489.01318359375 78.5191421508789 527.3441276550293 78.5191421508789 527.3441276550293 209.9393539428711 489.01318359375 209.9393539428711
495.131591796875 79.85575103759766 533.0020599365234 79.85575103759766 533.0020599365234 209.69719696044922 495.131591796875 209.69719696044922
499.8995666503906 75.36041259765625 537.4752006530762 75.36041259765625 537.4752006530762 204.19100952148438 499.8995666503906 204.19100952148438
507.74578857421875 75.15645599365234 544.8647766113281 75.15645599365234 544.8647766113281 202.42139434814453 507.74578857421875 202.42139434814453
511.6725158691406 74.39613342285156 548.7917098999023 74.39613342285156 548.7917098999023 201.66179656982422 511.6725158691406 201.66179656982422
525.7684326171875 73.00628662109375 563.3321380615234 73.00628662109375 563.3321380615234 201.79598999023438 525.7684326171875 201.79598999023438
535.693603515625 72.01477813720703 573.2094039916992 72.01477813720703 573.2094039916992 200.64025115966797 535.693603515625 200.64025115966797
544.5422973632812 71.34326171875 582.0564270019531 71.34326171875 582.0564270019531 199.96299743652344 544.5422973632812 199.96299743652344
553.0516357421875 69.89429473876953 590.5832138061523 69.89429473876953 590.5832138061523 198.57384490966797 553.0516357421875 198.57384490966797
558.6371459960938 67.35616302490234 595.9149169921875 67.35616302490234 595.9149169921875 195.16551208496094 558.6371459960938 195.16551208496094
562.1644287109375 66.92810821533203 599.6504745483398 66.92810821533203 599.6504745483398 195.45154571533203 562.1644287109375 195.45154571533203
559.2244262695312 67.48595428466797 596.6250953674316 67.48595428466797 596.6250953674316 195.71666717529297 559.2244262695312 195.71666717529297
554.0035400390625 64.78848266601562 592.2745132446289 64.78848266601562 592.2745132446289 196.00308227539062 554.0035400390625 196.00308227539062
551.9411010742188 66.7914047241211 590.0474395751953 66.7914047241211 590.0474395751953 197.44153594970703 551.9411010742188 197.44153594970703
546.1009521484375 67.99159240722656 583.8995361328125 67.99159240722656 583.8995361328125 197.58656311035156 546.1009521484375 197.58656311035156
542.7064208984375 67.5421371459961 580.4953498840332 67.5421371459961 580.4953498840332 197.10401153564453 542.7064208984375 197.10401153564453
538.0035400390625 64.31465148925781 575.3158874511719 64.31465148925781 575.3158874511719 192.24252319335938 538.0035400390625 192.24252319335938
533.6919555664062 59.00215530395508 571.6328163146973 59.00215530395508 571.6328163146973 189.08493423461914 533.6919555664062 189.08493423461914
530.6551513671875 61.76384735107422 568.2856140136719 61.76384735107422 568.2856140136719 190.78240203857422 530.6551513671875 190.78240203857422
527.5670166015625 71.81159973144531 564.5526809692383 71.81159973144531 564.5526809692383 198.61942291259766 527.5670166015625 198.61942291259766
512.2298583984375 56.215171813964844 549.2204322814941 56.215171813964844 549.2204322814941 183.03983306884766 512.2298583984375 183.03983306884766
506.36883544921875 62.71990966796875 543.1191101074219 62.71990966796875 543.1191101074219 188.72068786621094 506.36883544921875 188.72068786621094
501.73760986328125 58.830909729003906 538.6235008239746 58.830909729003906 538.6235008239746 185.2966537475586 501.73760986328125 185.2966537475586
498.3726501464844 52.83272171020508 535.3919258117676 52.83272171020508 535.3919258117676 179.7557716369629 498.3726501464844 179.7557716369629
511.6981506347656 60.170372009277344 548.2308502197266 60.170372009277344 548.2308502197266 185.42515563964844 511.6981506347656 185.42515563964844
479.75372314453125 55.57353591918945 516.1417655944824 55.57353591918945 516.1417655944824 180.33234786987305 479.75372314453125 180.33234786987305
472.89227294921875 52.89748001098633 509.1949653625488 52.89748001098633 509.1949653625488 177.36365127563477 472.89227294921875 177.36365127563477
468.99737548828125 52.208099365234375 504.9484062194824 52.208099365234375 504.9484062194824 175.46857452392578 468.99737548828125 175.46857452392578
465.6905822753906 47.801055908203125 501.8455581665039 47.801055908203125 501.8455581665039 171.76077270507812 465.6905822753906 171.76077270507812
462.2022399902344 48.38569641113281 498.6483840942383 48.38569641113281 498.6483840942383 173.34368896484375 462.2022399902344 173.34368896484375
461.6741638183594 49.41919708251953 497.8254165649414 49.41919708251953 497.8254165649414 173.36611938476562 461.6741638183594 173.36611938476562
460.36749267578125 46.59375762939453 496.60572814941406 46.59375762939453 496.60572814941406 170.83889770507812 460.36749267578125 170.83889770507812
457.21746826171875 48.976802825927734 492.8677558898926 48.976802825927734 492.8677558898926 171.36252975463867 457.21746826171875 171.36252975463867
455.6884765625 47.09498977661133 491.2128677368164 47.09498977661133 491.2128677368164 168.90781784057617 455.6884765625 168.90781784057617
452.45233154296875 45.91367721557617 487.4119529724121 45.91367721557617 487.4119529724121 168.54272079467773 452.45233154296875 168.54272079467773
451.90972900390625 46.08331298828125 487.6339302062988 46.08331298828125 487.6339302062988 168.56607818603516 451.90972900390625 168.56607818603516
447.8755798339844 43.81734848022461 483.55627059936523 43.81734848022461 483.55627059936523 166.15094375610352 447.8755798339844 166.15094375610352
446.84747314453125 48.595882415771484 481.9946975708008 48.595882415771484 481.9946975708008 169.10046005249023 446.84747314453125 169.10046005249023
442.6920471191406 45.967430114746094 477.87923431396484 45.967430114746094 477.87923431396484 166.6090316772461 442.6920471191406 166.6090316772461
432.4950256347656 43.61676025390625 467.73389434814453 43.61676025390625 467.73389434814453 164.435546875 432.4950256347656 164.435546875
428.316650390625 39.121665954589844 463.81536865234375 39.121665954589844 463.81536865234375 160.83135986328125 428.316650390625 160.83135986328125
423.0181579589844 38.87836456298828 458.7189254760742 38.87836456298828 458.7189254760742 161.04500579833984 423.0181579589844 161.04500579833984
420.7410583496094 36.285789489746094 456.4268684387207 36.285789489746094 456.4268684387207 157.7047576904297 420.7410583496094 157.7047576904297
421.1700134277344 39.17325210571289 457.4368362426758 39.17325210571289 457.4368362426758 163.51643753051758 421.1700134277344 163.51643753051758
419.0000915527344 36.993247985839844 454.70384979248047 36.993247985839844 454.70384979248047 159.40594482421875 419.0000915527344 159.40594482421875
419.4525451660156 36.625083923339844 455.59247970581055 36.625083923339844 455.59247970581055 160.53326416015625 419.4525451660156 160.53326416015625
414.1065979003906 32.155662536621094 450.7171058654785 32.155662536621094 450.7171058654785 157.67723083496094 414.1065979003906 157.67723083496094
411.9600524902344 33.806053161621094 448.5401611328125 33.806053161621094 448.5401611328125 159.223388671875 411.9600524902344 159.223388671875
411.0411071777344 43.015663146972656 446.7127914428711 43.015663146972656 446.7127914428711 165.31839752197266 411.0411071777344 165.31839752197266
409.2891540527344 44.48051452636719 444.35602951049805 44.48051452636719 444.35602951049805 164.70962524414062 409.2891540527344 164.70962524414062
407.02191162109375 51.97852325439453 441.75601959228516 51.97852325439453 441.75601959228516 171.06673431396484 407.02191162109375 171.06673431396484
401.6271057128906 57.270729064941406 436.0990676879883 57.270729064941406 436.0990676879883 175.4601593017578 401.6271057128906 175.4601593017578
399.256591796875 64.45921325683594 433.49713134765625 64.45921325683594 433.49713134765625 181.85520935058594 399.256591796875 181.85520935058594
396.23626708984375 69.46763610839844 429.94441986083984 69.46763610839844 429.94441986083984 185.03831481933594 396.23626708984375 185.03831481933594
393.4443359375 76.95943450927734 426.9861526489258 76.95943450927734 426.9861526489258 191.95982360839844 393.4443359375 191.95982360839844
391.3973693847656 82.0978012084961 424.71764373779297 82.0978012084961 424.71764373779297 196.3386001586914 391.3973693847656 196.3386001586914
389.17584228515625 87.99475860595703 422.80231857299805 87.99475860595703 422.80231857299805 203.28538513183594 389.17584228515625 203.28538513183594
388.68231201171875 91.17503356933594 422.3254585266113 91.17503356933594 422.3254585266113 206.5228271484375 388.68231201171875 206.5228271484375
388.5180358886719 94.35118103027344 422.61455154418945 94.35118103027344 422.61455154418945 211.25337982177734 388.5180358886719 211.25337982177734
387.3597412109375 99.25756072998047 420.56534576416016 99.25756072998047 420.56534576416016 213.1052017211914 387.3597412109375 213.1052017211914
386.49237060546875 104.70774841308594 419.6392631530762 104.70774841308594 419.6392631530762 218.35411071777344 386.49237060546875 218.35411071777344
385.72235107421875 111.0960464477539 418.8376045227051 111.0960464477539 418.8376045227051 224.6339340209961 385.72235107421875 224.6339340209961
381.46319580078125 117.8599853515625 414.5882263183594 117.8599853515625 414.5882263183594 231.43138122558594 381.46319580078125 231.43138122558594
381.42681884765625 122.38908386230469 414.2908020019531 122.38908386230469 414.2908020019531 235.06546020507812 381.42681884765625 235.06546020507812
381.2251281738281 128.33651733398438 414.2117500305176 128.33651733398438 414.2117500305176 241.43336486816406 381.2251281738281 241.43336486816406
375.28216552734375 134.3046417236328 407.9082260131836 134.3046417236328 407.9082260131836 246.16527557373047 375.28216552734375 246.16527557373047
366.2979431152344 141.0308074951172 398.6575050354004 141.0308074951172 398.6575050354004 251.97772979736328 366.2979431152344 251.97772979736328
367.3633728027344 146.14840698242188 400.1193428039551 146.14840698242188 400.1193428039551 258.45445251464844 367.3633728027344 258.45445251464844
362.02996826171875 153.7434539794922 395.0013732910156 153.7434539794922 395.0013732910156 266.7881317138672 362.02996826171875 266.7881317138672
363.0888977050781 157.1976318359375 396.1882553100586 157.1976318359375 396.1882553100586 270.68101501464844 363.0888977050781 270.68101501464844
364.443359375 164.2417755126953 397.0715103149414 164.2417755126953 397.0715103149414 276.1095962524414 364.443359375 276.1095962524414
345.93768310546875 176.66973876953125 378.19737243652344 176.66973876953125 378.19737243652344 287.27425384521484 345.93768310546875 287.27425384521484
355.29522705078125 178.59799194335938 388.3173065185547 178.59799194335938 388.3173065185547 291.16735076904297 355.29522705078125 291.16735076904297
350.880126953125 180.66775512695312 383.1081123352051 180.66775512695312 383.1081123352051 293.83119201660156 350.880126953125 293.83119201660156
351.29901123046875 187.9876251220703 382.69244956970215 187.9876251220703 382.69244956970215 297.93065643310547 351.29901123046875 297.93065643310547
348.84002685546875 192.5592803955078 380.40029525756836 192.5592803955078 380.40029525756836 300.76578521728516 348.84002685546875 300.76578521728516
345.63812255859375 199.56076049804688 377.2072048187256 199.56076049804688 377.2072048187256 307.79747772216797 345.63812255859375 307.79747772216797
341.88922119140625 210.1838836669922 373.0662479400635 210.1838836669922 373.0662479400635 317.076416015625 341.88922119140625 317.076416015625
338.22979736328125 217.60751342773438 368.7571964263916 217.60751342773438 368.7571964263916 322.2727508544922 338.22979736328125 322.2727508544922
337.832763671875 221.5569305419922 367.90371322631836 221.5569305419922 367.90371322631836 324.6571960449219 337.832763671875 324.6571960449219
332.16339111328125 231.31802368164062 362.1093635559082 231.31802368164062 362.1093635559082 333.9897918701172 332.16339111328125 333.9897918701172
328.99298095703125 239.14492797851562 358.2686004638672 239.14492797851562 358.2686004638672 339.51834869384766 328.99298095703125 339.51834869384766
324.5657958984375 250.2063751220703 354.2103462219238 250.2063751220703 354.2103462219238 351.8446960449219 324.5657958984375 351.8446960449219
320.3005065917969 254.5220489501953 350.06031227111816 254.5220489501953 350.06031227111816 356.5555419921875 320.3005065917969 356.5555419921875
318.1429443359375 261.3481750488281 347.76658058166504 261.3481750488281 347.76658058166504 362.91480255126953 318.1429443359375 362.91480255126953
316.71990966796875 259.51092529296875 346.128454208374 259.51092529296875 346.128454208374 360.34010314941406 316.71990966796875 360.34010314941406
315.1923522949219 262.87506103515625 344.4259948730469 262.87506103515625 344.4259948730469 363.10457611083984 315.1923522949219 363.10457611083984
313.1728210449219 262.6281433105469 342.492977142334 262.6281433105469 342.492977142334 363.15428161621094 313.1728210449219 363.15428161621094
311.02044677734375 261.6249694824219 340.48559188842773 261.6249694824219 340.48559188842773 362.64820861816406 311.02044677734375 362.64820861816406
309.90814208984375 261.34881591796875 339.2637023925781 261.34881591796875 339.2637023925781 361.99634552001953 309.90814208984375 361.99634552001953
307.66424560546875 261.9856262207031 336.6182975769043 261.9856262207031 336.6182975769043 361.2565612792969 307.66424560546875 361.2565612792969
305.1914978027344 260.71771240234375 334.173095703125 260.71771240234375 334.173095703125 360.08309173583984 305.1914978027344 360.08309173583984
301.7231750488281 258.6361083984375 331.3188133239746 258.6361083984375 331.3188133239746 360.1067657470703 301.7231750488281 360.1067657470703
300.677734375 257.30242919921875 330.0836238861084 257.30242919921875 330.0836238861084 358.12252044677734 300.677734375 358.12252044677734
296.8735656738281 258.61083984375 326.1941223144531 258.61083984375 326.1941223144531 359.1383514404297 296.8735656738281 359.1383514404297
294.0443115234375 257.9671936035156 323.0101737976074 257.9671936035156 323.0101737976074 357.2786102294922 294.0443115234375 357.2786102294922
292.83074951171875 258.6371765136719 322.3911533355713 258.6371765136719 322.3911533355713 359.9870147705078 292.83074951171875 359.9870147705078
299.2237243652344 261.32928466796875 328.2156009674072 261.32928466796875 328.2156009674072 360.72989654541016 299.2237243652344 360.72989654541016
304.546630859375 259.3489990234375 333.393009185791 259.3489990234375 333.393009185791 358.2507553100586 304.546630859375 358.2507553100586
311.8089904785156 259.25604248046875 340.74610328674316 259.25604248046875 340.74610328674316 358.46888732910156 311.8089904785156 358.46888732910156
315.3538513183594 256.82696533203125 344.24843406677246 256.82696533203125 344.24843406677246 355.8939971923828 315.3538513183594 355.8939971923828
323.9161071777344 257.1471252441406 352.6261100769043 257.1471252441406 352.6261100769043 355.58131408691406 323.9161071777344 355.58131408691406
326.9912109375 257.8003845214844 355.690486907959 257.8003845214844 355.690486907959 356.1977996826172 326.9912109375 356.1977996826172
335.70452880859375 255.6312255859375 365.14337730407715 255.6312255859375 365.14337730407715 356.56431579589844 335.70452880859375 356.56431579589844
340.0060119628906 254.4696502685547 369.6245231628418 254.4696502685547 369.6245231628418 356.01873779296875 340.0060119628906 356.01873779296875
377.8705749511719 256.635986328125 407.5366401672363 256.635986328125 407.5366401672363 358.3481216430664 377.8705749511719 358.3481216430664
388.7261962890625 248.12417602539062 417.91851806640625 248.12417602539062 417.91851806640625 348.21205139160156 388.7261962890625 348.21205139160156
405.39007568359375 246.71084594726562 434.7486515045166 246.71084594726562 434.7486515045166 347.3687286376953 405.39007568359375 347.3687286376953
419.65740966796875 248.25277709960938 448.97572326660156 248.25277709960938 448.97572326660156 348.77262115478516 419.65740966796875 348.77262115478516
431.84716796875 246.9266815185547 461.0594482421875 246.9266815185547 461.0594482421875 347.08299255371094 431.84716796875 347.08299255371094
437.77606201171875 245.8022003173828 466.73363304138184 245.8022003173828 466.73363304138184 345.08522033691406 437.77606201171875 345.08522033691406
445.2314453125 247.22317504882812 474.01476097106934 247.22317504882812 474.01476097106934 345.9087371826172 445.2314453125 345.9087371826172
450.3338928222656 245.2515411376953 479.2196407318115 245.2515411376953 479.2196407318115 344.2882995605469 450.3338928222656 344.2882995605469
460.02264404296875 244.3959197998047 488.58308029174805 244.3959197998047 488.58308029174805 342.3173294067383 460.02264404296875 342.3173294067383
465.78582763671875 244.2479248046875 494.4680938720703 244.2479248046875 494.4680938720703 342.58702850341797 465.78582763671875 342.58702850341797
472.00262451171875 245.5070037841797 500.38665199279785 245.5070037841797 500.38665199279785 342.8235778808594 472.00262451171875 342.8235778808594
479.392578125 243.3545684814453 507.1926517486572 243.3545684814453 507.1926517486572 338.6690139770508 479.392578125 338.6690139770508
484.7947692871094 243.4062957763672 512.9538154602051 243.4062957763672 512.9538154602051 339.9515075683594 484.7947692871094 339.9515075683594
491.9761657714844 239.8048858642578 520.8610191345215 239.8048858642578 520.8610191345215 338.8385772705078 491.9761657714844 338.8385772705078
500.1398010253906 241.53244018554688 528.728759765625 241.53244018554688 528.728759765625 339.5516357421875 500.1398010253906 339.5516357421875
506.288330078125 241.4263916015625 534.8374519348145 241.4263916015625 534.8374519348145 339.30899810791016 506.288330078125 339.30899810791016
504.1114807128906 239.8119354248047 532.4450721740723 239.8119354248047 532.4450721740723 336.95557403564453 504.1114807128906 336.95557403564453
499.6078186035156 239.551513671875 527.993335723877 239.551513671875 527.993335723877 336.87318420410156 499.6078186035156 336.87318420410156
497.1727600097656 239.96835327148438 525.5520839691162 239.96835327148438 525.5520839691162 337.26879119873047 497.1727600097656 337.26879119873047
493.7997131347656 238.5249786376953 522.3758144378662 238.5249786376953 522.3758144378662 336.5000762939453 493.7997131347656 336.5000762939453
489.97637939453125 238.9696502685547 518.7127494812012 238.9696502685547 518.7127494812012 337.49424743652344 489.97637939453125 337.49424743652344
488.2847595214844 237.3834686279297 517.0397911071777 237.3834686279297 517.0397911071777 335.9720458984375 488.2847595214844 335.9720458984375
486.35638427734375 236.2211456298828 515.1432189941406 236.2211456298828 515.1432189941406 334.9187698364258 486.35638427734375 334.9187698364258
484.9471740722656 234.81777954101562 514.0087890625 234.81777954101562 514.0087890625 334.45750427246094 484.9471740722656 334.45750427246094
482.3912048339844 234.96243286132812 511.6296501159668 234.96243286132812 511.6296501159668 334.0537414550781 482.3912048339844 334.0537414550781
482.42291259765625 234.742431640625 512.3783721923828 234.742431640625 512.3783721923828 333.7639923095703 482.42291259765625 333.7639923095703
479.59222412109375 234.0645294189453 509.2507019042969 234.0645294189453 509.2507019042969 332.97953033447266 479.59222412109375 332.97953033447266
478.92718505859375 234.04177856445312 508.2185935974121 234.04177856445312 508.2185935974121 332.7777862548828 478.92718505859375 332.7777862548828
476.2696838378906 232.7595977783203 505.7256565093994 232.7595977783203 505.7256565093994 331.6764450073242 476.2696838378906 331.6764450073242
477.1778259277344 232.1473846435547 506.1609992980957 232.1473846435547 506.1609992980957 331.5181579589844 477.1778259277344 331.5181579589844
477.01361083984375 229.285888671875 506.46979331970215 229.285888671875 506.46979331970215 330.27840423583984 477.01361083984375 330.27840423583984
474.79498291015625 230.18881225585938 503.8504695892334 230.18881225585938 503.8504695892334 329.80751037597656 474.79498291015625 329.80751037597656
473.839599609375 230.0933380126953 502.27341079711914 230.0933380126953 502.27341079711914 327.58056640625 473.839599609375 327.58056640625
469.0940856933594 229.522216796875 497.3075370788574 229.522216796875 497.3075370788574 326.2539291381836 469.0940856933594 326.2539291381836
466.51898193359375 229.7480926513672 494.6362361907959 229.7480926513672 494.6362361907959 326.1499938964844 466.51898193359375 326.1499938964844
465.57867431640625 230.80697631835938 493.7226142883301 230.80697631835938 493.7226142883301 327.3003692626953 465.57867431640625 327.3003692626953
463.1070861816406 228.4876251220703 491.4266777038574 228.4876251220703 491.4266777038574 325.583251953125 463.1070861816406 325.583251953125
461.36492919921875 228.76290893554688 490.32558250427246 228.76290893554688 490.32558250427246 325.9000473022461 461.36492919921875 325.9000473022461
462.289794921875 227.1796417236328 491.0918083190918 227.1796417236328 491.0918083190918 324.03627014160156 462.289794921875 324.03627014160156
459.79132080078125 230.0032958984375 489.08176612854004 230.0032958984375 489.08176612854004 324.4408874511719 459.79132080078125 324.4408874511719
458.0179748535156 228.92880249023438 487.2950248718262 228.92880249023438 487.2950248718262 323.18980407714844 458.0179748535156 323.18980407714844
457.45050048828125 227.6668243408203 486.1113166809082 227.6668243408203 486.1113166809082 322.0049743652344 457.45050048828125 322.0049743652344
458.06036376953125 232.46359252929688 485.9724063873291 232.46359252929688 485.9724063873291 324.13987731933594 458.06036376953125 324.13987731933594
456.53826904296875 231.3163604736328 483.81840896606445 231.3163604736328 483.81840896606445 322.7836608886719 456.53826904296875 322.7836608886719
453.9234313964844 231.8641815185547 481.7243232727051 231.8641815185547 481.7243232727051 321.7729187011719 453.9234313964844 321.7729187011719
451.3583984375 229.3936767578125 478.95152854919434 229.3936767578125 478.95152854919434 321.25221252441406 451.3583984375 321.25221252441406
449.72125244140625 227.26272583007812 476.71204566955566 227.26272583007812 476.71204566955566 319.8024673461914 449.72125244140625 319.8024673461914
449.24041748046875 224.72314453125 476.3531036376953 224.72314453125 476.3531036376953 317.6808090209961 449.24041748046875 317.6808090209961
447.5201721191406 224.6543731689453 474.3904914855957 224.6543731689453 474.3904914855957 316.78106689453125 447.5201721191406 316.78106689453125
444.2711486816406 225.154296875 471.30124855041504 225.154296875 471.30124855041504 317.8288040161133 444.2711486816406 317.8288040161133
443.37109375 225.56887817382812 470.2178592681885 225.56887817382812 470.2178592681885 317.6148223876953 443.37109375 317.6148223876953
442.053466796875 224.86279296875 469.01012802124023 224.86279296875 469.01012802124023 317.2855224609375 442.053466796875 317.2855224609375
439.60064697265625 227.8208770751953 466.20335960388184 227.8208770751953 466.20335960388184 319.0300750732422 439.60064697265625 319.0300750732422
438.69122314453125 226.1754913330078 465.2245178222656 226.1754913330078 465.2245178222656 317.1466827392578 438.69122314453125 317.1466827392578
435.123779296875 227.3782501220703 461.493465423584 227.3782501220703 461.493465423584 317.45650482177734 435.123779296875 317.45650482177734
433.3182678222656 224.8543243408203 459.77610778808594 224.8543243408203 459.77610778808594 315.37852478027344 433.3182678222656 315.37852478027344
432.6041564941406 226.27890014648438 459.074031829834 226.27890014648438 459.074031829834 314.65808868408203 432.6041564941406 314.65808868408203
431.80126953125 227.9966278076172 458.10634994506836 227.9966278076172 458.10634994506836 313.15020751953125 431.80126953125 313.15020751953125
430.40509033203125 227.3790740966797 457.0222969055176 227.3790740966797 457.0222969055176 313.02500915527344 430.40509033203125 313.02500915527344
428.8575134277344 225.59786987304688 455.2432060241699 225.59786987304688 455.2432060241699 313.94615173339844 428.8575134277344 313.94615173339844
426.74530029296875 224.2154541015625 453.1308650970459 224.2154541015625 453.1308650970459 311.72412109375 426.74530029296875 311.72412109375
423.63507080078125 224.1032257080078 449.9746971130371 224.1032257080078 449.9746971130371 310.57310485839844 423.63507080078125 310.57310485839844
425.08740234375 221.4558868408203 451.4627170562744 221.4558868408203 451.4627170562744 310.1999206542969 425.08740234375 310.1999206542969
424.15020751953125 221.23782348632812 450.3458251953125 221.23782348632812 450.3458251953125 311.15592193603516 424.15020751953125 311.15592193603516
422.3226013183594 219.40597534179688 448.2173824310303 219.40597534179688 448.2173824310303 310.2987594604492 422.3226013183594 310.2987594604492
420.9000549316406 217.94265747070312 446.9608211517334 217.94265747070312 446.9608211517334 307.12303161621094 420.9000549316406 307.12303161621094
420.3408203125 218.03018188476562 446.0765323638916 218.03018188476562 446.0765323638916 306.5859832763672 420.3408203125 306.5859832763672
419.5888671875 219.01480102539062 445.7318916320801 219.01480102539062 445.7318916320801 308.6479187011719 419.5888671875 308.6479187011719
417.09002685546875 220.81460571289062 443.01052474975586 220.81460571289062 443.01052474975586 309.6847839355469 417.09002685546875 309.6847839355469
416.13043212890625 220.8165740966797 442.05433654785156 220.8165740966797 442.05433654785156 309.6984329223633 416.13043212890625 309.6984329223633
415.533935546875 220.112548828125 440.9337577819824 220.112548828125 440.9337577819824 307.1975631713867 415.533935546875 307.1975631713867
412.6607360839844 220.4091033935547 437.79804611206055 220.4091033935547 437.79804611206055 306.5940856933594 412.6607360839844 306.5940856933594
412.927734375 220.01748657226562 438.1911430358887 220.01748657226562 438.1911430358887 306.6347961425781 412.927734375 306.6347961425781
411.1016540527344 219.30105590820312 436.5053367614746 219.30105590820312 436.5053367614746 306.06578063964844 411.1016540527344 306.06578063964844
408.8070373535156 220.36367797851562 434.8936653137207 220.36367797851562 434.8936653137207 304.4115753173828 408.8070373535156 304.4115753173828
