202.0 298.0 258.0 298.0 258.0 423.0 202.0 423.0
200.4509735107422 297.5478515625 254.7041244506836 297.5478515625 254.7041244506836 422.72025299072266 200.4509735107422 422.72025299072266
197.51271057128906 295.93798828125 252.8183364868164 295.93798828125 252.8183364868164 420.14404296875 197.51271057128906 420.14404296875
196.34054565429688 297.70928955078125 250.3030014038086 297.70928955078125 250.3030014038086 420.7239761352539 196.34054565429688 420.7239761352539
196.34201049804688 298.14410400390625 247.57327270507812 298.14410400390625 247.57327270507812 418.791748046875 196.34201049804688 418.791748046875
194.3300323486328 296.5503845214844 245.20246124267578 296.5503845214844 245.20246124267578 417.6051712036133 194.3300323486328 417.6051712036133
192.06362915039062 294.86383056640625 242.90683364868164 294.86383056640625 242.90683364868164 416.73968505859375 192.06362915039062 416.73968505859375
190.00973510742188 294.8500061035156 241.83232879638672 294.8500061035156 241.83232879638672 415.6170196533203 190.00973510742188 415.6170196533203
188.61227416992188 294.348876953125 239.56055450439453 294.348876953125 239.56055450439453 414.3485336303711 188.61227416992188 414.3485336303711
188.06985473632812 293.0633850097656 238.22524642944336 293.0633850097656 238.22524642944336 413.7745895385742 188.06985473632812 413.7745895385742
186.97421264648438 293.28570556640625 235.49591827392578 293.28570556640625 235.49591827392578 414.49527740478516 186.97421264648438 414.49527740478516
185.3236083984375 291.1456604003906 234.88796997070312 291.1456604003906 234.88796997070312 412.9779968261719 185.3236083984375 412.9779968261719
183.3450469970703 290.94818115234375 232.73632431030273 290.94818115234375 232.73632431030273 411.9611358642578 183.3450469970703 411.9611358642578
181.14796447753906 290.20556640625 230.39471435546875 290.20556640625 230.39471435546875 409.95377349853516 181.14796447753906 409.95377349853516
180.84133911132812 290.1394348144531 228.7219009399414 290.1394348144531 228.7219009399414 407.87596130371094 180.84133911132812 407.87596130371094
179.30731201171875 289.3338317871094 226.60454559326172 289.3338317871094 226.60454559326172 406.94322204589844 179.30731201171875 406.94322204589844
178.1082000732422 286.3818359375 225.14081573486328 286.3818359375 225.14081573486328 407.6285858154297 178.1082000732422 407.6285858154297
176.97921752929688 287.5031433105469 224.57802963256836 287.5031433105469 224.57802963256836 405.14231872558594 176.97921752929688 405.14231872558594
176.44969177246094 287.17584228515625 222.98491287231445 287.17584228515625 222.98491287231445 404.2564697265625 176.44969177246094 404.2564697265625
173.49220275878906 283.9979553222656 222.0758514404297 283.9979553222656 222.0758514404297 403.23889923095703 173.49220275878906 403.23889923095703
172.58261108398438 284.35205078125 220.85386657714844 284.35205078125 220.85386657714844 404.47696685791016 172.58261108398438 404.47696685791016
171.74586486816406 282.4921875 219.26781463623047 282.4921875 219.26781463623047 403.32225036621094 171.74586486816406 403.32225036621094
171.3242645263672 281.5704650878906 218.25699615478516 281.5704650878906 218.25699615478516 401.40198516845703 171.3242645263672 401.40198516845703
170.618896484375 282.67633056640625 217.98861694335938 282.67633056640625 217.98861694335938 400.84517669677734 170.618896484375 400.84517669677734
170.0821990966797 281.32537841796875 217.5739974975586 281.32537841796875 217.5739974975586 398.5972671508789 170.0821990966797 398.5972671508789
170.19644165039062 280.47686767578125 216.49555206298828 280.47686767578125 216.49555206298828 398.23299407958984 170.19644165039062 398.23299407958984
169.95169067382812 278.60040283203125 216.83984756469727 278.60040283203125 216.83984756469727 396.4335174560547 169.95169067382812 396.4335174560547
169.35740661621094 276.08477783203125 216.1053810119629 276.08477783203125 216.1053810119629 395.2527313232422 169.35740661621094 395.2527313232422
170.2625274658203 276.75909423828125 215.51152801513672 276.75909423828125 215.51152801513672 392.31742095947266 170.2625274658203 392.31742095947266
170.13052368164062 274.68310546875 215.26179122924805 274.68310546875 215.26179122924805 391.78028869628906 170.13052368164062 391.78028869628906
170.03466796875 273.97467041015625 214.7229232788086 273.97467041015625 214.7229232788086 390.86019134521484 170.03466796875 390.86019134521484
169.67881774902344 273.588623046875 213.57644271850586 273.588623046875 213.57644271850586 389.58748626708984 169.67881774902344 389.58748626708984
169.97337341308594 273.1394348144531 214.48734283447266 273.1394348144531 214.48734283447266 386.65821838378906 169.97337341308594 386.65821838378906
170.51071166992188 273.26165771484375 213.8821792602539 273.26165771484375 213.8821792602539 386.1359634399414 170.51071166992188 386.1359634399414
171.0321044921875 273.20550537109375 214.13734817504883 273.20550537109375 214.13734817504883 385.14540100097656 171.0321044921875 385.14540100097656
171.22512817382812 272.47576904296875 214.16039276123047 272.47576904296875 214.16039276123047 384.1318130493164 171.22512817382812 384.1318130493164
171.44900512695312 273.5956115722656 214.63241577148438 273.5956115722656 214.63241577148438 382.1914367675781 171.44900512695312 382.1914367675781
172.3114776611328 271.53900146484375 215.78345489501953 271.53900146484375 215.78345489501953 381.5599594116211 172.3114776611328 381.5599594116211
173.18844604492188 270.5389404296875 216.15357208251953 270.5389404296875 216.15357208251953 380.1517333984375 173.18844604492188 380.1517333984375
173.72683715820312 271.0105895996094 217.25980377197266 271.0105895996094 217.25980377197266 377.7021789550781 173.72683715820312 377.7021789550781
174.09762573242188 269.758056640625 218.06643295288086 269.758056640625 218.06643295288086 376.8351821899414 174.09762573242188 376.8351821899414
175.19692993164062 269.30438232421875 218.97957229614258 269.30438232421875 218.97957229614258 376.81256103515625 175.19692993164062 376.81256103515625
176.03466796875 268.73089599609375 220.03934478759766 268.73089599609375 220.03934478759766 377.19398498535156 176.03466796875 377.19398498535156
176.8687744140625 267.14959716796875 220.97766876220703 267.14959716796875 220.97766876220703 377.30430603027344 176.8687744140625 377.30430603027344
178.372802734375 266.1891174316406 223.4156265258789 266.1891174316406 223.4156265258789 374.8705291748047 178.372802734375 374.8705291748047
179.03170776367188 268.0142517089844 224.37287521362305 268.0142517089844 224.37287521362305 373.2631301879883 179.03170776367188 373.2631301879883
181.079833984375 267.285400390625 226.75532913208008 267.285400390625 226.75532913208008 371.9063949584961 181.079833984375 371.9063949584961
182.63621520996094 266.26043701171875 229.19756317138672 266.26043701171875 229.19756317138672 371.51139068603516 182.63621520996094 371.51139068603516
185.36805725097656 266.1656188964844 232.07903671264648 266.1656188964844 232.07903671264648 370.0200729370117 185.36805725097656 370.0200729370117
190.036376953125 266.8158264160156 240.78424453735352 266.8158264160156 240.78424453735352 367.46326446533203 190.036376953125 367.46326446533203
191.35354614257812 263.23309326171875 244.95994186401367 263.23309326171875 244.95994186401367 365.40145111083984 191.35354614257812 365.40145111083984
194.601806640625 266.39569091796875 245.92471313476562 266.39569091796875 245.92471313476562 364.68304443359375 194.601806640625 364.68304443359375
196.2328338623047 265.8158264160156 247.8818130493164 265.8158264160156 247.8818130493164 363.0768356323242 196.2328338623047 363.0768356323242
203.1747283935547 263.50897216796875 257.27712631225586 263.50897216796875 257.27712631225586 360.41991424560547 203.1747283935547 360.41991424560547
205.3125 260.8948974609375 261.2239303588867 260.8948974609375 261.2239303588867 360.96527099609375 205.3125 360.96527099609375
208.30715942382812 260.8757629394531 263.78679275512695 260.8757629394531 263.78679275512695 360.0719223022461 208.30715942382812 360.0719223022461
210.9522247314453 261.4667053222656 267.6637420654297 261.4667053222656 267.6637420654297 358.7761535644531 210.9522247314453 358.7761535644531
212.4260711669922 262.10479736328125 269.47095108032227 262.10479736328125 269.47095108032227 357.9326629638672 212.4260711669922 357.9326629638672
215.900390625 260.1015930175781 271.3135757446289 260.1015930175781 271.3135757446289 357.40025329589844 215.900390625 357.40025329589844
218.35165405273438 259.610595703125 274.9960746765137 259.610595703125 274.9960746765137 358.62276458740234 218.35165405273438 358.62276458740234
222.9154052734375 256.1670227050781 277.44759368896484 256.1670227050781 277.44759368896484 356.1593322753906 222.9154052734375 356.1593322753906
224.14462280273438 257.3280944824219 280.1387748718262 257.3280944824219 280.1387748718262 355.3513641357422 224.14462280273438 355.3513641357422
227.867431640625 256.50604248046875 283.8755683898926 256.50604248046875 283.8755683898926 353.9358596801758 227.867431640625 353.9358596801758
229.5900421142578 254.29052734375 284.09971618652344 254.29052734375 284.09971618652344 354.19007873535156 229.5900421142578 354.19007873535156
232.2147979736328 254.552734375 286.86856842041016 254.552734375 286.86856842041016 354.6432113647461 232.2147979736328 354.6432113647461
235.8098602294922 252.84255981445312 290.432186126709 252.84255981445312 290.432186126709 352.85252380371094 235.8098602294922 352.85252380371094
239.1342010498047 251.6445770263672 294.4089012145996 251.6445770263672 294.4089012145996 352.94449615478516 239.1342010498047 352.94449615478516
241.76510620117188 250.86380004882812 295.6153259277344 250.86380004882812 295.6153259277344 352.58092498779297 241.76510620117188 352.58092498779297
245.6082305908203 249.6774139404297 298.5700149536133 249.6774139404297 298.5700149536133 351.6281433105469 245.6082305908203 351.6281433105469
246.6790313720703 250.52847290039062 300.28015899658203 250.52847290039062 300.28015899658203 350.9261016845703 246.6790313720703 350.9261016845703
249.370849609375 250.2327880859375 304.5646438598633 250.2327880859375 304.5646438598633 348.195068359375 249.370849609375 348.195068359375
249.5314178466797 248.5283660888672 306.19405364990234 248.5283660888672 306.19405364990234 348.6528549194336 249.5314178466797 348.6528549194336
255.3263397216797 247.38577270507812 312.137882232666 247.38577270507812 312.137882232666 347.8820114135742 255.3263397216797 347.8820114135742
257.712646484375 249.4283905029297 314.3276672363281 249.4283905029297 314.3276672363281 347.4916305541992 257.712646484375 347.4916305541992
260.9943542480469 249.39950561523438 317.4675712585449 249.39950561523438 317.4675712585449 346.00061798095703 260.9943542480469 346.00061798095703
264.8075256347656 246.67514038085938 320.8622512817383 246.67514038085938 320.8622512817383 345.4050521850586 264.8075256347656 345.4050521850586
267.54791259765625 246.8480224609375 323.2875862121582 246.8480224609375 323.2875862121582 344.4065704345703 267.54791259765625 344.4065704345703
271.376708984375 248.0431671142578 329.6929817199707 248.0431671142578 329.6929817199707 344.4266128540039 271.376708984375 344.4266128540039
274.36187744140625 245.3765106201172 331.6254768371582 245.3765106201172 331.6254768371582 344.26856231689453 274.36187744140625 344.26856231689453
278.58380126953125 246.03347778320312 336.7084846496582 246.03347778320312 336.7084846496582 343.2500305175781 278.58380126953125 343.2500305175781
283.9278869628906 246.901611328125 343.8627700805664 246.901611328125 343.8627700805664 340.4952087402344 283.9278869628906 340.4952087402344
286.0163269042969 244.828369140625 345.59976959228516 244.828369140625 345.59976959228516 339.6831817626953 286.0163269042969 339.6831817626953
291.35321044921875 244.1212921142578 351.4671745300293 244.1212921142578 351.4671745300293 339.0635070800781 291.35321044921875 339.0635070800781
294.35009765625 243.57421875 353.7844924926758 243.57421875 353.7844924926758 338.94249725341797 294.35009765625 338.94249725341797
300.3324890136719 241.079833984375 358.20820236206055 241.079833984375 358.20820236206055 338.13671875 300.3324890136719 338.13671875
301.8251647949219 241.3029327392578 360.9427299499512 241.3029327392578 360.9427299499512 338.8232116699219 301.8251647949219 338.8232116699219
306.9252624511719 240.87026977539062 365.5484085083008 240.87026977539062 365.5484085083008 337.55906677246094 306.9252624511719 337.55906677246094
310.4259033203125 241.40957641601562 368.4204216003418 241.40957641601562 368.4204216003418 337.1045684814453 310.4259033203125 337.1045684814453
311.4295959472656 241.21334838867188 370.0759048461914 241.21334838867188 370.0759048461914 336.8179168701172 311.4295959472656 336.8179168701172
315.8982849121094 240.9527130126953 374.4155082702637 240.9527130126953 374.4155082702637 336.4319381713867 315.8982849121094 336.4319381713867
319.9699401855469 240.07107543945312 376.77214431762695 240.07107543945312 376.77214431762695 335.92576599121094 319.9699401855469 335.92576599121094
322.18231201171875 240.6460418701172 378.82000732421875 240.6460418701172 378.82000732421875 332.56494903564453 322.18231201171875 332.56494903564453
325.40216064453125 241.74618530273438 383.1321830749512 241.74618530273438 383.1321830749512 332.3170852661133 325.40216064453125 332.3170852661133
327.7584228515625 239.42245483398438 384.7126045227051 239.42245483398438 384.7126045227051 333.1325225830078 327.7584228515625 333.1325225830078
331.2347106933594 239.83145141601562 387.1564521789551 239.83145141601562 387.1564521789551 333.04796600341797 331.2347106933594 333.04796600341797
333.44512939453125 240.66543579101562 390.6095886230469 240.66543579101562 390.6095886230469 333.301513671875 333.44512939453125 333.301513671875
336.93035888671875 238.99722290039062 392.60413360595703 238.99722290039062 392.60413360595703 332.77747344970703 336.93035888671875 332.77747344970703
338.4120788574219 238.496826171875 392.91626739501953 238.496826171875 392.91626739501953 332.3752670288086 338.4120788574219 332.3752670288086
340.05169677734375 237.0482635498047 393.8970718383789 237.0482635498047 393.8970718383789 330.6474075317383 340.05169677734375 330.6474075317383
343.5010070800781 236.0222625732422 395.2851867675781 236.0222625732422 395.2851867675781 330.0038757324219 343.5010070800781 330.0038757324219
346.0525817871094 234.9034423828125 397.18043518066406 234.9034423828125 397.18043518066406 331.1179656982422 346.0525817871094 331.1179656982422
347.92169189453125 234.72915649414062 397.7175598144531 234.72915649414062 397.7175598144531 329.8335494995117 347.92169189453125 329.8335494995117
350.26458740234375 234.91360473632812 398.7544860839844 234.91360473632812 398.7544860839844 328.9882507324219 350.26458740234375 328.9882507324219
353.1380920410156 232.98779296875 399.6045341491699 232.98779296875 399.6045341491699 329.8526077270508 353.1380920410156 329.8526077270508
358.6953125 232.03897094726562 404.54077911376953 232.03897094726562 404.54077911376953 326.9182357788086 358.6953125 326.9182357788086
360.8550720214844 230.99221801757812 406.7091979980469 230.99221801757812 406.7091979980469 326.5245819091797 360.8550720214844 326.5245819091797
367.21844482421875 227.47900390625 409.81727600097656 227.47900390625 409.81727600097656 323.63697814941406 367.21844482421875 323.63697814941406
369.413818359375 226.5859375 411.3957977294922 226.5859375 411.3957977294922 324.0336151123047 369.413818359375 324.0336151123047
371.08526611328125 226.6486358642578 414.7155532836914 226.6486358642578 414.7155532836914 322.32091522216797 371.08526611328125 322.32091522216797
372.67926025390625 226.24996948242188 415.5108184814453 226.24996948242188 415.5108184814453 320.3632354736328 372.67926025390625 320.3632354736328
374.49444580078125 226.8954315185547 416.42065048217773 226.8954315185547 416.42065048217773 321.3305358886719 374.49444580078125 321.3305358886719
376.7801208496094 226.1265869140625 417.91382598876953 226.1265869140625 417.91382598876953 319.7344207763672 376.7801208496094 319.7344207763672
378.2740478515625 224.33108520507812 421.0619888305664 224.33108520507812 421.0619888305664 318.1159210205078 378.2740478515625 318.1159210205078
379.2900390625 225.6808319091797 422.2958869934082 225.6808319091797 422.2958869934082 317.71875 379.2900390625 317.71875
381.39093017578125 225.4889373779297 424.28461837768555 225.4889373779297 424.28461837768555 317.7592468261719 381.39093017578125 317.7592468261719
382.5967712402344 224.7062225341797 424.8176498413086 224.7062225341797 424.8176498413086 317.5368194580078 382.5967712402344 317.5368194580078
384.98406982421875 224.3377227783203 427.9301109313965 224.3377227783203 427.9301109313965 316.12281036376953 384.98406982421875 316.12281036376953
386.0101013183594 225.0781707763672 429.22021484375 225.0781707763672 429.22021484375 317.1448440551758 386.0101013183594 317.1448440551758
388.1055603027344 223.6145477294922 430.496883392334 223.6145477294922 430.496883392334 316.0155258178711 388.1055603027344 316.0155258178711
390.40960693359375 226.03469848632812 432.5726547241211 226.03469848632812 432.5726547241211 315.3285598754883 390.40960693359375 315.3285598754883
390.8912658691406 224.16836547851562 433.9512634277344 224.16836547851562 433.9512634277344 313.98612213134766 390.8912658691406 313.98612213134766
392.88671875 225.85244750976562 435.4438896179199 225.85244750976562 435.4438896179199 313.9269104003906 392.88671875 313.9269104003906
394.0837707519531 225.08590698242188 436.0675468444824 225.08590698242188 436.0675468444824 312.6753921508789 394.0837707519531 312.6753921508789
395.3394470214844 226.21371459960938 437.59881591796875 226.21371459960938 437.59881591796875 312.0588836669922 395.3394470214844 312.0588836669922
397.0797119140625 223.33505249023438 440.35557556152344 223.33505249023438 440.35557556152344 310.21527099609375 397.0797119140625 310.21527099609375
397.6413879394531 222.2767333984375 440.3296127319336 222.2767333984375 440.3296127319336 311.15123748779297 397.6413879394531 311.15123748779297
399.6009826660156 222.12435913085938 442.51395416259766 222.12435913085938 442.51395416259766 309.8659210205078 399.6009826660156 309.8659210205078
401.09283447265625 221.40939331054688 443.6994514465332 221.40939331054688 443.6994514465332 310.42942810058594 401.09283447265625 310.42942810058594
402.2384338378906 219.72091674804688 445.3204116821289 219.72091674804688 445.3204116821289 309.7536163330078 402.2384338378906 309.7536163330078
404.157470703125 218.2161407470703 446.7007598876953 218.2161407470703 446.7007598876953 309.29786682128906 404.157470703125 309.29786682128906
405.2693176269531 217.7990264892578 448.21520233154297 217.7990264892578 448.21520233154297 309.4890365600586 405.2693176269531 309.4890365600586
407.24151611328125 217.4072265625 449.4804458618164 217.4072265625 449.4804458618164 308.76832580566406 407.24151611328125 308.76832580566406
408.2630920410156 216.05746459960938 452.0691375732422 216.05746459960938 452.0691375732422 308.67737579345703 408.2630920410156 308.67737579345703
409.9801330566406 214.9895782470703 452.9465866088867 214.9895782470703 452.9465866088867 308.6855773925781 409.9801330566406 308.6855773925781
412.63671875 218.48184204101562 454.64482498168945 218.48184204101562 454.64482498168945 307.1388244628906 412.63671875 307.1388244628906
414.146728515625 216.0340576171875 455.56538009643555 216.0340576171875 455.56538009643555 307.49217987060547 414.146728515625 307.49217987060547
415.42681884765625 212.91018676757812 457.43358612060547 212.91018676757812 457.43358612060547 306.87857818603516 415.42681884765625 306.87857818603516
416.755126953125 212.8531036376953 458.14573669433594 212.8531036376953 458.14573669433594 305.9653091430664 416.755126953125 305.9653091430664
417.37396240234375 211.9439239501953 459.99218368530273 211.9439239501953 459.99218368530273 304.9382629394531 417.37396240234375 304.9382629394531
418.8059997558594 211.53591918945312 460.41821670532227 211.53591918945312 460.41821670532227 303.4009094238281 418.8059997558594 303.4009094238281
419.3125 209.05386352539062 460.6931037902832 209.05386352539062 460.6931037902832 304.1374816894531 419.3125 304.1374816894531
420.1392517089844 209.0857391357422 462.32108306884766 209.0857391357422 462.32108306884766 303.4849166870117 420.1392517089844 303.4849166870117
422.27032470703125 207.2484893798828 464.1366081237793 207.2484893798828 464.1366081237793 302.18196868896484 422.27032470703125 302.18196868896484
423.2691955566406 209.4104461669922 464.0676078796387 209.4104461669922 464.0676078796387 301.4667510986328 423.2691955566406 301.4667510986328
423.29522705078125 207.0751953125 465.1545867919922 207.0751953125 465.1545867919922 301.22679901123047 423.29522705078125 301.22679901123047
424.58013916015625 205.99960327148438 465.6264953613281 205.99960327148438 465.6264953613281 300.69407653808594 424.58013916015625 300.69407653808594
424.85919189453125 205.79751586914062 464.9085464477539 205.79751586914062 464.9085464477539 299.57142639160156 424.85919189453125 299.57142639160156
425.84539794921875 204.6891632080078 465.91905975341797 204.6891632080078 465.91905975341797 299.21392822265625 425.84539794921875 299.21392822265625
425.5941467285156 204.2431182861328 465.3462448120117 204.2431182861328 465.3462448120117 299.1343994140625 425.5941467285156 299.1343994140625
425.68524169921875 203.6647491455078 466.19686126708984 203.6647491455078 466.19686126708984 298.2359848022461 425.68524169921875 298.2359848022461
425.962158203125 203.1190185546875 466.0030326843262 203.1190185546875 466.0030326843262 298.20279693603516 425.962158203125 298.20279693603516
426.7371520996094 202.04820251464844 466.33121490478516 202.04820251464844 466.33121490478516 296.37703704833984 426.7371520996094 296.37703704833984
426.64776611328125 204.1844024658203 465.8452491760254 204.1844024658203 465.8452491760254 295.93524169921875 426.64776611328125 295.93524169921875
427.273193359375 203.7955780029297 465.62134170532227 203.7955780029297 465.62134170532227 295.9492492675781 427.273193359375 295.9492492675781
426.673095703125 202.18544006347656 465.64869689941406 202.18544006347656 465.64869689941406 294.7119598388672 426.673095703125 294.7119598388672
426.7236328125 204.55819702148438 465.5237922668457 204.55819702148438 465.5237922668457 295.0454864501953 426.7236328125 295.0454864501953
428.0352478027344 201.96328735351562 466.51602935791016 201.96328735351562 466.51602935791016 292.96263122558594 428.0352478027344 292.96263122558594
428.3233947753906 203.9382781982422 466.1831588745117 203.9382781982422 466.1831588745117 292.7573547363281 428.3233947753906 292.7573547363281
428.38092041015625 203.56863403320312 466.3388977050781 203.56863403320312 466.3388977050781 292.3494186401367 428.38092041015625 292.3494186401367
428.42523193359375 202.0326690673828 466.40711212158203 202.0326690673828 466.40711212158203 291.24263763427734 428.42523193359375 291.24263763427734
428.44659423828125 201.99169921875 466.2805976867676 201.99169921875 466.2805976867676 290.99378204345703 428.44659423828125 290.99378204345703
428.70855712890625 201.798828125 466.9512023925781 201.798828125 466.9512023925781 290.4415054321289 428.70855712890625 290.4415054321289
429.2953186035156 201.9768829345703 466.6109809875488 201.9768829345703 466.6109809875488 290.3914489746094 429.2953186035156 290.3914489746094
429.2525329589844 202.1123504638672 466.22130584716797 202.1123504638672 466.22130584716797 289.7657165527344 429.2525329589844 289.7657165527344
429.7635803222656 201.30734252929688 467.18143463134766 201.30734252929688 467.18143463134766 287.97815704345703 429.7635803222656 287.97815704345703
429.9310607910156 201.3072967529297 466.67753982543945 201.3072967529297 466.67753982543945 288.2796936035156 429.9310607910156 288.2796936035156
429.374755859375 201.27615356445312 467.10900115966797 201.27615356445312 467.10900115966797 288.37599182128906 429.374755859375 288.37599182128906
430.0126037597656 214.492431640625 469.6087837219238 214.492431640625 469.6087837219238 306.13829040527344 430.0126037597656 306.13829040527344
431.6639709472656 247.9461212158203 471.50490951538086 247.9461212158203 471.50490951538086 336.8767623901367 431.6639709472656 336.8767623901367
432.86578369140625 268.9906005859375 472.5602493286133 268.9906005859375 472.5602493286133 357.5942916870117 432.86578369140625 357.5942916870117
432.67828369140625 273.3034973144531 469.3276252746582 273.3034973144531 469.3276252746582 365.2546844482422 432.67828369140625 365.2546844482422
432.54608154296875 273.7710876464844 469.65447998046875 273.7710876464844 469.65447998046875 364.2902069091797 432.54608154296875 364.2902069091797
432.34619140625 272.0009765625 469.87357330322266 272.0009765625 469.87357330322266 362.84412384033203 432.34619140625 362.84412384033203
432.94744873046875 274.3619384765625 470.01782608032227 274.3619384765625 470.01782608032227 364.06510162353516 432.94744873046875 364.06510162353516
432.3124084472656 272.81256103515625 469.6722183227539 272.81256103515625 469.6722183227539 361.26451110839844 432.3124084472656 361.26451110839844
432.36651611328125 274.3885192871094 469.9663314819336 274.3885192871094 469.9663314819336 361.6168670654297 432.36651611328125 361.6168670654297
431.70318603515625 274.35296630859375 468.51974868774414 274.35296630859375 468.51974868774414 360.47584533691406 431.70318603515625 360.47584533691406
431.30322265625 274.71630859375 469.98249435424805 274.71630859375 469.98249435424805 361.16795349121094 431.30322265625 361.16795349121094
430.66033935546875 275.24169921875 468.8031997680664 275.24169921875 468.8031997680664 360.7862243652344 430.66033935546875 360.7862243652344
430.91094970703125 275.1854248046875 468.4277572631836 275.1854248046875 468.4277572631836 359.1526870727539 430.91094970703125 359.1526870727539
429.69952392578125 273.774658203125 467.5154495239258 273.774658203125 467.5154495239258 359.37549591064453 429.69952392578125 359.37549591064453
428.9275817871094 274.8819885253906 467.0368309020996 274.8819885253906 467.0368309020996 360.24180603027344 428.9275817871094 360.24180603027344
428.5851135253906 273.3235778808594 467.0857849121094 273.3235778808594 467.0857849121094 360.03528594970703 428.5851135253906 360.03528594970703
428.47442626953125 274.43402099609375 466.8349838256836 274.43402099609375 466.8349838256836 360.0602569580078 428.47442626953125 360.0602569580078
427.7115173339844 276.5227966308594 465.552734375 276.5227966308594 465.552734375 360.9897918701172 427.7115173339844 360.9897918701172
427.63287353515625 290.40765380859375 465.25704193115234 290.40765380859375 465.25704193115234 374.39017486572266 427.63287353515625 374.39017486572266
427.6258239746094 306.8924255371094 465.5568199157715 306.8924255371094 465.5568199157715 391.55982971191406 427.6258239746094 391.55982971191406
426.2177734375 328.5277404785156 463.8872528076172 328.5277404785156 463.8872528076172 412.6114044189453 426.2177734375 412.6114044189453
427.24786376953125 360.34332275390625 465.4127769470215 360.34332275390625 465.4127769470215 445.53287506103516 427.24786376953125 445.53287506103516
424.8597717285156 360.79681396484375 462.7051811218262 360.79681396484375 462.7051811218262 445.273193359375 424.8597717285156 445.273193359375
425.11260986328125 359.26861572265625 463.52564239501953 359.26861572265625 463.52564239501953 445.0120162963867 425.11260986328125 445.0120162963867
425.0799255371094 359.8587951660156 463.8704643249512 359.8587951660156 463.8704643249512 446.44483947753906 425.0799255371094 446.44483947753906
422.9039611816406 358.27069091796875 461.8583221435547 358.27069091796875 461.8583221435547 445.6717987060547 422.9039611816406 445.6717987060547
422.9532165527344 359.44793701171875 461.8888740539551 359.44793701171875 461.8888740539551 446.23638916015625 422.9532165527344 446.23638916015625
421.67706298828125 359.58367919921875 459.9234809875488 359.58367919921875 459.9234809875488 446.1295166015625 421.67706298828125 446.1295166015625
421.85028076171875 359.71612548828125 459.4779739379883 359.71612548828125 459.4779739379883 443.956298828125 421.85028076171875 443.956298828125
420.08026123046875 357.00189208984375 457.5651626586914 357.00189208984375 457.5651626586914 442.0702667236328 420.08026123046875 442.0702667236328
419.09393310546875 359.9088134765625 456.1720275878906 359.9088134765625 456.1720275878906 442.7018585205078 419.09393310546875 442.7018585205078
418.7877502441406 358.9999084472656 455.9757385253906 358.9999084472656 455.9757385253906 442.3566436767578 418.7877502441406 442.3566436767578
418.68975830078125 355.9259948730469 455.9347381591797 355.9259948730469 455.9347381591797 438.98707580566406 418.68975830078125 438.98707580566406
417.16546630859375 358.0835876464844 453.4849624633789 358.0835876464844 453.4849624633789 439.4419479370117 417.16546630859375 439.4419479370117
417.81243896484375 357.8232727050781 454.61893463134766 357.8232727050781 454.61893463134766 439.2248992919922 417.81243896484375 439.2248992919922
416.55810546875 357.8099365234375 452.7471618652344 357.8099365234375 452.7471618652344 438.39359283447266 416.55810546875 438.39359283447266
415.6484375 358.711181640625 452.57483673095703 358.711181640625 452.57483673095703 438.3137435913086 415.6484375 438.3137435913086
415.767578125 358.8049011230469 451.67403411865234 358.8049011230469 451.67403411865234 437.9047088623047 415.767578125 437.9047088623047
415.48016357421875 358.11639404296875 451.55574798583984 358.11639404296875 451.55574798583984 436.1283721923828 415.48016357421875 436.1283721923828
415.29962158203125 358.00445556640625 451.4577217102051 358.00445556640625 451.4577217102051 436.91820526123047 415.29962158203125 436.91820526123047
413.7804260253906 357.71734619140625 449.8818550109863 357.71734619140625 449.8818550109863 435.4772491455078 413.7804260253906 435.4772491455078
413.601318359375 357.2064514160156 449.39648056030273 357.2064514160156 449.39648056030273 435.52122497558594 413.601318359375 435.52122497558594
412.95989990234375 355.66021728515625 449.75050354003906 355.66021728515625 449.75050354003906 434.1101837158203 412.95989990234375 434.1101837158203
412.5096130371094 356.1541748046875 447.7971839904785 356.1541748046875 447.7971839904785 433.41060638427734 412.5096130371094 433.41060638427734
412.79266357421875 355.0159606933594 448.2273368835449 355.0159606933594 448.2273368835449 433.71482849121094 412.79266357421875 433.71482849121094
411.84930419921875 355.89971923828125 446.92700958251953 355.89971923828125 446.92700958251953 433.120849609375 411.84930419921875 433.120849609375
410.4268493652344 355.2405090332031 445.99560546875 355.2405090332031 445.99560546875 432.0938949584961 410.4268493652344 432.0938949584961
410.42962646484375 355.91180419921875 445.7645378112793 355.91180419921875 445.7645378112793 432.2781677246094 410.42962646484375 432.2781677246094
409.60699462890625 354.32208251953125 445.19780349731445 354.32208251953125 445.19780349731445 432.1320037841797 409.60699462890625 432.1320037841797
409.65771484375 355.05511474609375 445.2735176086426 355.05511474609375 445.2735176086426 432.44810485839844 409.65771484375 432.44810485839844
408.48272705078125 353.4937438964844 444.28290939331055 353.4937438964844 444.28290939331055 430.8162155151367 408.48272705078125 430.8162155151367
407.2882995605469 355.1298828125 442.9119682312012 355.1298828125 442.9119682312012 430.62259674072266 407.2882995605469 430.62259674072266
407.48828125 355.6983337402344 442.41887283325195 355.6983337402344 442.41887283325195 430.4387741088867 407.48828125 430.4387741088867
406.4497985839844 354.9941101074219 440.91287994384766 354.9941101074219 440.91287994384766 430.94627380371094 406.4497985839844 430.94627380371094
406.40814208984375 355.2152404785156 441.0955696105957 355.2152404785156 441.0955696105957 430.8090362548828 406.40814208984375 430.8090362548828
405.29913330078125 355.6800842285156 440.1815071105957 355.6800842285156 440.1815071105957 430.7198715209961 405.29913330078125 430.7198715209961
404.6634826660156 354.3227233886719 439.21724700927734 354.3227233886719 439.21724700927734 430.69071197509766 404.6634826660156 430.69071197509766
403.9183044433594 353.2865295410156 438.5278015136719 353.2865295410156 438.5278015136719 428.07777404785156 403.9183044433594 428.07777404785156
402.2874755859375 353.95379638671875 437.0733451843262 353.95379638671875 437.0733451843262 428.4973449707031 402.2874755859375 428.4973449707031
402.043212890625 352.5643615722656 436.68449783325195 352.5643615722656 436.68449783325195 427.7451171875 402.043212890625 427.7451171875
400.4769287109375 354.12030029296875 435.4229736328125 354.12030029296875 435.4229736328125 427.840087890625 400.4769287109375 427.840087890625
400.6123962402344 351.5687255859375 435.3499450683594 351.5687255859375 435.3499450683594 427.9418640136719 400.6123962402344 427.9418640136719
398.6319274902344 354.40667724609375 433.2776412963867 354.40667724609375 433.2776412963867 427.6217498779297 398.6319274902344 427.6217498779297
397.39044189453125 350.72467041015625 431.57613372802734 350.72467041015625 431.57613372802734 425.27919006347656 397.39044189453125 425.27919006347656
396.1264953613281 353.78973388671875 431.30151748657227 353.78973388671875 431.30151748657227 426.2600326538086 396.1264953613281 426.2600326538086
394.8421630859375 352.4687805175781 429.7796211242676 352.4687805175781 429.7796211242676 425.4048614501953 394.8421630859375 425.4048614501953
393.8507995605469 352.0179748535156 428.8050308227539 352.0179748535156 428.8050308227539 425.0245361328125 393.8507995605469 425.0245361328125
393.47601318359375 352.14288330078125 427.5139617919922 352.14288330078125 427.5139617919922 424.68441009521484 393.47601318359375 424.68441009521484
392.5788879394531 350.84002685546875 426.49805450439453 350.84002685546875 426.49805450439453 424.89723205566406 392.5788879394531 424.89723205566406
391.8048095703125 350.42889404296875 425.64456939697266 350.42889404296875 425.64456939697266 424.7679443359375 391.8048095703125 424.7679443359375
390.62481689453125 350.7276306152344 424.41900634765625 350.7276306152344 424.41900634765625 423.13995361328125 390.62481689453125 423.13995361328125
390.35186767578125 350.1520690917969 423.49356842041016 350.1520690917969 423.49356842041016 423.43067169189453 390.35186767578125 423.43067169189453
389.358154296875 350.55615234375 422.632999420166 350.55615234375 422.632999420166 422.2749786376953 389.358154296875 422.2749786376953
388.6363220214844 350.62274169921875 421.4706497192383 350.62274169921875 421.4706497192383 422.82242584228516 388.6363220214844 422.82242584228516
388.2468566894531 350.05072021484375 420.4210510253906 350.05072021484375 420.4210510253906 422.0433578491211 388.2468566894531 422.0433578491211
387.67095947265625 349.0130920410156 420.0119438171387 349.0130920410156 420.0119438171387 422.8043212890625 387.67095947265625 422.8043212890625
386.2059631347656 348.9945373535156 418.35900115966797 348.9945373535156 418.35900115966797 421.738525390625 386.2059631347656 421.738525390625
386.0313415527344 348.15911865234375 418.44755935668945 348.15911865234375 418.44755935668945 422.42671966552734 386.0313415527344 422.42671966552734
385.0163879394531 347.2801208496094 417.4793891906738 347.2801208496094 417.4793891906738 421.8959274291992 385.0163879394531 421.8959274291992
384.348388671875 348.5155944824219 416.93672943115234 348.5155944824219 416.93672943115234 421.9725646972656 384.348388671875 421.9725646972656
383.9938659667969 348.28515625 416.3603096008301 348.28515625 416.3603096008301 421.45823669433594 383.9938659667969 421.45823669433594
383.20953369140625 345.7688293457031 416.15198135375977 345.7688293457031 416.15198135375977 421.05457305908203 383.20953369140625 421.05457305908203
382.6212463378906 346.39935302734375 415.97730255126953 346.39935302734375 415.97730255126953 420.72310638427734 382.6212463378906 420.72310638427734
382.62127685546875 345.7952575683594 415.1185417175293 345.7952575683594 415.1185417175293 419.25145721435547 382.62127685546875 419.25145721435547
382.6404113769531 345.5238952636719 415.51826095581055 345.5238952636719 415.51826095581055 419.2476119995117 382.6404113769531 419.2476119995117
381.17724609375 346.8838806152344 413.8095474243164 346.8838806152344 413.8095474243164 418.7734680175781 381.17724609375 418.7734680175781
381.22540283203125 345.9247741699219 413.69427490234375 345.9247741699219 413.69427490234375 418.22261810302734 381.22540283203125 418.22261810302734
380.708740234375 345.9671325683594 413.46220779418945 345.9671325683594 413.46220779418945 418.58861541748047 380.708740234375 418.58861541748047
379.96868896484375 346.29669189453125 411.8526611328125 346.29669189453125 411.8526611328125 417.8153610229492 379.96868896484375 417.8153610229492
379.10235595703125 345.7089538574219 412.11307525634766 345.7089538574219 412.11307525634766 416.96397399902344 379.10235595703125 416.96397399902344
378.7752380371094 345.0346374511719 411.51325607299805 345.0346374511719 411.51325607299805 416.9186325073242 378.7752380371094 416.9186325073242
379.03167724609375 344.3517761230469 411.5039749145508 344.3517761230469 411.5039749145508 416.17332458496094 379.03167724609375 416.17332458496094
378.8006286621094 345.40667724609375 411.05652618408203 345.40667724609375 411.05652618408203 415.46559143066406 378.8006286621094 415.46559143066406
378.23577880859375 343.8016662597656 410.184850692749 343.8016662597656 410.184850692749 415.8185501098633 378.23577880859375 415.8185501098633
378.20880126953125 342.5785217285156 410.2568359375 342.5785217285156 410.2568359375 415.06944274902344 378.20880126953125 415.06944274902344
376.87939453125 343.08880615234375 408.7329959869385 343.08880615234375 408.7329959869385 414.5690689086914 376.87939453125 414.5690689086914
376.9521484375 343.21856689453125 408.8448238372803 343.21856689453125 408.8448238372803 414.70225524902344 376.9521484375 414.70225524902344
376.7507629394531 343.159912109375 408.044490814209 343.159912109375 408.044490814209 414.0669937133789 376.7507629394531 414.0669937133789
375.59674072265625 342.9913024902344 407.23347091674805 342.9913024902344 407.23347091674805 414.22035217285156 375.59674072265625 414.22035217285156
375.5013122558594 343.4447021484375 406.8549613952637 343.4447021484375 406.8549613952637 413.8147735595703 375.5013122558594 413.8147735595703
375.0312805175781 342.3227233886719 407.04639434814453 342.3227233886719 407.04639434814453 414.0844268798828 375.0312805175781 414.0844268798828
374.5841064453125 342.34014892578125 405.5038642883301 342.34014892578125 405.5038642883301 413.4514923095703 374.5841064453125 413.4514923095703
374.24169921875 341.00872802734375 405.95942306518555 341.00872802734375 405.95942306518555 412.21092224121094 374.24169921875 412.21092224121094
373.7103576660156 340.1468200683594 404.71837997436523 340.1468200683594 404.71837997436523 414.1956100463867 373.7103576660156 414.1956100463867
373.97137451171875 339.6143493652344 404.4529666900635 339.6143493652344 404.4529666900635 413.85718536376953 373.97137451171875 413.85718536376953
373.00531005859375 341.044677734375 403.60723876953125 341.044677734375 403.60723876953125 412.8867416381836 373.00531005859375 412.8867416381836
373.0325622558594 340.4681701660156 403.15395164489746 340.4681701660156 403.15395164489746 411.584716796875 373.0325622558594 411.584716796875
372.58551025390625 340.5164489746094 403.0852355957031 340.5164489746094 403.0852355957031 412.47286224365234 372.58551025390625 412.47286224365234
372.55328369140625 339.6160583496094 402.91136169433594 339.6160583496094 402.91136169433594 410.13970947265625 372.55328369140625 410.13970947265625
372.5751037597656 341.3099060058594 402.73908042907715 341.3099060058594 402.73908042907715 410.46996307373047 372.5751037597656 410.46996307373047
372.4978332519531 339.2830505371094 403.0433654785156 339.2830505371094 403.0433654785156 410.48255157470703 372.4978332519531 410.48255157470703
372.63739013671875 339.78533935546875 402.9637756347656 339.78533935546875 402.9637756347656 408.7616882324219 372.63739013671875 408.7616882324219
372.23809814453125 339.2083435058594 403.1035671234131 339.2083435058594 403.1035671234131 408.9137268066406 372.23809814453125 408.9137268066406
372.8299865722656 339.1351623535156 402.74233055114746 339.1351623535156 402.74233055114746 407.6686706542969 372.8299865722656 407.6686706542969
372.5807189941406 339.2099609375 403.00297927856445 339.2099609375 403.00297927856445 407.0852508544922 372.5807189941406 407.0852508544922
373.1321105957031 338.6082458496094 402.688907623291 338.6082458496094 402.688907623291 407.5053482055664 373.1321105957031 407.5053482055664
373.5533142089844 339.64764404296875 403.00810623168945 339.64764404296875 403.00810623168945 407.4299011230469 373.5533142089844 407.4299011230469
373.68682861328125 337.90911865234375 403.9303035736084 337.90911865234375 403.9303035736084 406.6089630126953 373.68682861328125 406.6089630126953
374.5653076171875 337.65435791015625 404.7883186340332 337.65435791015625 404.7883186340332 406.0553970336914 374.5653076171875 406.0553970336914
375.1514892578125 337.3216552734375 404.7155704498291 337.3216552734375 404.7155704498291 406.16497802734375 375.1514892578125 406.16497802734375
374.99493408203125 338.1330261230469 404.6916694641113 338.1330261230469 404.6916694641113 404.8942413330078 374.99493408203125 404.8942413330078
375.3772888183594 336.389404296875 405.6720886230469 336.389404296875 405.6720886230469 405.7530517578125 375.3772888183594 405.7530517578125
376.051025390625 337.47900390625 405.2005424499512 337.47900390625 405.2005424499512 404.9398956298828 376.051025390625 404.9398956298828
375.5766906738281 336.8601989746094 406.0259895324707 336.8601989746094 406.0259895324707 405.22557067871094 375.5766906738281 405.22557067871094
376.6325378417969 335.1170959472656 407.0697841644287 335.1170959472656 407.0697841644287 403.8936080932617 376.6325378417969 403.8936080932617
376.39599609375 336.78424072265625 405.43390464782715 336.78424072265625 405.43390464782715 404.1325225830078 376.39599609375 404.1325225830078
376.4194030761719 336.55450439453125 405.1935844421387 336.55450439453125 405.1935844421387 402.82452392578125 376.4194030761719 402.82452392578125
376.7194519042969 337.0814514160156 405.99097633361816 337.0814514160156 405.99097633361816 403.10921478271484 376.7194519042969 403.10921478271484
376.38641357421875 336.64666748046875 406.67216873168945 336.64666748046875 406.67216873168945 402.2282943725586 376.38641357421875 402.2282943725586
376.1607666015625 335.70452880859375 406.6390781402588 335.70452880859375 406.6390781402588 403.0218963623047 376.1607666015625 403.0218963623047
376.1522521972656 337.3074645996094 405.7278861999512 337.3074645996094 405.7278861999512 400.9697036743164 376.1522521972656 400.9697036743164
375.9188232421875 337.07147216796875 405.2810859680176 337.07147216796875 405.2810859680176 401.2075729370117 375.9188232421875 401.2075729370117
376.1010437011719 337.1780700683594 406.0056972503662 337.1780700683594 406.0056972503662 401.277587890625 376.1010437011719 401.277587890625
376.14715576171875 336.1376953125 405.8335266113281 336.1376953125 405.8335266113281 400.49886322021484 376.14715576171875 400.49886322021484
376.136474609375 335.4964904785156 404.7902526855469 335.4964904785156 404.7902526855469 400.6707305908203 376.136474609375 400.6707305908203
374.6099853515625 335.7142028808594 404.9530448913574 335.7142028808594 404.9530448913574 400.9868927001953 374.6099853515625 400.9868927001953
374.6878356933594 334.6777038574219 404.4012908935547 334.6777038574219 404.4012908935547 401.1391906738281 374.6878356933594 401.1391906738281
374.19598388671875 334.0008239746094 403.6646366119385 334.0008239746094 403.6646366119385 401.01918029785156 374.19598388671875 401.01918029785156
374.2715148925781 332.88409423828125 403.8272247314453 332.88409423828125 403.8272247314453 399.0438690185547 374.2715148925781 399.0438690185547
374.18536376953125 334.82037353515625 403.26274490356445 334.82037353515625 403.26274490356445 400.4168930053711 374.18536376953125 400.4168930053711
373.3780822753906 334.4721984863281 402.3601932525635 334.4721984863281 402.3601932525635 400.8115005493164 373.3780822753906 400.8115005493164
373.455322265625 333.6774597167969 402.8413028717041 333.6774597167969 402.8413028717041 400.19834899902344 373.455322265625 400.19834899902344
372.36102294921875 333.77972412109375 401.9663028717041 333.77972412109375 401.9663028717041 400.46275329589844 372.36102294921875 400.46275329589844
371.83392333984375 334.3732604980469 401.2253170013428 334.3732604980469 401.2253170013428 400.35196685791016 371.83392333984375 400.35196685791016
372.6034240722656 334.47259521484375 401.61773681640625 334.47259521484375 401.61773681640625 400.3297882080078 372.6034240722656 400.3297882080078
371.49090576171875 333.82403564453125 400.5682621002197 333.82403564453125 400.5682621002197 400.51258850097656 371.49090576171875 400.51258850097656
371.4969177246094 333.46282958984375 400.9519348144531 333.46282958984375 400.9519348144531 399.21067810058594 371.4969177246094 399.21067810058594
370.8143005371094 333.0189208984375 399.53163146972656 333.0189208984375 399.53163146972656 399.7998809814453 370.8143005371094 399.7998809814453
370.4421081542969 333.3704833984375 399.37021827697754 333.3704833984375 399.37021827697754 399.7548370361328 370.4421081542969 399.7548370361328
371.2679748535156 332.355224609375 399.971227645874 332.355224609375 399.971227645874 398.0625762939453 371.2679748535156 398.0625762939453
370.65313720703125 334.324462890625 399.1179714202881 334.324462890625 399.1179714202881 399.2443618774414 370.65313720703125 399.2443618774414
370.6758117675781 333.1112365722656 398.7544822692871 333.1112365722656 398.7544822692871 397.02100372314453 370.6758117675781 397.02100372314453
370.0530090332031 333.40838623046875 398.3326168060303 333.40838623046875 398.3326168060303 397.0639114379883 370.0530090332031 397.0639114379883
370.2071228027344 333.556884765625 398.5842685699463 333.556884765625 398.5842685699463 395.79852294921875 370.2071228027344 395.79852294921875
370.0520324707031 333.18170166015625 398.72382164001465 333.18170166015625 398.72382164001465 395.5338439941406 370.0520324707031 395.5338439941406
370.119873046875 331.9056396484375 398.3966312408447 331.9056396484375 398.3966312408447 395.3273696899414 370.119873046875 395.3273696899414
369.93414306640625 331.49334716796875 399.1003723144531 331.49334716796875 399.1003723144531 394.5743598937988 369.93414306640625 394.5743598937988
370.0801696777344 331.30584716796875 398.88340759277344 331.30584716796875 398.88340759277344 395.03215408325195 370.0801696777344 395.03215408325195
370.5000305175781 331.024658203125 398.25645446777344 331.024658203125 398.25645446777344 395.2688751220703 370.5000305175781 395.2688751220703
370.4633483886719 331.52227783203125 398.5640563964844 331.52227783203125 398.5640563964844 394.9552307128906 370.4633483886719 394.9552307128906
370.78155517578125 331.2934265136719 399.15480613708496 331.2934265136719 399.15480613708496 393.0439758300781 370.78155517578125 393.0439758300781
370.5177307128906 330.72967529296875 398.9939727783203 330.72967529296875 398.9939727783203 393.6397476196289 370.5177307128906 393.6397476196289
370.4283752441406 330.5191955566406 399.2469120025635 330.5191955566406 399.2469120025635 394.2131576538086 370.4283752441406 394.2131576538086
370.7933654785156 331.357421875 399.2872009277344 331.357421875 399.2872009277344 394.8356132507324 370.7933654785156 394.8356132507324
371.1264953613281 329.9280090332031 399.5334930419922 329.9280090332031 399.5334930419922 393.98121643066406 371.1264953613281 393.98121643066406
371.62237548828125 329.8672180175781 399.52329444885254 329.8672180175781 399.52329444885254 394.34476470947266 371.62237548828125 394.34476470947266
371.1410827636719 329.9237365722656 399.40875244140625 329.9237365722656 399.40875244140625 393.8803520202637 371.1410827636719 393.8803520202637
371.3410949707031 330.081298828125 399.48670387268066 330.081298828125 399.48670387268066 393.2039680480957 371.3410949707031 393.2039680480957
371.42822265625 329.6602783203125 398.9543037414551 329.6602783203125 398.9543037414551 392.78972244262695 371.42822265625 392.78972244262695
371.67315673828125 330.03936767578125 399.2544822692871 330.03936767578125 399.2544822692871 392.1581726074219 371.67315673828125 392.1581726074219
371.69073486328125 329.57012939453125 399.1737823486328 329.57012939453125 399.1737823486328 391.8166198730469 371.69073486328125 391.8166198730469
371.48919677734375 329.2457580566406 398.9888114929199 329.2457580566406 398.9888114929199 391.82176971435547 371.48919677734375 391.82176971435547
371.8908996582031 329.65924072265625 399.9316062927246 329.65924072265625 399.9316062927246 391.65433502197266 371.8908996582031 391.65433502197266
371.03314208984375 329.0199890136719 399.0525207519531 329.0199890136719 399.0525207519531 390.50629806518555 371.03314208984375 390.50629806518555
371.6383972167969 328.96759033203125 399.3215141296387 328.96759033203125 399.3215141296387 389.8303909301758 371.6383972167969 389.8303909301758
371.4534606933594 329.6779479980469 399.173864364624 329.6779479980469 399.173864364624 389.8634719848633 371.4534606933594 389.8634719848633
372.11639404296875 327.89886474609375 399.83985900878906 327.89886474609375 399.83985900878906 389.78162384033203 372.11639404296875 389.78162384033203
371.53338623046875 329.0680236816406 399.2625732421875 329.0680236816406 399.2625732421875 389.26073455810547 371.53338623046875 389.26073455810547
370.8089599609375 328.8989562988281 398.7758903503418 328.8989562988281 398.7758903503418 389.6542282104492 370.8089599609375 389.6542282104492
371.1537170410156 328.13031005859375 398.59735107421875 328.13031005859375 398.59735107421875 388.7391357421875 371.1537170410156 388.7391357421875
371.7595520019531 327.84613037109375 398.7842140197754 327.84613037109375 398.7842140197754 388.0376777648926 371.7595520019531 388.0376777648926
371.7646484375 328.03656005859375 399.07036209106445 328.03656005859375 399.07036209106445 388.0430679321289 371.7646484375 388.0430679321289
371.6986389160156 328.8629455566406 398.85007667541504 328.8629455566406 398.85007667541504 387.98064041137695 371.6986389160156 387.98064041137695
371.798828125 327.5614318847656 398.74948501586914 327.5614318847656 398.74948501586914 387.6960868835449 371.798828125 387.6960868835449
372.30938720703125 327.4737243652344 399.03106117248535 327.4737243652344 399.03106117248535 388.5574836730957 372.30938720703125 388.5574836730957
372.1767272949219 328.1434631347656 399.3308563232422 328.1434631347656 399.3308563232422 387.73387908935547 372.1767272949219 387.73387908935547
373.01519775390625 328.541015625 399.703821182251 328.541015625 399.703821182251 386.8443412780762 373.01519775390625 386.8443412780762
373.5704040527344 327.85931396484375 400.4834041595459 327.85931396484375 400.4834041595459 386.5330924987793 373.5704040527344 386.5330924987793
373.63873291015625 328.28900146484375 400.4117069244385 328.28900146484375 400.4117069244385 387.5676383972168 373.63873291015625 387.5676383972168
374.54229736328125 327.45782470703125 401.43103981018066 327.45782470703125 401.43103981018066 387.11263275146484 374.54229736328125 387.11263275146484
375.12860107421875 326.51470947265625 402.4478569030762 326.51470947265625 402.4478569030762 386.31177520751953 375.12860107421875 386.31177520751953
375.42767333984375 326.8771667480469 403.12765884399414 326.8771667480469 403.12765884399414 385.8171272277832 375.42767333984375 385.8171272277832
376.3858337402344 325.58624267578125 403.9754524230957 325.58624267578125 403.9754524230957 386.87744140625 376.3858337402344 386.87744140625
377.51666259765625 326.3725280761719 405.9712257385254 326.3725280761719 405.9712257385254 386.1787796020508 377.51666259765625 386.1787796020508
378.0314636230469 325.60113525390625 406.2058620452881 325.60113525390625 406.2058620452881 386.27567291259766 378.0314636230469 386.27567291259766
378.84747314453125 324.06512451171875 407.23276710510254 324.06512451171875 407.23276710510254 386.3751907348633 378.84747314453125 386.3751907348633
378.82391357421875 327.21295166015625 407.3170223236084 327.21295166015625 407.3170223236084 385.658447265625 378.82391357421875 385.658447265625
379.649169921875 326.16473388671875 408.0981197357178 326.16473388671875 408.0981197357178 385.2249336242676 379.649169921875 385.2249336242676
379.59051513671875 324.9617919921875 408.1190643310547 324.9617919921875 408.1190643310547 386.13863372802734 379.59051513671875 386.13863372802734
380.0099182128906 323.7247009277344 408.4037780761719 323.7247009277344 408.4037780761719 385.6761589050293 380.0099182128906 385.6761589050293
380.131591796875 324.1098937988281 408.2107639312744 324.1098937988281 408.2107639312744 385.5201416015625 380.131591796875 385.5201416015625
380.1050720214844 323.4646911621094 409.07404136657715 323.4646911621094 409.07404136657715 386.1414260864258 380.1050720214844 386.1414260864258
380.73095703125 323.30255126953125 409.36534690856934 323.30255126953125 409.36534690856934 385.6432075500488 380.73095703125 385.6432075500488
381.17388916015625 323.75592041015625 409.2048530578613 323.75592041015625 409.2048530578613 385.9454040527344 381.17388916015625 385.9454040527344
381.0089111328125 322.5702819824219 410.03284072875977 322.5702819824219 410.03284072875977 384.71497344970703 381.0089111328125 384.71497344970703
381.38067626953125 322.48175048828125 409.5745029449463 322.48175048828125 409.5745029449463 383.5248222351074 381.38067626953125 383.5248222351074
381.62286376953125 323.5021667480469 409.2381954193115 323.5021667480469 409.2381954193115 384.1745719909668 381.62286376953125 384.1745719909668
382.13970947265625 323.8267822265625 409.4748840332031 323.8267822265625 409.4748840332031 383.0966682434082 382.13970947265625 383.0966682434082
382.19683837890625 323.19635009765625 409.38683700561523 323.19635009765625 409.38683700561523 383.0906982421875 382.19683837890625 383.0906982421875
382.54547119140625 322.736083984375 409.5891990661621 322.736083984375 409.5891990661621 383.0093765258789 382.54547119140625 383.0093765258789
382.48590087890625 322.24993896484375 409.29987716674805 322.24993896484375 409.29987716674805 380.9171562194824 382.48590087890625 380.9171562194824
382.35418701171875 321.93621826171875 409.167911529541 321.93621826171875 409.167911529541 382.12639236450195 382.35418701171875 382.12639236450195
382.4933166503906 321.93316650390625 409.2592353820801 321.93316650390625 409.2592353820801 380.9232406616211 382.4933166503906 380.9232406616211
382.6988220214844 322.11944580078125 409.6381378173828 322.11944580078125 409.6381378173828 379.8848648071289 382.6988220214844 379.8848648071289
382.6033935546875 322.45623779296875 409.4176845550537 322.45623779296875 409.4176845550537 381.2021789550781 382.6033935546875 381.2021789550781
382.477294921875 322.4804382324219 409.4910888671875 322.4804382324219 409.4910888671875 380.57669830322266 382.477294921875 380.57669830322266
382.6604919433594 322.0282287597656 409.7902431488037 322.0282287597656 409.7902431488037 380.1013069152832 382.6604919433594 380.1013069152832
382.82122802734375 321.9324645996094 409.27569007873535 321.9324645996094 409.27569007873535 380.1885185241699 382.82122802734375 380.1885185241699
383.271484375 322.10076904296875 409.5359859466553 322.10076904296875 409.5359859466553 379.7688903808594 383.271484375 379.7688903808594
382.7380676269531 321.0542297363281 409.98583602905273 321.0542297363281 409.98583602905273 379.50275802612305 382.7380676269531 379.50275802612305
383.2130126953125 321.0376892089844 409.81267738342285 321.0376892089844 409.81267738342285 379.2511405944824 383.2130126953125 379.2511405944824
382.99884033203125 321.34710693359375 409.87890625 321.34710693359375 409.87890625 379.70976638793945 382.99884033203125 379.70976638793945
383.09136962890625 321.4437255859375 409.63536643981934 321.4437255859375 409.63536643981934 378.98064041137695 383.09136962890625 378.98064041137695
383.35540771484375 321.1637268066406 409.66760635375977 321.1637268066406 409.66760635375977 378.7552185058594 383.35540771484375 378.7552185058594
383.4633483886719 321.3329162597656 409.9106197357178 321.3329162597656 409.9106197357178 377.72772216796875 383.4633483886719 377.72772216796875
383.43768310546875 321.0279235839844 410.0987949371338 321.0279235839844 410.0987949371338 378.6297798156738 383.43768310546875 378.6297798156738
383.86346435546875 320.47698974609375 410.2295112609863 320.47698974609375 410.2295112609863 377.7246398925781 383.86346435546875 377.7246398925781
384.3739318847656 320.897705078125 410.60919189453125 320.897705078125 410.60919189453125 377.8401069641113 384.3739318847656 377.8401069641113
384.42364501953125 320.07232666015625 410.6338768005371 320.07232666015625 410.6338768005371 378.1977958679199 384.42364501953125 378.1977958679199
384.87481689453125 319.7659912109375 410.5005855560303 319.7659912109375 410.5005855560303 378.1899604797363 384.87481689453125 378.1899604797363
384.6731262207031 320.7629089355469 411.18322372436523 320.7629089355469 411.18322372436523 377.4030647277832 384.6731262207031 377.4030647277832
385.4639587402344 319.26800537109375 411.27587509155273 319.26800537109375 411.27587509155273 376.78369140625 385.4639587402344 376.78369140625
386.05810546875 319.49542236328125 411.83253479003906 319.49542236328125 411.83253479003906 376.7929382324219 386.05810546875 376.7929382324219
386.67962646484375 320.39471435546875 412.57733154296875 320.39471435546875 412.57733154296875 377.2134895324707 386.67962646484375 377.2134895324707
387.0929260253906 318.9550476074219 413.3713493347168 318.9550476074219 413.3713493347168 375.8933334350586 387.0929260253906 375.8933334350586
387.516845703125 319.1987609863281 413.7693061828613 319.1987609863281 413.7693061828613 376.76190185546875 387.516845703125 376.76190185546875
387.9029235839844 317.9007263183594 414.0188694000244 317.9007263183594 414.0188694000244 376.5094299316406 387.9029235839844 376.5094299316406
388.2328186035156 317.490234375 414.7751407623291 317.490234375 414.7751407623291 376.3157958984375 388.2328186035156 376.3157958984375
388.48992919921875 319.0738220214844 415.2070960998535 319.0738220214844 415.2070960998535 377.1268997192383 388.48992919921875 377.1268997192383
389.18182373046875 317.12615966796875 416.4835605621338 317.12615966796875 416.4835605621338 375.2042350769043 389.18182373046875 375.2042350769043
389.4340515136719 317.2343444824219 416.54119873046875 317.2343444824219 416.54119873046875 375.9240188598633 389.4340515136719 375.9240188598633
389.9462890625 317.7374572753906 416.7954864501953 317.7374572753906 416.7954864501953 375.8218879699707 389.9462890625 375.8218879699707
389.951904296875 318.0870666503906 416.6946964263916 318.0870666503906 416.6946964263916 375.1485595703125 389.951904296875 375.1485595703125
390.898193359375 317.1806945800781 417.3377494812012 317.1806945800781 417.3377494812012 375.4068794250488 390.898193359375 375.4068794250488
391.15582275390625 317.26171875 417.8987064361572 317.26171875 417.8987064361572 374.6299934387207 391.15582275390625 374.6299934387207
391.69732666015625 317.25396728515625 417.7359161376953 317.25396728515625 417.7359161376953 374.4768295288086 391.69732666015625 374.4768295288086
391.707275390625 316.5758361816406 417.96314430236816 316.5758361816406 417.96314430236816 374.2158012390137 391.707275390625 374.2158012390137
392.3643493652344 316.6341247558594 418.4891719818115 316.6341247558594 418.4891719818115 374.3524589538574 392.3643493652344 374.3524589538574
392.22430419921875 315.2660217285156 418.1365623474121 315.2660217285156 418.1365623474121 372.8272933959961 392.22430419921875 372.8272933959961
392.4374694824219 315.7203674316406 418.2410945892334 315.7203674316406 418.2410945892334 373.57246017456055 392.4374694824219 373.57246017456055
392.67681884765625 317.06097412109375 418.0770606994629 317.06097412109375 418.0770606994629 373.60013580322266 392.67681884765625 373.60013580322266
392.81744384765625 315.48822021484375 418.23596572875977 315.48822021484375 418.23596572875977 372.1861457824707 392.81744384765625 372.1861457824707
392.519775390625 316.95306396484375 417.8648624420166 316.95306396484375 417.8648624420166 372.0155563354492 392.519775390625 372.0155563354492
392.7295837402344 315.640625 418.31000900268555 315.640625 418.31000900268555 371.3832015991211 392.7295837402344 371.3832015991211
393.09503173828125 315.9520568847656 418.1069927215576 315.9520568847656 418.1069927215576 371.3590774536133 393.09503173828125 371.3590774536133
393.5794982910156 316.34991455078125 418.51999282836914 316.34991455078125 418.51999282836914 370.7146110534668 393.5794982910156 370.7146110534668
393.21893310546875 316.7585144042969 418.12084579467773 316.7585144042969 418.12084579467773 371.1748962402344 393.21893310546875 371.1748962402344
393.08319091796875 315.5508117675781 417.89799880981445 315.5508117675781 417.89799880981445 370.7181625366211 393.08319091796875 370.7181625366211
393.35748291015625 315.6707458496094 418.064754486084 315.6707458496094 418.064754486084 369.6432685852051 393.35748291015625 369.6432685852051
393.156005859375 315.731201171875 418.30106925964355 315.731201171875 418.30106925964355 370.9234619140625 393.156005859375 370.9234619140625
393.22406005859375 314.506591796875 418.9026756286621 314.506591796875 418.9026756286621 369.93299102783203 393.22406005859375 369.93299102783203
393.6300354003906 314.111083984375 418.6307907104492 314.111083984375 418.6307907104492 370.9133605957031 393.6300354003906 370.9133605957031
394.00323486328125 315.5819091796875 419.23332595825195 315.5819091796875 419.23332595825195 370.974609375 394.00323486328125 370.974609375
394.13714599609375 315.5132751464844 419.1413154602051 315.5132751464844 419.1413154602051 369.3669853210449 394.13714599609375 369.3669853210449
394.0455322265625 314.4585266113281 419.7778072357178 314.4585266113281 419.7778072357178 369.49694061279297 394.0455322265625 369.49694061279297
395.3293151855469 313.4522705078125 420.5194511413574 313.4522705078125 420.5194511413574 368.80610275268555 395.3293151855469 368.80610275268555
395.1653137207031 314.7644958496094 420.4136428833008 314.7644958496094 420.4136428833008 369.32967376708984 395.1653137207031 369.32967376708984
395.76171875 314.39544677734375 421.23205184936523 314.39544677734375 421.23205184936523 369.0562973022461 395.76171875 369.0562973022461
396.3269958496094 312.7785339355469 421.6547679901123 312.7785339355469 421.6547679901123 368.9027404785156 396.3269958496094 368.9027404785156
