249.0 132.0 265.0 132.0 265.0 177.0 249.0 177.0
249.7769775390625 132.50389099121094 265.7107467651367 132.50389099121094 265.7107467651367 176.59714126586914 249.7769775390625 176.59714126586914
250.28201293945312 132.24014282226562 266.15864753723145 132.24014282226562 266.15864753723145 176.3849220275879 250.28201293945312 176.3849220275879
250.1352996826172 133.21987915039062 266.2781734466553 133.21987915039062 266.2781734466553 177.4803466796875 250.1352996826172 177.4803466796875
251.7879638671875 133.9017791748047 268.3945903778076 133.9017791748047 268.3945903778076 176.9317626953125 251.7879638671875 176.9317626953125
252.8835906982422 135.7471923828125 269.0116024017334 135.7471923828125 269.0116024017334 176.54228973388672 252.8835906982422 176.54228973388672
252.9636688232422 132.4654998779297 268.8056125640869 132.4654998779297 268.8056125640869 177.0209732055664 252.9636688232422 177.0209732055664
255.49417114257812 131.98287963867188 270.21388816833496 131.98287963867188 270.21388816833496 178.10864639282227 255.49417114257812 178.10864639282227
254.4795684814453 131.4553680419922 269.1407775878906 131.4553680419922 269.1407775878906 177.8458480834961 254.4795684814453 177.8458480834961
255.62002563476562 132.46153259277344 270.2187042236328 132.46153259277344 270.2187042236328 177.41909408569336 255.62002563476562 177.41909408569336
255.69802856445312 132.76455688476562 269.47777366638184 132.76455688476562 269.47777366638184 178.0302505493164 255.69802856445312 178.0302505493164
256.03619384765625 131.66893005371094 269.984582901001 131.66893005371094 269.984582901001 178.58697509765625 256.03619384765625 178.58697509765625
256.21929931640625 133.46353149414062 270.31563568115234 133.46353149414062 270.31563568115234 177.6361083984375 256.21929931640625 177.6361083984375
256.73712158203125 133.1331024169922 271.33374786376953 133.1331024169922 271.33374786376953 177.68806838989258 256.73712158203125 177.68806838989258
256.5179138183594 132.22012329101562 271.45249366760254 132.22012329101562 271.45249366760254 177.45027923583984 256.5179138183594 177.45027923583984
258.0281982421875 133.26864624023438 273.4458827972412 133.26864624023438 273.4458827972412 176.68307495117188 258.0281982421875 176.68307495117188
258.7778015136719 133.86734008789062 274.3782329559326 133.86734008789062 274.3782329559326 177.36661529541016 258.7778015136719 177.36661529541016
258.99993896484375 132.3413543701172 274.1955966949463 132.3413543701172 274.1955966949463 178.8869171142578 258.99993896484375 178.8869171142578
257.3440856933594 133.24386596679688 272.3359069824219 133.24386596679688 272.3359069824219 179.61859893798828 257.3440856933594 179.61859893798828
257.69158935546875 134.38076782226562 273.3404359817505 134.38076782226562 273.3404359817505 180.5839958190918 257.69158935546875 180.5839958190918
256.343017578125 137.3769073486328 270.6742916107178 137.3769073486328 270.6742916107178 178.7917251586914 256.343017578125 178.7917251586914
254.9794158935547 136.47879028320312 270.9675188064575 136.47879028320312 270.9675188064575 180.14990997314453 254.9794158935547 180.14990997314453
253.45663452148438 135.17733764648438 269.2254991531372 135.17733764648438 269.2254991531372 176.75202560424805 253.45663452148438 176.75202560424805
254.51675415039062 135.30825805664062 270.1213684082031 135.30825805664062 270.1213684082031 179.70794296264648 254.51675415039062 179.70794296264648
252.9140625 137.0112762451172 268.8522062301636 137.0112762451172 268.8522062301636 177.96326446533203 252.9140625 177.96326446533203
252.31759643554688 137.41578674316406 268.33856773376465 137.41578674316406 268.33856773376465 178.8826026916504 252.31759643554688 178.8826026916504
249.89181518554688 137.42056274414062 267.2258930206299 137.42056274414062 267.2258930206299 176.5056266784668 249.89181518554688 176.5056266784668
249.36312866210938 138.67800903320312 267.27403831481934 138.67800903320312 267.27403831481934 177.69996643066406 249.36312866210938 177.69996643066406
248.0082550048828 137.91122436523438 265.17929458618164 137.91122436523438 265.17929458618164 179.56831741333008 248.0082550048828 179.56831741333008
247.6608428955078 138.64608764648438 264.40181159973145 138.64608764648438 264.40181159973145 178.8534927368164 247.6608428955078 178.8534927368164
246.7025604248047 137.42625427246094 263.8971920013428 137.42625427246094 263.8971920013428 179.1414031982422 246.7025604248047 179.1414031982422
244.6708221435547 137.4475860595703 261.51177978515625 137.4475860595703 261.51177978515625 178.6128921508789 244.6708221435547 178.6128921508789
243.8903045654297 137.28343200683594 259.44116973876953 137.28343200683594 259.44116973876953 178.55551528930664 243.8903045654297 178.55551528930664
243.063232421875 140.62570190429688 259.8231544494629 140.62570190429688 259.8231544494629 180.04091262817383 243.063232421875 180.04091262817383
240.26345825195312 140.0239715576172 256.0219192504883 140.0239715576172 256.0219192504883 179.22232055664062 240.26345825195312 179.22232055664062
239.2430877685547 139.8179931640625 255.1400318145752 139.8179931640625 255.1400318145752 179.77839279174805 239.2430877685547 179.77839279174805
238.98806762695312 138.6949005126953 254.43606853485107 138.6949005126953 254.43606853485107 180.17784881591797 238.98806762695312 180.17784881591797
239.5431671142578 138.11911010742188 254.77927207946777 138.11911010742188 254.77927207946777 179.7806282043457 239.5431671142578 179.7806282043457
238.7849578857422 140.0621337890625 253.06210327148438 140.0621337890625 253.06210327148438 178.21240997314453 238.7849578857422 178.21240997314453
238.703125 138.15286254882812 254.0599946975708 138.15286254882812 254.0599946975708 178.58951950073242 238.703125 178.58951950073242
237.2084503173828 137.0354766845703 253.25456428527832 137.0354766845703 253.25456428527832 179.72608947753906 237.2084503173828 179.72608947753906
237.1018829345703 136.43270874023438 253.55098342895508 136.43270874023438 253.55098342895508 179.33437728881836 237.1018829345703 179.33437728881836
236.2852325439453 139.4373321533203 252.64240837097168 139.4373321533203 252.64240837097168 179.3409538269043 236.2852325439453 179.3409538269043
236.09890747070312 138.92477416992188 252.72777938842773 138.92477416992188 252.72777938842773 178.92030334472656 236.09890747070312 178.92030334472656
235.30703735351562 139.57046508789062 252.1004753112793 139.57046508789062 252.1004753112793 177.84487915039062 235.30703735351562 177.84487915039062
235.0556640625 137.3996124267578 251.50867080688477 137.3996124267578 251.50867080688477 179.3915138244629 235.0556640625 179.3915138244629
234.859375 139.53964233398438 250.95185089111328 139.53964233398438 250.95185089111328 179.10394668579102 234.859375 179.10394668579102
234.3850860595703 137.41946411132812 250.5050163269043 137.41946411132812 250.5050163269043 180.33929061889648 234.3850860595703 180.33929061889648
234.9263916015625 137.77842712402344 250.72477531433105 137.77842712402344 250.72477531433105 180.16433715820312 234.9263916015625 180.16433715820312
234.443359375 136.07028198242188 250.270263671875 136.07028198242188 250.270263671875 180.1265754699707 234.443359375 180.1265754699707
234.75985717773438 136.73146057128906 250.6942720413208 136.73146057128906 250.6942720413208 178.81694793701172 234.75985717773438 178.81694793701172
234.379150390625 138.82571411132812 250.82606315612793 138.82571411132812 250.82606315612793 179.28146362304688 234.379150390625 179.28146362304688
234.66116333007812 138.01669311523438 251.07421112060547 138.01669311523438 251.07421112060547 178.10623168945312 234.66116333007812 178.10623168945312
234.1303253173828 137.4713592529297 251.30357360839844 137.4713592529297 251.30357360839844 179.60802459716797 234.1303253173828 179.60802459716797
234.22024536132812 139.15750122070312 250.68853378295898 139.15750122070312 250.68853378295898 179.53843307495117 234.22024536132812 179.53843307495117
234.3610382080078 136.988525390625 250.64128303527832 136.988525390625 250.64128303527832 180.3878288269043 234.3610382080078 180.3878288269043
234.5673370361328 139.4564666748047 251.2995433807373 139.4564666748047 251.2995433807373 180.8011589050293 234.5673370361328 180.8011589050293
235.6588134765625 141.22669982910156 251.17301654815674 141.22669982910156 251.17301654815674 180.31534576416016 235.6588134765625 180.31534576416016
235.118408203125 138.6434783935547 251.1833438873291 138.6434783935547 251.1833438873291 180.82923126220703 235.118408203125 180.82923126220703
235.81982421875 138.92233276367188 251.6722002029419 138.92233276367188 251.6722002029419 181.87699508666992 235.81982421875 181.87699508666992
228.70849609375 140.92575073242188 247.64993858337402 140.92575073242188 247.64993858337402 179.20727157592773 228.70849609375 179.20727157592773
226.113525390625 143.29367065429688 243.9072265625 143.29367065429688 243.9072265625 179.0311393737793 226.113525390625 179.0311393737793
215.97305297851562 142.37510681152344 234.69944190979004 142.37510681152344 234.69944190979004 177.3758659362793 215.97305297851562 177.3758659362793
212.50521850585938 141.69528198242188 231.2235565185547 141.69528198242188 231.2235565185547 177.9296989440918 212.50521850585938 177.9296989440918
205.2527618408203 142.16600036621094 223.59999656677246 142.16600036621094 223.59999656677246 178.91023635864258 205.2527618408203 178.91023635864258
200.74583435058594 141.0458984375 220.37937927246094 141.0458984375 220.37937927246094 178.3493537902832 200.74583435058594 178.3493537902832
196.95851135253906 141.84889221191406 215.08222579956055 141.84889221191406 215.08222579956055 177.77251434326172 196.95851135253906 177.77251434326172
188.2920684814453 137.75576782226562 204.5806827545166 137.75576782226562 204.5806827545166 183.56749725341797 188.2920684814453 183.56749725341797
184.38558959960938 140.3419647216797 202.1285228729248 140.3419647216797 202.1285228729248 178.00894927978516 184.38558959960938 178.00894927978516
176.01686096191406 143.78244018554688 194.3573112487793 143.78244018554688 194.3573112487793 179.2705841064453 176.01686096191406 179.2705841064453
172.497802734375 142.4888916015625 190.62911415100098 142.4888916015625 190.62911415100098 179.29503631591797 172.497802734375 179.29503631591797
166.5095672607422 143.420166015625 184.99753952026367 143.420166015625 184.99753952026367 178.30872344970703 166.5095672607422 178.30872344970703
158.16116333007812 142.834716796875 176.94379043579102 142.834716796875 176.94379043579102 178.43356704711914 158.16116333007812 178.43356704711914
150.90109252929688 143.1653594970703 171.13232421875 143.1653594970703 171.13232421875 179.14556121826172 150.90109252929688 179.14556121826172
147.82888793945312 144.7720489501953 165.95754051208496 144.7720489501953 165.95754051208496 180.40825271606445 147.82888793945312 180.40825271606445
141.4335479736328 146.18460083007812 160.13885879516602 146.18460083007812 160.13885879516602 182.0038070678711 141.4335479736328 182.0038070678711
133.6434326171875 144.27957153320312 153.66637229919434 144.27957153320312 153.66637229919434 179.26375579833984 133.6434326171875 179.26375579833984
129.20709228515625 142.09048461914062 149.67733001708984 142.09048461914062 149.67733001708984 180.60453033447266 129.20709228515625 180.60453033447266
125.6736831665039 143.6850128173828 143.42113304138184 143.6850128173828 143.42113304138184 181.32715606689453 125.6736831665039 181.32715606689453
119.4915542602539 145.13589477539062 138.17122268676758 145.13589477539062 138.17122268676758 181.7081298828125 119.4915542602539 181.7081298828125
113.8064193725586 146.46621704101562 131.5713348388672 146.46621704101562 131.5713348388672 179.92900848388672 113.8064193725586 179.92900848388672
105.9516830444336 146.0343475341797 123.92698669433594 146.0343475341797 123.92698669433594 181.05278778076172 105.9516830444336 181.05278778076172
102.41194915771484 146.31362915039062 120.57637214660645 146.31362915039062 120.57637214660645 180.55780792236328 102.41194915771484 180.55780792236328
97.76190185546875 146.4405975341797 115.92491912841797 146.4405975341797 115.92491912841797 182.3654022216797 97.76190185546875 182.3654022216797
90.34221649169922 144.89039611816406 109.44685173034668 144.89039611816406 109.44685173034668 182.2100486755371 90.34221649169922 182.2100486755371
86.10888671875 145.13983154296875 105.10848045349121 145.13983154296875 105.10848045349121 181.92046356201172 86.10888671875 181.92046356201172
78.29438781738281 145.08506774902344 96.82751274108887 145.08506774902344 96.82751274108887 180.7982063293457 78.29438781738281 180.7982063293457
75.95804595947266 144.30555725097656 93.4227409362793 144.30555725097656 93.4227409362793 181.62265014648438 75.95804595947266 181.62265014648438
75.23481750488281 145.5049285888672 91.93465423583984 145.5049285888672 91.93465423583984 180.93756866455078 75.23481750488281 180.93756866455078
77.07981872558594 144.74777221679688 93.45332908630371 144.74777221679688 93.45332908630371 183.15766525268555 77.07981872558594 183.15766525268555
76.19258880615234 144.32908630371094 92.66837120056152 144.32908630371094 92.66837120056152 182.6023406982422 76.19258880615234 182.6023406982422
77.42469787597656 145.83279418945312 94.25969123840332 145.83279418945312 94.25969123840332 183.0928192138672 77.42469787597656 183.0928192138672
77.13217163085938 143.8650665283203 94.12166213989258 143.8650665283203 94.12166213989258 185.82083129882812 77.13217163085938 185.82083129882812
78.45390319824219 142.5759735107422 94.99311447143555 142.5759735107422 94.99311447143555 186.05916595458984 78.45390319824219 186.05916595458984
79.44953918457031 143.9686737060547 95.71971321105957 143.9686737060547 95.71971321105957 185.6419677734375 79.44953918457031 185.6419677734375
79.61553192138672 144.27577209472656 96.1602668762207 144.27577209472656 96.1602668762207 185.2755584716797 79.61553192138672 185.2755584716797
80.65896606445312 143.30718994140625 95.92247581481934 143.30718994140625 95.92247581481934 187.31000900268555 80.65896606445312 187.31000900268555
81.37236022949219 144.05152893066406 96.93488502502441 144.05152893066406 96.93488502502441 187.46824264526367 81.37236022949219 187.46824264526367
82.85682678222656 144.74581909179688 97.78812980651855 144.74581909179688 97.78812980651855 188.42761993408203 82.85682678222656 188.42761993408203
83.47612762451172 146.07992553710938 98.30487060546875 146.07992553710938 98.30487060546875 187.71894073486328 83.47612762451172 187.71894073486328
83.7594223022461 145.25106811523438 99.46713542938232 145.25106811523438 99.46713542938232 186.66558074951172 83.7594223022461 186.66558074951172
86.25895690917969 146.607177734375 101.95340919494629 146.607177734375 101.95340919494629 187.66717147827148 86.25895690917969 187.66717147827148
85.10716247558594 142.3478240966797 101.98585891723633 142.3478240966797 101.98585891723633 185.71944427490234 85.10716247558594 185.71944427490234
86.82151794433594 144.5540313720703 104.94475746154785 144.5540313720703 104.94475746154785 184.90428924560547 86.82151794433594 184.90428924560547
87.4735107421875 143.96304321289062 105.3823413848877 143.96304321289062 105.3823413848877 186.73099899291992 87.4735107421875 186.73099899291992
88.93169403076172 144.4203338623047 105.74954605102539 144.4203338623047 105.74954605102539 185.92247009277344 88.93169403076172 185.92247009277344
90.60604858398438 143.65406799316406 106.85858726501465 143.65406799316406 106.85858726501465 184.73851776123047 90.60604858398438 184.73851776123047
90.71839904785156 145.7910614013672 106.59787559509277 145.7910614013672 106.59787559509277 185.34211349487305 90.71839904785156 185.34211349487305
91.68800354003906 143.5092010498047 108.67473411560059 143.5092010498047 108.67473411560059 189.05858612060547 91.68800354003906 189.05858612060547
92.05548858642578 145.03738403320312 108.7960319519043 145.03738403320312 108.7960319519043 186.11663055419922 92.05548858642578 186.11663055419922
92.33146667480469 145.05001831054688 109.6517391204834 145.05001831054688 109.6517391204834 187.0283546447754 92.33146667480469 187.0283546447754
92.93620300292969 144.1954803466797 111.2559585571289 144.1954803466797 111.2559585571289 188.5197296142578 92.93620300292969 188.5197296142578
93.10276794433594 146.23838806152344 110.29907989501953 146.23838806152344 110.29907989501953 185.65430068969727 93.10276794433594 185.65430068969727
93.84925842285156 144.9612579345703 110.85590553283691 144.9612579345703 110.85590553283691 187.2804183959961 93.84925842285156 187.2804183959961
94.95061492919922 143.78819274902344 112.47873306274414 143.78819274902344 112.47873306274414 187.1396141052246 94.95061492919922 187.1396141052246
95.88908386230469 145.3981170654297 112.81283760070801 145.3981170654297 112.81283760070801 186.79762268066406 95.88908386230469 186.79762268066406
96.91088104248047 145.22409057617188 113.32737350463867 145.22409057617188 113.32737350463867 187.91615676879883 96.91088104248047 187.91615676879883
98.21690368652344 145.59280395507812 114.02645301818848 145.59280395507812 114.02645301818848 188.05463409423828 98.21690368652344 188.05463409423828
98.82012176513672 145.4783172607422 114.69677543640137 145.4783172607422 114.69677543640137 187.75182723999023 98.82012176513672 187.75182723999023
99.67516326904297 143.26461791992188 116.92254829406738 143.26461791992188 116.92254829406738 188.9902458190918 99.67516326904297 188.9902458190918
100.84339904785156 144.70672607421875 118.30035018920898 144.70672607421875 118.30035018920898 187.04557418823242 100.84339904785156 187.04557418823242
102.04084777832031 145.11599731445312 118.13887977600098 145.11599731445312 118.13887977600098 189.2313995361328 102.04084777832031 189.2313995361328
100.95301818847656 143.8048095703125 118.40352249145508 143.8048095703125 118.40352249145508 187.6814079284668 100.95301818847656 187.6814079284668
101.994873046875 145.42092895507812 118.97610855102539 145.42092895507812 118.97610855102539 186.3686294555664 101.994873046875 186.3686294555664
102.480224609375 145.20388793945312 120.32190895080566 145.20388793945312 120.32190895080566 186.42776489257812 102.480224609375 186.42776489257812
104.39027404785156 146.5955352783203 120.9225025177002 146.5955352783203 120.9225025177002 187.44562911987305 104.39027404785156 187.44562911987305
104.2939453125 143.79661560058594 121.38037300109863 143.79661560058594 121.38037300109863 187.33733367919922 104.2939453125 187.33733367919922
104.8478012084961 146.6312713623047 121.60648727416992 146.6312713623047 121.60648727416992 187.75531768798828 104.8478012084961 187.75531768798828
105.08416748046875 145.73223876953125 122.08240127563477 145.73223876953125 122.08240127563477 188.53411483764648 105.08416748046875 188.53411483764648
106.2754898071289 145.70236206054688 122.3090705871582 145.70236206054688 122.3090705871582 189.27408599853516 106.2754898071289 189.27408599853516
105.9522476196289 146.639404296875 121.47131633758545 146.639404296875 121.47131633758545 188.33368682861328 105.9522476196289 188.33368682861328
106.75540924072266 147.00753784179688 123.23210906982422 147.00753784179688 123.23210906982422 187.681640625 106.75540924072266 187.681640625
108.36332702636719 145.26577758789062 123.89476585388184 145.26577758789062 123.89476585388184 188.56494522094727 108.36332702636719 188.56494522094727
107.86317443847656 144.7898712158203 124.10847663879395 144.7898712158203 124.10847663879395 188.9126968383789 107.86317443847656 188.9126968383789
108.50455474853516 146.32228088378906 124.95528602600098 146.32228088378906 124.95528602600098 189.3172378540039 108.50455474853516 189.3172378540039
109.12937927246094 145.50204467773438 125.84298706054688 145.50204467773438 125.84298706054688 187.66865158081055 109.12937927246094 187.66865158081055
111.086669921875 146.99343872070312 127.08826065063477 146.99343872070312 127.08826065063477 189.17668914794922 111.086669921875 189.17668914794922
110.80183410644531 144.32666015625 128.02428436279297 144.32666015625 128.02428436279297 189.67169189453125 110.80183410644531 189.67169189453125
112.06242370605469 145.05239868164062 129.05563926696777 145.05239868164062 129.05563926696777 188.05025482177734 112.06242370605469 188.05025482177734
112.77458190917969 146.740478515625 129.62221717834473 146.740478515625 129.62221717834473 188.07693099975586 112.77458190917969 188.07693099975586
112.36177062988281 144.83816528320312 129.53753662109375 144.83816528320312 129.53753662109375 189.55043411254883 112.36177062988281 189.55043411254883
112.76823425292969 143.7001190185547 129.98835945129395 143.7001190185547 129.98835945129395 190.62076568603516 112.76823425292969 190.62076568603516
112.34822845458984 146.54261779785156 129.4972381591797 146.54261779785156 129.4972381591797 187.75763702392578 112.34822845458984 187.75763702392578
113.7921142578125 144.94473266601562 130.78911972045898 144.94473266601562 130.78911972045898 189.45503997802734 113.7921142578125 189.45503997802734
113.38166809082031 145.68670654296875 130.88631057739258 145.68670654296875 130.88631057739258 188.76515579223633 113.38166809082031 188.76515579223633
113.76458740234375 145.6718292236328 130.50637245178223 145.6718292236328 130.50637245178223 191.0922622680664 113.76458740234375 191.0922622680664
113.74839782714844 146.8780517578125 131.13671112060547 146.8780517578125 131.13671112060547 189.68730926513672 113.74839782714844 189.68730926513672
114.07603454589844 146.63101196289062 131.56111526489258 146.63101196289062 131.56111526489258 188.0180206298828 114.07603454589844 188.0180206298828
114.485107421875 147.12078857421875 131.41814041137695 147.12078857421875 131.41814041137695 189.39783477783203 114.485107421875 189.39783477783203
115.22103118896484 147.2522735595703 133.06762313842773 147.2522735595703 133.06762313842773 191.0430679321289 115.22103118896484 191.0430679321289
115.26747131347656 146.37933349609375 132.65283584594727 146.37933349609375 132.65283584594727 190.23518753051758 115.26747131347656 190.23518753051758
114.91340637207031 145.86953735351562 132.7470874786377 145.86953735351562 132.7470874786377 189.9395980834961 114.91340637207031 189.9395980834961
115.3825912475586 145.35707092285156 133.51978302001953 145.35707092285156 133.51978302001953 188.3327407836914 115.3825912475586 188.3327407836914
116.09220886230469 146.20509338378906 133.75996780395508 146.20509338378906 133.75996780395508 189.05217742919922 116.09220886230469 189.05217742919922
115.7757339477539 144.9477081298828 134.03940200805664 144.9477081298828 134.03940200805664 189.36817932128906 115.7757339477539 189.36817932128906
116.0299301147461 144.92694091796875 134.0331268310547 144.92694091796875 134.0331268310547 192.08637237548828 116.0299301147461 192.08637237548828
116.83967590332031 145.81797790527344 134.72114944458008 145.81797790527344 134.72114944458008 189.63102340698242 116.83967590332031 189.63102340698242
117.02632141113281 146.3252410888672 134.65688705444336 146.3252410888672 134.65688705444336 189.59298706054688 117.02632141113281 189.59298706054688
116.97198486328125 147.89715576171875 135.03897285461426 147.89715576171875 135.03897285461426 190.55580520629883 116.97198486328125 190.55580520629883
116.5204086303711 147.6436309814453 133.4424877166748 147.6436309814453 133.4424877166748 188.63263702392578 116.5204086303711 188.63263702392578
116.80696105957031 146.9726104736328 133.9107551574707 146.9726104736328 133.9107551574707 190.14844512939453 116.80696105957031 190.14844512939453
117.73089599609375 147.37954711914062 134.43893432617188 147.37954711914062 134.43893432617188 188.71300888061523 117.73089599609375 188.71300888061523
117.9767837524414 146.91427612304688 134.90937423706055 146.91427612304688 134.90937423706055 191.6005744934082 117.9767837524414 191.6005744934082
118.75102233886719 146.7762908935547 135.03303146362305 146.7762908935547 135.03303146362305 189.90551376342773 118.75102233886719 189.90551376342773
119.0008544921875 146.82533264160156 135.47054481506348 146.82533264160156 135.47054481506348 191.5261993408203 119.0008544921875 191.5261993408203
119.47227478027344 146.9448699951172 136.03842544555664 146.9448699951172 136.03842544555664 190.62563705444336 119.47227478027344 190.62563705444336
121.02082824707031 148.2642364501953 136.64865684509277 148.2642364501953 136.64865684509277 191.69583892822266 121.02082824707031 191.69583892822266
121.44097900390625 147.5411376953125 137.68770599365234 147.5411376953125 137.68770599365234 190.2414093017578 121.44097900390625 190.2414093017578
122.3477554321289 147.43490600585938 138.6755657196045 147.43490600585938 138.6755657196045 188.35890579223633 122.3477554321289 188.35890579223633
123.23348236083984 146.66183471679688 139.83933448791504 146.66183471679688 139.83933448791504 189.86127471923828 123.23348236083984 189.86127471923828
124.65412902832031 145.0308380126953 140.56609535217285 145.0308380126953 140.56609535217285 189.91217422485352 124.65412902832031 189.91217422485352
125.17097473144531 146.08035278320312 141.52533531188965 146.08035278320312 141.52533531188965 189.94377517700195 125.17097473144531 189.94377517700195
124.79051208496094 147.37033081054688 141.74003982543945 147.37033081054688 141.74003982543945 188.85211563110352 124.79051208496094 188.85211563110352
126.6666488647461 146.9281768798828 142.91035652160645 146.9281768798828 142.91035652160645 189.58524703979492 126.6666488647461 189.58524703979492
126.73564147949219 147.58175659179688 143.43292999267578 147.58175659179688 143.43292999267578 187.98617935180664 126.73564147949219 187.98617935180664
127.53193664550781 148.01412963867188 144.34221076965332 148.01412963867188 144.34221076965332 190.89712524414062 127.53193664550781 190.89712524414062
127.23872375488281 148.23660278320312 143.9020175933838 148.23660278320312 143.9020175933838 190.7839813232422 127.23872375488281 190.7839813232422
127.78421783447266 148.50869750976562 144.75509643554688 148.50869750976562 144.75509643554688 189.60456085205078 127.78421783447266 189.60456085205078
128.59017944335938 148.83514404296875 145.83895301818848 148.83514404296875 145.83895301818848 189.99456405639648 128.59017944335938 189.99456405639648
130.55857849121094 148.58450317382812 146.92963027954102 148.58450317382812 146.92963027954102 192.25339126586914 130.55857849121094 192.25339126586914
130.51548767089844 149.72671508789062 146.47758197784424 149.72671508789062 146.47758197784424 191.40316009521484 130.51548767089844 191.40316009521484
131.013671875 146.94821166992188 148.13862228393555 146.94821166992188 148.13862228393555 193.31151962280273 131.013671875 193.31151962280273
132.4129638671875 147.1530303955078 148.90189743041992 147.1530303955078 148.90189743041992 192.26414489746094 132.4129638671875 192.26414489746094
133.4659423828125 148.68545532226562 149.88139724731445 148.68545532226562 149.88139724731445 191.1211166381836 133.4659423828125 191.1211166381836
134.19186401367188 148.84161376953125 150.7972469329834 148.84161376953125 150.7972469329834 193.03276824951172 134.19186401367188 193.03276824951172
135.12632751464844 147.16360473632812 152.6284523010254 147.16360473632812 152.6284523010254 192.63790130615234 135.12632751464844 192.63790130615234
135.51876831054688 149.56507873535156 153.92481994628906 149.56507873535156 153.92481994628906 194.0047836303711 135.51876831054688 194.0047836303711
137.40185546875 148.76913452148438 154.72705268859863 148.76913452148438 154.72705268859863 191.16596603393555 137.40185546875 191.16596603393555
137.8736114501953 148.73239135742188 155.0362091064453 148.73239135742188 155.0362091064453 190.44477081298828 137.8736114501953 190.44477081298828
138.23410034179688 147.53189086914062 156.09477615356445 147.53189086914062 156.09477615356445 190.25063705444336 138.23410034179688 190.25063705444336
138.90277099609375 149.25450134277344 156.98722457885742 149.25450134277344 156.98722457885742 192.27753067016602 138.90277099609375 192.27753067016602
140.3033447265625 147.69972229003906 157.86536026000977 147.69972229003906 157.86536026000977 193.94379425048828 140.3033447265625 193.94379425048828
140.77182006835938 148.7201690673828 158.539794921875 148.7201690673828 158.539794921875 193.49382781982422 140.77182006835938 193.49382781982422
141.57534790039062 148.38172912597656 159.5883445739746 148.38172912597656 159.5883445739746 195.46012115478516 141.57534790039062 195.46012115478516
142.40269470214844 149.94940185546875 160.20752334594727 149.94940185546875 160.20752334594727 196.52393341064453 142.40269470214844 196.52393341064453
143.84271240234375 150.21383666992188 161.2454948425293 150.21383666992188 161.2454948425293 196.69011306762695 143.84271240234375 196.69011306762695
143.91363525390625 148.33804321289062 161.33127784729004 148.33804321289062 161.33127784729004 194.61727142333984 143.91363525390625 194.61727142333984
144.6200714111328 149.2947235107422 161.23010444641113 149.2947235107422 161.23010444641113 194.92293548583984 144.6200714111328 194.92293548583984
143.77212524414062 146.5109100341797 161.79429626464844 146.5109100341797 161.79429626464844 196.6214942932129 143.77212524414062 196.6214942932129
146.7594757080078 151.81985473632812 163.69153213500977 151.81985473632812 163.69153213500977 198.88785934448242 146.7594757080078 198.88785934448242
147.8241424560547 153.0353240966797 165.13357734680176 153.0353240966797 165.13357734680176 199.06285858154297 147.8241424560547 199.06285858154297
148.8515167236328 154.05886840820312 166.12691116333008 154.05886840820312 166.12691116333008 200.9528350830078 148.8515167236328 200.9528350830078
150.10476684570312 154.1757354736328 167.75695037841797 154.1757354736328 167.75695037841797 198.7967643737793 150.10476684570312 198.7967643737793
150.98680114746094 154.48776245117188 170.1379737854004 154.48776245117188 170.1379737854004 200.05240631103516 150.98680114746094 200.05240631103516
150.9477996826172 154.8985137939453 170.31631469726562 154.8985137939453 170.31631469726562 200.51204681396484 150.9477996826172 200.51204681396484
151.65963745117188 154.68655395507812 169.95731925964355 154.68655395507812 169.95731925964355 201.71645736694336 151.65963745117188 201.71645736694336
152.8417510986328 156.13137817382812 169.86462593078613 156.13137817382812 169.86462593078613 201.8065414428711 152.8417510986328 201.8065414428711
152.8837127685547 158.09609985351562 170.40072441101074 158.09609985351562 170.40072441101074 200.94918823242188 152.8837127685547 200.94918823242188
153.65965270996094 158.44229125976562 170.70573806762695 158.44229125976562 170.70573806762695 203.2383041381836 153.65965270996094 203.2383041381836
155.25909423828125 158.5419921875 171.8736629486084 158.5419921875 171.8736629486084 205.82013702392578 155.25909423828125 205.82013702392578
154.79132080078125 156.5917205810547 172.2080535888672 156.5917205810547 172.2080535888672 205.04468536376953 154.79132080078125 205.04468536376953
154.7398681640625 155.9453582763672 172.24993705749512 155.9453582763672 172.24993705749512 206.83860397338867 154.7398681640625 206.83860397338867
156.23953247070312 158.9011993408203 175.2471466064453 158.9011993408203 175.2471466064453 205.13364791870117 156.23953247070312 205.13364791870117
157.475341796875 159.4075164794922 175.08667945861816 159.4075164794922 175.08667945861816 206.18560409545898 157.475341796875 206.18560409545898
158.70065307617188 160.21421813964844 177.24663734436035 160.21421813964844 177.24663734436035 208.58329010009766 158.70065307617188 208.58329010009766
159.02752685546875 159.15664672851562 177.8048210144043 159.15664672851562 177.8048210144043 207.27698516845703 159.02752685546875 207.27698516845703
160.099853515625 161.24374389648438 178.73725700378418 161.24374389648438 178.73725700378418 207.8289680480957 160.099853515625 207.8289680480957
160.54122924804688 161.78524780273438 179.72348594665527 161.78524780273438 179.72348594665527 208.07234573364258 160.54122924804688 208.07234573364258
161.46243286132812 161.0814208984375 179.62588119506836 161.0814208984375 179.62588119506836 207.72748947143555 161.46243286132812 207.72748947143555
161.60328674316406 161.89334106445312 180.62153244018555 161.89334106445312 180.62153244018555 206.82589721679688 161.60328674316406 206.82589721679688
163.86859130859375 165.7649688720703 181.73246383666992 165.7649688720703 181.73246383666992 209.48297500610352 163.86859130859375 209.48297500610352
165.396728515625 167.41983032226562 183.68417358398438 167.41983032226562 183.68417358398438 212.28267669677734 165.396728515625 212.28267669677734
166.54745483398438 167.07565307617188 184.46055603027344 167.07565307617188 184.46055603027344 214.5325164794922 166.54745483398438 214.5325164794922
168.87860107421875 168.73892211914062 187.31187438964844 168.73892211914062 187.31187438964844 218.22899627685547 168.87860107421875 218.22899627685547
169.06002807617188 170.24850463867188 187.92327499389648 170.24850463867188 187.92327499389648 218.62545776367188 169.06002807617188 218.62545776367188
170.28988647460938 168.52127075195312 188.45476722717285 168.52127075195312 188.45476722717285 214.87197494506836 170.28988647460938 214.87197494506836
171.22264099121094 170.00497436523438 189.18313598632812 170.00497436523438 189.18313598632812 214.47563552856445 171.22264099121094 214.47563552856445
171.45901489257812 170.8328399658203 189.61060523986816 170.8328399658203 189.61060523986816 213.21246719360352 171.45901489257812 213.21246719360352
172.00656127929688 172.8055419921875 191.31105041503906 172.8055419921875 191.31105041503906 215.11674118041992 172.00656127929688 215.11674118041992
171.93374633789062 170.79013061523438 190.65827751159668 170.79013061523438 190.65827751159668 216.26309967041016 171.93374633789062 216.26309967041016
173.08697509765625 172.82376098632812 191.23810005187988 172.82376098632812 191.23810005187988 218.37421035766602 173.08697509765625 218.37421035766602
172.68765258789062 172.25489807128906 191.31410789489746 172.25489807128906 191.31410789489746 218.58812713623047 172.68765258789062 218.58812713623047
174.55978393554688 173.02732849121094 193.18428421020508 173.02732849121094 193.18428421020508 219.8320083618164 174.55978393554688 219.8320083618164
175.54490661621094 173.83901977539062 194.0192108154297 173.83901977539062 194.0192108154297 220.17155838012695 175.54490661621094 220.17155838012695
179.3278350830078 177.23365783691406 197.5417251586914 177.23365783691406 197.5417251586914 221.1200180053711 179.3278350830078 221.1200180053711
180.2121124267578 177.94886779785156 198.9869041442871 177.94886779785156 198.9869041442871 220.50576400756836 180.2121124267578 220.50576400756836
181.16336059570312 177.2219696044922 200.2314567565918 177.2219696044922 200.2314567565918 222.04534530639648 181.16336059570312 222.04534530639648
181.33718872070312 177.1767120361328 200.86614990234375 177.1767120361328 200.86614990234375 221.51989364624023 181.33718872070312 221.51989364624023
181.90939331054688 177.2146759033203 201.10780906677246 177.2146759033203 201.10780906677246 221.56397247314453 181.90939331054688 221.56397247314453
182.58554077148438 178.17234802246094 201.61203384399414 178.17234802246094 201.61203384399414 220.42835998535156 182.58554077148438 220.42835998535156
182.51937866210938 177.34156799316406 201.42615699768066 177.34156799316406 201.42615699768066 220.56586074829102 182.51937866210938 220.56586074829102
183.8677978515625 178.7420196533203 201.3524875640869 178.7420196533203 201.3524875640869 221.79863739013672 183.8677978515625 221.79863739013672
181.76336669921875 176.40872192382812 199.4918441772461 176.40872192382812 199.4918441772461 221.39946746826172 181.76336669921875 221.39946746826172
184.10525512695312 179.24801635742188 201.40869522094727 179.24801635742188 201.40869522094727 222.31663513183594 184.10525512695312 222.31663513183594
184.34298706054688 178.37252807617188 202.19753646850586 178.37252807617188 202.19753646850586 222.72504043579102 184.34298706054688 222.72504043579102
184.51034545898438 179.0001220703125 202.25665855407715 179.0001220703125 202.25665855407715 223.10783004760742 184.51034545898438 223.10783004760742
184.546630859375 177.6549835205078 202.6014289855957 177.6549835205078 202.6014289855957 224.09346389770508 184.546630859375 224.09346389770508
184.65951538085938 177.1421661376953 203.1152458190918 177.1421661376953 203.1152458190918 225.14624786376953 184.65951538085938 225.14624786376953
184.810791015625 179.0624237060547 203.42021560668945 179.0624237060547 203.42021560668945 226.92020416259766 184.810791015625 226.92020416259766
184.89993286132812 178.1772918701172 203.45821571350098 178.1772918701172 203.45821571350098 223.6219024658203 184.89993286132812 223.6219024658203
187.57159423828125 180.4071044921875 205.09955978393555 180.4071044921875 205.09955978393555 225.13112258911133 187.57159423828125 225.13112258911133
186.21365356445312 179.54287719726562 203.54890060424805 179.54287719726562 203.54890060424805 223.37996292114258 186.21365356445312 223.37996292114258
187.44985961914062 179.22027587890625 204.9007339477539 179.22027587890625 204.9007339477539 225.2054901123047 187.44985961914062 225.2054901123047
186.97146606445312 179.0581512451172 204.2188320159912 179.0581512451172 204.2188320159912 223.26409149169922 186.97146606445312 223.26409149169922
187.2958221435547 178.18099975585938 204.23208618164062 178.18099975585938 204.23208618164062 223.89141082763672 187.2958221435547 223.89141082763672
188.4503936767578 182.28067016601562 204.38844108581543 182.28067016601562 204.38844108581543 227.88124084472656 188.4503936767578 227.88124084472656
187.556396484375 180.74832153320312 204.26417350769043 180.74832153320312 204.26417350769043 227.73887634277344 187.556396484375 227.73887634277344
187.3057403564453 182.41961669921875 204.09784126281738 182.41961669921875 204.09784126281738 226.3258171081543 187.3057403564453 226.3258171081543
188.3920135498047 181.55709838867188 204.89724731445312 181.55709838867188 204.89724731445312 226.58192825317383 188.3920135498047 226.58192825317383
188.9082489013672 185.84661865234375 206.0245018005371 185.84661865234375 206.0245018005371 233.98600006103516 188.9082489013672 233.98600006103516
188.41481018066406 183.89093017578125 205.86347579956055 183.89093017578125 205.86347579956055 232.96521759033203 188.41481018066406 232.96521759033203
187.85256958007812 183.9838104248047 205.38875198364258 183.9838104248047 205.38875198364258 229.11129760742188 187.85256958007812 229.11129760742188
188.4437713623047 184.8631134033203 206.2270107269287 184.8631134033203 206.2270107269287 233.32397079467773 188.4437713623047 233.32397079467773
189.02761840820312 187.3661346435547 207.6061611175537 187.3661346435547 207.6061611175537 231.79132080078125 189.02761840820312 231.79132080078125
187.92166137695312 189.04470825195312 206.33644104003906 189.04470825195312 206.33644104003906 233.47013092041016 187.92166137695312 233.47013092041016
191.09144592285156 189.0868682861328 208.41866493225098 189.0868682861328 208.41866493225098 237.81959915161133 191.09144592285156 237.81959915161133
187.9534454345703 182.2449188232422 205.46469116210938 182.2449188232422 205.46469116210938 231.49522018432617 187.9534454345703 231.49522018432617
187.97250366210938 185.68698120117188 205.35780334472656 185.68698120117188 205.35780334472656 234.58306121826172 187.97250366210938 234.58306121826172
186.13475036621094 186.98013305664062 203.6055679321289 186.98013305664062 203.6055679321289 236.11672973632812 186.13475036621094 236.11672973632812
181.23387145996094 197.76300048828125 198.74550819396973 197.76300048828125 198.74550819396973 247.01439666748047 181.23387145996094 247.01439666748047
173.3258819580078 194.78102111816406 190.74988174438477 194.78102111816406 190.74988174438477 243.78594207763672 173.3258819580078 243.78594207763672
174.02658081054688 204.01669311523438 191.51762771606445 204.01669311523438 191.51762771606445 253.2101821899414 174.02658081054688 253.2101821899414
143.24502563476562 247.44400024414062 160.495756149292 247.44400024414062 160.495756149292 295.9616012573242 143.24502563476562 295.9616012573242
129.86331176757812 241.67037963867188 147.09385108947754 241.67037963867188 147.09385108947754 290.13118743896484 129.86331176757812 290.13118743896484
111.56925964355469 269.249755859375 129.00964736938477 269.249755859375 129.00964736938477 313.30188751220703 111.56925964355469 313.30188751220703
120.65956115722656 266.22357177734375 137.63565826416016 266.22357177734375 137.63565826416016 311.6464157104492 120.65956115722656 311.6464157104492
130.1030731201172 252.02023315429688 146.74584579467773 252.02023315429688 146.74584579467773 295.5232124328613 130.1030731201172 295.5232124328613
127.5892562866211 241.4781951904297 145.31932640075684 241.4781951904297 145.31932640075684 287.06896209716797 127.5892562866211 287.06896209716797
128.57476806640625 244.9936065673828 146.33013916015625 244.9936065673828 146.33013916015625 288.59766006469727 128.57476806640625 288.59766006469727
127.36358642578125 246.06887817382812 144.52750778198242 246.06887817382812 144.52750778198242 292.08878326416016 127.36358642578125 292.08878326416016
126.04148864746094 240.8673095703125 142.87336540222168 240.8673095703125 142.87336540222168 288.20687103271484 126.04148864746094 288.20687103271484
125.62227630615234 241.67578125 142.58742904663086 241.67578125 142.58742904663086 289.3901786804199 125.62227630615234 289.3901786804199
124.98936462402344 242.27883911132812 141.78293800354004 242.27883911132812 141.78293800354004 289.5106658935547 124.98936462402344 289.5106658935547
124.30818176269531 240.2606964111328 141.06244277954102 240.2606964111328 141.06244277954102 287.38196182250977 124.30818176269531 287.38196182250977
124.6147232055664 244.8162841796875 141.5060634613037 244.8162841796875 141.5060634613037 290.1716194152832 124.6147232055664 290.1716194152832
122.92708587646484 242.9845733642578 140.22241020202637 242.9845733642578 140.22241020202637 288.7289352416992 122.92708587646484 288.7289352416992
124.07421875 245.4265899658203 141.86062812805176 245.4265899658203 141.86062812805176 289.067813873291 124.07421875 289.067813873291
123.08692932128906 246.1584930419922 140.30517959594727 246.1584930419922 140.30517959594727 292.92284393310547 123.08692932128906 292.92284393310547
123.768310546875 245.3227996826172 141.15601921081543 245.3227996826172 141.15601921081543 292.1727523803711 123.768310546875 292.1727523803711
124.4133071899414 244.61105346679688 141.91328048706055 244.61105346679688 141.91328048706055 290.93933868408203 124.4133071899414 290.93933868408203
123.89643859863281 245.25820922851562 140.97116470336914 245.25820922851562 140.97116470336914 293.28077697753906 123.89643859863281 293.28077697753906
123.74151611328125 243.4359588623047 141.00313186645508 243.4359588623047 141.00313186645508 291.9841537475586 123.74151611328125 291.9841537475586
123.53407287597656 244.07717895507812 141.02856826782227 244.07717895507812 141.02856826782227 293.2803382873535 123.53407287597656 293.2803382873535
125.3002700805664 245.7125701904297 143.54425430297852 245.7125701904297 143.54425430297852 292.7847442626953 125.3002700805664 292.7847442626953
124.61518859863281 245.404296875 142.05028915405273 245.404296875 142.05028915405273 294.4404106140137 124.61518859863281 294.4404106140137
124.61251068115234 245.72335815429688 143.50749588012695 245.72335815429688 143.50749588012695 290.99600982666016 124.61251068115234 290.99600982666016
122.35139465332031 242.24624633789062 139.68917083740234 242.24624633789062 139.68917083740234 291.0086326599121 122.35139465332031 291.0086326599121
113.38743591308594 246.7213134765625 130.62954330444336 246.7213134765625 130.62954330444336 295.2146339416504 113.38743591308594 295.2146339416504
122.12042236328125 240.79458618164062 139.35139846801758 240.79458618164062 139.35139846801758 289.25659561157227 122.12042236328125 289.25659561157227
100.10319519042969 253.94052124023438 117.35223007202148 253.94052124023438 117.35223007202148 302.4533271789551 100.10319519042969 302.4533271789551
96.15058898925781 255.3876953125 113.99464797973633 255.3876953125 113.99464797973633 294.53039169311523 96.15058898925781 294.53039169311523
98.60608673095703 254.4634552001953 116.84982872009277 254.4634552001953 116.84982872009277 295.01477813720703 98.60608673095703 295.01477813720703
101.4505615234375 251.1773223876953 120.04755783081055 251.1773223876953 120.04755783081055 293.2264747619629 101.4505615234375 293.2264747619629
104.9874496459961 253.978271484375 120.99257469177246 253.978271484375 120.99257469177246 295.8957977294922 104.9874496459961 295.8957977294922
103.7950210571289 252.08407592773438 121.74594116210938 252.08407592773438 121.74594116210938 294.5864677429199 103.7950210571289 294.5864677429199
108.2130126953125 250.40939331054688 126.83870124816895 250.40939331054688 126.83870124816895 293.56978607177734 108.2130126953125 293.56978607177734
108.05635070800781 250.24392700195312 126.10716247558594 250.24392700195312 126.10716247558594 301.0117073059082 108.05635070800781 301.0117073059082
122.44242858886719 247.7422637939453 140.89254570007324 247.7422637939453 140.89254570007324 294.340030670166 122.44242858886719 294.340030670166
124.56172943115234 244.443359375 144.37324905395508 244.443359375 144.37324905395508 288.85995864868164 124.56172943115234 288.85995864868164
124.9383773803711 247.68344116210938 143.4450912475586 247.68344116210938 143.4450912475586 290.5878715515137 124.9383773803711 290.5878715515137
127.67134857177734 254.6075897216797 146.5064239501953 254.6075897216797 146.5064239501953 296.7470359802246 127.67134857177734 296.7470359802246
121.99946594238281 245.44979858398438 140.0333709716797 245.44979858398438 140.0333709716797 291.1757621765137 121.99946594238281 291.1757621765137
119.9822998046875 242.9694366455078 137.80288696289062 242.9694366455078 137.80288696289062 293.49439239501953 119.9822998046875 293.49439239501953
119.7353286743164 242.18911743164062 137.5304298400879 242.18911743164062 137.5304298400879 292.2377243041992 119.7353286743164 292.2377243041992
119.468017578125 245.4962921142578 137.59632873535156 245.4962921142578 137.59632873535156 296.48204803466797 119.468017578125 296.48204803466797
120.0732421875 245.58413696289062 138.90407180786133 245.58413696289062 138.90407180786133 291.74535369873047 120.0732421875 291.74535369873047
120.38822937011719 246.0319366455078 138.57206344604492 246.0319366455078 138.57206344604492 293.0860252380371 120.38822937011719 293.0860252380371
119.7682876586914 242.33035278320312 137.66089820861816 242.33035278320312 137.66089820861816 292.65320587158203 119.7682876586914 292.65320587158203
121.07789611816406 243.8472900390625 139.02402687072754 243.8472900390625 139.02402687072754 294.32067108154297 121.07789611816406 294.32067108154297
120.96183013916016 247.2812957763672 139.72712898254395 247.2812957763672 139.72712898254395 293.3458786010742 120.96183013916016 293.3458786010742
120.64913177490234 245.7624053955078 139.6716709136963 245.7624053955078 139.6716709136963 292.52210235595703 120.64913177490234 292.52210235595703
121.6364974975586 247.8105010986328 140.47065544128418 247.8105010986328 140.47065544128418 295.51935958862305 121.6364974975586 295.51935958862305
121.14569091796875 244.9400177001953 139.826265335083 244.9400177001953 139.826265335083 293.5776710510254 121.14569091796875 293.5776710510254
121.75099182128906 244.69851684570312 139.97073364257812 244.69851684570312 139.97073364257812 295.1317901611328 121.75099182128906 295.1317901611328
121.90171813964844 243.67654418945312 140.7293930053711 243.67654418945312 140.7293930053711 293.82057189941406 121.90171813964844 293.82057189941406
121.8444595336914 244.8285675048828 140.6939582824707 244.8285675048828 140.6939582824707 296.59171295166016 121.8444595336914 296.59171295166016
120.4909896850586 241.5065460205078 139.27851486206055 241.5065460205078 139.27851486206055 293.4879722595215 120.4909896850586 293.4879722595215
121.70994567871094 243.6750030517578 140.9163818359375 243.6750030517578 140.9163818359375 294.89491271972656 121.70994567871094 294.89491271972656
122.10673522949219 242.55410766601562 141.10166358947754 242.55410766601562 141.10166358947754 295.7202377319336 122.10673522949219 295.7202377319336
121.37615966796875 242.25912475585938 140.56402206420898 242.25912475585938 140.56402206420898 291.1720657348633 121.37615966796875 291.1720657348633
122.56684875488281 244.17214965820312 141.12407302856445 244.17214965820312 141.12407302856445 293.66234588623047 122.56684875488281 293.66234588623047
121.56622314453125 242.9945068359375 139.65928077697754 242.9945068359375 139.65928077697754 293.56976318359375 121.56622314453125 293.56976318359375
122.25761413574219 245.24020385742188 140.62571144104004 245.24020385742188 140.62571144104004 294.88916778564453 122.25761413574219 294.88916778564453
122.36833190917969 243.09140014648438 141.0085048675537 243.09140014648438 141.0085048675537 294.4756889343262 122.36833190917969 294.4756889343262
122.32025146484375 244.484619140625 140.97673225402832 244.484619140625 140.97673225402832 294.69009017944336 122.32025146484375 294.69009017944336
123.1993637084961 242.4782257080078 142.20880508422852 242.4782257080078 142.20880508422852 294.32961654663086 123.1993637084961 294.32961654663086
124.00048828125 244.0183563232422 143.0142765045166 244.0183563232422 143.0142765045166 293.59131622314453 124.00048828125 293.59131622314453
125.42276763916016 247.4327850341797 145.54596138000488 247.4327850341797 145.54596138000488 297.985782623291 125.42276763916016 297.985782623291
126.2363510131836 244.0431365966797 145.49707794189453 244.0431365966797 145.49707794189453 297.1362075805664 126.2363510131836 297.1362075805664
125.6818618774414 242.87948608398438 144.74649238586426 242.87948608398438 144.74649238586426 294.70703887939453 125.6818618774414 294.70703887939453
125.04964447021484 241.34280395507812 144.6757469177246 241.34280395507812 144.6757469177246 296.54108810424805 125.04964447021484 296.54108810424805
127.8790512084961 244.0675506591797 147.8089370727539 244.0675506591797 147.8089370727539 293.73291397094727 127.8790512084961 293.73291397094727
127.44852447509766 244.4460906982422 146.92193222045898 244.4460906982422 146.92193222045898 295.94535064697266 127.44852447509766 295.94535064697266
127.24635314941406 243.7762908935547 146.9451732635498 243.7762908935547 146.9451732635498 294.6108169555664 127.24635314941406 294.6108169555664
126.65802001953125 242.8827362060547 146.69111251831055 242.8827362060547 146.69111251831055 294.75733184814453 126.65802001953125 294.75733184814453
125.59590148925781 241.8789520263672 146.47888946533203 241.8789520263672 146.47888946533203 290.9720687866211 125.59590148925781 290.9720687866211
126.1194839477539 242.8330078125 146.22039794921875 242.8330078125 146.22039794921875 293.0525665283203 126.1194839477539 293.0525665283203
125.58845520019531 242.375244140625 145.29802322387695 242.375244140625 145.29802322387695 291.4878044128418 125.58845520019531 291.4878044128418
125.0511703491211 241.3045654296875 145.21408653259277 241.3045654296875 145.21408653259277 292.5228385925293 125.0511703491211 292.5228385925293
125.96202087402344 242.90377807617188 145.0226173400879 242.90377807617188 145.0226173400879 291.0543327331543 125.96202087402344 291.0543327331543
126.5922622680664 242.1642608642578 146.55669403076172 242.1642608642578 146.55669403076172 293.22410583496094 126.5922622680664 293.22410583496094
126.22928619384766 240.0961151123047 146.3759593963623 240.0961151123047 146.3759593963623 289.25496673583984 126.22928619384766 289.25496673583984
126.28300476074219 242.25643920898438 147.25835800170898 242.25643920898438 147.25835800170898 290.91014862060547 126.28300476074219 290.91014862060547
125.9955062866211 241.39297485351562 146.59240341186523 241.39297485351562 146.59240341186523 291.55173110961914 125.9955062866211 291.55173110961914
126.16484069824219 242.07119750976562 146.6710376739502 242.07119750976562 146.6710376739502 291.6857261657715 126.16484069824219 291.6857261657715
124.0145492553711 242.4051055908203 144.39222145080566 242.4051055908203 144.39222145080566 291.6753463745117 124.0145492553711 291.6753463745117
125.96248626708984 242.3439178466797 146.52859497070312 242.3439178466797 146.52859497070312 292.7223701477051 125.96248626708984 292.7223701477051
125.81038665771484 241.49923706054688 145.9459991455078 241.49923706054688 145.9459991455078 292.5297546386719 125.81038665771484 292.5297546386719
126.2745590209961 242.6138458251953 146.89306831359863 242.6138458251953 146.89306831359863 292.5511894226074 126.2745590209961 292.5511894226074
125.95478820800781 242.3384552001953 145.9423942565918 242.3384552001953 145.9423942565918 292.2483100891113 125.95478820800781 292.2483100891113
127.86689758300781 246.5695343017578 147.83612442016602 246.5695343017578 147.83612442016602 294.05723571777344 127.86689758300781 294.05723571777344
126.9769515991211 245.3502655029297 146.43665504455566 245.3502655029297 146.43665504455566 293.8773193359375 126.9769515991211 293.8773193359375
126.63468933105469 244.3343505859375 147.38358879089355 244.3343505859375 147.38358879089355 292.82024002075195 126.63468933105469 292.82024002075195
126.48123931884766 244.7030487060547 146.74371910095215 244.7030487060547 146.74371910095215 295.8783988952637 126.48123931884766 295.8783988952637
126.27671813964844 243.23452758789062 146.63011169433594 243.23452758789062 146.63011169433594 297.1646041870117 126.27671813964844 297.1646041870117
125.82879638671875 243.38577270507812 146.82847213745117 243.38577270507812 146.82847213745117 292.9491729736328 125.82879638671875 292.9491729736328
124.53707122802734 243.42214965820312 145.07818984985352 243.42214965820312 145.07818984985352 294.16399002075195 124.53707122802734 294.16399002075195
124.7896499633789 242.3614044189453 144.83747482299805 242.3614044189453 144.83747482299805 293.5559768676758 124.7896499633789 293.5559768676758
123.95335388183594 241.79190063476562 144.41034507751465 241.79190063476562 144.41034507751465 292.5180969238281 123.95335388183594 292.5180969238281
123.51716613769531 244.2718963623047 143.81250190734863 244.2718963623047 143.81250190734863 293.1548538208008 123.51716613769531 293.1548538208008
123.1615219116211 242.42886352539062 142.20800590515137 242.42886352539062 142.20800590515137 295.9969673156738 123.1615219116211 295.9969673156738
121.08866882324219 242.2740478515625 140.59428787231445 242.2740478515625 140.59428787231445 292.22490310668945 121.08866882324219 292.22490310668945
122.11433410644531 242.22412109375 140.97025299072266 242.22412109375 140.97025299072266 294.39238357543945 122.11433410644531 294.39238357543945
122.25593566894531 247.12081909179688 141.44579887390137 247.12081909179688 141.44579887390137 294.5924987792969 122.25593566894531 294.5924987792969
121.9204330444336 244.07376098632812 140.27462005615234 244.07376098632812 140.27462005615234 293.51529693603516 121.9204330444336 293.51529693603516
121.68977355957031 248.17135620117188 140.46088409423828 248.17135620117188 140.46088409423828 293.8540725708008 121.68977355957031 293.8540725708008
120.48439025878906 243.6653289794922 138.76608276367188 243.6653289794922 138.76608276367188 294.9245376586914 120.48439025878906 294.9245376586914
119.89388275146484 244.15869140625 138.0969066619873 244.15869140625 138.0969066619873 294.8026313781738 119.89388275146484 294.8026313781738
120.16300201416016 244.19815063476562 138.7648162841797 244.19815063476562 138.7648162841797 294.7657699584961 120.16300201416016 294.7657699584961
119.5562744140625 243.85952758789062 138.33556747436523 243.85952758789062 138.33556747436523 295.6502799987793 119.5562744140625 295.6502799987793
119.87913513183594 243.2531280517578 138.4408721923828 243.2531280517578 138.4408721923828 294.6795196533203 119.87913513183594 294.6795196533203
120.65843200683594 243.9830780029297 139.06382179260254 243.9830780029297 139.06382179260254 294.969482421875 120.65843200683594 294.969482421875
120.56890869140625 244.0410919189453 139.39068984985352 244.0410919189453 139.39068984985352 297.90756607055664 120.56890869140625 297.90756607055664
118.9891128540039 239.2902069091797 138.6946907043457 239.2902069091797 138.6946907043457 290.8469924926758 118.9891128540039 290.8469924926758
118.45115661621094 241.5164794921875 138.41131591796875 241.5164794921875 138.41131591796875 292.51662826538086 118.45115661621094 292.51662826538086
122.48274993896484 245.32192993164062 142.91744232177734 245.32192993164062 142.91744232177734 294.89289474487305 122.48274993896484 294.89289474487305
123.128662109375 246.77651977539062 143.19301986694336 246.77651977539062 143.19301986694336 298.58098220825195 123.128662109375 298.58098220825195
121.77684020996094 241.52285766601562 141.70219802856445 241.52285766601562 141.70219802856445 295.15572357177734 121.77684020996094 295.15572357177734
122.5958480834961 242.1309051513672 142.4131202697754 242.1309051513672 142.4131202697754 296.17635345458984 122.5958480834961 296.17635345458984
122.57950592041016 242.0520477294922 143.44654655456543 242.0520477294922 143.44654655456543 294.85985565185547 122.57950592041016 294.85985565185547
122.24678039550781 242.88668823242188 143.0569953918457 242.88668823242188 143.0569953918457 293.4475784301758 122.24678039550781 293.4475784301758
123.76316833496094 243.42141723632812 144.4831199645996 243.42141723632812 144.4831199645996 296.93260955810547 123.76316833496094 296.93260955810547
123.83831787109375 245.22940063476562 144.92449569702148 245.22940063476562 144.92449569702148 297.7557678222656 123.83831787109375 297.7557678222656
123.80006408691406 242.3522491455078 143.99630737304688 242.3522491455078 143.99630737304688 292.91876220703125 123.80006408691406 292.91876220703125
124.15409088134766 242.38442993164062 144.3816909790039 242.38442993164062 144.3816909790039 293.616455078125 124.15409088134766 293.616455078125
124.37190246582031 244.62051391601562 145.00979232788086 244.62051391601562 145.00979232788086 295.2167510986328 124.37190246582031 295.2167510986328
124.48887634277344 246.47940063476562 144.25796508789062 246.47940063476562 144.25796508789062 295.69686126708984 124.48887634277344 295.69686126708984
124.16827392578125 244.69198608398438 144.01928329467773 244.69198608398438 144.01928329467773 294.2537727355957 124.16827392578125 294.2537727355957
123.29976654052734 247.1577911376953 143.45054817199707 247.1577911376953 143.45054817199707 295.24302673339844 123.29976654052734 295.24302673339844
122.5306167602539 246.4397430419922 142.17777252197266 246.4397430419922 142.17777252197266 295.7562675476074 122.5306167602539 295.7562675476074
123.137939453125 247.40121459960938 143.35790824890137 247.40121459960938 143.35790824890137 297.82632064819336 123.137939453125 297.82632064819336
122.48018646240234 244.35055541992188 142.34589195251465 244.35055541992188 142.34589195251465 294.63085174560547 122.48018646240234 294.63085174560547
122.4803237915039 248.36434936523438 142.00748443603516 248.36434936523438 142.00748443603516 296.9040069580078 122.4803237915039 296.9040069580078
122.07159423828125 246.36697387695312 142.47600936889648 246.36697387695312 142.47600936889648 296.82697677612305 122.07159423828125 296.82697677612305
121.97096252441406 244.70431518554688 141.92287063598633 244.70431518554688 141.92287063598633 297.5804252624512 121.97096252441406 297.5804252624512
122.1408920288086 245.64962768554688 142.28655624389648 245.64962768554688 142.28655624389648 296.9262275695801 122.1408920288086 296.9262275695801
122.67103576660156 242.22805786132812 142.8173313140869 242.22805786132812 142.8173313140869 295.71297454833984 122.67103576660156 295.71297454833984
122.95631408691406 245.53036499023438 142.73738288879395 245.53036499023438 142.73738288879395 299.42534255981445 122.95631408691406 299.42534255981445
123.36970520019531 245.36502075195312 143.4984245300293 245.36502075195312 143.4984245300293 295.4231948852539 123.36970520019531 295.4231948852539
122.89585876464844 245.7919921875 141.96769523620605 245.7919921875 141.96769523620605 297.1295471191406 122.89585876464844 297.1295471191406
123.11834716796875 244.7423858642578 142.53771018981934 244.7423858642578 142.53771018981934 295.7395324707031 123.11834716796875 295.7395324707031
123.5367431640625 246.66696166992188 143.06024551391602 246.66696166992188 143.06024551391602 296.7251892089844 123.5367431640625 296.7251892089844
123.5648193359375 246.79983520507812 143.37441635131836 246.79983520507812 143.37441635131836 296.41336822509766 123.5648193359375 296.41336822509766
123.61529541015625 245.39559936523438 143.4902400970459 245.39559936523438 143.4902400970459 295.87360763549805 123.61529541015625 295.87360763549805
123.02020263671875 246.09878540039062 142.68432235717773 246.09878540039062 142.68432235717773 294.9277801513672 123.02020263671875 294.9277801513672
123.2139663696289 246.0037078857422 143.16743659973145 246.0037078857422 143.16743659973145 295.7419013977051 123.2139663696289 295.7419013977051
123.11405944824219 242.61740112304688 143.20508766174316 242.61740112304688 143.20508766174316 292.31056213378906 123.11405944824219 292.31056213378906
122.61796569824219 245.03091430664062 143.55424118041992 245.03091430664062 143.55424118041992 294.0694046020508 122.61796569824219 294.0694046020508
122.1506576538086 243.8396453857422 142.68066024780273 243.8396453857422 142.68066024780273 294.6135559082031 122.1506576538086 294.6135559082031
122.33089447021484 242.6646270751953 142.8715534210205 242.6646270751953 142.8715534210205 294.4115753173828 122.33089447021484 294.4115753173828
121.4483642578125 242.0198211669922 141.41253280639648 242.0198211669922 141.41253280639648 293.01848220825195 121.4483642578125 293.01848220825195
121.25422668457031 241.7011260986328 140.8502082824707 241.7011260986328 140.8502082824707 294.636287689209 121.25422668457031 294.636287689209
120.79215240478516 241.3385772705078 139.91583633422852 241.3385772705078 139.91583633422852 295.12378692626953 120.79215240478516 295.12378692626953
120.8938217163086 241.15835571289062 140.2884635925293 241.15835571289062 140.2884635925293 294.3583068847656 120.8938217163086 294.3583068847656
121.1203842163086 244.5287628173828 141.4819221496582 244.5287628173828 141.4819221496582 292.19353103637695 121.1203842163086 292.19353103637695
122.33967590332031 242.3819580078125 141.65165328979492 242.3819580078125 141.65165328979492 292.67574310302734 122.33967590332031 292.67574310302734
122.5107421875 244.69784545898438 141.71356773376465 244.69784545898438 141.71356773376465 293.98237228393555 122.5107421875 293.98237228393555
122.6424331665039 246.6812744140625 141.61322593688965 246.6812744140625 141.61322593688965 295.29378509521484 122.6424331665039 295.29378509521484
122.8698959350586 242.6495819091797 142.3531150817871 242.6495819091797 142.3531150817871 293.25111389160156 122.8698959350586 293.25111389160156
122.83528137207031 244.5819854736328 142.14014625549316 244.5819854736328 142.14014625549316 293.4779853820801 122.83528137207031 293.4779853820801
123.755615234375 245.2576904296875 143.68958473205566 245.2576904296875 143.68958473205566 296.10913848876953 123.755615234375 296.10913848876953
123.53837585449219 243.83395385742188 142.9481143951416 243.83395385742188 142.9481143951416 295.9748229980469 123.53837585449219 295.9748229980469
123.7005386352539 244.51962280273438 142.89273643493652 244.51962280273438 142.89273643493652 293.6876640319824 123.7005386352539 293.6876640319824
124.11637115478516 241.6402130126953 143.11125564575195 241.6402130126953 143.11125564575195 295.06320571899414 124.11637115478516 295.06320571899414
124.70699310302734 241.5634307861328 144.48235893249512 241.5634307861328 144.48235893249512 291.86476135253906 124.70699310302734 291.86476135253906
124.68244934082031 243.91476440429688 144.4489402770996 243.91476440429688 144.4489402770996 292.4463806152344 124.68244934082031 292.4463806152344
124.46900939941406 244.75924682617188 143.74960136413574 244.75924682617188 143.74960136413574 294.13561630249023 124.46900939941406 294.13561630249023
123.42070007324219 240.560546875 144.58583641052246 240.560546875 144.58583641052246 290.86915588378906 123.42070007324219 290.86915588378906
124.65992736816406 245.90859985351562 144.27262496948242 245.90859985351562 144.27262496948242 293.8387985229492 124.65992736816406 293.8387985229492
124.14399719238281 244.195556640625 143.37432670593262 244.195556640625 143.37432670593262 295.5105094909668 124.14399719238281 295.5105094909668
124.98946380615234 245.4227294921875 144.58069038391113 245.4227294921875 144.58069038391113 298.0336799621582 124.98946380615234 298.0336799621582
123.9051742553711 242.84048461914062 143.87807655334473 242.84048461914062 143.87807655334473 294.8557662963867 123.9051742553711 294.8557662963867
124.96611022949219 244.85269165039062 144.44610977172852 244.85269165039062 144.44610977172852 296.9818649291992 124.96611022949219 296.9818649291992
123.91756439208984 244.751708984375 143.61970138549805 244.751708984375 143.61970138549805 296.67219161987305 123.91756439208984 296.67219161987305
124.7061996459961 245.55288696289062 143.07310485839844 245.55288696289062 143.07310485839844 296.0900764465332 124.7061996459961 296.0900764465332
124.9795150756836 244.87484741210938 144.41926765441895 244.87484741210938 144.41926765441895 293.62710189819336 124.9795150756836 293.62710189819336
124.74784851074219 245.35791015625 143.1005973815918 245.35791015625 143.1005973815918 296.0802116394043 124.74784851074219 296.0802116394043
123.6650619506836 243.53292846679688 143.73988723754883 243.53292846679688 143.73988723754883 292.6073989868164 123.6650619506836 292.6073989868164
123.02120208740234 243.3807373046875 142.15350532531738 243.3807373046875 142.15350532531738 294.0925827026367 123.02120208740234 294.0925827026367
123.0162124633789 247.0972442626953 142.36130905151367 247.0972442626953 142.36130905151367 298.0505485534668 123.0162124633789 298.0505485534668
123.23062896728516 245.8362579345703 141.7868309020996 245.8362579345703 141.7868309020996 296.765926361084 123.23062896728516 296.765926361084
122.8820571899414 244.7906494140625 142.13920402526855 244.7906494140625 142.13920402526855 294.76578521728516 122.8820571899414 294.76578521728516
123.2452392578125 243.6207733154297 141.85931587219238 243.6207733154297 141.85931587219238 295.97274017333984 123.2452392578125 295.97274017333984
123.31166076660156 245.4401397705078 142.64756774902344 245.4401397705078 142.64756774902344 294.71533584594727 123.31166076660156 294.71533584594727
123.05081939697266 245.06527709960938 142.1025447845459 245.06527709960938 142.1025447845459 294.6738395690918 123.05081939697266 294.6738395690918
123.74808502197266 246.03125 142.9198875427246 246.03125 142.9198875427246 295.14685440063477 123.74808502197266 295.14685440063477
123.314453125 244.0240020751953 142.63355445861816 244.0240020751953 142.63355445861816 293.49683380126953 123.314453125 293.49683380126953
122.59903717041016 243.7307586669922 142.3117618560791 243.7307586669922 142.3117618560791 294.06298065185547 122.59903717041016 294.06298065185547
123.17372131347656 245.182373046875 143.11327171325684 245.182373046875 143.11327171325684 295.4705390930176 123.17372131347656 295.4705390930176
123.2879867553711 244.2335968017578 142.49660873413086 244.2335968017578 142.49660873413086 296.82799911499023 123.2879867553711 296.82799911499023
123.3939208984375 244.06741333007812 142.50718688964844 244.06741333007812 142.50718688964844 296.58431243896484 123.3939208984375 296.58431243896484
123.59968566894531 242.96481323242188 142.91205215454102 242.96481323242188 142.91205215454102 296.4356460571289 123.59968566894531 296.4356460571289
123.65287780761719 246.7318572998047 142.69379043579102 246.7318572998047 142.69379043579102 297.5092086791992 123.65287780761719 297.5092086791992
124.3310775756836 246.50146484375 143.92010498046875 246.50146484375 143.92010498046875 296.9450225830078 124.3310775756836 296.9450225830078
123.69572448730469 245.65963745117188 142.75243949890137 245.65963745117188 142.75243949890137 295.8016586303711 123.69572448730469 295.8016586303711
123.31150817871094 244.59219360351562 142.87415885925293 244.59219360351562 142.87415885925293 296.91455078125 123.31150817871094 296.91455078125
123.46785736083984 244.91159057617188 143.3184986114502 244.91159057617188 143.3184986114502 298.8160934448242 123.46785736083984 298.8160934448242
123.49375915527344 242.172607421875 143.1104393005371 242.172607421875 143.1104393005371 295.08903884887695 123.49375915527344 295.08903884887695
123.5854721069336 241.80892944335938 143.38077926635742 241.80892944335938 143.38077926635742 293.30150604248047 123.5854721069336 293.30150604248047
122.6402359008789 242.1516571044922 143.45555114746094 242.1516571044922 143.45555114746094 291.6627883911133 122.6402359008789 291.6627883911133
123.7205810546875 242.10629272460938 144.0259189605713 242.10629272460938 144.0259189605713 293.15943908691406 123.7205810546875 293.15943908691406
123.52215576171875 243.3529510498047 143.69836807250977 243.3529510498047 143.69836807250977 293.8299865722656 123.52215576171875 293.8299865722656
123.62699127197266 243.4771728515625 143.40157890319824 243.4771728515625 143.40157890319824 295.8155288696289 123.62699127197266 295.8155288696289
123.90510559082031 242.58853149414062 143.28380012512207 242.58853149414062 143.28380012512207 297.09099197387695 123.90510559082031 297.09099197387695
123.3216552734375 243.0301055908203 142.91241836547852 243.0301055908203 142.91241836547852 294.0657730102539 123.3216552734375 294.0657730102539
122.82289123535156 243.1982879638672 141.89183235168457 243.1982879638672 141.89183235168457 296.3121681213379 122.82289123535156 296.3121681213379
122.57708740234375 243.9319610595703 142.01517295837402 243.9319610595703 142.01517295837402 293.283634185791 122.57708740234375 293.283634185791
121.52754211425781 242.8711395263672 140.5297451019287 242.8711395263672 140.5297451019287 296.0164566040039 121.52754211425781 296.0164566040039
121.66389465332031 244.47805786132812 142.1459789276123 244.47805786132812 142.1459789276123 292.1904983520508 121.66389465332031 292.1904983520508
121.8321533203125 248.9403839111328 141.92288780212402 248.9403839111328 141.92288780212402 290.633846282959 121.8321533203125 290.633846282959
128.17526245117188 246.83694458007812 148.50682067871094 246.83694458007812 148.50682067871094 291.35546112060547 128.17526245117188 291.35546112060547
129.58224487304688 248.74911499023438 151.42396926879883 248.74911499023438 151.42396926879883 291.23073959350586 129.58224487304688 291.23073959350586
136.56338500976562 250.7505340576172 156.25046730041504 250.7505340576172 156.25046730041504 293.01175689697266 136.56338500976562 293.01175689697266
145.0313720703125 250.66787719726562 164.92141342163086 250.66787719726562 164.92141342163086 292.4762649536133 145.0313720703125 292.4762649536133
149.40530395507812 249.6892852783203 169.78611183166504 249.6892852783203 169.78611183166504 294.0004081726074 149.40530395507812 294.0004081726074
155.28701782226562 246.65353393554688 175.45248985290527 246.65353393554688 175.45248985290527 290.0616874694824 155.28701782226562 290.0616874694824
157.1072235107422 246.72348022460938 177.5236473083496 246.72348022460938 177.5236473083496 288.09864044189453 157.1072235107422 288.09864044189453
166.2083740234375 247.871826171875 187.59699821472168 247.871826171875 187.59699821472168 290.6319046020508 166.2083740234375 290.6319046020508
171.06466674804688 244.9143829345703 192.97079849243164 244.9143829345703 192.97079849243164 291.07843017578125 171.06466674804688 291.07843017578125
180.25318908691406 244.3236846923828 201.41693496704102 244.3236846923828 201.41693496704102 289.9806671142578 180.25318908691406 289.9806671142578
184.88592529296875 245.60842895507812 206.97837448120117 245.60842895507812 206.97837448120117 289.85573959350586 184.88592529296875 289.85573959350586
190.20660400390625 247.4443359375 212.39002990722656 247.4443359375 212.39002990722656 292.74090576171875 190.20660400390625 292.74090576171875
199.58987426757812 244.3674774169922 221.58637809753418 244.3674774169922 221.58637809753418 289.32653045654297 199.58987426757812 289.32653045654297
203.12051391601562 244.09463500976562 225.0059757232666 244.09463500976562 225.0059757232666 289.9154586791992 203.12051391601562 289.9154586791992
208.57470703125 242.5267333984375 230.94271278381348 242.5267333984375 230.94271278381348 287.9347038269043 208.57470703125 287.9347038269043
217.25119018554688 243.6936798095703 239.43080711364746 243.6936798095703 239.43080711364746 288.4638328552246 217.25119018554688 288.4638328552246
228.7770233154297 244.7371826171875 249.614408493042 244.7371826171875 249.614408493042 290.40576553344727 228.7770233154297 290.40576553344727
232.78274536132812 243.59170532226562 253.88036155700684 243.59170532226562 253.88036155700684 292.3005180358887 232.78274536132812 292.3005180358887
240.1381378173828 245.4020538330078 262.4009819030762 245.4020538330078 262.4009819030762 291.4274673461914 240.1381378173828 291.4274673461914
243.649658203125 244.0306396484375 267.0249729156494 244.0306396484375 267.0249729156494 290.73921966552734 243.649658203125 290.73921966552734
254.541748046875 242.41513061523438 276.9025077819824 242.41513061523438 276.9025077819824 291.2205581665039 254.541748046875 291.2205581665039
260.2304382324219 244.4571990966797 282.7803535461426 244.4571990966797 282.7803535461426 291.33739471435547 260.2304382324219 291.33739471435547
269.9325256347656 245.9874725341797 291.3453998565674 245.9874725341797 291.3453998565674 294.442569732666 269.9325256347656 294.442569732666
272.9044494628906 231.4251251220703 294.8488960266113 231.4251251220703 294.8488960266113 293.1437301635742 272.9044494628906 293.1437301635742
282.8323059082031 247.1147918701172 305.0386714935303 247.1147918701172 305.0386714935303 294.37475204467773 282.8323059082031 294.37475204467773
287.5560302734375 239.7017822265625 309.6691837310791 239.7017822265625 309.6691837310791 286.2987632751465 287.5560302734375 286.2987632751465
296.1665344238281 241.58547973632812 318.0620460510254 241.58547973632812 318.0620460510254 288.195125579834 296.1665344238281 288.195125579834
297.7931213378906 233.47567749023438 318.9498119354248 233.47567749023438 318.9498119354248 292.9787292480469 297.7931213378906 292.9787292480469
282.579833984375 234.47555541992188 303.8702049255371 234.47555541992188 303.8702049255371 294.35457611083984 282.579833984375 294.35457611083984
272.5841064453125 233.98068237304688 294.0838966369629 233.98068237304688 294.0838966369629 294.44869232177734 272.5841064453125 294.44869232177734
319.4679260253906 241.0908966064453 341.46196365356445 241.0908966064453 341.46196365356445 289.82983779907227 319.4679260253906 289.82983779907227
325.99395751953125 237.55136108398438 348.15835189819336 237.55136108398438 348.15835189819336 286.2168960571289 325.99395751953125 286.2168960571289
330.64337158203125 238.96316528320312 353.309419631958 238.96316528320312 353.309419631958 288.0382080078125 330.64337158203125 288.0382080078125
337.2804870605469 228.240966796875 359.70087814331055 228.240966796875 359.70087814331055 291.2981758117676 337.2804870605469 291.2981758117676
329.36962890625 232.4054718017578 352.0386085510254 232.4054718017578 352.0386085510254 296.1618309020996 329.36962890625 296.1618309020996
316.2910461425781 239.22921752929688 338.98926544189453 239.22921752929688 338.98926544189453 303.0678176879883 316.2910461425781 303.0678176879883
326.9503173828125 234.2681884765625 349.5661315917969 234.2681884765625 349.5661315917969 297.8750190734863 326.9503173828125 297.8750190734863
356.8421936035156 236.05807495117188 379.52099418640137 236.05807495117188 379.52099418640137 299.8420600891113 356.8421936035156 299.8420600891113
370.17010498046875 234.7312774658203 393.005672454834 234.7312774658203 393.005672454834 298.95616912841797 370.17010498046875 298.95616912841797
361.6371154785156 236.5472412109375 384.5465030670166 236.5472412109375 384.5465030670166 300.97975158691406 361.6371154785156 300.97975158691406
375.49774169921875 231.3651580810547 398.3058910369873 231.3651580810547 398.3058910369873 295.512939453125 375.49774169921875 295.512939453125
377.9075927734375 233.1897735595703 400.64898681640625 233.1897735595703 400.64898681640625 297.14980697631836 377.9075927734375 297.14980697631836
382.7627868652344 230.89834594726562 405.53835105895996 230.89834594726562 405.53835105895996 294.95448303222656 382.7627868652344 294.95448303222656
399.909423828125 227.74288940429688 423.12766456604004 227.74288940429688 423.12766456604004 293.04405212402344 399.909423828125 293.04405212402344
407.2350769042969 235.54910278320312 430.8268222808838 235.54910278320312 430.8268222808838 301.90074920654297 407.2350769042969 301.90074920654297
386.6788330078125 238.9674835205078 410.39538192749023 238.9674835205078 410.39538192749023 305.6701431274414 386.6788330078125 305.6701431274414
400.5674743652344 231.7113800048828 423.7043647766113 231.7113800048828 423.7043647766113 296.78375244140625 400.5674743652344 296.78375244140625
393.93756103515625 238.07638549804688 417.1715278625488 238.07638549804688 417.1715278625488 303.42179107666016 393.93756103515625 303.42179107666016
397.43402099609375 231.9154510498047 420.90574645996094 231.9154510498047 420.90574645996094 297.92955780029297 397.43402099609375 297.92955780029297
407.1356506347656 231.7699432373047 430.2420120239258 231.7699432373047 430.2420120239258 296.7564697265625 407.1356506347656 296.7564697265625
416.62664794921875 240.7816162109375 440.2085018157959 240.7816162109375 440.2085018157959 307.10546875 416.62664794921875 307.10546875
413.54248046875 249.6957244873047 436.9570426940918 249.6957244873047 436.9570426940918 315.549072265625 413.54248046875 315.549072265625
447.8929748535156 258.0450134277344 471.0824165344238 258.0450134277344 471.0824165344238 323.2652130126953 447.8929748535156 323.2652130126953
446.4398498535156 246.8892822265625 471.2395420074463 246.8892822265625 471.2395420074463 298.67887115478516 446.4398498535156 298.67887115478516
455.2787170410156 234.56649780273438 478.6343631744385 234.56649780273438 478.6343631744385 300.254150390625 455.2787170410156 300.254150390625
460.2958068847656 251.19497680664062 483.61405181884766 251.19497680664062 483.61405181884766 316.7774429321289 460.2958068847656 316.7774429321289
469.31463623046875 245.0747528076172 494.22604751586914 245.0747528076172 494.22604751586914 295.90170669555664 469.31463623046875 295.90170669555664
481.35394287109375 231.79220581054688 505.0365238189697 231.79220581054688 505.0365238189697 298.3993606567383 481.35394287109375 298.3993606567383
488.49749755859375 243.4679718017578 513.595516204834 243.4679718017578 513.595516204834 296.7722854614258 488.49749755859375 296.7722854614258
497.26470947265625 242.99365234375 522.1442356109619 242.99365234375 522.1442356109619 292.4151077270508 497.26470947265625 292.4151077270508
494.312744140625 242.54013061523438 520.0600833892822 242.54013061523438 520.0600833892822 290.74312591552734 494.312744140625 290.74312591552734
500.23883056640625 236.9545440673828 524.0599021911621 236.9545440673828 524.0599021911621 303.95121002197266 500.23883056640625 303.95121002197266
505.0648498535156 247.2914276123047 528.9925384521484 247.2914276123047 528.9925384521484 298.5988082885742 505.0648498535156 298.5988082885742
511.8726501464844 242.5589599609375 537.692626953125 242.5589599609375 537.692626953125 293.62718963623047 511.8726501464844 293.62718963623047
516.4740600585938 243.4177703857422 544.2155265808105 243.4177703857422 544.2155265808105 293.6965560913086 516.4740600585938 293.6965560913086
526.382080078125 242.7645263671875 551.9614601135254 242.7645263671875 551.9614601135254 293.6212501525879 526.382080078125 293.6212501525879
529.7467041015625 242.0626678466797 555.846508026123 242.0626678466797 555.846508026123 293.3596649169922 529.7467041015625 293.3596649169922
539.8668212890625 246.94985961914062 565.0144805908203 246.94985961914062 565.0144805908203 297.77900314331055 539.8668212890625 297.77900314331055
544.1754760742188 242.8140869140625 570.148645401001 242.8140869140625 570.148645401001 295.8898811340332 544.1754760742188 295.8898811340332
552.9229736328125 242.06491088867188 578.7433891296387 242.06491088867188 578.7433891296387 296.5700149536133 552.9229736328125 296.5700149536133
561.703369140625 246.00845336914062 585.6773624420166 246.00845336914062 585.6773624420166 298.1815986633301 561.703369140625 298.1815986633301
564.400634765625 242.8143768310547 589.299186706543 242.8143768310547 589.299186706543 295.57363510131836 564.400634765625 295.57363510131836
572.7874145507812 243.95358276367188 598.1590461730957 243.95358276367188 598.1590461730957 296.5073432922363 572.7874145507812 296.5073432922363
577.0053100585938 239.4713897705078 602.5144443511963 239.4713897705078 602.5144443511963 291.98269271850586 577.0053100585938 291.98269271850586
581.6312255859375 241.78305053710938 607.6427040100098 241.78305053710938 607.6427040100098 297.1934623718262 581.6312255859375 297.1934623718262
589.6826171875 240.58511352539062 615.9542121887207 240.58511352539062 615.9542121887207 293.8041458129883 589.6826171875 293.8041458129883
593.943115234375 240.1751251220703 619.7587699890137 240.1751251220703 619.7587699890137 294.5159225463867 593.943115234375 294.5159225463867
597.8692016601562 240.3402099609375 623.8441429138184 240.3402099609375 623.8441429138184 295.7972831726074 597.8692016601562 295.7972831726074
602.842041015625 241.84884643554688 627.2387599945068 241.84884643554688 627.2387599945068 294.89054107666016 602.842041015625 294.89054107666016
588.6158447265625 225.6513671875 612.252368927002 225.6513671875 612.252368927002 292.12899017333984 588.6158447265625 292.12899017333984
582.6224975585938 230.77999877929688 606.3603439331055 230.77999877929688 606.3603439331055 297.54258728027344 582.6224975585938 297.54258728027344
593.964111328125 230.15829467773438 617.9710731506348 230.15829467773438 617.9710731506348 297.6777648925781 593.964111328125 297.6777648925781
593.7310791015625 230.47311401367188 618.3283576965332 230.47311401367188 618.3283576965332 299.65284729003906 593.7310791015625 299.65284729003906
596.015625 227.5405731201172 620.9113082885742 227.5405731201172 620.9113082885742 297.5595703125 596.015625 297.5595703125
592.4569091796875 242.50564575195312 616.8411235809326 242.50564575195312 616.8411235809326 311.0861358642578 592.4569091796875 311.0861358642578
583.586669921875 253.227294921875 607.833423614502 253.227294921875 607.833423614502 321.42118072509766 583.586669921875 321.42118072509766
591.0413208007812 227.6023406982422 615.7239189147949 227.6023406982422 615.7239189147949 297.0220413208008 591.0413208007812 297.0220413208008
594.61181640625 240.18191528320312 619.358268737793 240.18191528320312 619.358268737793 309.7812042236328 594.61181640625 309.7812042236328
546.8309936523438 269.76837158203125 571.5964622497559 269.76837158203125 571.5964622497559 339.421142578125 546.8309936523438 339.421142578125
492.6000061035156 296.9771728515625 517.0232448577881 296.9771728515625 517.0232448577881 365.6674270629883 492.6000061035156 365.6674270629883
496.62823486328125 296.8087463378906 521.0059242248535 296.8087463378906 521.0059242248535 365.3708953857422 496.62823486328125 365.3708953857422
493.3575134277344 299.3893127441406 517.7518882751465 299.3893127441406 517.7518882751465 367.99839782714844 493.3575134277344 367.99839782714844
475.8668518066406 297.8963928222656 500.5718593597412 297.8963928222656 500.5718593597412 367.37913513183594 475.8668518066406 367.37913513183594
513.6980590820312 298.3688659667969 538.371524810791 298.3688659667969 538.371524810791 367.7628936767578 513.6980590820312 367.7628936767578
515.5565185546875 308.392333984375 544.3496036529541 308.392333984375 544.3496036529541 359.06585693359375 515.5565185546875 359.06585693359375
509.328369140625 308.460205078125 537.4791164398193 308.460205078125 537.4791164398193 360.3057632446289 509.328369140625 360.3057632446289
517.4932861328125 313.00482177734375 544.1351127624512 313.00482177734375 544.1351127624512 360.3161277770996 517.4932861328125 360.3161277770996
529.2462158203125 308.27923583984375 556.6512966156006 308.27923583984375 556.6512966156006 361.5257873535156 529.2462158203125 361.5257873535156
533.9242553710938 298.36041259765625 558.3132495880127 298.36041259765625 558.3132495880127 366.95436096191406 533.9242553710938 366.95436096191406
542.7396240234375 309.2127990722656 571.4518527984619 309.2127990722656 571.4518527984619 359.98343658447266 542.7396240234375 359.98343658447266
549.1422119140625 309.8893127441406 577.1782321929932 309.8893127441406 577.1782321929932 361.5386734008789 549.1422119140625 361.5386734008789
554.6578369140625 309.7704162597656 583.0761871337891 309.7704162597656 583.0761871337891 361.3506164550781 554.6578369140625 361.3506164550781
565.3350830078125 311.15789794921875 592.2411155700684 311.15789794921875 592.2411155700684 362.11023712158203 565.3350830078125 362.11023712158203
576.310302734375 307.9762268066406 603.2215633392334 307.9762268066406 603.2215633392334 359.8969192504883 576.310302734375 359.8969192504883
584.126953125 311.58709716796875 611.48486328125 311.58709716796875 611.48486328125 362.26892852783203 584.126953125 362.26892852783203
591.3353271484375 310.4280090332031 618.7431831359863 310.4280090332031 618.7431831359863 360.3829231262207 591.3353271484375 360.3829231262207
599.4309692382812 307.44879150390625 625.7099304199219 307.44879150390625 625.7099304199219 359.09064865112305 599.4309692382812 359.09064865112305
601.8522338867188 313.97747802734375 627.4826774597168 313.97747802734375 627.4826774597168 362.02114486694336 601.8522338867188 362.02114486694336
604.1885375976562 301.63824462890625 629.0000324249268 301.63824462890625 629.0000324249268 371.42047119140625 604.1885375976562 371.42047119140625
565.74560546875 301.0157165527344 591.028154373169 301.0157165527344 591.028154373169 372.12278747558594 565.74560546875 372.12278747558594
543.7034912109375 301.33465576171875 568.9529933929443 301.33465576171875 568.9529933929443 372.34879302978516 543.7034912109375 372.34879302978516
488.23760986328125 306.8908996582031 513.448657989502 306.8908996582031 513.448657989502 377.79688262939453 488.23760986328125 377.79688262939453
433.8174743652344 314.5309143066406 460.44165992736816 314.5309143066406 460.44165992736816 367.9948425292969 433.8174743652344 367.9948425292969
419.94000244140625 318.54803466796875 449.10400772094727 318.54803466796875 449.10400772094727 370.0691223144531 419.94000244140625 370.0691223144531
427.64727783203125 317.35601806640625 456.8785820007324 317.35601806640625 456.8785820007324 370.44017791748047 427.64727783203125 370.44017791748047
430.58203125 318.56488037109375 460.66823387145996 318.56488037109375 460.66823387145996 371.5353088378906 430.58203125 371.5353088378906
436.12115478515625 318.26226806640625 466.0428276062012 318.26226806640625 466.0428276062012 370.7802314758301 436.12115478515625 370.7802314758301
446.72918701171875 317.43511962890625 476.1475410461426 317.43511962890625 476.1475410461426 370.3109130859375 446.72918701171875 370.3109130859375
447.2171325683594 317.1749572753906 476.4410152435303 317.1749572753906 476.4410152435303 371.12445068359375 447.2171325683594 371.12445068359375
460.33221435546875 317.7453308105469 488.67524337768555 317.7453308105469 488.67524337768555 369.2834777832031 460.33221435546875 369.2834777832031
468.2369689941406 310.24481201171875 494.9570121765137 310.24481201171875 494.9570121765137 366.95709228515625 468.2369689941406 366.95709228515625
466.2056579589844 305.65582275390625 490.84793853759766 305.65582275390625 490.84793853759766 374.96216583251953 466.2056579589844 374.96216583251953
465.0127868652344 309.6939392089844 492.2621212005615 309.6939392089844 492.2621212005615 366.88603591918945 465.0127868652344 366.88603591918945
467.35302734375 309.2334899902344 493.9364929199219 309.2334899902344 493.9364929199219 366.35297775268555 467.35302734375 366.35297775268555
