177.0 81.0 189.0 81.0 189.0 108.0 177.0 108.0
178.21432495117188 81.27119445800781 189.5609474182129 81.27119445800781 189.5609474182129 106.98452377319336 178.21432495117188 106.98452377319336
178.66119384765625 80.98611450195312 190.20122241973877 80.98611450195312 190.20122241973877 106.78579711914062 178.66119384765625 106.78579711914062
179.798828125 81.90723419189453 190.92840385437012 81.90723419189453 190.92840385437012 108.13967514038086 179.798828125 108.13967514038086
180.3662109375 81.58196258544922 191.51458930969238 81.58196258544922 191.51458930969238 107.11913108825684 180.3662109375 107.11913108825684
182.436279296875 81.88890075683594 193.02443408966064 81.88890075683594 193.02443408966064 107.77347373962402 182.436279296875 107.77347373962402
183.43936157226562 81.86769104003906 194.2849998474121 81.86769104003906 194.2849998474121 107.47690391540527 183.43936157226562 107.47690391540527
184.86314392089844 81.7210464477539 194.8264284133911 81.7210464477539 194.8264284133911 107.54315948486328 184.86314392089844 107.54315948486328
185.31576538085938 82.58927917480469 197.02893352508545 82.58927917480469 197.02893352508545 107.57196426391602 185.31576538085938 107.57196426391602
186.5401153564453 81.56425476074219 197.3852653503418 81.56425476074219 197.3852653503418 107.48976516723633 186.5401153564453 107.48976516723633
189.25033569335938 81.1612319946289 200.2687587738037 81.1612319946289 200.2687587738037 106.89778327941895 189.25033569335938 106.89778327941895
189.20774841308594 81.47946166992188 200.7302713394165 81.47946166992188 200.7302713394165 107.11178970336914 189.20774841308594 107.11178970336914
189.56719970703125 81.50692749023438 200.98084449768066 81.50692749023438 200.98084449768066 107.3825740814209 189.56719970703125 107.3825740814209
190.2409210205078 81.4655990600586 201.99272918701172 81.4655990600586 201.99272918701172 107.68624496459961 190.2409210205078 107.68624496459961
191.1803436279297 81.39183807373047 203.3087215423584 81.39183807373047 203.3087215423584 107.76231002807617 191.1803436279297 107.76231002807617
192.36749267578125 82.75020599365234 203.87309455871582 82.75020599365234 203.87309455871582 108.01591873168945 192.36749267578125 108.01591873168945
194.49917602539062 80.9000244140625 206.46514129638672 80.9000244140625 206.46514129638672 107.82343101501465 194.49917602539062 107.82343101501465
195.96954345703125 80.7203140258789 207.74002361297607 80.7203140258789 207.74002361297607 108.56911087036133 195.96954345703125 108.56911087036133
196.70216369628906 80.2425765991211 208.71596813201904 80.2425765991211 208.71596813201904 106.63031196594238 196.70216369628906 106.63031196594238
198.86288452148438 79.20809173583984 209.97271347045898 79.20809173583984 209.97271347045898 106.54606437683105 198.86288452148438 106.54606437683105
200.55117797851562 80.92866516113281 212.4836254119873 80.92866516113281 212.4836254119873 105.06072616577148 200.55117797851562 105.06072616577148
201.57144165039062 79.6206283569336 213.58258724212646 79.6206283569336 213.58258724212646 106.94440460205078 201.57144165039062 106.94440460205078
202.02761840820312 79.10743713378906 214.05607318878174 79.10743713378906 214.05607318878174 106.17144203186035 202.02761840820312 106.17144203186035
202.83627319335938 80.17958068847656 214.66712951660156 80.17958068847656 214.66712951660156 106.41263198852539 202.83627319335938 106.41263198852539
204.0780792236328 81.36603546142578 215.39109897613525 81.36603546142578 215.39109897613525 106.80794906616211 204.0780792236328 106.80794906616211
205.79483032226562 81.67140197753906 216.90037536621094 81.67140197753906 216.90037536621094 106.04561233520508 205.79483032226562 106.04561233520508
207.10598754882812 81.10967254638672 218.12250423431396 81.10967254638672 218.12250423431396 106.97158622741699 207.10598754882812 106.97158622741699
207.8404541015625 81.3935775756836 218.3213939666748 81.3935775756836 218.3213939666748 106.77129364013672 207.8404541015625 106.77129364013672
208.4140625 79.93101501464844 218.92199516296387 79.93101501464844 218.92199516296387 105.71622848510742 208.4140625 105.71622848510742
209.80941772460938 79.31871032714844 220.95592308044434 79.31871032714844 220.95592308044434 106.20976829528809 209.80941772460938 106.20976829528809
211.08529663085938 79.65512084960938 221.79130744934082 79.65512084960938 221.79130744934082 105.7464656829834 211.08529663085938 105.7464656829834
211.8731689453125 79.27384185791016 223.59454250335693 79.27384185791016 223.59454250335693 106.94938468933105 211.8731689453125 106.94938468933105
213.15225219726562 80.04689025878906 223.92615509033203 80.04689025878906 223.92615509033203 106.13701248168945 213.15225219726562 106.13701248168945
213.87564086914062 81.40540313720703 225.5541753768921 81.40540313720703 225.5541753768921 107.33551216125488 213.87564086914062 107.33551216125488
215.03787231445312 81.27030944824219 226.61234855651855 81.27030944824219 226.61234855651855 107.36800575256348 215.03787231445312 107.36800575256348
216.49722290039062 79.74525451660156 227.80096626281738 79.74525451660156 227.80096626281738 106.32493209838867 216.49722290039062 106.32493209838867
217.62405395507812 80.12562561035156 229.09199714660645 80.12562561035156 229.09199714660645 106.45104026794434 217.62405395507812 106.45104026794434
219.63644409179688 78.84809112548828 230.61042976379395 78.84809112548828 230.61042976379395 105.87221908569336 219.63644409179688 105.87221908569336
219.97750854492188 78.3711166381836 231.22690868377686 78.3711166381836 231.22690868377686 104.32247161865234 219.97750854492188 104.32247161865234
220.68081665039062 77.89517974853516 232.0721731185913 77.89517974853516 232.0721731185913 104.57869720458984 220.68081665039062 104.57869720458984
222.08004760742188 78.29456329345703 234.1892547607422 78.29456329345703 234.1892547607422 103.2468090057373 222.08004760742188 103.2468090057373
223.72592163085938 77.950439453125 234.9020881652832 77.950439453125 234.9020881652832 105.14947128295898 223.72592163085938 105.14947128295898
224.5568084716797 78.27168273925781 235.99999523162842 78.27168273925781 235.99999523162842 105.67250061035156 224.5568084716797 105.67250061035156
225.22494506835938 78.17935943603516 237.01601696014404 78.17935943603516 237.01601696014404 105.16293716430664 225.22494506835938 105.16293716430664
226.6492462158203 78.56062316894531 238.35473442077637 78.56062316894531 238.35473442077637 106.28635597229004 226.6492462158203 106.28635597229004
227.58255004882812 77.93169403076172 239.52455043792725 77.93169403076172 239.52455043792725 105.6395435333252 227.58255004882812 105.6395435333252
228.7462158203125 78.61678314208984 240.28910636901855 78.61678314208984 240.28910636901855 104.23720169067383 228.7462158203125 104.23720169067383
230.2276611328125 77.70565795898438 242.76946258544922 77.70565795898438 242.76946258544922 105.2043342590332 230.2276611328125 105.2043342590332
230.77920532226562 78.56720733642578 242.48976135253906 78.56720733642578 242.48976135253906 103.62369155883789 230.77920532226562 103.62369155883789
232.0359344482422 78.49696350097656 243.7815284729004 78.49696350097656 243.7815284729004 104.17019271850586 232.0359344482422 104.17019271850586
232.9569549560547 78.7961196899414 244.90940475463867 78.7961196899414 244.90940475463867 104.65202140808105 232.9569549560547 104.65202140808105
233.73440551757812 76.85039520263672 245.82152271270752 76.85039520263672 245.82152271270752 105.0229606628418 233.73440551757812 105.0229606628418
234.9007568359375 78.74247741699219 246.88855075836182 78.74247741699219 246.88855075836182 106.22461891174316 234.9007568359375 106.22461891174316
236.0199432373047 78.35469055175781 248.39232921600342 78.35469055175781 248.39232921600342 106.38508224487305 236.0199432373047 106.38508224487305
236.93814086914062 78.96586608886719 248.84133529663086 78.96586608886719 248.84133529663086 106.36597061157227 236.93814086914062 106.36597061157227
238.2499542236328 77.95057678222656 250.44531917572021 77.95057678222656 250.44531917572021 106.2329044342041 238.2499542236328 106.2329044342041
237.87197875976562 76.29532623291016 249.40014457702637 76.29532623291016 249.40014457702637 104.04132270812988 237.87197875976562 104.04132270812988
239.1240997314453 74.74467468261719 250.51153564453125 74.74467468261719 250.51153564453125 102.99491500854492 239.1240997314453 102.99491500854492
239.6677703857422 75.23603057861328 250.74678802490234 75.23603057861328 250.74678802490234 101.66839408874512 239.6677703857422 101.66839408874512
241.16702270507812 74.37033081054688 253.4811954498291 74.37033081054688 253.4811954498291 102.21597671508789 241.16702270507812 102.21597671508789
241.6731414794922 75.0919189453125 254.23476028442383 75.0919189453125 254.23476028442383 101.92983627319336 241.6731414794922 101.92983627319336
244.0264434814453 74.73567199707031 256.4097509384155 74.73567199707031 256.4097509384155 102.76883506774902 244.0264434814453 102.76883506774902
243.15615844726562 74.920166015625 256.2981929779053 74.920166015625 256.2981929779053 100.5026912689209 243.15615844726562 100.5026912689209
245.2635955810547 74.09384155273438 257.8918209075928 74.09384155273438 257.8918209075928 103.14733505249023 245.2635955810547 103.14733505249023
246.0361328125 76.00816345214844 258.61941146850586 76.00816345214844 258.61941146850586 101.69233322143555 246.0361328125 101.69233322143555
247.07571411132812 76.31375885009766 259.2174253463745 76.31375885009766 259.2174253463745 101.50349044799805 247.07571411132812 101.50349044799805
247.7738494873047 76.93106079101562 260.3932218551636 76.93106079101562 260.3932218551636 103.16867065429688 247.7738494873047 103.16867065429688
248.5319061279297 79.67732238769531 259.88135147094727 79.67732238769531 259.88135147094727 103.85350799560547 248.5319061279297 103.85350799560547
248.62045288085938 91.53941345214844 261.14685821533203 91.53941345214844 261.14685821533203 114.27626419067383 248.62045288085938 114.27626419067383
250.6077880859375 92.35249328613281 262.9970827102661 92.35249328613281 262.9970827102661 120.2283821105957 250.6077880859375 120.2283821105957
251.67529296875 102.5934066772461 264.16255950927734 102.5934066772461 264.16255950927734 125.65604782104492 251.67529296875 125.65604782104492
252.12240600585938 106.6704330444336 265.27392768859863 106.6704330444336 265.27392768859863 130.66515350341797 252.12240600585938 130.66515350341797
253.8152618408203 112.1855697631836 265.8833255767822 112.1855697631836 265.8833255767822 136.8446159362793 253.8152618408203 136.8446159362793
254.375244140625 114.8684310913086 266.4674129486084 114.8684310913086 266.4674129486084 140.48278999328613 254.375244140625 140.48278999328613
255.5580291748047 121.19361877441406 266.968710899353 121.19361877441406 266.968710899353 145.14314460754395 255.5580291748047 145.14314460754395
255.3951416015625 126.52079010009766 268.9567337036133 126.52079010009766 268.9567337036133 149.10955429077148 255.3951416015625 149.10955429077148
256.3648986816406 128.48976135253906 268.89578342437744 128.48976135253906 268.89578342437744 154.33852577209473 256.3648986816406 154.33852577209473
258.72869873046875 135.38330078125 269.6728572845459 135.38330078125 269.6728572845459 159.20490837097168 258.72869873046875 159.20490837097168
258.71221923828125 138.20693969726562 270.49002265930176 138.20693969726562 270.49002265930176 162.0648899078369 258.71221923828125 162.0648899078369
259.3670654296875 142.35459899902344 270.9736394882202 142.35459899902344 270.9736394882202 168.60317039489746 259.3670654296875 168.60317039489746
260.5946044921875 151.34983825683594 272.9517755508423 151.34983825683594 272.9517755508423 174.8623809814453 260.5946044921875 174.8623809814453
260.8870849609375 156.32530212402344 273.19535636901855 156.32530212402344 273.19535636901855 177.78465461730957 260.8870849609375 177.78465461730957
261.65484619140625 160.00975036621094 274.6914014816284 160.00975036621094 274.6914014816284 184.6433219909668 261.65484619140625 184.6433219909668
263.31573486328125 168.02041625976562 275.58790397644043 168.02041625976562 275.58790397644043 191.15066528320312 263.31573486328125 191.15066528320312
265.10394287109375 174.1230010986328 276.54553604125977 174.1230010986328 276.54553604125977 196.5163402557373 265.10394287109375 196.5163402557373
267.09344482421875 180.7649383544922 278.20026111602783 180.7649383544922 278.20026111602783 204.62345504760742 267.09344482421875 204.62345504760742
267.31866455078125 184.05081176757812 278.9339179992676 184.05081176757812 278.9339179992676 207.41642379760742 267.31866455078125 207.41642379760742
269.02398681640625 192.27023315429688 280.21603870391846 192.27023315429688 280.21603870391846 215.6106472015381 269.02398681640625 215.6106472015381
269.3014221191406 199.2257080078125 281.5510530471802 199.2257080078125 281.5510530471802 224.3461513519287 269.3014221191406 224.3461513519287
270.50396728515625 198.6273651123047 282.30490589141846 198.6273651123047 282.30490589141846 225.85317611694336 270.50396728515625 225.85317611694336
270.39227294921875 199.72889709472656 281.84196186065674 199.72889709472656 281.84196186065674 225.10937118530273 270.39227294921875 225.10937118530273
271.782470703125 198.8396759033203 284.2016887664795 198.8396759033203 284.2016887664795 225.67051124572754 271.782470703125 225.67051124572754
271.46893310546875 200.80337524414062 283.0924549102783 200.80337524414062 283.0924549102783 226.83330726623535 271.46893310546875 226.83330726623535
272.5639953613281 201.1957244873047 284.31976890563965 201.1957244873047 284.31976890563965 226.96642112731934 272.5639953613281 226.96642112731934
273.1630859375 200.20257568359375 285.3640947341919 200.20257568359375 285.3640947341919 226.34144020080566 273.1630859375 226.34144020080566
273.66119384765625 198.35690307617188 285.41198539733887 198.35690307617188 285.41198539733887 224.7729549407959 273.66119384765625 224.7729549407959
274.1394958496094 198.5934600830078 286.8879632949829 198.5934600830078 286.8879632949829 224.56345748901367 274.1394958496094 224.56345748901367
274.5374450683594 197.2232666015625 286.19633960723877 197.2232666015625 286.19633960723877 224.12428855895996 274.5374450683594 224.12428855895996
275.8359069824219 197.30284118652344 287.77206325531006 197.30284118652344 287.77206325531006 224.16719436645508 275.8359069824219 224.16719436645508
276.48828125 197.20823669433594 288.61040687561035 197.20823669433594 288.61040687561035 223.24783897399902 276.48828125 223.24783897399902
276.8741149902344 196.70755004882812 289.1711120605469 196.70755004882812 289.1711120605469 221.49731826782227 276.8741149902344 221.49731826782227
277.782958984375 195.8670654296875 290.6233263015747 195.8670654296875 290.6233263015747 220.77694511413574 277.782958984375 220.77694511413574
278.25390625 196.96514892578125 290.24831676483154 196.96514892578125 290.24831676483154 220.58646965026855 278.25390625 220.58646965026855
279.51629638671875 196.34542846679688 291.6996212005615 196.34542846679688 291.6996212005615 222.55991744995117 279.51629638671875 222.55991744995117
279.78729248046875 196.4615936279297 291.9420099258423 196.4615936279297 291.9420099258423 222.5851936340332 279.78729248046875 222.5851936340332
281.04718017578125 196.40792846679688 292.5410041809082 196.40792846679688 292.5410041809082 222.95076942443848 281.04718017578125 222.95076942443848
280.47113037109375 196.93936157226562 293.080602645874 196.93936157226562 293.080602645874 221.38941192626953 280.47113037109375 221.38941192626953
281.85748291015625 195.41128540039062 293.75255393981934 195.41128540039062 293.75255393981934 221.23678970336914 281.85748291015625 221.23678970336914
281.71197509765625 195.6845703125 294.168399810791 195.6845703125 294.168399810791 221.3524875640869 281.71197509765625 221.3524875640869
283.4781799316406 196.49114990234375 295.2112855911255 196.49114990234375 295.2112855911255 222.1930332183838 283.4781799316406 222.1930332183838
284.26715087890625 196.3801727294922 295.9976558685303 196.3801727294922 295.9976558685303 222.3459072113037 284.26715087890625 222.3459072113037
284.2570495605469 196.38934326171875 296.9723300933838 196.38934326171875 296.9723300933838 222.03042221069336 284.2570495605469 222.03042221069336
284.729736328125 194.8181915283203 297.1480550765991 194.8181915283203 297.1480550765991 221.54014205932617 284.729736328125 221.54014205932617
283.826171875 193.75204467773438 296.74163341522217 193.75204467773438 296.74163341522217 221.93828964233398 283.826171875 221.93828964233398
284.9100036621094 195.20823669433594 298.3493480682373 195.20823669433594 298.3493480682373 221.78222274780273 284.9100036621094 221.78222274780273
285.8561096191406 196.1845245361328 298.35686016082764 196.1845245361328 298.35686016082764 221.4070053100586 285.8561096191406 221.4070053100586
286.2266540527344 196.13284301757812 298.41364669799805 196.13284301757812 298.41364669799805 223.0517063140869 286.2266540527344 223.0517063140869
286.97064208984375 195.4521026611328 299.3472671508789 195.4521026611328 299.3472671508789 222.72770309448242 286.97064208984375 222.72770309448242
287.8056640625 195.2464141845703 299.2944688796997 195.2464141845703 299.2944688796997 222.2845573425293 287.8056640625 222.2845573425293
288.2088623046875 193.6833038330078 300.32690143585205 193.6833038330078 300.32690143585205 221.11250686645508 288.2088623046875 221.11250686645508
288.97198486328125 192.84414672851562 301.5529079437256 192.84414672851562 301.5529079437256 220.77725791931152 288.97198486328125 220.77725791931152
290.56048583984375 193.71768188476562 302.7907085418701 193.71768188476562 302.7907085418701 219.70297622680664 290.56048583984375 219.70297622680664
291.2626953125 193.21859741210938 304.27079010009766 193.21859741210938 304.27079010009766 218.70395851135254 291.2626953125 218.70395851135254
292.5403747558594 192.59591674804688 305.16675186157227 192.59591674804688 305.16675186157227 218.4827880859375 292.5403747558594 218.4827880859375
291.73333740234375 193.07252502441406 304.19076347351074 193.07252502441406 304.19076347351074 216.76443099975586 291.73333740234375 216.76443099975586
292.449951171875 191.39300537109375 305.5817060470581 191.39300537109375 305.5817060470581 215.66115951538086 292.449951171875 215.66115951538086
292.2711486816406 190.88604736328125 306.26308155059814 190.88604736328125 306.26308155059814 215.26716995239258 292.2711486816406 215.26716995239258
293.62908935546875 191.29762268066406 307.0253095626831 191.29762268066406 307.0253095626831 215.94536972045898 293.62908935546875 215.94536972045898
294.7895202636719 191.99436950683594 307.8703279495239 191.99436950683594 307.8703279495239 216.95267295837402 294.7895202636719 216.95267295837402
294.70672607421875 191.82583618164062 308.24866676330566 191.82583618164062 308.24866676330566 216.87048149108887 294.70672607421875 216.87048149108887
295.25640869140625 191.07217407226562 309.05351066589355 191.07217407226562 309.05351066589355 215.97574996948242 295.25640869140625 215.97574996948242
295.4210205078125 190.72171020507812 309.0535554885864 190.72171020507812 309.0535554885864 215.6488494873047 295.4210205078125 215.6488494873047
297.1402587890625 191.1203155517578 309.8837251663208 191.1203155517578 309.8837251663208 214.7612819671631 297.1402587890625 214.7612819671631
299.04095458984375 191.6470489501953 313.5287227630615 191.6470489501953 313.5287227630615 214.17967224121094 299.04095458984375 214.17967224121094
301.40313720703125 189.82308959960938 314.69393730163574 189.82308959960938 314.69393730163574 216.15254592895508 301.40313720703125 216.15254592895508
302.8251647949219 190.2911376953125 316.26743602752686 190.2911376953125 316.26743602752686 215.52507400512695 302.8251647949219 215.52507400512695
303.7987365722656 189.23782348632812 317.47869873046875 189.23782348632812 317.47869873046875 214.9102268218994 303.7987365722656 214.9102268218994
304.7932434082031 188.12246704101562 317.6898832321167 188.12246704101562 317.6898832321167 214.02426147460938 304.7932434082031 214.02426147460938
305.54046630859375 187.97366333007812 318.10075283050537 187.97366333007812 318.10075283050537 213.66429138183594 305.54046630859375 213.66429138183594
306.21722412109375 188.09597778320312 318.52633476257324 188.09597778320312 318.52633476257324 213.21107482910156 306.21722412109375 213.21107482910156
306.82330322265625 187.53958129882812 319.7299289703369 187.53958129882812 319.7299289703369 213.6876735687256 306.82330322265625 213.6876735687256
308.167724609375 187.66128540039062 320.5199909210205 187.66128540039062 320.5199909210205 212.6301727294922 308.167724609375 212.6301727294922
308.2365417480469 186.29043579101562 320.3740129470825 186.29043579101562 320.3740129470825 212.36554527282715 308.2365417480469 212.36554527282715
308.4188232421875 186.85107421875 320.65793323516846 186.85107421875 320.65793323516846 211.57408905029297 308.4188232421875 211.57408905029297
309.2059326171875 185.08889770507812 321.7533311843872 185.08889770507812 321.7533311843872 210.84457969665527 309.2059326171875 210.84457969665527
309.5576171875 184.53125 322.24417304992676 184.53125 322.24417304992676 210.28711318969727 309.5576171875 210.28711318969727
310.3063049316406 185.29833984375 322.5621042251587 185.29833984375 322.5621042251587 211.16994094848633 310.3063049316406 211.16994094848633
310.05810546875 185.1188201904297 322.5908603668213 185.1188201904297 322.5908603668213 211.77858352661133 310.05810546875 211.77858352661133
309.908447265625 186.52276611328125 322.50402069091797 186.52276611328125 322.50402069091797 211.93732070922852 309.908447265625 211.93732070922852
310.5753173828125 185.0580596923828 322.9705696105957 185.0580596923828 322.9705696105957 211.7014560699463 310.5753173828125 211.7014560699463
310.9016418457031 185.29165649414062 322.78420066833496 185.29165649414062 322.78420066833496 210.4277858734131 310.9016418457031 210.4277858734131
311.68035888671875 185.39199829101562 323.8260135650635 185.39199829101562 323.8260135650635 210.4411907196045 311.68035888671875 210.4411907196045
312.61602783203125 187.2039337158203 324.82600116729736 187.2039337158203 324.82600116729736 211.77433395385742 312.61602783203125 211.77433395385742
314.1122131347656 185.61184692382812 326.10244941711426 185.61184692382812 326.10244941711426 211.67397117614746 314.1122131347656 211.67397117614746
314.82452392578125 186.00997924804688 327.17109298706055 186.00997924804688 327.17109298706055 211.69926834106445 314.82452392578125 211.69926834106445
315.47552490234375 184.49327087402344 327.6278076171875 184.49327087402344 327.6278076171875 211.15728759765625 315.47552490234375 211.15728759765625
316.2905578613281 185.71292114257812 328.80304622650146 185.71292114257812 328.80304622650146 208.9553508758545 316.2905578613281 208.9553508758545
316.7595520019531 184.8657989501953 329.2557096481323 184.8657989501953 329.2557096481323 210.71871376037598 316.7595520019531 210.71871376037598
317.2073059082031 186.41514587402344 329.8980016708374 186.41514587402344 329.8980016708374 211.1928768157959 317.2073059082031 211.1928768157959
317.01922607421875 186.34658813476562 330.3276958465576 186.34658813476562 330.3276958465576 211.10098838806152 317.01922607421875 211.10098838806152
318.1324157714844 185.08937072753906 330.4643259048462 185.08937072753906 330.4643259048462 210.26125144958496 318.1324157714844 210.26125144958496
318.24322509765625 184.2928466796875 330.81028747558594 184.2928466796875 330.81028747558594 210.50764083862305 318.24322509765625 210.50764083862305
318.009521484375 183.55169677734375 330.59978103637695 183.55169677734375 330.59978103637695 209.97195434570312 318.009521484375 209.97195434570312
319.30535888671875 183.7989501953125 332.1808319091797 183.7989501953125 332.1808319091797 210.08269691467285 319.30535888671875 210.08269691467285
320.4996643066406 183.5435791015625 333.37758922576904 183.5435791015625 333.37758922576904 209.85137939453125 320.4996643066406 209.85137939453125
321.52392578125 183.24002075195312 333.35874366760254 183.24002075195312 333.35874366760254 208.30670738220215 321.52392578125 208.30670738220215
321.8721618652344 182.01907348632812 334.02343368530273 182.01907348632812 334.02343368530273 207.21658325195312 321.8721618652344 207.21658325195312
321.1546325683594 180.9051971435547 334.4147367477417 180.9051971435547 334.4147367477417 206.17780876159668 321.1546325683594 206.17780876159668
321.7462158203125 180.52328491210938 334.8408908843994 180.52328491210938 334.8408908843994 205.36659622192383 321.7462158203125 205.36659622192383
323.26007080078125 179.19577026367188 335.4536876678467 179.19577026367188 335.4536876678467 205.32404136657715 323.26007080078125 205.32404136657715
323.90093994140625 180.4883575439453 336.4724884033203 180.4883575439453 336.4724884033203 205.45263862609863 323.90093994140625 205.45263862609863
324.39080810546875 180.0481719970703 337.05970191955566 180.0481719970703 337.05970191955566 205.04386138916016 324.39080810546875 205.04386138916016
324.31866455078125 180.13157653808594 336.2807626724243 180.13157653808594 336.2807626724243 205.29766464233398 324.31866455078125 205.29766464233398
323.5904846191406 178.63296508789062 336.98701000213623 178.63296508789062 336.98701000213623 203.79938125610352 323.5904846191406 203.79938125610352
324.58917236328125 178.63632202148438 338.03568267822266 178.63632202148438 338.03568267822266 203.86467933654785 324.58917236328125 203.86467933654785
325.01019287109375 179.19775390625 337.5828104019165 179.19775390625 337.5828104019165 204.6285514831543 325.01019287109375 204.6285514831543
325.660400390625 180.3118133544922 338.4613399505615 180.3118133544922 338.4613399505615 206.3420352935791 325.660400390625 206.3420352935791
326.57403564453125 180.11300659179688 339.46625328063965 180.11300659179688 339.46625328063965 204.69403457641602 326.57403564453125 204.69403457641602
327.4847717285156 180.23304748535156 341.150182723999 180.23304748535156 341.150182723999 205.28842544555664 327.4847717285156 205.28842544555664
327.9000244140625 180.7115020751953 341.58821868896484 180.7115020751953 341.58821868896484 205.6378002166748 327.9000244140625 205.6378002166748
329.3851318359375 180.1046905517578 342.5296812057495 180.1046905517578 342.5296812057495 205.14239883422852 329.3851318359375 205.14239883422852
329.8121032714844 180.6535186767578 342.8700122833252 180.6535186767578 342.8700122833252 204.75982284545898 329.8121032714844 204.75982284545898
329.6309509277344 179.47494506835938 343.0780849456787 179.47494506835938 343.0780849456787 204.17169761657715 329.6309509277344 204.17169761657715
330.296630859375 179.07667541503906 343.4196720123291 179.07667541503906 343.4196720123291 204.62144470214844 330.296630859375 204.62144470214844
331.4686584472656 179.9313507080078 344.4073734283447 179.9313507080078 344.4073734283447 206.23789596557617 331.4686584472656 206.23789596557617
331.6421813964844 180.53060913085938 344.44702911376953 180.53060913085938 344.44702911376953 205.7111930847168 331.6421813964844 205.7111930847168
332.23834228515625 180.89846801757812 344.8527421951294 180.89846801757812 344.8527421951294 205.85495376586914 332.23834228515625 205.85495376586914
332.7508239746094 180.01992797851562 345.2449140548706 180.01992797851562 345.2449140548706 204.4394588470459 332.7508239746094 204.4394588470459
333.11590576171875 179.01513671875 346.32539081573486 179.01513671875 346.32539081573486 204.00992012023926 333.11590576171875 204.00992012023926
333.0972595214844 177.7476043701172 346.6591157913208 177.7476043701172 346.6591157913208 203.7487449645996 333.0972595214844 203.7487449645996
334.3904724121094 176.91238403320312 347.61424255371094 176.91238403320312 347.61424255371094 202.76686668395996 334.3904724121094 202.76686668395996
335.2209167480469 177.7790985107422 349.24999713897705 177.7790985107422 349.24999713897705 204.42193222045898 335.2209167480469 204.42193222045898
335.942626953125 177.88583374023438 348.9350528717041 177.88583374023438 348.9350528717041 203.53940773010254 335.942626953125 203.53940773010254
336.1581115722656 177.70211791992188 349.69719219207764 177.70211791992188 349.69719219207764 202.34148406982422 336.1581115722656 202.34148406982422
337.38494873046875 176.28773498535156 350.38223457336426 176.28773498535156 350.38223457336426 201.3954315185547 337.38494873046875 201.3954315185547
337.95159912109375 175.0669403076172 351.0273609161377 175.0669403076172 351.0273609161377 202.16292190551758 337.95159912109375 202.16292190551758
338.91131591796875 175.73910522460938 351.63185691833496 175.73910522460938 351.63185691833496 200.61430740356445 338.91131591796875 200.61430740356445
339.31488037109375 176.58847045898438 352.4374237060547 176.58847045898438 352.4374237060547 201.88389205932617 339.31488037109375 201.88389205932617
340.36993408203125 175.6858673095703 353.2537841796875 175.6858673095703 353.2537841796875 200.90000534057617 340.36993408203125 200.90000534057617
340.8717041015625 175.03662109375 353.4368543624878 175.03662109375 353.4368543624878 200.4115047454834 340.8717041015625 200.4115047454834
341.3072509765625 175.0785675048828 353.3409414291382 175.0785675048828 353.3409414291382 200.19437980651855 341.3072509765625 200.19437980651855
342.27301025390625 174.55242919921875 353.8746585845947 174.55242919921875 353.8746585845947 200.14201736450195 342.27301025390625 200.14201736450195
342.9197692871094 176.0854949951172 354.7997159957886 176.0854949951172 354.7997159957886 202.14594078063965 342.9197692871094 202.14594078063965
343.79803466796875 176.36569213867188 355.22143745422363 176.36569213867188 355.22143745422363 201.66250801086426 343.79803466796875 201.66250801086426
343.83392333984375 175.70199584960938 356.03706550598145 175.70199584960938 356.03706550598145 201.75759887695312 343.83392333984375 201.75759887695312
344.2389831542969 176.490966796875 356.46195125579834 176.490966796875 356.46195125579834 200.69137001037598 344.2389831542969 200.69137001037598
343.84698486328125 176.06570434570312 356.4855146408081 176.06570434570312 356.4855146408081 200.61040687561035 343.84698486328125 200.61040687561035
344.681884765625 175.01199340820312 357.2107095718384 175.01199340820312 357.2107095718384 199.86958694458008 344.681884765625 199.86958694458008
345.6643981933594 175.26553344726562 358.42030906677246 175.26553344726562 358.42030906677246 199.3160171508789 345.6643981933594 199.3160171508789
346.1435241699219 176.85247802734375 358.25958347320557 176.85247802734375 358.25958347320557 200.0208034515381 346.1435241699219 200.0208034515381
346.7837219238281 176.10394287109375 358.99252796173096 176.10394287109375 358.99252796173096 201.21479988098145 346.7837219238281 201.21479988098145
335.72125244140625 176.3730010986328 349.7918109893799 176.3730010986328 349.7918109893799 199.06939315795898 335.72125244140625 199.06939315795898
324.5472412109375 176.5553436279297 338.85951232910156 176.5553436279297 338.85951232910156 199.39413452148438 324.5472412109375 199.39413452148438
318.4166259765625 172.47727966308594 331.27084827423096 172.47727966308594 331.27084827423096 201.39926719665527 318.4166259765625 201.39926719665527
307.291015625 176.7318878173828 321.47101402282715 176.7318878173828 321.47101402282715 199.23234367370605 307.291015625 199.23234367370605
302.5526123046875 177.09481811523438 317.1971559524536 177.09481811523438 317.1971559524536 199.14352798461914 302.5526123046875 199.14352798461914
296.41424560546875 177.0042724609375 310.96612071990967 177.0042724609375 310.96612071990967 199.2433204650879 296.41424560546875 199.2433204650879
287.1363830566406 175.71041870117188 301.5729732513428 175.71041870117188 301.5729732513428 198.2981071472168 287.1363830566406 198.2981071472168
281.88568115234375 173.6018829345703 295.91886138916016 173.6018829345703 295.91886138916016 197.14903450012207 281.88568115234375 197.14903450012207
276.0050354003906 174.29779052734375 290.19445610046387 174.29779052734375 290.19445610046387 197.3095417022705 276.0050354003906 197.3095417022705
266.2110595703125 172.5258026123047 279.7790803909302 172.5258026123047 279.7790803909302 195.80255699157715 266.2110595703125 195.80255699157715
260.791259765625 173.4813995361328 274.5605220794678 173.4813995361328 274.5605220794678 196.83742904663086 260.791259765625 196.83742904663086
250.08779907226562 171.34744262695312 263.2914791107178 171.34744262695312 263.2914791107178 201.0557155609131 250.08779907226562 201.0557155609131
243.7698211669922 170.75198364257812 257.0387725830078 170.75198364257812 257.0387725830078 200.60711669921875 243.7698211669922 200.60711669921875
231.52383422851562 171.17388916015625 244.51198387145996 171.17388916015625 244.51198387145996 200.397216796875 231.52383422851562 200.397216796875
224.71365356445312 171.23281860351562 237.56972694396973 171.23281860351562 237.56972694396973 200.15897178649902 224.71365356445312 200.15897178649902
219.9445037841797 170.7843475341797 232.91830253601074 170.7843475341797 232.91830253601074 199.97538375854492 219.9445037841797 199.97538375854492
214.38760375976562 166.87384033203125 227.4841718673706 166.87384033203125 227.4841718673706 196.3411102294922 214.38760375976562 196.3411102294922
204.78732299804688 162.20533752441406 217.82574939727783 162.20533752441406 217.82574939727783 191.5417881011963 204.78732299804688 191.5417881011963
194.2586669921875 160.41244506835938 207.10967826843262 160.41244506835938 207.10967826843262 189.32721328735352 194.2586669921875 189.32721328735352
185.18661499023438 168.86073303222656 197.96241664886475 168.86073303222656 197.96241664886475 197.60628128051758 185.18661499023438 197.60628128051758
187.64913940429688 170.34652709960938 200.71967315673828 170.34652709960938 200.71967315673828 199.75522232055664 187.64913940429688 199.75522232055664
192.33547973632812 166.61436462402344 205.36912536621094 166.61436462402344 205.36912536621094 195.94005966186523 192.33547973632812 195.94005966186523
194.03121948242188 167.0863037109375 207.21737098693848 167.0863037109375 207.21737098693848 196.75513648986816 194.03121948242188 196.75513648986816
194.22833251953125 166.22779846191406 207.281156539917 166.22779846191406 207.281156539917 195.5966453552246 194.22833251953125 195.5966453552246
196.14230346679688 167.01541137695312 209.16199207305908 167.01541137695312 209.16199207305908 196.3097038269043 196.14230346679688 196.3097038269043
194.95223999023438 167.66171264648438 208.03066062927246 167.66171264648438 208.03066062927246 197.08815383911133 194.95223999023438 197.08815383911133
195.1634979248047 170.087890625 207.91424942016602 170.087890625 207.91424942016602 195.27134132385254 195.1634979248047 195.27134132385254
196.34103393554688 170.09567260742188 210.1331787109375 170.09567260742188 210.1331787109375 195.3013801574707 196.34103393554688 195.3013801574707
196.326416015625 168.51492309570312 209.68188667297363 168.51492309570312 209.68188667297363 196.58964920043945 196.326416015625 196.58964920043945
197.05599975585938 168.38796997070312 210.63783740997314 168.38796997070312 210.63783740997314 194.90968704223633 197.05599975585938 194.90968704223633
198.42282104492188 167.897216796875 212.39554119110107 167.897216796875 212.39554119110107 193.61541175842285 198.42282104492188 193.61541175842285
198.00296020507812 168.6515350341797 212.1169204711914 168.6515350341797 212.1169204711914 193.25105667114258 198.00296020507812 193.25105667114258
199.7223663330078 169.2419891357422 213.54327583312988 169.2419891357422 213.54327583312988 192.33379936218262 199.7223663330078 192.33379936218262
200.77569580078125 168.31607055664062 214.03453540802002 168.31607055664062 214.03453540802002 192.48392295837402 200.77569580078125 192.48392295837402
201.22369384765625 170.07058715820312 214.46584129333496 170.07058715820312 214.46584129333496 193.3079013824463 201.22369384765625 193.3079013824463
201.81703186035156 169.15164184570312 214.698956489563 169.15164184570312 214.698956489563 192.99883842468262 201.81703186035156 192.99883842468262
202.2757568359375 169.33082580566406 215.4084529876709 169.33082580566406 215.4084529876709 191.99729537963867 202.2757568359375 191.99729537963867
203.4018096923828 167.98219299316406 216.00220680236816 167.98219299316406 216.00220680236816 191.77636337280273 203.4018096923828 191.77636337280273
202.13856506347656 168.87503051757812 215.5438585281372 168.87503051757812 215.5438585281372 191.19565963745117 202.13856506347656 191.19565963745117
203.31265258789062 166.05836486816406 215.7213315963745 166.05836486816406 215.7213315963745 191.63601303100586 203.31265258789062 191.63601303100586
204.14804077148438 169.26358032226562 216.08714485168457 169.26358032226562 216.08714485168457 191.5869960784912 204.14804077148438 191.5869960784912
204.55160522460938 168.7552947998047 216.83575630187988 168.7552947998047 216.83575630187988 193.2584171295166 204.55160522460938 193.2584171295166
204.59521484375 168.61526489257812 217.16296195983887 168.61526489257812 217.16296195983887 192.54794692993164 204.59521484375 192.54794692993164
204.95004272460938 168.02841186523438 217.00966930389404 168.02841186523438 217.00966930389404 191.87051582336426 204.95004272460938 191.87051582336426
205.3852081298828 166.763427734375 217.3248929977417 166.763427734375 217.3248929977417 191.51583862304688 205.3852081298828 191.51583862304688
204.25892639160156 165.88143920898438 216.0495891571045 165.88143920898438 216.0495891571045 191.2860927581787 204.25892639160156 191.2860927581787
205.23403930664062 167.69561767578125 217.17646980285645 167.69561767578125 217.17646980285645 192.7755584716797 205.23403930664062 192.7755584716797
204.6145477294922 169.23263549804688 216.7479763031006 169.23263549804688 216.7479763031006 192.53023147583008 204.6145477294922 192.53023147583008
205.97744750976562 168.92764282226562 217.87420082092285 168.92764282226562 217.87420082092285 192.68925094604492 205.97744750976562 192.68925094604492
206.2056884765625 168.00143432617188 218.31603336334229 168.00143432617188 218.31603336334229 192.0918312072754 206.2056884765625 192.0918312072754
206.06103515625 168.80490112304688 218.70487594604492 168.80490112304688 218.70487594604492 192.18619346618652 206.06103515625 192.18619346618652
207.2651824951172 168.5908660888672 219.80317974090576 168.5908660888672 219.80317974090576 191.3500099182129 207.2651824951172 191.3500099182129
208.01571655273438 170.38037109375 221.2434844970703 170.38037109375 221.2434844970703 193.2263526916504 208.01571655273438 193.2263526916504
209.0545654296875 169.45138549804688 221.3818769454956 169.45138549804688 221.3818769454956 192.97126960754395 209.0545654296875 192.97126960754395
209.135009765625 168.47401428222656 221.1389446258545 168.47401428222656 221.1389446258545 192.0685691833496 209.135009765625 192.0685691833496
209.544189453125 168.06759643554688 221.7266845703125 168.06759643554688 221.7266845703125 191.5125389099121 209.544189453125 191.5125389099121
209.47830200195312 165.6697235107422 221.9817247390747 165.6697235107422 221.9817247390747 191.1030559539795 209.47830200195312 191.1030559539795
210.5655975341797 165.4998016357422 221.9946060180664 165.4998016357422 221.9946060180664 190.0865821838379 210.5655975341797 190.0865821838379
210.85598754882812 165.7165985107422 223.85404014587402 165.7165985107422 223.85404014587402 191.17453384399414 210.85598754882812 191.17453384399414
211.5855712890625 163.96876525878906 224.17681407928467 163.96876525878906 224.17681407928467 191.4609775543213 211.5855712890625 191.4609775543213
211.8585205078125 163.901123046875 224.53045845031738 163.901123046875 224.53045845031738 190.4330177307129 211.8585205078125 190.4330177307129
212.43478393554688 163.86329650878906 226.32551383972168 163.86329650878906 226.32551383972168 190.72426986694336 212.43478393554688 190.72426986694336
212.57958984375 163.65260314941406 226.8662052154541 163.65260314941406 226.8662052154541 190.86316871643066 212.57958984375 190.86316871643066
212.6671600341797 162.07534790039062 226.3731918334961 162.07534790039062 226.3731918334961 192.9139289855957 212.6671600341797 192.9139289855957
214.1157989501953 164.83724975585938 227.9787197113037 164.83724975585938 227.9787197113037 192.81040954589844 214.1157989501953 192.81040954589844
214.17813110351562 165.0966339111328 228.2684383392334 165.0966339111328 228.2684383392334 191.57387924194336 214.17813110351562 191.57387924194336
214.23095703125 164.92066955566406 228.9471950531006 164.92066955566406 228.9471950531006 192.33913803100586 214.23095703125 192.33913803100586
213.9667205810547 163.1058349609375 228.22346210479736 163.1058349609375 228.22346210479736 191.3909511566162 213.9667205810547 191.3909511566162
214.5961151123047 164.16493225097656 229.57055377960205 164.16493225097656 229.57055377960205 192.10863876342773 214.5961151123047 192.10863876342773
215.6876220703125 162.46336364746094 229.85290336608887 162.46336364746094 229.85290336608887 191.72401428222656 215.6876220703125 191.72401428222656
216.8192138671875 163.26950073242188 230.42201042175293 163.26950073242188 230.42201042175293 192.3642578125 216.8192138671875 192.3642578125
216.11380004882812 163.38076782226562 230.64081382751465 163.38076782226562 230.64081382751465 191.6414279937744 216.11380004882812 191.6414279937744
216.0775604248047 164.28131103515625 231.1083345413208 164.28131103515625 231.1083345413208 191.75706100463867 216.0775604248047 191.75706100463867
216.589599609375 163.23785400390625 231.33362102508545 163.23785400390625 231.33362102508545 192.20489501953125 216.589599609375 192.20489501953125
217.2494659423828 162.49203491210938 231.74935150146484 162.49203491210938 231.74935150146484 191.82725143432617 217.2494659423828 191.82725143432617
217.75650024414062 163.57192993164062 233.11075115203857 163.57192993164062 233.11075115203857 194.42181015014648 217.75650024414062 194.42181015014648
217.3899688720703 162.64404296875 232.99395751953125 162.64404296875 232.99395751953125 192.2369499206543 217.3899688720703 192.2369499206543
218.06082153320312 164.5294952392578 234.43416213989258 164.5294952392578 234.43416213989258 191.85922622680664 218.06082153320312 191.85922622680664
218.8228759765625 162.96255493164062 234.64816570281982 162.96255493164062 234.64816570281982 191.78317642211914 218.8228759765625 191.78317642211914
218.68679809570312 162.4046173095703 235.4919490814209 162.4046173095703 235.4919490814209 191.5377540588379 218.68679809570312 191.5377540588379
219.57357788085938 162.15907287597656 235.82210159301758 162.15907287597656 235.82210159301758 192.42164039611816 219.57357788085938 192.42164039611816
218.82315063476562 162.95010375976562 235.75231552124023 162.95010375976562 235.75231552124023 193.90262413024902 218.82315063476562 193.90262413024902
219.95944213867188 163.32772827148438 237.12978744506836 163.32772827148438 237.12978744506836 194.0413112640381 219.95944213867188 194.0413112640381
219.89950561523438 162.06820678710938 237.5063362121582 162.06820678710938 237.5063362121582 193.19860458374023 219.89950561523438 193.19860458374023
221.4840545654297 160.7299346923828 238.31405639648438 160.7299346923828 238.31405639648438 192.1752414703369 221.4840545654297 192.1752414703369
222.0083770751953 162.79136657714844 239.73544883728027 162.79136657714844 239.73544883728027 192.4269199371338 222.0083770751953 192.4269199371338
220.14303588867188 164.42147827148438 239.18209648132324 164.42147827148438 239.18209648132324 193.75834274291992 220.14303588867188 193.75834274291992
213.2095184326172 162.4982452392578 232.07468795776367 162.4982452392578 232.07468795776367 192.44410133361816 213.2095184326172 192.44410133361816
208.0310516357422 162.39242553710938 225.48975563049316 162.39242553710938 225.48975563049316 190.28587341308594 208.0310516357422 190.28587341308594
205.1574249267578 162.990478515625 224.23044395446777 162.990478515625 224.23044395446777 191.82369422912598 205.1574249267578 191.82369422912598
197.51107788085938 160.4539031982422 216.83820915222168 160.4539031982422 216.83820915222168 190.4897403717041 197.51107788085938 190.4897403717041
192.18478393554688 162.07113647460938 210.48569679260254 162.07113647460938 210.48569679260254 192.02985191345215 192.18478393554688 192.02985191345215
184.42550659179688 159.38316345214844 203.420072555542 159.38316345214844 203.420072555542 190.8365077972412 184.42550659179688 190.8365077972412
180.85110473632812 156.90969848632812 197.82818031311035 156.90969848632812 197.82818031311035 195.10814666748047 180.85110473632812 195.10814666748047
177.37376403808594 162.62924194335938 194.41109466552734 162.62924194335938 194.41109466552734 192.96477890014648 177.37376403808594 192.96477890014648
169.46267700195312 164.47166442871094 186.89236068725586 164.47166442871094 186.89236068725586 193.3322048187256 169.46267700195312 193.3322048187256
161.28054809570312 161.75027465820312 179.4281520843506 161.75027465820312 179.4281520843506 191.56232261657715 161.28054809570312 191.56232261657715
162.06295776367188 162.31553649902344 180.17843055725098 162.31553649902344 180.17843055725098 193.6513156890869 162.06295776367188 193.6513156890869
163.1234588623047 164.22607421875 181.31269454956055 164.22607421875 181.31269454956055 193.60789108276367 163.1234588623047 193.60789108276367
163.9950408935547 161.5242462158203 181.58664894104004 161.5242462158203 181.58664894104004 192.60756492614746 163.9950408935547 192.60756492614746
163.82266235351562 162.12606811523438 181.09229469299316 162.12606811523438 181.09229469299316 193.73129272460938 163.82266235351562 193.73129272460938
163.24798583984375 160.45486450195312 181.3112850189209 160.45486450195312 181.3112850189209 193.23714447021484 163.24798583984375 193.23714447021484
164.93576049804688 160.34011840820312 182.4395408630371 160.34011840820312 182.4395408630371 192.82090759277344 164.93576049804688 192.82090759277344
165.45791625976562 160.7866668701172 182.7187385559082 160.7866668701172 182.7187385559082 192.66368103027344 165.45791625976562 192.66368103027344
166.81039428710938 161.4580078125 183.6417007446289 161.4580078125 183.6417007446289 193.2156524658203 166.81039428710938 193.2156524658203
165.46316528320312 162.54393005371094 182.7075309753418 162.54393005371094 182.7075309753418 194.2233428955078 165.46316528320312 194.2233428955078
162.4481201171875 161.8494415283203 181.5072193145752 161.8494415283203 181.5072193145752 192.16062545776367 162.4481201171875 192.16062545776367
155.88851928710938 159.70516967773438 176.20624351501465 159.70516967773438 176.20624351501465 191.17108154296875 155.88851928710938 191.17108154296875
151.46731567382812 160.96603393554688 171.10610580444336 160.96603393554688 171.10610580444336 191.2325382232666 151.46731567382812 191.2325382232666
147.91465759277344 158.57986450195312 167.77333641052246 158.57986450195312 167.77333641052246 189.46616172790527 147.91465759277344 189.46616172790527
139.3897705078125 163.5836639404297 159.01689338684082 163.5836639404297 159.01689338684082 192.80309677124023 139.3897705078125 192.80309677124023
139.0255584716797 161.9850311279297 157.20113372802734 161.9850311279297 157.20113372802734 193.1437931060791 139.0255584716797 193.1437931060791
137.86709594726562 164.5129852294922 156.4269256591797 164.5129852294922 156.4269256591797 193.27272605895996 137.86709594726562 193.27272605895996
138.5213623046875 163.94467163085938 156.1152286529541 163.94467163085938 156.1152286529541 193.6088809967041 138.5213623046875 193.6088809967041
138.04908752441406 159.95986938476562 156.62743759155273 159.95986938476562 156.62743759155273 192.1844711303711 138.04908752441406 192.1844711303711
139.35008239746094 161.75433349609375 157.78574752807617 161.75433349609375 157.78574752807617 194.35172271728516 139.35008239746094 194.35172271728516
138.4683074951172 159.25277709960938 158.2449893951416 159.25277709960938 158.2449893951416 193.09427642822266 138.4683074951172 193.09427642822266
139.28204345703125 160.4076690673828 158.13760375976562 160.4076690673828 158.13760375976562 194.30733489990234 139.28204345703125 194.30733489990234
140.2805633544922 160.47608947753906 158.95556259155273 160.47608947753906 158.95556259155273 193.0961685180664 140.2805633544922 193.0961685180664
141.8867645263672 159.36859130859375 160.7306308746338 159.36859130859375 160.7306308746338 192.25851440429688 141.8867645263672 192.25851440429688
143.17318725585938 159.60128784179688 161.41700172424316 159.60128784179688 161.41700172424316 193.69714736938477 143.17318725585938 193.69714736938477
141.1298370361328 159.76852416992188 160.37035369873047 159.76852416992188 160.37035369873047 191.00245666503906 141.1298370361328 191.00245666503906
139.19491577148438 159.47459411621094 157.9972038269043 159.47459411621094 157.9972038269043 191.4149284362793 139.19491577148438 191.4149284362793
130.0366973876953 161.1555938720703 148.67128372192383 161.1555938720703 148.67128372192383 192.04804611206055 130.0366973876953 192.04804611206055
127.81063079833984 159.10401916503906 147.31782913208008 159.10401916503906 147.31782913208008 190.92644882202148 127.81063079833984 190.92644882202148
120.52265930175781 160.6751708984375 140.35165405273438 160.6751708984375 140.35165405273438 192.0095615386963 120.52265930175781 192.0095615386963
118.29768371582031 160.85952758789062 137.12211990356445 160.85952758789062 137.12211990356445 192.5539093017578 118.29768371582031 192.5539093017578
118.9833984375 157.85452270507812 136.2007827758789 157.85452270507812 136.2007827758789 192.27591705322266 118.9833984375 192.27591705322266
119.91923522949219 161.5618438720703 136.87510681152344 161.5618438720703 136.87510681152344 192.3940486907959 119.91923522949219 192.3940486907959
120.23677825927734 161.4170379638672 136.8652400970459 161.4170379638672 136.8652400970459 192.78688621520996 120.23677825927734 192.78688621520996
121.83455657958984 160.97772216796875 137.32858753204346 160.97772216796875 137.32858753204346 194.4812889099121 121.83455657958984 194.4812889099121
120.26180267333984 159.63577270507812 135.63854026794434 159.63577270507812 135.63854026794434 193.35444259643555 120.26180267333984 193.35444259643555
121.02760314941406 160.5690155029297 137.2101535797119 160.5690155029297 137.2101535797119 192.72860717773438 121.02760314941406 192.72860717773438
121.64517974853516 160.88632202148438 137.32940673828125 160.88632202148438 137.32940673828125 193.0203628540039 121.64517974853516 193.0203628540039
121.04423522949219 161.60501098632812 137.3211612701416 161.60501098632812 137.3211612701416 195.22509765625 121.04423522949219 195.22509765625
122.08085632324219 161.7208709716797 138.34145164489746 161.7208709716797 138.34145164489746 195.0262222290039 122.08085632324219 195.0262222290039
122.11216735839844 160.8637237548828 138.04958534240723 160.8637237548828 138.04958534240723 193.61576080322266 122.11216735839844 193.61576080322266
119.2347640991211 158.78684997558594 138.54444122314453 158.78684997558594 138.54444122314453 188.93429565429688 119.2347640991211 188.93429565429688
110.7469253540039 158.7468719482422 130.5563507080078 158.7468719482422 130.5563507080078 189.8365421295166 110.7469253540039 189.8365421295166
108.89798736572266 160.24717712402344 127.29481315612793 160.24717712402344 127.29481315612793 190.89773178100586 108.89798736572266 190.89773178100586
100.11741638183594 160.5836944580078 118.89927291870117 160.5836944580078 118.89927291870117 193.0811309814453 100.11741638183594 193.0811309814453
92.6718978881836 159.6903533935547 110.74605178833008 159.6903533935547 110.74605178833008 190.83296585083008 92.6718978881836 190.83296585083008
92.15067291259766 158.0194549560547 110.85965919494629 158.0194549560547 110.85965919494629 188.77402877807617 92.15067291259766 188.77402877807617
80.34196472167969 159.6470489501953 100.2636604309082 159.6470489501953 100.2636604309082 191.1890926361084 80.34196472167969 191.1890926361084
72.88580322265625 159.772705078125 93.23243713378906 159.772705078125 93.23243713378906 190.25088119506836 72.88580322265625 190.25088119506836
73.63243103027344 162.14404296875 90.92595291137695 162.14404296875 90.92595291137695 194.4180793762207 73.63243103027344 194.4180793762207
72.9122085571289 162.50050354003906 91.15457534790039 162.50050354003906 91.15457534790039 192.8324737548828 72.9122085571289 192.8324737548828
73.34896850585938 161.7501220703125 89.9189281463623 161.7501220703125 89.9189281463623 192.79100036621094 73.34896850585938 192.79100036621094
72.6358413696289 160.1400909423828 89.68884658813477 160.1400909423828 89.68884658813477 191.32225608825684 72.6358413696289 191.32225608825684
73.79790496826172 163.67172241210938 89.67259693145752 163.67172241210938 89.67259693145752 194.97683715820312 73.79790496826172 194.97683715820312
74.00849914550781 161.60183715820312 90.16841125488281 161.60183715820312 90.16841125488281 193.94481658935547 74.00849914550781 193.94481658935547
74.23204040527344 161.69659423828125 89.74550342559814 161.69659423828125 89.74550342559814 192.9078369140625 74.23204040527344 192.9078369140625
74.86629486083984 161.16311645507812 90.64734363555908 161.16311645507812 90.64734363555908 192.72524070739746 74.86629486083984 192.72524070739746
74.51658630371094 160.52223205566406 90.67375564575195 160.52223205566406 90.67375564575195 192.77397918701172 74.51658630371094 192.77397918701172
75.72535705566406 161.77833557128906 91.65697956085205 161.77833557128906 91.65697956085205 193.41612243652344 75.72535705566406 193.41612243652344
76.48954010009766 160.65513610839844 92.42086982727051 160.65513610839844 92.42086982727051 191.9153594970703 76.48954010009766 191.9153594970703
76.4442138671875 161.2537078857422 93.2015209197998 161.2537078857422 93.2015209197998 190.74281311035156 76.4442138671875 190.74281311035156
75.9627456665039 159.97239685058594 92.16708755493164 159.97239685058594 92.16708755493164 192.46173477172852 75.9627456665039 192.46173477172852
77.34825134277344 160.63552856445312 93.50249099731445 160.63552856445312 93.50249099731445 193.46176528930664 77.34825134277344 193.46176528930664
77.8462142944336 160.47415161132812 94.44791793823242 160.47415161132812 94.44791793823242 192.53186416625977 77.8462142944336 192.53186416625977
78.2901840209961 159.84324645996094 95.12677001953125 159.84324645996094 95.12677001953125 191.84820175170898 78.2901840209961 191.84820175170898
77.04307556152344 162.06092834472656 94.19758415222168 162.06092834472656 94.19758415222168 195.4437599182129 77.04307556152344 195.4437599182129
77.19203186035156 159.5614776611328 94.51655006408691 159.5614776611328 94.51655006408691 193.3190040588379 77.19203186035156 193.3190040588379
79.25016784667969 160.4373321533203 96.90524291992188 160.4373321533203 96.90524291992188 192.6245994567871 79.25016784667969 192.6245994567871
79.19874572753906 161.0911102294922 96.02465057373047 161.0911102294922 96.02465057373047 193.38877487182617 79.19874572753906 193.38877487182617
78.41896057128906 161.65457153320312 95.84589195251465 161.65457153320312 95.84589195251465 193.12905502319336 78.41896057128906 193.12905502319336
79.0846176147461 161.38662719726562 96.02200126647949 161.38662719726562 96.02200126647949 193.18111038208008 79.0846176147461 193.18111038208008
77.96717834472656 161.38278198242188 94.1038703918457 161.38278198242188 94.1038703918457 193.7488021850586 77.96717834472656 193.7488021850586
79.06794738769531 161.03048706054688 95.52738380432129 161.03048706054688 95.52738380432129 191.79790878295898 79.06794738769531 191.79790878295898
78.82006072998047 161.27261352539062 95.22479820251465 161.27261352539062 95.22479820251465 193.4083023071289 78.82006072998047 193.4083023071289
79.7981948852539 163.46664428710938 95.5965805053711 163.46664428710938 95.5965805053711 194.64780235290527 79.7981948852539 194.64780235290527
80.51612854003906 161.40927124023438 96.79743576049805 161.40927124023438 96.79743576049805 193.34918785095215 80.51612854003906 193.34918785095215
81.01034545898438 162.85317993164062 96.56294441223145 162.85317993164062 96.56294441223145 194.70872116088867 81.01034545898438 194.70872116088867
80.96435546875 161.00808715820312 95.97657012939453 161.00808715820312 95.97657012939453 195.26932525634766 80.96435546875 195.26932525634766
83.14726257324219 162.49575805664062 97.82675647735596 162.49575805664062 97.82675647735596 195.70222854614258 83.14726257324219 195.70222854614258
82.80657196044922 162.88320922851562 98.47690868377686 162.88320922851562 98.47690868377686 195.4384880065918 82.80657196044922 195.4384880065918
84.78058624267578 161.0079345703125 99.95777320861816 161.0079345703125 99.95777320861816 193.8747673034668 84.78058624267578 193.8747673034668
84.55506134033203 162.73208618164062 99.92392253875732 162.73208618164062 99.92392253875732 194.68046188354492 84.55506134033203 194.68046188354492
86.1019058227539 160.41688537597656 102.04204368591309 160.41688537597656 102.04204368591309 194.12335968017578 86.1019058227539 194.12335968017578
86.51798248291016 162.77017211914062 102.30045318603516 162.77017211914062 102.30045318603516 194.59786415100098 86.51798248291016 194.59786415100098
86.13932037353516 159.01858520507812 102.34456825256348 159.01858520507812 102.34456825256348 192.8872184753418 86.13932037353516 192.8872184753418
87.9642562866211 159.74050903320312 103.7581205368042 159.74050903320312 103.7581205368042 195.26695251464844 87.9642562866211 195.26695251464844
87.83070373535156 161.8284454345703 103.68117332458496 161.8284454345703 103.68117332458496 196.4547004699707 87.83070373535156 196.4547004699707
87.5627212524414 160.0823516845703 103.91569900512695 160.0823516845703 103.91569900512695 193.89239120483398 87.5627212524414 193.89239120483398
88.0714111328125 161.47610473632812 104.37887191772461 161.47610473632812 104.37887191772461 194.87939071655273 88.0714111328125 194.87939071655273
88.45526123046875 161.2118682861328 104.17965984344482 161.2118682861328 104.17965984344482 194.87207794189453 88.45526123046875 194.87207794189453
88.18063354492188 160.1318817138672 104.80726051330566 160.1318817138672 104.80726051330566 195.30670547485352 88.18063354492188 195.30670547485352
88.47294616699219 163.9460906982422 103.1857328414917 163.9460906982422 103.1857328414917 197.65604400634766 88.47294616699219 197.65604400634766
89.07719421386719 163.70677185058594 104.33519744873047 163.70677185058594 104.33519744873047 196.39959716796875 89.07719421386719 196.39959716796875
89.4908447265625 162.7647705078125 104.99791431427002 162.7647705078125 104.99791431427002 196.83148956298828 89.4908447265625 196.83148956298828
89.3648452758789 161.9661102294922 104.68299579620361 161.9661102294922 104.68299579620361 197.47660064697266 89.3648452758789 197.47660064697266
90.10102844238281 161.72048950195312 104.80225944519043 161.72048950195312 104.80225944519043 195.68001174926758 90.10102844238281 195.68001174926758
91.08907318115234 161.06381225585938 106.25234699249268 161.06381225585938 106.25234699249268 195.9073715209961 91.08907318115234 195.9073715209961
89.427490234375 161.22158813476562 106.2477798461914 161.22158813476562 106.2477798461914 195.61968612670898 89.427490234375 195.61968612670898
90.07687377929688 161.8452911376953 106.20443534851074 161.8452911376953 106.20443534851074 195.85247039794922 90.07687377929688 195.85247039794922
90.96187591552734 162.74851989746094 106.2977523803711 162.74851989746094 106.2977523803711 195.52856826782227 90.96187591552734 195.52856826782227
91.63445281982422 163.12222290039062 107.48971366882324 163.12222290039062 107.48971366882324 195.0708827972412 91.63445281982422 195.0708827972412
91.58348083496094 160.52761840820312 107.75763320922852 160.52761840820312 107.75763320922852 193.98012161254883 91.58348083496094 193.98012161254883
92.19847869873047 161.05284118652344 107.59414958953857 161.05284118652344 107.59414958953857 196.94194793701172 92.19847869873047 196.94194793701172
92.15605163574219 161.71815490722656 107.57487773895264 161.71815490722656 107.57487773895264 196.29016876220703 92.15605163574219 196.29016876220703
93.25608825683594 160.98443603515625 108.17495536804199 160.98443603515625 108.17495536804199 196.14960479736328 93.25608825683594 196.14960479736328
92.1082992553711 161.60293579101562 107.53538990020752 161.60293579101562 107.53538990020752 197.50846481323242 92.1082992553711 197.50846481323242
92.38410186767578 162.91250610351562 107.56724739074707 162.91250610351562 107.56724739074707 197.15295791625977 92.38410186767578 197.15295791625977
91.56935119628906 160.78890991210938 107.70536422729492 160.78890991210938 107.70536422729492 194.35729217529297 91.56935119628906 194.35729217529297
92.14543914794922 162.60910034179688 107.25988483428955 162.60910034179688 107.25988483428955 196.2995834350586 92.14543914794922 196.2995834350586
