297.0 160.0 315.0 160.0 315.0 208.0 297.0 208.0
295.03472900390625 161.36154174804688 312.7027988433838 161.36154174804688 312.7027988433838 208.22113037109375 295.03472900390625 208.22113037109375
294.3081970214844 160.7684783935547 312.5177803039551 160.7684783935547 312.5177803039551 205.82389450073242 294.3081970214844 205.82389450073242
292.50335693359375 159.89244079589844 310.0590591430664 159.89244079589844 310.0590591430664 204.30633544921875 292.50335693359375 204.30633544921875
289.1324157714844 159.05838012695312 306.7462272644043 159.05838012695312 306.7462272644043 206.02854537963867 289.1324157714844 206.02854537963867
289.3087463378906 160.92555236816406 306.8125400543213 160.92555236816406 306.8125400543213 206.1913833618164 289.3087463378906 206.1913833618164
286.99383544921875 159.8825225830078 304.5007953643799 159.8825225830078 304.5007953643799 206.5677490234375 286.99383544921875 206.5677490234375
284.7023010253906 159.30731201171875 302.6629981994629 159.30731201171875 302.6629981994629 204.52230834960938 284.7023010253906 204.52230834960938
282.05694580078125 158.02188110351562 299.41896629333496 158.02188110351562 299.41896629333496 203.39020538330078 282.05694580078125 203.39020538330078
280.07415771484375 157.35079956054688 297.48009872436523 157.35079956054688 297.48009872436523 203.76664352416992 280.07415771484375 203.76664352416992
279.80712890625 155.86807250976562 296.14744567871094 155.86807250976562 296.14744567871094 203.6458511352539 279.80712890625 203.6458511352539
278.25469970703125 157.19602966308594 295.3888854980469 157.19602966308594 295.3888854980469 200.3795928955078 278.25469970703125 200.3795928955078
276.1636962890625 154.87979125976562 293.09804916381836 154.87979125976562 293.09804916381836 200.19464874267578 276.1636962890625 200.19464874267578
264.2184753417969 156.0806884765625 282.2753963470459 156.0806884765625 282.2753963470459 198.28833770751953 264.2184753417969 198.28833770751953
261.14349365234375 154.38314819335938 278.3387508392334 154.38314819335938 278.3387508392334 199.62458419799805 261.14349365234375 199.62458419799805
259.9344787597656 153.2378692626953 276.94843101501465 153.2378692626953 276.94843101501465 198.60840606689453 259.9344787597656 198.60840606689453
256.7431335449219 151.19100952148438 273.8195056915283 151.19100952148438 273.8195056915283 196.72799682617188 256.7431335449219 196.72799682617188
254.4625701904297 151.0206298828125 271.5798854827881 151.0206298828125 271.5798854827881 196.56956100463867 254.4625701904297 196.56956100463867
251.61587524414062 153.15957641601562 268.3921432495117 153.15957641601562 268.3921432495117 197.89629364013672 251.61587524414062 197.89629364013672
249.0054931640625 152.64492797851562 265.5436592102051 152.64492797851562 265.5436592102051 196.74671173095703 249.0054931640625 196.74671173095703
245.46115112304688 151.65538024902344 262.1605644226074 151.65538024902344 262.1605644226074 196.1871566772461 245.46115112304688 196.1871566772461
242.5246124267578 150.22213745117188 259.17553901672363 150.22213745117188 259.17553901672363 194.62461471557617 242.5246124267578 194.62461471557617
239.73507690429688 150.4365234375 256.7630672454834 150.4365234375 256.7630672454834 195.8445053100586 239.73507690429688 195.8445053100586
237.48947143554688 153.69598388671875 254.81087112426758 153.69598388671875 254.81087112426758 199.88639450073242 237.48947143554688 199.88639450073242
233.0821075439453 153.14700317382812 250.3267879486084 153.14700317382812 250.3267879486084 198.16125869750977 233.0821075439453 198.16125869750977
231.971923828125 151.8658905029297 249.06786918640137 151.8658905029297 249.06786918640137 197.45509338378906 231.971923828125 197.45509338378906
231.7170867919922 151.7732696533203 248.75373458862305 151.7732696533203 248.75373458862305 197.20435333251953 231.7170867919922 197.20435333251953
227.5531463623047 153.73834228515625 244.47814750671387 153.73834228515625 244.47814750671387 198.11504364013672 227.5531463623047 198.11504364013672
225.16629028320312 151.5606231689453 242.37277221679688 151.5606231689453 242.37277221679688 197.4446029663086 225.16629028320312 197.4446029663086
214.46231079101562 159.93014526367188 231.40475845336914 159.93014526367188 231.40475845336914 205.11003494262695 214.46231079101562 205.11003494262695
217.23269653320312 155.04220581054688 233.79896354675293 155.04220581054688 233.79896354675293 197.73814392089844 217.23269653320312 197.73814392089844
216.25820922851562 153.79440307617188 232.17087745666504 153.79440307617188 232.17087745666504 195.20198440551758 216.25820922851562 195.20198440551758
214.84188842773438 154.0276336669922 232.03166580200195 154.0276336669922 232.03166580200195 198.58710861206055 214.84188842773438 198.58710861206055
211.684326171875 151.0161590576172 229.09299850463867 151.0161590576172 229.09299850463867 195.23544311523438 211.684326171875 195.23544311523438
209.06973266601562 150.19662475585938 226.7811737060547 150.19662475585938 226.7811737060547 194.03072357177734 209.06973266601562 194.03072357177734
207.31985473632812 150.2097930908203 224.75214195251465 150.2097930908203 224.75214195251465 196.69592666625977 207.31985473632812 196.69592666625977
202.46990966796875 150.27761840820312 219.6748332977295 150.27761840820312 219.6748332977295 196.1574478149414 202.46990966796875 196.1574478149414
199.35411071777344 149.78451538085938 217.56062698364258 149.78451538085938 217.56062698364258 193.03731155395508 199.35411071777344 193.03731155395508
195.49697875976562 149.81483459472656 213.70307159423828 149.81483459472656 213.70307159423828 194.15166091918945 195.49697875976562 194.15166091918945
192.0406494140625 149.41746520996094 210.0072078704834 149.41746520996094 210.0072078704834 196.06864166259766 192.0406494140625 196.06864166259766
188.00527954101562 149.42005920410156 206.3568058013916 149.42005920410156 206.3568058013916 198.3574981689453 188.00527954101562 198.3574981689453
182.39280700683594 150.64605712890625 201.03593063354492 150.64605712890625 201.03593063354492 198.96886444091797 182.39280700683594 198.96886444091797
179.1669464111328 152.06210327148438 198.26496505737305 152.06210327148438 198.26496505737305 197.50518798828125 179.1669464111328 197.50518798828125
175.79331970214844 150.53858947753906 194.64649391174316 150.53858947753906 194.64649391174316 199.17240524291992 175.79331970214844 199.17240524291992
172.979248046875 150.18112182617188 192.74106979370117 150.18112182617188 192.74106979370117 198.4409408569336 172.979248046875 198.4409408569336
171.6912078857422 151.56338500976562 190.96039199829102 151.56338500976562 190.96039199829102 196.6808090209961 171.6912078857422 196.6808090209961
168.03128051757812 150.68801879882812 187.3966522216797 150.68801879882812 187.3966522216797 198.55002212524414 168.03128051757812 198.55002212524414
168.21011352539062 151.55230712890625 185.7555980682373 151.55230712890625 185.7555980682373 197.6675033569336 168.21011352539062 197.6675033569336
165.74520874023438 152.29257202148438 183.98861122131348 152.29257202148438 183.98861122131348 201.50203704833984 165.74520874023438 201.50203704833984
161.76358032226562 153.317138671875 180.13985061645508 153.317138671875 180.13985061645508 201.68647003173828 161.76358032226562 201.68647003173828
158.9928436279297 153.8021697998047 177.25785446166992 153.8021697998047 177.25785446166992 201.08525848388672 158.9928436279297 201.08525848388672
157.03919982910156 154.625 176.11295127868652 154.625 176.11295127868652 200.16132354736328 157.03919982910156 200.16132354736328
154.53720092773438 155.179443359375 172.94086456298828 155.179443359375 172.94086456298828 203.24301147460938 154.53720092773438 203.24301147460938
152.16880798339844 155.35202026367188 170.2531337738037 155.35202026367188 170.2531337738037 202.08074188232422 152.16880798339844 202.08074188232422
150.31137084960938 155.1935577392578 168.9221649169922 155.1935577392578 168.9221649169922 203.96938705444336 150.31137084960938 203.96938705444336
145.9121856689453 155.51211547851562 164.4985122680664 155.51211547851562 164.4985122680664 205.07569122314453 145.9121856689453 205.07569122314453
143.82235717773438 156.06765747070312 162.2514190673828 156.06765747070312 162.2514190673828 205.21185684204102 143.82235717773438 205.21185684204102
139.28248596191406 157.32815551757812 157.68668746948242 157.32815551757812 157.68668746948242 206.40605926513672 139.28248596191406 206.40605926513672
137.7855224609375 157.7464141845703 156.30147743225098 157.7464141845703 156.30147743225098 207.12232971191406 137.7855224609375 207.12232971191406
136.1263427734375 156.0290069580078 155.08472061157227 156.0290069580078 155.08472061157227 206.58471298217773 136.1263427734375 206.58471298217773
134.54776000976562 155.97097778320312 153.5443878173828 155.97097778320312 153.5443878173828 206.6286849975586 134.54776000976562 206.6286849975586
134.13507080078125 156.17306518554688 153.33436393737793 156.17306518554688 153.33436393737793 205.61513137817383 134.13507080078125 205.61513137817383
133.27780151367188 157.273681640625 152.88002586364746 157.273681640625 152.88002586364746 205.66508865356445 133.27780151367188 205.66508865356445
131.33201599121094 157.7640380859375 150.80300521850586 157.7640380859375 150.80300521850586 208.2808609008789 131.33201599121094 208.2808609008789
130.1884307861328 158.590576171875 149.534423828125 158.590576171875 149.534423828125 207.67965698242188 130.1884307861328 207.67965698242188
126.52424621582031 160.23947143554688 145.6620044708252 160.23947143554688 145.6620044708252 209.5473747253418 126.52424621582031 209.5473747253418
124.40901947021484 162.44833374023438 144.8576717376709 162.44833374023438 144.8576717376709 209.22075271606445 124.40901947021484 209.22075271606445
120.66754150390625 162.25343322753906 140.4442958831787 162.25343322753906 140.4442958831787 214.9914779663086 120.66754150390625 214.9914779663086
119.18524169921875 160.94393920898438 139.07614707946777 160.94393920898438 139.07614707946777 213.98638153076172 119.18524169921875 213.98638153076172
117.18168640136719 163.4097900390625 136.97233772277832 163.4097900390625 136.97233772277832 216.18488693237305 117.18168640136719 216.18488693237305
114.7784423828125 162.24081420898438 135.25443649291992 162.24081420898438 135.25443649291992 214.30434036254883 114.7784423828125 214.30434036254883
113.09818267822266 165.5565643310547 134.30157089233398 165.5565643310547 134.30157089233398 212.7888412475586 113.09818267822266 212.7888412475586
109.48014831542969 170.1324920654297 130.5035457611084 170.1324920654297 130.5035457611084 216.62619400024414 109.48014831542969 216.62619400024414
107.26692962646484 170.73306274414062 127.96398544311523 170.73306274414062 127.96398544311523 218.24922943115234 107.26692962646484 218.24922943115234
103.82637023925781 170.70828247070312 125.76912498474121 170.70828247070312 125.76912498474121 219.0956802368164 103.82637023925781 219.0956802368164
102.32918548583984 171.75839233398438 124.43887901306152 171.75839233398438 124.43887901306152 220.54742431640625 102.32918548583984 220.54742431640625
98.38566589355469 168.3312225341797 120.36443328857422 168.3312225341797 120.36443328857422 223.02914810180664 98.38566589355469 223.02914810180664
93.35469055175781 168.79989624023438 114.74994277954102 168.79989624023438 114.74994277954102 220.81149291992188 93.35469055175781 220.81149291992188
92.18821716308594 165.38809204101562 113.07965850830078 165.38809204101562 113.07965850830078 221.0986442565918 92.18821716308594 221.0986442565918
88.10133361816406 167.9249725341797 109.03425407409668 167.9249725341797 109.03425407409668 223.7461395263672 88.10133361816406 223.7461395263672
80.71996307373047 169.29855346679688 101.87651443481445 169.29855346679688 101.87651443481445 225.71607208251953 80.71996307373047 225.71607208251953
79.60902404785156 168.58876037597656 100.85261917114258 168.58876037597656 100.85261917114258 225.23839950561523 79.60902404785156 225.23839950561523
79.50032043457031 170.0537567138672 100.69174385070801 170.0537567138672 100.69174385070801 226.56426620483398 79.50032043457031 226.56426620483398
69.92454528808594 168.7656707763672 91.27617263793945 168.7656707763672 91.27617263793945 225.7033920288086 69.92454528808594 225.7033920288086
67.69551086425781 177.82699584960938 89.8608283996582 177.82699584960938 89.8608283996582 228.22895431518555 67.69551086425781 228.22895431518555
65.45108795166016 174.82933044433594 86.69808959960938 174.82933044433594 86.69808959960938 225.82469940185547 65.45108795166016 225.82469940185547
62.32951736450195 173.865234375 83.67663764953613 173.865234375 83.67663764953613 223.87897872924805 62.32951736450195 223.87897872924805
59.21107864379883 174.2203369140625 80.22490310668945 174.2203369140625 80.22490310668945 223.87682723999023 59.21107864379883 223.87682723999023
56.58275604248047 171.78366088867188 77.42126655578613 171.78366088867188 77.42126655578613 221.58704376220703 56.58275604248047 221.58704376220703
54.4083251953125 173.41116333007812 75.59733200073242 173.41116333007812 75.59733200073242 223.03366088867188 54.4083251953125 223.03366088867188
50.708709716796875 174.3318634033203 71.3987922668457 174.3318634033203 71.3987922668457 224.2929916381836 50.708709716796875 224.2929916381836
50.179237365722656 171.92372131347656 71.27717590332031 171.92372131347656 71.27717590332031 223.98016738891602 50.179237365722656 223.98016738891602
48.74348068237305 174.36050415039062 67.26683235168457 174.36050415039062 67.26683235168457 224.88764190673828 48.74348068237305 224.88764190673828
45.568153381347656 174.51927185058594 64.17007064819336 174.51927185058594 64.17007064819336 223.43490982055664 45.568153381347656 223.43490982055664
47.70768356323242 174.45651245117188 67.01321983337402 174.45651245117188 67.01321983337402 224.8621597290039 47.70768356323242 224.8621597290039
37.31808090209961 173.30958557128906 56.84988594055176 173.30958557128906 56.84988594055176 225.39446640014648 37.31808090209961 225.39446640014648
36.18174362182617 175.56668090820312 55.58576965332031 175.56668090820312 55.58576965332031 227.3108139038086 36.18174362182617 227.3108139038086
27.678085327148438 200.58016967773438 47.14975357055664 200.58016967773438 47.14975357055664 252.50468063354492 27.678085327148438 252.50468063354492
21.93984603881836 236.2628173828125 41.05981636047363 236.2628173828125 41.05981636047363 287.24947357177734 21.93984603881836 287.24947357177734
22.485742568969727 237.647216796875 41.66792106628418 237.647216796875 41.66792106628418 288.7997589111328 22.485742568969727 288.7997589111328
23.167375564575195 238.3349151611328 42.20256233215332 238.3349151611328 42.20256233215332 289.0954818725586 23.167375564575195 289.0954818725586
23.751083374023438 238.0041046142578 42.91445541381836 238.0041046142578 42.91445541381836 289.1064987182617 23.751083374023438 289.1064987182617
21.740331649780273 235.86422729492188 40.9390869140625 235.86422729492188 40.9390869140625 287.060977935791 21.740331649780273 287.060977935791
22.517120361328125 237.3517608642578 41.9957160949707 237.3517608642578 41.9957160949707 289.2947540283203 22.517120361328125 289.2947540283203
21.197864532470703 238.1412353515625 40.46461486816406 238.1412353515625 40.46461486816406 289.5193061828613 21.197864532470703 289.5193061828613
19.829118728637695 238.24267578125 38.74880027770996 238.24267578125 38.74880027770996 289.2338180541992 19.829118728637695 289.2338180541992
18.517288208007812 237.352294921875 37.2171573638916 237.352294921875 37.2171573638916 288.14749908447266 18.517288208007812 288.14749908447266
18.81064224243164 240.650146484375 37.237192153930664 240.650146484375 37.237192153930664 290.91736221313477 18.81064224243164 290.91736221313477
9.85460376739502 247.68154907226562 28.37785243988037 247.68154907226562 28.37785243988037 297.0769500732422 9.85460376739502 297.0769500732422
15.520237922668457 248.71646118164062 33.80809688568115 248.71646118164062 33.80809688568115 297.4841537475586 15.520237922668457 297.4841537475586
26.340850830078125 261.492919921875 44.56667709350586 261.492919921875 44.56667709350586 310.0951919555664 26.340850830078125 310.0951919555664
44.12432098388672 283.0132751464844 62.41346549987793 283.0132751464844 62.41346549987793 331.78439712524414 44.12432098388672 331.78439712524414
