440.0 55.0 456.0 55.0 456.0 99.0 440.0 99.0
441.4173889160156 55.6099853515625 457.40887451171875 55.6099853515625 457.40887451171875 99.5865707397461 441.4173889160156 99.5865707397461
442.2671813964844 55.65462112426758 458.15447425842285 55.65462112426758 458.15447425842285 98.96417999267578 442.2671813964844 98.96417999267578
442.7598571777344 56.300148010253906 458.7970142364502 56.300148010253906 458.7970142364502 99.94722366333008 442.7598571777344 99.94722366333008
443.52178955078125 56.80963134765625 459.7434673309326 56.80963134765625 459.7434673309326 100.02285766601562 443.52178955078125 100.02285766601562
444.08111572265625 57.10857391357422 460.1133842468262 57.10857391357422 460.1133842468262 100.12750244140625 444.08111572265625 100.12750244140625
445.458251953125 56.87804412841797 460.82367420196533 56.87804412841797 460.82367420196533 100.15190124511719 445.458251953125 100.15190124511719
445.13348388671875 56.28448486328125 461.02411937713623 56.28448486328125 461.02411937713623 98.95457458496094 445.13348388671875 98.95457458496094
445.9715881347656 56.07793045043945 461.95026206970215 56.07793045043945 461.95026206970215 100.01929473876953 445.9715881347656 100.01929473876953
447.43011474609375 57.25054931640625 463.04283332824707 57.25054931640625 463.04283332824707 100.51480102539062 447.43011474609375 100.51480102539062
447.56072998046875 57.43812942504883 463.51829719543457 57.43812942504883 463.51829719543457 101.28487777709961 447.56072998046875 101.28487777709961
448.9598693847656 58.0363655090332 464.92542266845703 58.0363655090332 464.92542266845703 100.46134567260742 448.9598693847656 100.46134567260742
449.94415283203125 58.21024703979492 466.14696884155273 58.21024703979492 466.14696884155273 101.45681381225586 449.94415283203125 101.45681381225586
449.9925842285156 58.851531982421875 466.00355529785156 58.851531982421875 466.00355529785156 102.30411911010742 449.9925842285156 102.30411911010742
450.84454345703125 58.627159118652344 467.1495361328125 58.627159118652344 467.1495361328125 103.88647842407227 450.84454345703125 103.88647842407227
450.50433349609375 59.23015213012695 466.53222465515137 59.23015213012695 466.53222465515137 104.1197395324707 450.50433349609375 104.1197395324707
452.170166015625 59.86157989501953 467.96953773498535 59.86157989501953 467.96953773498535 105.64628219604492 452.170166015625 105.64628219604492
453.575439453125 59.698890686035156 468.7052364349365 59.698890686035156 468.7052364349365 104.58227157592773 453.575439453125 104.58227157592773
453.7123107910156 59.84917449951172 469.53235816955566 59.84917449951172 469.53235816955566 104.27671432495117 453.7123107910156 104.27671432495117
453.877685546875 59.75141143798828 469.61347007751465 59.75141143798828 469.61347007751465 105.30014038085938 453.877685546875 105.30014038085938
453.66851806640625 60.09868240356445 470.10367584228516 60.09868240356445 470.10367584228516 106.85529327392578 453.66851806640625 106.85529327392578
455.17730712890625 62.485015869140625 470.6048049926758 62.485015869140625 470.6048049926758 108.9274673461914 455.17730712890625 108.9274673461914
454.3680725097656 62.114540100097656 470.9178276062012 62.114540100097656 470.9178276062012 107.99371719360352 454.3680725097656 107.99371719360352
455.17608642578125 61.07465744018555 471.4225597381592 61.07465744018555 471.4225597381592 107.57391738891602 455.17608642578125 107.57391738891602
455.98553466796875 61.50677490234375 471.22704315185547 61.50677490234375 471.22704315185547 108.82128143310547 455.98553466796875 108.82128143310547
455.63702392578125 62.82440948486328 471.87012100219727 62.82440948486328 471.87012100219727 108.61221313476562 455.63702392578125 108.61221313476562
455.61224365234375 62.42705154418945 471.6914882659912 62.42705154418945 471.6914882659912 109.36520004272461 455.61224365234375 109.36520004272461
455.6053161621094 61.703407287597656 472.3137664794922 61.703407287597656 472.3137664794922 108.94728088378906 455.6053161621094 108.94728088378906
455.5425720214844 62.155517578125 471.6353397369385 62.155517578125 471.6353397369385 110.82455825805664 455.5425720214844 110.82455825805664
455.9400329589844 63.25641632080078 472.2831268310547 63.25641632080078 472.2831268310547 109.52883529663086 455.9400329589844 109.52883529663086
457.651123046875 62.227874755859375 472.4687623977661 62.227874755859375 472.4687623977661 111.56229400634766 457.651123046875 111.56229400634766
456.90264892578125 63.744850158691406 472.72468852996826 63.744850158691406 472.72468852996826 110.4218521118164 456.90264892578125 110.4218521118164
458.64361572265625 62.64996337890625 473.79029273986816 62.64996337890625 473.79029273986816 111.8526382446289 458.64361572265625 111.8526382446289
457.9666442871094 64.22261810302734 473.79118633270264 64.22261810302734 473.79118633270264 110.75699996948242 457.9666442871094 110.75699996948242
458.4774475097656 65.11434173583984 473.94858264923096 65.11434173583984 473.94858264923096 112.47351455688477 458.4774475097656 112.47351455688477
456.81036376953125 65.42005920410156 473.4520664215088 65.42005920410156 473.4520664215088 114.84790420532227 456.81036376953125 114.84790420532227
456.9688415527344 65.15254974365234 473.6085739135742 65.15254974365234 473.6085739135742 114.04566955566406 456.9688415527344 114.04566955566406
456.65655517578125 65.25555419921875 472.9428520202637 65.25555419921875 472.9428520202637 113.37271118164062 456.65655517578125 113.37271118164062
456.46783447265625 65.10023498535156 473.4060401916504 65.10023498535156 473.4060401916504 114.64652252197266 456.46783447265625 114.64652252197266
457.52557373046875 66.32002258300781 473.92654037475586 66.32002258300781 473.92654037475586 113.67972564697266 457.52557373046875 113.67972564697266
456.412841796875 67.69074249267578 473.83406829833984 67.69074249267578 473.83406829833984 115.38171005249023 456.412841796875 115.38171005249023
457.5979919433594 67.05970764160156 474.79652404785156 67.05970764160156 474.79652404785156 116.22259521484375 457.5979919433594 116.22259521484375
456.7632751464844 67.99132537841797 475.208927154541 67.99132537841797 475.208927154541 117.0811767578125 456.7632751464844 117.0811767578125
457.86767578125 67.95528411865234 475.96949005126953 67.95528411865234 475.96949005126953 115.41467666625977 457.86767578125 115.41467666625977
458.8424377441406 68.93096923828125 476.7761764526367 68.93096923828125 476.7761764526367 117.63046646118164 458.8424377441406 117.63046646118164
459.6299743652344 70.1764907836914 477.8246326446533 70.1764907836914 477.8246326446533 118.85359191894531 459.6299743652344 118.85359191894531
460.85760498046875 68.87055969238281 478.6915512084961 68.87055969238281 478.6915512084961 116.52209091186523 460.85760498046875 116.52209091186523
461.9004821777344 67.48689270019531 478.38361740112305 67.48689270019531 478.38361740112305 116.81491470336914 461.9004821777344 116.81491470336914
461.24908447265625 68.50883483886719 478.7925395965576 68.50883483886719 478.7925395965576 118.09770202636719 461.24908447265625 118.09770202636719
463.1031799316406 64.0331039428711 480.65690994262695 64.0331039428711 480.65690994262695 114.49254608154297 463.1031799316406 114.49254608154297
459.9246520996094 68.85711669921875 478.3490047454834 68.85711669921875 478.3490047454834 120.97769927978516 459.9246520996094 120.97769927978516
460.03338623046875 69.67184448242188 477.9472236633301 69.67184448242188 477.9472236633301 120.86493682861328 460.03338623046875 120.86493682861328
457.70648193359375 72.45246887207031 477.013427734375 72.45246887207031 477.013427734375 123.32366180419922 457.70648193359375 123.32366180419922
457.611328125 70.89026641845703 476.78659439086914 70.89026641845703 476.78659439086914 122.60291290283203 457.611328125 122.60291290283203
456.20281982421875 74.23836517333984 475.3356304168701 74.23836517333984 475.3356304168701 123.38562393188477 456.20281982421875 123.38562393188477
455.455322265625 73.91105651855469 474.77719497680664 73.91105651855469 474.77719497680664 123.1303482055664 455.455322265625 123.1303482055664
454.7568359375 75.5701904296875 474.4151859283447 75.5701904296875 474.4151859283447 124.92914581298828 454.7568359375 124.92914581298828
455.43243408203125 75.73269653320312 474.49851989746094 75.73269653320312 474.49851989746094 124.38773345947266 455.43243408203125 124.38773345947266
453.98101806640625 76.49654388427734 473.25008964538574 76.49654388427734 473.25008964538574 126.73624038696289 453.98101806640625 126.73624038696289
455.64959716796875 76.33023834228516 474.5742988586426 76.33023834228516 474.5742988586426 124.50918197631836 455.64959716796875 124.50918197631836
454.68353271484375 76.98384094238281 472.7417869567871 76.98384094238281 472.7417869567871 126.74369812011719 454.68353271484375 126.74369812011719
454.64044189453125 76.67312622070312 473.3702507019043 76.67312622070312 473.3702507019043 125.92627716064453 454.64044189453125 125.92627716064453
454.375244140625 75.94808197021484 472.6846008300781 75.94808197021484 472.6846008300781 126.42217254638672 454.375244140625 126.42217254638672
454.7201232910156 77.61183166503906 472.5693588256836 77.61183166503906 472.5693588256836 126.40921401977539 454.7201232910156 126.40921401977539
454.196044921875 77.30986022949219 471.66999435424805 77.30986022949219 471.66999435424805 127.64640426635742 454.196044921875 127.64640426635742
453.89581298828125 79.40031433105469 471.25564193725586 79.40031433105469 471.25564193725586 127.92473983764648 453.89581298828125 127.92473983764648
454.0148010253906 78.099609375 470.8415107727051 78.099609375 470.8415107727051 129.84675979614258 454.0148010253906 129.84675979614258
453.0887756347656 78.14022064208984 470.9339942932129 78.14022064208984 470.9339942932129 131.6046905517578 453.0887756347656 131.6046905517578
452.211669921875 79.75090026855469 469.69880294799805 79.75090026855469 469.69880294799805 131.64995574951172 452.211669921875 131.64995574951172
452.61834716796875 80.3661880493164 469.9937934875488 80.3661880493164 469.9937934875488 132.1668243408203 452.61834716796875 132.1668243408203
450.68524169921875 81.69300842285156 468.5920524597168 81.69300842285156 468.5920524597168 131.75996017456055 450.68524169921875 131.75996017456055
449.93035888671875 81.72513580322266 467.91281509399414 81.72513580322266 467.91281509399414 133.52029037475586 449.93035888671875 133.52029037475586
449.8544006347656 82.15098571777344 467.4150276184082 82.15098571777344 467.4150276184082 131.90898895263672 449.8544006347656 131.90898895263672
449.84332275390625 81.28527069091797 467.2712001800537 81.28527069091797 467.2712001800537 132.40520095825195 449.84332275390625 132.40520095825195
448.2743225097656 83.8268814086914 466.7025337219238 83.8268814086914 466.7025337219238 132.22637939453125 448.2743225097656 132.22637939453125
449.00048828125 83.91702270507812 467.21666717529297 83.91702270507812 467.21666717529297 131.62145233154297 449.00048828125 131.62145233154297
447.53265380859375 84.15518188476562 464.975736618042 84.15518188476562 464.975736618042 135.41706466674805 447.53265380859375 135.41706466674805
447.0956115722656 84.2348403930664 465.25425910949707 84.2348403930664 465.25425910949707 134.93926620483398 447.0956115722656 134.93926620483398
446.3050842285156 86.100341796875 464.52424240112305 86.100341796875 464.52424240112305 135.18724822998047 446.3050842285156 135.18724822998047
446.587890625 85.34947204589844 464.15539932250977 85.34947204589844 464.15539932250977 135.55130767822266 446.587890625 135.55130767822266
445.5662536621094 85.89654541015625 463.98509788513184 85.89654541015625 463.98509788513184 138.35908889770508 445.5662536621094 138.35908889770508
444.6236267089844 89.16517639160156 462.53991317749023 89.16517639160156 462.53991317749023 139.0475082397461 444.6236267089844 139.0475082397461
444.148193359375 86.72093200683594 462.2605457305908 86.72093200683594 462.2605457305908 138.37692642211914 444.148193359375 138.37692642211914
443.2959899902344 87.9398422241211 461.74056243896484 87.9398422241211 461.74056243896484 140.76121520996094 443.2959899902344 140.76121520996094
443.08001708984375 87.76348114013672 461.1701030731201 87.76348114013672 461.1701030731201 140.9819450378418 443.08001708984375 140.9819450378418
441.94866943359375 88.5253677368164 460.5686550140381 88.5253677368164 460.5686550140381 141.36406326293945 441.94866943359375 141.36406326293945
441.503662109375 89.29484558105469 460.678503036499 89.29484558105469 460.678503036499 139.0924186706543 441.503662109375 139.0924186706543
440.701416015625 89.88221740722656 459.4075584411621 89.88221740722656 459.4075584411621 140.88439178466797 440.701416015625 140.88439178466797
439.94879150390625 89.87959289550781 459.5257759094238 89.87959289550781 459.5257759094238 140.55738830566406 439.94879150390625 140.55738830566406
439.30804443359375 92.55619812011719 458.06103897094727 92.55619812011719 458.06103897094727 142.46128845214844 439.30804443359375 142.46128845214844
439.92889404296875 91.08075714111328 458.6501579284668 91.08075714111328 458.6501579284668 141.9699363708496 439.92889404296875 141.9699363708496
439.64959716796875 91.05810546875 457.82008171081543 91.05810546875 457.82008171081543 141.9832992553711 439.64959716796875 141.9832992553711
438.05169677734375 92.53273010253906 457.7230796813965 92.53273010253906 457.7230796813965 144.25409317016602 438.05169677734375 144.25409317016602
438.4248046875 90.64564514160156 457.7977600097656 90.64564514160156 457.7977600097656 144.0759735107422 438.4248046875 144.0759735107422
438.71575927734375 92.98548889160156 457.87705421447754 92.98548889160156 457.87705421447754 145.64994049072266 438.71575927734375 145.64994049072266
439.46539306640625 91.88008880615234 458.0786781311035 91.88008880615234 458.0786781311035 147.677001953125 439.46539306640625 147.677001953125
438.8522033691406 94.79801940917969 457.8600330352783 94.79801940917969 457.8600330352783 150.44408798217773 438.8522033691406 150.44408798217773
440.219482421875 94.94169616699219 458.3559761047363 94.94169616699219 458.3559761047363 147.77133560180664 440.219482421875 147.77133560180664
439.921142578125 94.97697448730469 458.6772747039795 94.97697448730469 458.6772747039795 147.13318634033203 439.921142578125 147.13318634033203
439.9314880371094 92.70201110839844 458.5630683898926 92.70201110839844 458.5630683898926 147.27198791503906 439.9314880371094 147.27198791503906
440.21258544921875 94.33672332763672 459.37958908081055 94.33672332763672 459.37958908081055 146.63249969482422 440.21258544921875 146.63249969482422
440.220703125 94.0494384765625 459.5942783355713 94.0494384765625 459.5942783355713 148.6609992980957 440.220703125 148.6609992980957
439.573486328125 97.62471008300781 458.95329666137695 97.62471008300781 458.95329666137695 150.53031158447266 439.573486328125 150.53031158447266
439.644775390625 97.3502426147461 459.0266227722168 97.3502426147461 459.0266227722168 151.77142333984375 439.644775390625 151.77142333984375
439.572021484375 98.60516357421875 458.38176345825195 98.60516357421875 458.38176345825195 151.07920455932617 439.572021484375 151.07920455932617
439.70269775390625 99.72270965576172 458.62811279296875 99.72270965576172 458.62811279296875 150.98316955566406 439.70269775390625 150.98316955566406
438.899169921875 99.5759506225586 458.5583610534668 99.5759506225586 458.5583610534668 151.85028457641602 438.899169921875 151.85028457641602
438.8055114746094 100.84991455078125 457.90576553344727 100.84991455078125 457.90576553344727 154.17273712158203 438.8055114746094 154.17273712158203
439.4405212402344 99.86231994628906 458.40261459350586 99.86231994628906 458.40261459350586 154.28795623779297 439.4405212402344 154.28795623779297
438.9314880371094 102.03545379638672 458.30838775634766 102.03545379638672 458.30838775634766 156.61773681640625 438.9314880371094 156.61773681640625
440.89996337890625 101.78211975097656 459.5009479522705 101.78211975097656 459.5009479522705 156.19481658935547 440.89996337890625 156.19481658935547
438.6441345214844 102.0257568359375 458.93896865844727 102.0257568359375 458.93896865844727 156.7116470336914 438.6441345214844 156.7116470336914
440.6138610839844 103.66374206542969 460.22797775268555 103.66374206542969 460.22797775268555 156.19486236572266 440.6138610839844 156.19486236572266
441.1854553222656 104.3039779663086 460.26388359069824 104.3039779663086 460.26388359069824 157.25541305541992 441.1854553222656 157.25541305541992
440.34417724609375 105.4065933227539 460.3194999694824 105.4065933227539 460.3194999694824 157.6677017211914 440.34417724609375 157.6677017211914
442.20159912109375 105.24893951416016 460.9986915588379 105.24893951416016 460.9986915588379 158.08182525634766 442.20159912109375 158.08182525634766
442.078125 107.70817565917969 461.2036323547363 107.70817565917969 461.2036323547363 159.9236297607422 442.078125 159.9236297607422
442.0875549316406 106.33599853515625 461.5555191040039 106.33599853515625 461.5555191040039 158.8765983581543 442.0875549316406 158.8765983581543
441.0442810058594 107.6943359375 460.9739112854004 107.6943359375 460.9739112854004 161.46404266357422 441.0442810058594 161.46404266357422
441.25982666015625 108.58354187011719 460.524450302124 108.58354187011719 460.524450302124 161.73971939086914 441.25982666015625 161.73971939086914
442.32598876953125 109.57972717285156 461.5923194885254 109.57972717285156 461.5923194885254 162.57564544677734 442.32598876953125 162.57564544677734
444.031005859375 109.20772552490234 462.15388107299805 109.20772552490234 462.15388107299805 161.74595642089844 444.031005859375 161.74595642089844
444.85479736328125 112.158447265625 462.22168922424316 112.158447265625 462.22168922424316 159.13188934326172 444.85479736328125 159.13188934326172
444.04815673828125 111.685546875 462.09693717956543 111.685546875 462.09693717956543 162.7398567199707 444.04815673828125 162.7398567199707
443.64361572265625 112.50340270996094 461.6860523223877 112.50340270996094 461.6860523223877 161.6457748413086 443.64361572265625 161.6457748413086
443.62481689453125 113.07806396484375 462.980375289917 113.07806396484375 462.980375289917 165.71357345581055 443.62481689453125 165.71357345581055
443.3002014160156 114.56779479980469 461.9993553161621 114.56779479980469 461.9993553161621 164.71401596069336 443.3002014160156 164.71401596069336
441.97113037109375 115.95125579833984 461.7455997467041 115.95125579833984 461.7455997467041 166.4337272644043 441.97113037109375 166.4337272644043
443.88525390625 117.8617935180664 462.72081565856934 117.8617935180664 462.72081565856934 167.79421997070312 443.88525390625 167.79421997070312
443.7654724121094 118.1055679321289 462.1724624633789 118.1055679321289 462.1724624633789 169.81788635253906 443.7654724121094 169.81788635253906
443.57305908203125 117.32096099853516 462.35635566711426 117.32096099853516 462.35635566711426 170.6387176513672 443.57305908203125 170.6387176513672
444.0985412597656 119.05424499511719 462.5547065734863 119.05424499511719 462.5547065734863 169.81586456298828 444.0985412597656 169.81586456298828
443.803955078125 119.76910400390625 462.99180603027344 119.76910400390625 462.99180603027344 171.8720588684082 443.803955078125 171.8720588684082
442.46612548828125 120.42218017578125 462.6948432922363 120.42218017578125 462.6948432922363 175.07958984375 442.46612548828125 175.07958984375
441.90350341796875 120.9176025390625 462.46863174438477 120.9176025390625 462.46863174438477 176.5333480834961 441.90350341796875 176.5333480834961
443.3287048339844 120.84919738769531 462.3457546234131 120.84919738769531 462.3457546234131 172.89373397827148 443.3287048339844 172.89373397827148
441.9454650878906 121.83509826660156 461.49375915527344 121.83509826660156 461.49375915527344 177.33837127685547 441.9454650878906 177.33837127685547
440.981689453125 123.40605163574219 460.6688232421875 123.40605163574219 460.6688232421875 178.5010643005371 440.981689453125 178.5010643005371
442.0298767089844 123.28179931640625 461.91594314575195 123.28179931640625 461.91594314575195 177.6570930480957 442.0298767089844 177.6570930480957
440.66552734375 124.41448974609375 461.2407741546631 124.41448974609375 461.2407741546631 178.94166946411133 440.66552734375 178.94166946411133
440.841796875 124.70455169677734 461.5548439025879 124.70455169677734 461.5548439025879 180.62204360961914 440.841796875 180.62204360961914
440.5572204589844 126.1848373413086 461.1778450012207 126.1848373413086 461.1778450012207 181.04501724243164 440.5572204589844 181.04501724243164
440.0050354003906 127.430908203125 461.7244300842285 127.430908203125 461.7244300842285 182.75860595703125 440.0050354003906 182.75860595703125
441.34613037109375 127.7800521850586 462.0137577056885 127.7800521850586 462.0137577056885 180.76708984375 441.34613037109375 180.76708984375
440.2047424316406 127.7978744506836 460.4022731781006 127.7978744506836 460.4022731781006 181.5599365234375 440.2047424316406 181.5599365234375
438.400634765625 128.18014526367188 459.50780868530273 128.18014526367188 459.50780868530273 184.53191375732422 438.400634765625 184.53191375732422
439.8921813964844 130.5937957763672 460.4592742919922 130.5937957763672 460.4592742919922 184.90674591064453 439.8921813964844 184.90674591064453
439.681396484375 128.9393310546875 460.17176818847656 128.9393310546875 460.17176818847656 184.1715316772461 439.681396484375 184.1715316772461
436.52178955078125 131.90028381347656 458.54773139953613 131.90028381347656 458.54773139953613 186.46082305908203 436.52178955078125 186.46082305908203
437.6664123535156 132.86631774902344 459.1933650970459 132.86631774902344 459.1933650970459 186.9539031982422 437.6664123535156 186.9539031982422
436.8185119628906 134.36746215820312 458.4341220855713 134.36746215820312 458.4341220855713 188.72130584716797 436.8185119628906 188.72130584716797
435.9844665527344 134.1293182373047 458.062557220459 134.1293182373047 458.062557220459 189.06609344482422 435.9844665527344 189.06609344482422
435.73919677734375 133.90611267089844 457.0073490142822 133.90611267089844 457.0073490142822 191.3855972290039 435.73919677734375 191.3855972290039
436.072998046875 136.55789184570312 457.09571075439453 136.55789184570312 457.09571075439453 191.93029022216797 436.072998046875 191.93029022216797
434.3290100097656 137.46690368652344 456.5051040649414 137.46690368652344 456.5051040649414 191.1177215576172 434.3290100097656 191.1177215576172
434.9032287597656 137.5113067626953 456.0873832702637 137.5113067626953 456.0873832702637 195.3670196533203 434.9032287597656 195.3670196533203
435.3155212402344 137.19525146484375 456.56469345092773 137.19525146484375 456.56469345092773 196.96831512451172 435.3155212402344 196.96831512451172
432.95172119140625 140.88629150390625 454.6745891571045 140.88629150390625 454.6745891571045 196.44550323486328 432.95172119140625 196.44550323486328
432.32275390625 140.7232208251953 454.3348503112793 140.7232208251953 454.3348503112793 197.0102081298828 432.32275390625 197.0102081298828
431.58013916015625 141.59780883789062 453.32545471191406 141.59780883789062 453.32545471191406 198.10454177856445 431.58013916015625 198.10454177856445
433.5599060058594 141.145263671875 453.84026527404785 141.145263671875 453.84026527404785 197.95405960083008 433.5599060058594 197.95405960083008
429.29644775390625 143.97215270996094 451.72957038879395 143.97215270996094 451.72957038879395 200.85051727294922 429.29644775390625 200.85051727294922
428.840576171875 145.19252014160156 451.2748718261719 145.19252014160156 451.2748718261719 201.36051177978516 428.840576171875 201.36051177978516
426.348388671875 144.6931915283203 449.02131271362305 144.6931915283203 449.02131271362305 200.29775619506836 426.348388671875 200.29775619506836
427.38519287109375 146.4616241455078 448.7128715515137 146.4616241455078 448.7128715515137 205.15234756469727 427.38519287109375 205.15234756469727
426.79345703125 146.91653442382812 449.08971214294434 146.91653442382812 449.08971214294434 205.87224578857422 426.79345703125 205.87224578857422
424.98138427734375 147.44198608398438 447.40452003479004 147.44198608398438 447.40452003479004 207.3065414428711 424.98138427734375 207.3065414428711
424.21234130859375 148.97390747070312 446.36588859558105 148.97390747070312 446.36588859558105 209.44451141357422 424.21234130859375 209.44451141357422
422.53558349609375 148.9442596435547 444.7956848144531 148.9442596435547 444.7956848144531 209.70258331298828 422.53558349609375 209.70258331298828
421.31524658203125 150.56781005859375 442.9090270996094 150.56781005859375 442.9090270996094 212.69484329223633 421.31524658203125 212.69484329223633
419.89605712890625 151.08843994140625 443.1906147003174 151.08843994140625 443.1906147003174 211.91072845458984 419.89605712890625 211.91072845458984
417.9638671875 152.03985595703125 441.2769546508789 152.03985595703125 441.2769546508789 215.20548629760742 417.9638671875 215.20548629760742
418.23919677734375 153.8978271484375 440.7169075012207 153.8978271484375 440.7169075012207 214.38820266723633 418.23919677734375 214.38820266723633
414.4513244628906 156.19981384277344 437.54070472717285 156.19981384277344 437.54070472717285 218.38898468017578 414.4513244628906 218.38898468017578
415.21435546875 155.5157928466797 437.6139888763428 155.5157928466797 437.6139888763428 218.5496063232422 415.21435546875 218.5496063232422
412.557861328125 157.7609100341797 434.1575584411621 157.7609100341797 434.1575584411621 221.17459869384766 412.557861328125 221.17459869384766
411.1073303222656 157.5100860595703 432.5843753814697 157.5100860595703 432.5843753814697 221.13282012939453 411.1073303222656 221.13282012939453
409.10491943359375 160.91746520996094 431.32648277282715 160.91746520996094 431.32648277282715 224.0503158569336 409.10491943359375 224.0503158569336
408.9202575683594 160.8525390625 430.60253143310547 160.8525390625 430.60253143310547 222.7373161315918 408.9202575683594 222.7373161315918
406.00653076171875 161.49136352539062 428.74854850769043 161.49136352539062 428.74854850769043 224.80641555786133 406.00653076171875 224.80641555786133
403.6083984375 164.38475036621094 426.2001419067383 164.38475036621094 426.2001419067383 227.00426864624023 403.6083984375 227.00426864624023
403.14263916015625 164.98458862304688 426.4643383026123 164.98458862304688 426.4643383026123 227.15369415283203 403.14263916015625 227.15369415283203
401.4920654296875 165.19189453125 423.7664394378662 165.19189453125 423.7664394378662 227.23163986206055 401.4920654296875 227.23163986206055
398.48565673828125 168.83944702148438 421.67928886413574 168.83944702148438 421.67928886413574 228.53403854370117 398.48565673828125 228.53403854370117
396.62957763671875 168.0488739013672 419.81572341918945 168.0488739013672 419.81572341918945 229.14263153076172 396.62957763671875 229.14263153076172
394.60858154296875 169.04147338867188 418.2394828796387 169.04147338867188 418.2394828796387 229.68425750732422 394.60858154296875 229.68425750732422
392.5633544921875 172.16868591308594 416.14466094970703 172.16868591308594 416.14466094970703 233.79239654541016 392.5633544921875 233.79239654541016
391.26129150390625 172.15158081054688 414.99506759643555 172.15158081054688 414.99506759643555 237.51522827148438 391.26129150390625 237.51522827148438
389.087158203125 173.02687072753906 413.3322563171387 173.02687072753906 413.3322563171387 238.7997055053711 389.087158203125 238.7997055053711
386.9718933105469 175.2655029296875 412.30287742614746 175.2655029296875 412.30287742614746 239.09677124023438 386.9718933105469 239.09677124023438
385.7198486328125 176.1843719482422 409.6799507141113 176.1843719482422 409.6799507141113 240.3014144897461 385.7198486328125 240.3014144897461
383.3764343261719 176.95423889160156 407.56449699401855 176.95423889160156 407.56449699401855 242.34244537353516 383.3764343261719 242.34244537353516
383.30767822265625 178.2515411376953 406.96007347106934 178.2515411376953 406.96007347106934 243.7144775390625 383.30767822265625 243.7144775390625
382.2395935058594 178.86866760253906 405.477991104126 178.86866760253906 405.477991104126 246.14166259765625 382.2395935058594 246.14166259765625
378.34771728515625 180.94497680664062 402.8728675842285 180.94497680664062 402.8728675842285 245.88011169433594 378.34771728515625 245.88011169433594
375.8662414550781 181.09207153320312 400.61440658569336 181.09207153320312 400.61440658569336 249.16615295410156 375.8662414550781 249.16615295410156
375.1689758300781 182.7029571533203 399.8116569519043 182.7029571533203 399.8116569519043 250.15555572509766 375.1689758300781 250.15555572509766
373.02264404296875 185.69261169433594 397.6085891723633 185.69261169433594 397.6085891723633 254.33624267578125 373.02264404296875 254.33624267578125
370.7059326171875 186.7677764892578 395.7405643463135 186.7677764892578 395.7405643463135 251.4144287109375 370.7059326171875 251.4144287109375
367.83782958984375 188.3359375 392.93323135375977 188.3359375 392.93323135375977 254.30138397216797 367.83782958984375 254.30138397216797
364.28985595703125 189.20823669433594 391.1452388763428 189.20823669433594 391.1452388763428 255.93496704101562 364.28985595703125 255.93496704101562
360.1589660644531 194.02374267578125 387.69031715393066 194.02374267578125 387.69031715393066 258.78943634033203 360.1589660644531 258.78943634033203
358.06036376953125 195.1586456298828 384.67615127563477 195.1586456298828 384.67615127563477 261.75714111328125 358.06036376953125 261.75714111328125
357.03485107421875 194.43679809570312 384.28717041015625 194.43679809570312 384.28717041015625 261.22669982910156 357.03485107421875 261.22669982910156
354.3437805175781 195.78353881835938 382.0125026702881 195.78353881835938 382.0125026702881 264.9163589477539 354.3437805175781 264.9163589477539
350.52056884765625 197.3500518798828 379.3439998626709 197.3500518798828 379.3439998626709 265.7944641113281 350.52056884765625 265.7944641113281
349.36920166015625 198.56362915039062 376.15253257751465 198.56362915039062 376.15253257751465 267.1753616333008 349.36920166015625 267.1753616333008
345.20867919921875 200.896728515625 372.9102268218994 200.896728515625 372.9102268218994 271.4110870361328 345.20867919921875 271.4110870361328
342.6807861328125 201.14639282226562 370.70037841796875 201.14639282226562 370.70037841796875 272.3929748535156 342.6807861328125 272.3929748535156
339.21728515625 201.7323760986328 367.588436126709 201.7323760986328 367.588436126709 274.6390075683594 339.21728515625 274.6390075683594
335.6461181640625 205.60482788085938 364.8339500427246 205.60482788085938 364.8339500427246 276.5467529296875 335.6461181640625 276.5467529296875
331.86529541015625 205.344970703125 360.5663948059082 205.344970703125 360.5663948059082 276.59590911865234 331.86529541015625 276.59590911865234
328.84112548828125 204.884033203125 358.40586280822754 204.884033203125 358.40586280822754 276.7029266357422 328.84112548828125 276.7029266357422
322.9295959472656 208.6189727783203 353.9083709716797 208.6189727783203 353.9083709716797 279.3249816894531 322.9295959472656 279.3249816894531
320.3143310546875 209.8791961669922 350.4864311218262 209.8791961669922 350.4864311218262 283.39257049560547 320.3143310546875 283.39257049560547
317.7010498046875 212.4930877685547 348.2728271484375 212.4930877685547 348.2728271484375 286.3187255859375 317.7010498046875 286.3187255859375
314.1341552734375 212.67465209960938 344.9889221191406 212.67465209960938 344.9889221191406 286.5358352661133 314.1341552734375 286.5358352661133
306.56756591796875 215.8659210205078 339.34106826782227 215.8659210205078 339.34106826782227 287.3377380371094 306.56756591796875 287.3377380371094
304.5563049316406 217.6974639892578 335.4681758880615 217.6974639892578 335.4681758880615 291.4989013671875 304.5563049316406 291.4989013671875
297.64215087890625 221.251953125 330.1693229675293 221.251953125 330.1693229675293 292.12330627441406 297.64215087890625 292.12330627441406
294.7150573730469 220.5197296142578 326.26191329956055 220.5197296142578 326.26191329956055 295.9238510131836 294.7150573730469 295.9238510131836
291.62469482421875 223.43887329101562 322.9005012512207 223.43887329101562 322.9005012512207 297.6142120361328 291.62469482421875 297.6142120361328
285.4241943359375 223.73898315429688 319.85854721069336 223.73898315429688 319.85854721069336 299.5507125854492 285.4241943359375 299.5507125854492
282.50927734375 226.8953399658203 316.0829086303711 226.8953399658203 316.0829086303711 303.57010650634766 282.50927734375 303.57010650634766
272.897705078125 230.4837646484375 308.74609756469727 230.4837646484375 308.74609756469727 305.9557113647461 272.897705078125 305.9557113647461
270.49444580078125 230.757080078125 305.0492630004883 230.757080078125 305.0492630004883 308.0079650878906 270.49444580078125 308.0079650878906
267.2666015625 230.80618286132812 301.4259147644043 230.80618286132812 301.4259147644043 310.34466552734375 267.2666015625 310.34466552734375
260.84454345703125 233.99526977539062 296.0454902648926 233.99526977539062 296.0454902648926 312.2166519165039 260.84454345703125 312.2166519165039
257.654541015625 234.5720977783203 291.4229545593262 234.5720977783203 291.4229545593262 318.10208892822266 257.654541015625 318.10208892822266
249.77236938476562 237.2785186767578 285.07123947143555 237.2785186767578 285.07123947143555 319.44200897216797 249.77236938476562 319.44200897216797
243.76626586914062 238.209716796875 280.36573028564453 238.209716796875 280.36573028564453 321.74866485595703 243.76626586914062 321.74866485595703
235.4556121826172 242.8812713623047 272.88006591796875 242.8812713623047 272.88006591796875 326.6722412109375 235.4556121826172 326.6722412109375
231.98568725585938 244.4351043701172 269.3562240600586 244.4351043701172 269.3562240600586 324.1809997558594 231.98568725585938 324.1809997558594
224.612548828125 249.7616729736328 260.0146255493164 249.7616729736328 260.0146255493164 330.28785705566406 224.612548828125 330.28785705566406
218.7877197265625 251.11074829101562 255.14540481567383 251.11074829101562 255.14540481567383 333.4319763183594 218.7877197265625 333.4319763183594
210.21871948242188 254.281494140625 246.94207000732422 254.281494140625 246.94207000732422 335.82859802246094 210.21871948242188 335.82859802246094
203.69882202148438 257.62548828125 241.84197998046875 257.62548828125 241.84197998046875 338.1802749633789 203.69882202148438 338.1802749633789
200.13882446289062 258.4014892578125 238.18321990966797 258.4014892578125 238.18321990966797 339.29327392578125 200.13882446289062 339.29327392578125
190.0830078125 263.34197998046875 229.55926895141602 263.34197998046875 229.55926895141602 343.1631317138672 190.0830078125 343.1631317138672
188.71743774414062 263.74017333984375 227.18323516845703 263.74017333984375 227.18323516845703 344.95165252685547 188.71743774414062 344.95165252685547
183.7904510498047 261.9384765625 222.15147018432617 261.9384765625 222.15147018432617 350.92100524902344 183.7904510498047 350.92100524902344
173.4345703125 263.8620910644531 211.63494110107422 263.8620910644531 211.63494110107422 355.47618865966797 173.4345703125 355.47618865966797
165.9699249267578 269.44268798828125 206.22057342529297 269.44268798828125 206.22057342529297 355.53926849365234 165.9699249267578 355.53926849365234
165.39944458007812 265.4043884277344 206.1544075012207 265.4043884277344 206.1544075012207 360.08546447753906 165.39944458007812 360.08546447753906
156.01177978515625 272.81561279296875 197.91497802734375 272.81561279296875 197.91497802734375 366.2302017211914 156.01177978515625 366.2302017211914
151.82662963867188 269.3707580566406 192.31709671020508 269.3707580566406 192.31709671020508 364.6895446777344 151.82662963867188 364.6895446777344
142.5233917236328 276.6014709472656 182.5346450805664 276.6014709472656 182.5346450805664 370.62757110595703 142.5233917236328 370.62757110595703
134.6903839111328 278.4119567871094 176.60521697998047 278.4119567871094 176.60521697998047 370.54441833496094 134.6903839111328 370.54441833496094
128.12710571289062 283.7837829589844 170.3267593383789 283.7837829589844 170.3267593383789 372.7692642211914 128.12710571289062 372.7692642211914
119.79777526855469 287.8976135253906 161.83863067626953 287.8976135253906 161.83863067626953 378.4546432495117 119.79777526855469 378.4546432495117
111.35760498046875 290.79547119140625 153.17144393920898 290.79547119140625 153.17144393920898 379.2768783569336 111.35760498046875 379.2768783569336
106.8099594116211 292.66778564453125 148.43650817871094 292.66778564453125 148.43650817871094 380.71485137939453 106.8099594116211 380.71485137939453
97.40455627441406 295.1742248535156 140.13621139526367 295.1742248535156 140.13621139526367 385.6615524291992 97.40455627441406 385.6615524291992
90.04461669921875 296.7768249511719 133.69132232666016 296.7768249511719 133.69132232666016 384.9209747314453 90.04461669921875 384.9209747314453
81.28793334960938 300.65899658203125 124.17841720581055 300.65899658203125 124.17841720581055 388.1664047241211 81.28793334960938 388.1664047241211
67.50459289550781 306.91339111328125 111.43149185180664 306.91339111328125 111.43149185180664 397.3364562988281 67.50459289550781 397.3364562988281
61.2454719543457 307.880859375 108.00588607788086 307.880859375 108.00588607788086 401.7526550292969 61.2454719543457 401.7526550292969
44.184303283691406 317.632568359375 91.44482421875 317.632568359375 91.44482421875 408.00850677490234 44.184303283691406 408.00850677490234
38.526344299316406 309.6080017089844 81.97639083862305 309.6080017089844 81.97639083862305 417.08496856689453 38.526344299316406 417.08496856689453
32.8466911315918 315.34149169921875 79.4415168762207 315.34149169921875 79.4415168762207 415.24688720703125 32.8466911315918 415.24688720703125
16.11431884765625 323.6851501464844 61.562705993652344 323.6851501464844 61.562705993652344 418.57635498046875 16.11431884765625 418.57635498046875
