157.0 175.0 170.0 175.0 170.0 187.0 157.0 187.0
157.643310546875 174.8651885986328 169.8756799697876 174.8651885986328 169.8756799697876 187.47382068634033 157.643310546875 187.47382068634033
157.884033203125 174.96292114257812 170.5104398727417 174.96292114257812 170.5104398727417 187.0004062652588 157.884033203125 187.0004062652588
158.15762329101562 175.01931762695312 170.64244842529297 175.01931762695312 170.64244842529297 187.11641120910645 158.15762329101562 187.11641120910645
158.9088592529297 176.09559631347656 171.9515609741211 176.09559631347656 171.9515609741211 188.13501167297363 158.9088592529297 188.13501167297363
158.23587036132812 178.47584533691406 171.1319980621338 178.47584533691406 171.1319980621338 190.37996101379395 158.23587036132812 190.37996101379395
159.163818359375 177.4747314453125 171.44489192962646 177.4747314453125 171.44489192962646 188.7402982711792 159.163818359375 188.7402982711792
159.93251037597656 177.23031616210938 171.32377243041992 177.23031616210938 171.32377243041992 188.8001194000244 159.93251037597656 188.8001194000244
159.95849609375 177.7852783203125 172.4034309387207 177.7852783203125 172.4034309387207 188.83541297912598 159.95849609375 188.83541297912598
160.50079345703125 177.27685546875 172.22449016571045 177.27685546875 172.22449016571045 189.01421070098877 160.50079345703125 189.01421070098877
162.54043579101562 177.07244873046875 173.13239860534668 177.07244873046875 173.13239860534668 188.60910987854004 162.54043579101562 188.60910987854004
161.4093017578125 177.46005249023438 173.3492193222046 177.46005249023438 173.3492193222046 188.48151111602783 161.4093017578125 188.48151111602783
162.0325927734375 177.90109252929688 174.18042182922363 177.90109252929688 174.18042182922363 189.11446857452393 162.0325927734375 189.11446857452393
163.48374938964844 177.57058715820312 175.44937705993652 177.57058715820312 175.44937705993652 188.6516981124878 163.48374938964844 188.6516981124878
164.42535400390625 178.49794006347656 176.1008424758911 178.49794006347656 176.1008424758911 189.2753086090088 164.42535400390625 189.2753086090088
164.67750549316406 178.4479217529297 176.42842388153076 178.4479217529297 176.42842388153076 189.26954460144043 164.67750549316406 189.26954460144043
166.36734008789062 179.46420288085938 177.9265651702881 179.46420288085938 177.9265651702881 190.03339672088623 166.36734008789062 190.03339672088623
166.94175720214844 179.3050537109375 178.31180667877197 179.3050537109375 178.31180667877197 189.6428394317627 166.94175720214844 189.6428394317627
169.3159637451172 179.1863250732422 180.37042140960693 179.1863250732422 180.37042140960693 189.39043617248535 169.3159637451172 189.39043617248535
169.02536010742188 179.4927215576172 180.09467601776123 179.4927215576172 180.09467601776123 189.76178455352783 169.02536010742188 189.76178455352783
170.08856201171875 178.5665283203125 181.09888648986816 178.5665283203125 181.09888648986816 188.78086471557617 170.08856201171875 188.78086471557617
170.55416870117188 179.44017028808594 181.45068550109863 179.44017028808594 181.45068550109863 189.56276893615723 170.55416870117188 189.56276893615723
170.65199279785156 179.3302001953125 181.4176435470581 179.3302001953125 181.4176435470581 189.40669441223145 170.65199279785156 189.40669441223145
171.43768310546875 179.7053680419922 182.32533073425293 179.7053680419922 182.32533073425293 189.89604949951172 171.43768310546875 189.89604949951172
171.61276245117188 180.450439453125 182.40771293640137 180.450439453125 182.40771293640137 190.5636692047119 171.61276245117188 190.5636692047119
173.02125549316406 180.5625 183.7131118774414 180.5625 183.7131118774414 190.47777557373047 173.02125549316406 190.47777557373047
172.58187866210938 181.2835693359375 183.3139247894287 181.2835693359375 183.3139247894287 191.47978019714355 172.58187866210938 191.47978019714355
172.66693115234375 180.34066772460938 183.33651447296143 180.34066772460938 183.33651447296143 190.48948001861572 172.66693115234375 190.48948001861572
173.9887237548828 180.03224182128906 184.6765956878662 180.03224182128906 184.6765956878662 190.22422218322754 173.9887237548828 190.22422218322754
174.83755493164062 179.47988891601562 185.53660774230957 179.47988891601562 185.53660774230957 189.686354637146 174.83755493164062 189.686354637146
175.7006072998047 179.43727111816406 186.48291969299316 179.43727111816406 186.48291969299316 189.72316360473633 175.7006072998047 189.72316360473633
176.45864868164062 179.99472045898438 187.31661415100098 179.99472045898438 187.31661415100098 190.35278224945068 176.45864868164062 190.35278224945068
176.7760467529297 180.53038024902344 187.48413562774658 180.53038024902344 187.48413562774658 190.77186393737793 176.7760467529297 190.77186393737793
177.6875 180.75607299804688 188.5955467224121 180.75607299804688 188.5955467224121 191.1888017654419 177.6875 191.1888017654419
178.3062286376953 180.29443359375 189.07676696777344 180.29443359375 189.07676696777344 190.59564685821533 178.3062286376953 190.59564685821533
179.78652954101562 181.56124877929688 190.47474479675293 181.56124877929688 190.47474479675293 191.8215913772583 179.78652954101562 191.8215913772583
180.66488647460938 181.45172119140625 191.57394409179688 181.45172119140625 191.57394409179688 191.92406463623047 180.66488647460938 191.92406463623047
181.7589569091797 181.11769104003906 192.74713039398193 181.11769104003906 192.74713039398193 191.66598320007324 181.7589569091797 191.66598320007324
182.01712036132812 181.05630493164062 192.89819622039795 181.05630493164062 192.89819622039795 191.50178718566895 182.01712036132812 191.50178718566895
188.1266632080078 184.94967651367188 198.8967514038086 184.94967651367188 198.8967514038086 195.29459476470947 188.1266632080078 195.29459476470947
184.30325317382812 181.31671142578125 195.1122341156006 181.31671142578125 195.1122341156006 191.69898796081543 184.30325317382812 191.69898796081543
183.57948303222656 180.52877807617188 194.39914321899414 180.52877807617188 194.39914321899414 190.92131233215332 183.57948303222656 190.92131233215332
184.6414337158203 182.753173828125 195.5408115386963 182.753173828125 195.5408115386963 193.2222785949707 184.6414337158203 193.2222785949707
184.31869506835938 182.6649932861328 195.08826637268066 182.6649932861328 195.08826637268066 193.0152997970581 184.31869506835938 193.0152997970581
184.28781127929688 183.2434844970703 195.08459663391113 183.2434844970703 195.08459663391113 193.6227970123291 184.28781127929688 193.6227970123291
184.48207092285156 183.02114868164062 195.3350534439087 183.02114868164062 195.3350534439087 193.4544858932495 184.48207092285156 193.4544858932495
184.57077026367188 183.69972229003906 195.55378246307373 183.69972229003906 195.55378246307373 194.25806140899658 184.57077026367188 194.25806140899658
184.77566528320312 182.5075225830078 195.8345603942871 182.5075225830078 195.8345603942871 193.1388111114502 184.77566528320312 193.1388111114502
185.36021423339844 182.13784790039062 196.43037128448486 182.13784790039062 196.43037128448486 192.77996349334717 185.36021423339844 192.77996349334717
185.8489532470703 182.50401306152344 196.9932460784912 182.50401306152344 196.9932460784912 193.21739768981934 185.8489532470703 193.21739768981934
186.5450439453125 182.12478637695312 197.54675102233887 182.12478637695312 197.54675102233887 193.01174926757812 186.5450439453125 193.01174926757812
185.70335388183594 182.21530151367188 197.1039924621582 182.21530151367188 197.1039924621582 193.1751194000244 185.70335388183594 193.1751194000244
187.1884307861328 182.5857391357422 198.73577117919922 182.5857391357422 198.73577117919922 193.68658638000488 187.1884307861328 193.68658638000488
187.43191528320312 183.39083862304688 198.94659328460693 183.39083862304688 198.94659328460693 194.4602870941162 187.43191528320312 194.4602870941162
190.0061798095703 182.94566345214844 200.30093479156494 182.94566345214844 200.30093479156494 194.15634727478027 190.0061798095703 194.15634727478027
190.3273162841797 183.59939575195312 200.82325553894043 183.59939575195312 200.82325553894043 194.51269721984863 190.3273162841797 194.51269721984863
191.32345581054688 183.74795532226562 201.85289192199707 183.74795532226562 201.85289192199707 194.13930988311768 191.32345581054688 194.13930988311768
191.40109252929688 183.6877899169922 202.57659244537354 183.6877899169922 202.57659244537354 194.35336589813232 191.40109252929688 194.35336589813232
191.5129852294922 183.32925415039062 202.40320110321045 183.32925415039062 202.40320110321045 193.79838466644287 191.5129852294922 193.79838466644287
191.34780883789062 183.64276123046875 202.15046882629395 183.64276123046875 202.15046882629395 194.02772045135498 191.34780883789062 194.02772045135498
191.66375732421875 183.10391235351562 202.26677989959717 183.10391235351562 202.26677989959717 193.50783443450928 191.66375732421875 193.50783443450928
192.26699829101562 184.15802001953125 202.43809509277344 184.15802001953125 202.43809509277344 194.35197353363037 192.26699829101562 194.35197353363037
192.09780883789062 184.4998016357422 202.7511796951294 184.4998016357422 202.7511796951294 194.8078956604004 192.09780883789062 194.8078956604004
192.15298461914062 184.67967224121094 202.35912418365479 184.67967224121094 202.35912418365479 195.3288345336914 192.15298461914062 195.3288345336914
191.59120178222656 185.3688507080078 202.35623931884766 185.3688507080078 202.35623931884766 195.78891563415527 191.59120178222656 195.78891563415527
191.7351531982422 185.70059204101562 202.39580154418945 185.70059204101562 202.39580154418945 196.33222007751465 191.7351531982422 196.33222007751465
192.1859588623047 185.40834045410156 202.73831272125244 185.40834045410156 202.73831272125244 195.98102188110352 192.1859588623047 195.98102188110352
192.4561309814453 185.54931640625 203.31650829315186 185.54931640625 203.31650829315186 196.06166458129883 192.4561309814453 196.06166458129883
192.8101806640625 184.97515869140625 203.54678916931152 184.97515869140625 203.54678916931152 195.36770343780518 192.8101806640625 195.36770343780518
193.38424682617188 184.67234802246094 204.23680019378662 184.67234802246094 204.23680019378662 195.17712211608887 193.38424682617188 195.17712211608887
193.4297637939453 184.71876525878906 204.44444847106934 184.71876525878906 204.44444847106934 195.3804750442505 193.4297637939453 195.3804750442505
194.070556640625 186.0048370361328 205.3105239868164 186.0048370361328 205.3105239868164 196.88461112976074 194.070556640625 196.88461112976074
194.76734924316406 185.44052124023438 206.28886032104492 185.44052124023438 206.28886032104492 196.59281730651855 194.76734924316406 196.59281730651855
195.08900451660156 186.0513916015625 206.34657382965088 186.0513916015625 206.34657382965088 196.90346717834473 195.08900451660156 196.90346717834473
196.03271484375 186.69346618652344 207.4397487640381 186.69346618652344 207.4397487640381 197.73238468170166 196.03271484375 197.73238468170166
196.75253295898438 186.38107299804688 208.41136360168457 186.38107299804688 208.41136360168457 197.90334129333496 196.75253295898438 197.90334129333496
196.80514526367188 186.58958435058594 208.5346965789795 186.58958435058594 208.5346965789795 197.9432554244995 196.80514526367188 197.9432554244995
198.5044403076172 185.84481811523438 209.94397258758545 185.84481811523438 209.94397258758545 197.3325366973877 198.5044403076172 197.3325366973877
199.27392578125 185.85202026367188 209.50729370117188 185.85202026367188 209.50729370117188 196.283353805542 199.27392578125 196.283353805542
198.66371154785156 185.71450805664062 210.54603672027588 185.71450805664062 210.54603672027588 197.1737880706787 198.66371154785156 197.1737880706787
198.69073486328125 185.4891815185547 210.41608428955078 185.4891815185547 210.41608428955078 197.11850547790527 198.69073486328125 197.11850547790527
198.97486877441406 186.5800018310547 210.5303554534912 186.5800018310547 210.5303554534912 197.19706344604492 198.97486877441406 197.19706344604492
198.76174926757812 187.5065155029297 210.4420337677002 187.5065155029297 210.4420337677002 198.8125 198.76174926757812 198.8125
199.8735809326172 187.8556671142578 211.23641777038574 187.8556671142578 211.23641777038574 198.67180061340332 199.8735809326172 198.67180061340332
198.4908447265625 188.6848907470703 210.32122230529785 188.6848907470703 210.32122230529785 200.13615703582764 198.4908447265625 200.13615703582764
199.4155731201172 187.86338806152344 211.44588947296143 187.86338806152344 211.44588947296143 199.04350757598877 199.4155731201172 199.04350757598877
199.9662628173828 188.0194854736328 210.6772747039795 188.0194854736328 210.6772747039795 198.60852241516113 199.9662628173828 198.60852241516113
199.30194091796875 187.16818237304688 211.53335666656494 187.16818237304688 211.53335666656494 199.1883087158203 199.30194091796875 199.1883087158203
200.0581512451172 187.24642944335938 211.94493675231934 187.24642944335938 211.94493675231934 198.63163375854492 200.0581512451172 198.63163375854492
201.13986206054688 186.9569854736328 213.09188556671143 186.9569854736328 213.09188556671143 198.04824829101562 201.13986206054688 198.04824829101562
201.89260864257812 186.9300079345703 214.58731269836426 186.9300079345703 214.58731269836426 198.38234901428223 201.89260864257812 198.38234901428223
202.2279815673828 187.0338134765625 214.46159553527832 187.0338134765625 214.46159553527832 198.46898460388184 202.2279815673828 198.46898460388184
202.8457489013672 187.98243713378906 214.6383457183838 187.98243713378906 214.6383457183838 199.36398315429688 202.8457489013672 199.36398315429688
202.41281127929688 188.3626251220703 214.75143146514893 188.3626251220703 214.75143146514893 200.7267551422119 202.41281127929688 200.7267551422119
203.66189575195312 188.23187255859375 215.77177619934082 188.23187255859375 215.77177619934082 200.82392692565918 203.66189575195312 200.82392692565918
205.00357055664062 189.4134063720703 216.66237258911133 189.4134063720703 216.66237258911133 201.42644691467285 205.00357055664062 201.42644691467285
204.56820678710938 189.2552490234375 216.5262279510498 189.2552490234375 216.5262279510498 201.17509078979492 204.56820678710938 201.17509078979492
206.0159454345703 188.6707763671875 216.9186305999756 188.6707763671875 216.9186305999756 200.58413982391357 206.0159454345703 200.58413982391357
205.9219207763672 188.4624481201172 217.81254482269287 188.4624481201172 217.81254482269287 199.9277105331421 205.9219207763672 199.9277105331421
205.2122344970703 188.43292236328125 217.42820835113525 188.43292236328125 217.42820835113525 200.11627388000488 205.2122344970703 200.11627388000488
204.886962890625 188.50706481933594 217.05290031433105 188.50706481933594 217.05290031433105 200.2831449508667 204.886962890625 200.2831449508667
205.4434814453125 189.4827117919922 217.26841163635254 189.4827117919922 217.26841163635254 201.43345069885254 205.4434814453125 201.43345069885254
206.3696746826172 189.4193115234375 217.23975563049316 189.4193115234375 217.23975563049316 200.87915802001953 206.3696746826172 200.87915802001953
206.55081176757812 189.1842498779297 217.66606330871582 189.1842498779297 217.66606330871582 201.675687789917 206.55081176757812 201.675687789917
204.8999481201172 189.85775756835938 217.01305961608887 189.85775756835938 217.01305961608887 201.58270645141602 204.8999481201172 201.58270645141602
205.94204711914062 190.43463134765625 217.93957042694092 190.43463134765625 217.93957042694092 201.99191761016846 205.94204711914062 201.99191761016846
206.52224731445312 190.64462280273438 217.771333694458 190.64462280273438 217.771333694458 202.6624755859375 206.52224731445312 202.6624755859375
205.9950408935547 191.21694946289062 217.73021125793457 191.21694946289062 217.73021125793457 202.49794006347656 205.9950408935547 202.49794006347656
205.30471801757812 191.46902465820312 217.34097480773926 191.46902465820312 217.34097480773926 202.8910789489746 205.30471801757812 202.8910789489746
204.76031494140625 191.60409545898438 216.9465446472168 191.60409545898438 216.9465446472168 203.3998203277588 204.76031494140625 203.3998203277588
205.77554321289062 190.53721618652344 217.9298496246338 190.53721618652344 217.9298496246338 202.30204010009766 205.77554321289062 202.30204010009766
205.87387084960938 190.28456115722656 217.74937629699707 190.28456115722656 217.74937629699707 202.31340885162354 205.87387084960938 202.31340885162354
206.1396484375 191.047119140625 217.5498867034912 191.047119140625 217.5498867034912 203.15285968780518 206.1396484375 203.15285968780518
206.3163604736328 192.39418029785156 218.25636863708496 192.39418029785156 218.25636863708496 204.023193359375 206.3163604736328 204.023193359375
206.78402709960938 192.93614196777344 218.92285346984863 192.93614196777344 218.92285346984863 204.68598175048828 206.78402709960938 204.68598175048828
207.5782928466797 193.26016235351562 218.99916744232178 193.26016235351562 218.99916744232178 204.9704236984253 207.5782928466797 204.9704236984253
207.2568817138672 193.47024536132812 219.3344440460205 193.47024536132812 219.3344440460205 205.1607837677002 207.2568817138672 205.1607837677002
208.80429077148438 192.42788696289062 219.98918342590332 192.42788696289062 219.98918342590332 204.62473106384277 208.80429077148438 204.62473106384277
207.8883819580078 192.69796752929688 220.1496982574463 192.69796752929688 220.1496982574463 204.56637287139893 207.8883819580078 204.56637287139893
208.05996704101562 192.86473083496094 220.14966297149658 192.86473083496094 220.14966297149658 204.56701469421387 208.05996704101562 204.56701469421387
209.02291870117188 192.97911071777344 221.10285472869873 192.97911071777344 221.10285472869873 204.67194843292236 209.02291870117188 204.67194843292236
207.63101196289062 193.0885772705078 219.68060207366943 193.0885772705078 219.68060207366943 204.75204181671143 207.63101196289062 204.75204181671143
207.94384765625 192.783203125 219.83418464660645 192.783203125 219.83418464660645 204.29251670837402 207.94384765625 204.29251670837402
207.7357635498047 193.31295776367188 219.67068195343018 193.31295776367188 219.67068195343018 204.86542320251465 207.7357635498047 204.86542320251465
207.55166625976562 193.9647216796875 219.4687557220459 193.9647216796875 219.4687557220459 205.4999294281006 207.55166625976562 205.4999294281006
207.26876831054688 194.95008850097656 219.11205768585205 194.95008850097656 219.11205768585205 206.41386032104492 207.26876831054688 206.41386032104492
207.4086456298828 195.03884887695312 219.22532176971436 195.03884887695312 219.22532176971436 206.47686004638672 207.4086456298828 206.47686004638672
207.03231811523438 195.632080078125 218.69661617279053 195.632080078125 218.69661617279053 206.92259693145752 207.03231811523438 206.92259693145752
206.7545928955078 195.86041259765625 218.45697784423828 195.86041259765625 218.45697784423828 207.1877965927124 206.7545928955078 207.1877965927124
207.6874542236328 194.63888549804688 218.46874046325684 194.63888549804688 218.46874046325684 206.24746894836426 207.6874542236328 206.24746894836426
206.739501953125 194.699951171875 218.28984355926514 194.699951171875 218.28984355926514 205.88016414642334 206.739501953125 205.88016414642334
207.32662963867188 194.2097625732422 218.97814178466797 194.2097625732422 218.97814178466797 205.50880241394043 207.32662963867188 205.50880241394043
206.6326141357422 194.578125 218.53235340118408 194.578125 218.53235340118408 206.0965404510498 206.6326141357422 206.0965404510498
207.0608367919922 194.61131286621094 219.02626037597656 194.61131286621094 219.02626037597656 206.1933078765869 207.0608367919922 206.1933078765869
207.9444580078125 194.89324951171875 219.29421424865723 194.89324951171875 219.29421424865723 206.49117469787598 207.9444580078125 206.49117469787598
207.24069213867188 195.69407653808594 219.05677032470703 195.69407653808594 219.05677032470703 207.39098834991455 207.24069213867188 207.39098834991455
206.8643798828125 196.39193725585938 219.0938901901245 196.39193725585938 219.0938901901245 208.2295560836792 206.8643798828125 208.2295560836792
209.0982208251953 196.10411071777344 220.01141834259033 196.10411071777344 220.01141834259033 207.84097480773926 209.0982208251953 207.84097480773926
209.375244140625 196.18405151367188 220.2997875213623 196.18405151367188 220.2997875213623 207.82982349395752 209.375244140625 207.82982349395752
209.518310546875 196.03939819335938 220.76758861541748 196.03939819335938 220.76758861541748 207.9687099456787 209.518310546875 207.9687099456787
208.455810546875 196.2793426513672 220.69345569610596 196.2793426513672 220.69345569610596 208.1248369216919 208.455810546875 208.1248369216919
207.98617553710938 196.1949462890625 220.0773639678955 196.1949462890625 220.0773639678955 207.89867687225342 207.98617553710938 207.89867687225342
209.8180389404297 194.3555908203125 220.8386583328247 194.3555908203125 220.8386583328247 207.40116691589355 209.8180389404297 207.40116691589355
208.2971649169922 195.55746459960938 220.44530296325684 195.55746459960938 220.44530296325684 208.0024299621582 208.2971649169922 208.0024299621582
206.91622924804688 196.39315795898438 219.3566951751709 196.39315795898438 219.3566951751709 208.43497276306152 206.91622924804688 208.43497276306152
207.69998168945312 196.31906127929688 219.55964756011963 196.31906127929688 219.55964756011963 208.83357334136963 207.69998168945312 208.83357334136963
207.0521697998047 197.45849609375 218.93363857269287 197.45849609375 218.93363857269287 209.98445987701416 207.0521697998047 209.98445987701416
206.8972625732422 198.25790405273438 218.70491313934326 198.25790405273438 218.70491313934326 210.08531951904297 206.8972625732422 210.08531951904297
205.1482391357422 198.6087188720703 217.55721473693848 198.6087188720703 217.55721473693848 210.82607555389404 205.1482391357422 210.82607555389404
204.5234375 198.5242156982422 216.59270477294922 198.5242156982422 216.59270477294922 211.00433826446533 204.5234375 211.00433826446533
204.52456665039062 198.51394653320312 216.59052562713623 198.51394653320312 216.59052562713623 210.76146984100342 204.52456665039062 210.76146984100342
204.77944946289062 198.053955078125 216.7986888885498 198.053955078125 216.7986888885498 210.6381483078003 204.77944946289062 210.6381483078003
205.4095001220703 197.4022216796875 216.6375608444214 197.4022216796875 216.6375608444214 209.89132404327393 205.4095001220703 209.89132404327393
205.05386352539062 197.0068817138672 216.78448486328125 197.0068817138672 216.78448486328125 209.70593738555908 205.05386352539062 209.70593738555908
204.048583984375 197.14492797851562 216.0925121307373 197.14492797851562 216.0925121307373 209.83208751678467 204.048583984375 209.83208751678467
205.3849334716797 197.93496704101562 217.39427280426025 197.93496704101562 217.39427280426025 210.0913372039795 205.3849334716797 210.0913372039795
205.153076171875 198.75225830078125 216.77102279663086 198.75225830078125 216.77102279663086 211.69933891296387 205.153076171875 211.69933891296387
203.85781860351562 199.27462768554688 216.71193408966064 199.27462768554688 216.71193408966064 212.15178394317627 203.85781860351562 212.15178394317627
205.416015625 200.4108123779297 216.7929334640503 200.4108123779297 216.7929334640503 212.28920936584473 205.416015625 212.28920936584473
205.267578125 199.83157348632812 217.1815061569214 199.83157348632812 217.1815061569214 212.2378740310669 205.267578125 212.2378740310669
205.46884155273438 199.07717895507812 217.49980449676514 199.07717895507812 217.49980449676514 212.4045820236206 205.46884155273438 212.4045820236206
205.2747039794922 199.5894317626953 217.87760257720947 199.5894317626953 217.87760257720947 212.37495231628418 205.2747039794922 212.37495231628418
205.3622283935547 199.30374145507812 217.28423595428467 199.30374145507812 217.28423595428467 212.58780097961426 205.3622283935547 212.58780097961426
204.5352325439453 198.93710327148438 216.53653526306152 198.93710327148438 216.53653526306152 211.53546333312988 204.5352325439453 211.53546333312988
204.29193115234375 198.91946411132812 216.5110445022583 198.91946411132812 216.5110445022583 211.2875576019287 204.29193115234375 211.2875576019287
203.18771362304688 200.29270935058594 215.32330322265625 200.29270935058594 215.32330322265625 213.3477382659912 203.18771362304688 213.3477382659912
203.5225830078125 199.7532501220703 215.1067762374878 199.7532501220703 215.1067762374878 213.1145477294922 203.5225830078125 213.1145477294922
202.73619079589844 201.22586059570312 214.76856803894043 201.22586059570312 214.76856803894043 213.8065586090088 202.73619079589844 213.8065586090088
200.33958435058594 201.8367919921875 213.51710987091064 201.8367919921875 213.51710987091064 214.83287811279297 200.33958435058594 214.83287811279297
200.7299041748047 202.4207305908203 213.68685340881348 202.4207305908203 213.68685340881348 215.11802101135254 200.7299041748047 215.11802101135254
200.90870666503906 201.89151000976562 213.23358345031738 201.89151000976562 213.23358345031738 214.9150905609131 200.90870666503906 214.9150905609131
201.15992736816406 201.29302978515625 213.05299472808838 201.29302978515625 213.05299472808838 214.9607343673706 201.15992736816406 214.9607343673706
199.16607666015625 201.4261932373047 212.30510234832764 201.4261932373047 212.30510234832764 214.14948844909668 199.16607666015625 214.14948844909668
200.26254272460938 201.5096893310547 212.17489910125732 201.5096893310547 212.17489910125732 213.34281730651855 200.26254272460938 213.34281730651855
200.4329833984375 200.85159301757812 212.4665069580078 200.85159301757812 212.4665069580078 213.24749183654785 200.4329833984375 213.24749183654785
199.2904815673828 202.06517028808594 212.152325630188 202.06517028808594 212.152325630188 214.51486015319824 199.2904815673828 214.51486015319824
201.78213500976562 201.73904418945312 212.94420719146729 201.73904418945312 212.94420719146729 214.3393840789795 201.78213500976562 214.3393840789795
201.29763793945312 201.9367218017578 213.0765962600708 201.9367218017578 213.0765962600708 214.6470251083374 201.29763793945312 214.6470251083374
201.04676818847656 202.5141143798828 213.24249839782715 202.5141143798828 213.24249839782715 214.90306186676025 201.04676818847656 214.90306186676025
200.80845642089844 203.72213745117188 213.22661781311035 203.72213745117188 213.22661781311035 215.88602447509766 200.80845642089844 215.88602447509766
201.3282470703125 203.28427124023438 213.6217746734619 203.28427124023438 213.6217746734619 216.0600414276123 201.3282470703125 216.0600414276123
202.34002685546875 203.89181518554688 213.72943592071533 203.89181518554688 213.72943592071533 216.61101531982422 202.34002685546875 216.61101531982422
200.2793731689453 203.79129028320312 213.12772178649902 203.79129028320312 213.12772178649902 216.22791862487793 200.2793731689453 216.22791862487793
202.14794921875 203.0947265625 214.08938312530518 203.0947265625 214.08938312530518 215.9730281829834 202.14794921875 215.9730281829834
201.03924560546875 203.29067993164062 213.38475704193115 203.29067993164062 213.38475704193115 215.97537803649902 201.03924560546875 215.97537803649902
202.04373168945312 203.34336853027344 213.63811779022217 203.34336853027344 213.63811779022217 215.6151351928711 202.04373168945312 215.6151351928711
201.47232055664062 203.8056182861328 213.9171781539917 203.8056182861328 213.9171781539917 216.1632595062256 201.47232055664062 216.1632595062256
199.6698455810547 205.6996307373047 212.18830585479736 205.6996307373047 212.18830585479736 217.86819648742676 199.6698455810547 217.86819648742676
200.09793090820312 205.83798217773438 212.43282794952393 205.83798217773438 212.43282794952393 217.93006324768066 200.09793090820312 217.93006324768066
200.60939025878906 206.4019012451172 211.86089515686035 206.4019012451172 211.86089515686035 217.57535362243652 200.60939025878906 217.57535362243652
198.20730590820312 206.8949737548828 210.80589485168457 206.8949737548828 210.80589485168457 219.08984565734863 198.20730590820312 219.08984565734863
197.5779266357422 206.6407928466797 210.317289352417 206.6407928466797 210.317289352417 219.1808376312256 197.5779266357422 219.1808376312256
198.46157836914062 206.40261840820312 210.53880310058594 206.40261840820312 210.53880310058594 218.81814765930176 198.46157836914062 218.81814765930176
198.16195678710938 206.412109375 210.1334400177002 206.412109375 210.1334400177002 218.83236122131348 198.16195678710938 218.83236122131348
198.47122192382812 205.78103637695312 210.2870578765869 205.78103637695312 210.2870578765869 217.86404991149902 198.47122192382812 217.86404991149902
198.14544677734375 206.73959350585938 210.2957763671875 206.73959350585938 210.2957763671875 218.92712211608887 198.14544677734375 218.92712211608887
199.54730224609375 205.6604461669922 210.92408847808838 205.6604461669922 210.92408847808838 218.21181392669678 199.54730224609375 218.21181392669678
197.84408569335938 207.55630493164062 210.05480194091797 207.55630493164062 210.05480194091797 219.37573051452637 197.84408569335938 219.37573051452637
199.99630737304688 207.1471710205078 210.87784385681152 207.1471710205078 210.87784385681152 219.30970001220703 199.99630737304688 219.30970001220703
198.50900268554688 208.78836059570312 211.0307674407959 208.78836059570312 211.0307674407959 220.90886878967285 198.50900268554688 220.90886878967285
198.75625610351562 209.0563507080078 211.3607349395752 209.0563507080078 211.3607349395752 221.25692176818848 198.75625610351562 221.25692176818848
200.3568878173828 208.8824920654297 212.41856956481934 208.8824920654297 212.41856956481934 221.33012580871582 200.3568878173828 221.33012580871582
199.93246459960938 208.6918487548828 212.29705810546875 208.6918487548828 212.29705810546875 221.5417604446411 199.93246459960938 221.5417604446411
199.53848266601562 208.5806884765625 211.99549007415771 208.5806884765625 211.99549007415771 221.04820823669434 199.53848266601562 221.04820823669434
199.1862335205078 208.9057159423828 211.9318332672119 208.9057159423828 211.9318332672119 221.2428855895996 199.1862335205078 221.2428855895996
201.24147033691406 206.975830078125 212.69056129455566 206.975830078125 212.69056129455566 220.24802684783936 201.24147033691406 220.24802684783936
199.0882568359375 208.26602172851562 211.8953981399536 208.26602172851562 211.8953981399536 221.11530017852783 199.0882568359375 221.11530017852783
200.79212951660156 208.1548309326172 212.17530155181885 208.1548309326172 212.17530155181885 220.66270446777344 200.79212951660156 220.66270446777344
198.05946350097656 209.6980438232422 210.549090385437 209.6980438232422 210.549090385437 222.3382568359375 198.05946350097656 222.3382568359375
199.04437255859375 209.4876251220703 211.03540992736816 209.4876251220703 211.03540992736816 222.91280555725098 199.04437255859375 222.91280555725098
198.24642944335938 210.404296875 210.58747673034668 210.404296875 210.58747673034668 223.47817707061768 198.24642944335938 223.47817707061768
197.79104614257812 210.54214477539062 210.3494749069214 210.54214477539062 210.3494749069214 223.90072917938232 197.79104614257812 223.90072917938232
196.65744018554688 211.4907684326172 209.4136962890625 211.4907684326172 209.4136962890625 224.23560237884521 196.65744018554688 224.23560237884521
198.75741577148438 210.52487182617188 209.707763671875 210.52487182617188 209.707763671875 223.4658784866333 198.75741577148438 223.4658784866333
198.71595764160156 209.89468383789062 209.405779838562 209.89468383789062 209.405779838562 223.4924488067627 198.71595764160156 223.4924488067627
196.130126953125 210.7528839111328 209.19537544250488 210.7528839111328 209.19537544250488 223.39946269989014 196.130126953125 223.39946269989014
197.38272094726562 210.39553833007812 210.0096025466919 210.39553833007812 210.0096025466919 223.779447555542 197.38272094726562 223.779447555542
198.5171356201172 210.13253784179688 210.48731899261475 210.13253784179688 210.48731899261475 223.779034614563 198.5171356201172 223.779034614563
198.13388061523438 211.29190063476562 210.79873847961426 211.29190063476562 210.79873847961426 224.57849597930908 198.13388061523438 224.57849597930908
197.9417266845703 212.20834350585938 210.59506702423096 212.20834350585938 210.59506702423096 225.77661895751953 197.9417266845703 225.77661895751953
200.0483856201172 212.0763702392578 210.9886417388916 212.0763702392578 210.9886417388916 225.45162773132324 200.0483856201172 225.45162773132324
199.63247680664062 212.39328002929688 210.88219451904297 212.39328002929688 210.88219451904297 225.81637859344482 199.63247680664062 225.81637859344482
198.60562133789062 212.5569610595703 211.40860557556152 212.5569610595703 211.40860557556152 225.60166931152344 198.60562133789062 225.60166931152344
199.73907470703125 212.1449432373047 211.727801322937 212.1449432373047 211.727801322937 225.94994926452637 199.73907470703125 225.94994926452637
200.60406494140625 212.0111541748047 211.34724617004395 212.0111541748047 211.34724617004395 225.06534385681152 200.60406494140625 225.06534385681152
201.10044860839844 211.4900665283203 211.40252590179443 211.4900665283203 211.40252590179443 225.3691349029541 201.10044860839844 225.3691349029541
200.29269409179688 211.5023651123047 211.44937133789062 211.5023651123047 211.44937133789062 225.44565105438232 200.29269409179688 225.44565105438232
200.1519012451172 211.40420532226562 211.73018836975098 211.40420532226562 211.73018836975098 225.12083911895752 200.1519012451172 225.12083911895752
199.4972686767578 212.42410278320312 210.90100479125977 212.42410278320312 210.90100479125977 226.26650428771973 199.4972686767578 226.26650428771973
198.49240112304688 213.28604125976562 211.02370834350586 213.28604125976562 211.02370834350586 227.08130073547363 198.49240112304688 227.08130073547363
195.835693359375 214.76315307617188 209.73287773132324 214.76315307617188 209.73287773132324 228.21500873565674 195.835693359375 228.21500873565674
197.6464080810547 215.0681610107422 210.85333251953125 215.0681610107422 210.85333251953125 229.3857545852661 197.6464080810547 229.3857545852661
198.01358032226562 214.1859130859375 210.64951038360596 214.1859130859375 210.64951038360596 228.36578845977783 198.01358032226562 228.36578845977783
198.5897216796875 214.9856719970703 210.13807487487793 214.9856719970703 210.13807487487793 228.56742572784424 198.5897216796875 228.56742572784424
196.96803283691406 215.0504913330078 209.68464946746826 215.0504913330078 209.68464946746826 229.17661571502686 196.96803283691406 229.17661571502686
197.19189453125 214.26321411132812 209.66418170928955 214.26321411132812 209.66418170928955 228.369478225708 197.19189453125 228.369478225708
197.21177673339844 213.9480438232422 209.71795845031738 213.9480438232422 209.71795845031738 228.66790962219238 197.21177673339844 228.66790962219238
197.3713836669922 213.70166015625 210.1798152923584 213.70166015625 210.1798152923584 229.08509254455566 197.3713836669922 229.08509254455566
197.48446655273438 213.5828399658203 209.24852466583252 213.5828399658203 209.24852466583252 229.26335906982422 197.48446655273438 229.26335906982422
195.7548065185547 214.80557250976562 208.74722576141357 214.80557250976562 208.74722576141357 229.51941871643066 195.7548065185547 229.51941871643066
197.1409149169922 214.94052124023438 209.37702178955078 214.94052124023438 209.37702178955078 229.79874897003174 197.1409149169922 229.79874897003174
197.007080078125 215.89004516601562 209.1744213104248 215.89004516601562 209.1744213104248 230.76588916778564 197.007080078125 230.76588916778564
197.2512664794922 216.1975860595703 210.09447765350342 216.1975860595703 210.09447765350342 230.7299747467041 197.2512664794922 230.7299747467041
196.50689697265625 216.6993408203125 209.85663414001465 216.6993408203125 209.85663414001465 231.39396953582764 196.50689697265625 231.39396953582764
198.24832153320312 216.16891479492188 209.9827003479004 216.16891479492188 209.9827003479004 230.89328479766846 198.24832153320312 230.89328479766846
197.26417541503906 216.0368194580078 210.1058521270752 216.0368194580078 210.1058521270752 230.05532550811768 197.26417541503906 230.05532550811768
195.66085815429688 215.531494140625 209.10997200012207 215.531494140625 209.10997200012207 230.1253080368042 195.66085815429688 230.1253080368042
194.35726928710938 216.3592071533203 208.54742431640625 216.3592071533203 208.54742431640625 230.09464263916016 194.35726928710938 230.09464263916016
194.57012939453125 217.46829223632812 208.4427433013916 217.46829223632812 208.4427433013916 230.8963623046875 194.57012939453125 230.8963623046875
194.11727905273438 218.4630584716797 207.81137657165527 218.4630584716797 207.81137657165527 231.7183322906494 194.11727905273438 231.7183322906494
193.5203857421875 219.43557739257812 207.4192409515381 219.43557739257812 207.4192409515381 232.88904762268066 193.5203857421875 232.88904762268066
193.02490234375 219.70553588867188 206.8451385498047 219.70553588867188 206.8451385498047 233.08290576934814 193.02490234375 233.08290576934814
194.40296936035156 219.3399658203125 207.39716911315918 219.3399658203125 207.39716911315918 232.69061851501465 194.40296936035156 232.69061851501465
192.79150390625 220.2742462158203 206.06984519958496 220.2742462158203 206.06984519958496 233.12708568572998 192.79150390625 233.12708568572998
192.91758728027344 221.5049285888672 206.21224403381348 221.5049285888672 206.21224403381348 234.37355995178223 192.91758728027344 234.37355995178223
193.01699829101562 221.3600616455078 206.46694660186768 221.3600616455078 206.46694660186768 234.37900733947754 193.01699829101562 234.37900733947754
192.64553833007812 221.35519409179688 205.97223472595215 221.35519409179688 205.97223472595215 234.2548370361328 192.64553833007812 234.2548370361328
193.21282958984375 220.9378204345703 206.61338996887207 220.9378204345703 206.61338996887207 233.90896034240723 193.21282958984375 233.90896034240723
192.0396270751953 221.50674438476562 205.47933959960938 221.50674438476562 205.47933959960938 234.5157823562622 192.0396270751953 234.5157823562622
192.61544799804688 220.9296417236328 206.16241455078125 220.9296417236328 206.16241455078125 234.04249572753906 192.61544799804688 234.04249572753906
195.76644897460938 214.90975952148438 209.14425373077393 214.90975952148438 209.14425373077393 227.85887145996094 195.76644897460938 227.85887145996094
194.47958374023438 204.10227966308594 208.04920959472656 204.10227966308594 208.04920959472656 217.23706531524658 194.47958374023438 217.23706531524658
194.7829132080078 212.30960083007812 208.3188018798828 212.30960083007812 208.3188018798828 225.41172981262207 194.7829132080078 225.41172981262207
193.64524841308594 211.65951538085938 207.02498817443848 211.65951538085938 207.02498817443848 224.61049842834473 193.64524841308594 224.61049842834473
193.46173095703125 216.19955444335938 206.94043159484863 216.19955444335938 206.94043159484863 229.24632740020752 193.46173095703125 229.24632740020752
193.3181915283203 209.02188110351562 204.88489055633545 209.02188110351562 204.88489055633545 221.34022331237793 193.3181915283203 221.34022331237793
188.4468536376953 205.6807403564453 202.01677131652832 205.6807403564453 202.01677131652832 218.8158082962036 188.4468536376953 218.8158082962036
189.02993774414062 207.06460571289062 201.51724815368652 207.06460571289062 201.51724815368652 219.29736614227295 189.02993774414062 219.29736614227295
188.5915069580078 207.0974884033203 200.51617240905762 207.0974884033203 200.51617240905762 219.48505973815918 188.5915069580078 219.48505973815918
188.18751525878906 207.6803741455078 199.69869709014893 207.6803741455078 199.69869709014893 219.26599979400635 188.18751525878906 219.26599979400635
186.42811584472656 207.67025756835938 197.80344676971436 207.67025756835938 197.80344676971436 220.26550006866455 186.42811584472656 220.26550006866455
185.1643829345703 208.3462677001953 196.61371231079102 208.3462677001953 196.61371231079102 219.50476837158203 185.1643829345703 219.50476837158203
184.32347106933594 209.9784393310547 195.65303230285645 209.9784393310547 195.65303230285645 220.50775051116943 184.32347106933594 220.50775051116943
183.3740997314453 209.4054412841797 195.2283582687378 209.4054412841797 195.2283582687378 221.33963775634766 183.3740997314453 221.33963775634766
181.66981506347656 210.14328002929688 193.3807783126831 210.14328002929688 193.3807783126831 221.61128044128418 181.66981506347656 221.61128044128418
181.47897338867188 210.81942749023438 191.27926063537598 210.81942749023438 191.27926063537598 221.8243236541748 181.47897338867188 221.8243236541748
177.05514526367188 211.55908203125 189.92661476135254 211.55908203125 189.92661476135254 224.0180835723877 177.05514526367188 224.0180835723877
182.36166381835938 213.92825317382812 193.38543128967285 213.92825317382812 193.38543128967285 224.7818088531494 182.36166381835938 224.7818088531494
175.90370178222656 212.06784057617188 186.86479949951172 212.06784057617188 186.86479949951172 222.04335594177246 175.90370178222656 222.04335594177246
175.56411743164062 212.2621307373047 185.4173460006714 212.2621307373047 185.4173460006714 223.34057426452637 175.56411743164062 223.34057426452637
173.06307983398438 212.73709106445312 182.94953441619873 212.73709106445312 182.94953441619873 223.08836555480957 173.06307983398438 223.08836555480957
171.82962036132812 213.2194061279297 182.76631355285645 213.2194061279297 182.76631355285645 224.39846229553223 171.82962036132812 224.39846229553223
169.6116943359375 214.064697265625 181.51653289794922 214.064697265625 181.51653289794922 225.27874374389648 169.6116943359375 225.27874374389648
167.37313842773438 216.22802734375 180.2475185394287 216.22802734375 180.2475185394287 228.6898422241211 167.37313842773438 228.6898422241211
165.5249481201172 215.55343627929688 178.63951587677002 215.55343627929688 178.63951587677002 228.24774169921875 165.5249481201172 228.24774169921875
165.14578247070312 215.51693725585938 178.16367626190186 215.51693725585938 178.16367626190186 228.11766624450684 165.14578247070312 228.11766624450684
164.04049682617188 217.22579956054688 177.27361583709717 217.22579956054688 177.27361583709717 230.03485679626465 164.04049682617188 230.03485679626465
156.86068725585938 220.5595245361328 170.19807720184326 220.5595245361328 170.19807720184326 233.4695110321045 156.86068725585938 233.4695110321045
162.427734375 223.5172576904297 175.7843599319458 223.5172576904297 175.7843599319458 236.44586372375488 162.427734375 236.44586372375488
148.0714569091797 217.47085571289062 161.37263202667236 217.47085571289062 161.37263202667236 230.34578704833984 148.0714569091797 230.34578704833984
150.0481414794922 219.2300262451172 163.2805757522583 219.2300262451172 163.2805757522583 232.03841972351074 150.0481414794922 232.03841972351074
148.6354522705078 217.5512237548828 161.80723571777344 217.5512237548828 161.80723571777344 230.30091094970703 148.6354522705078 230.30091094970703
151.09854125976562 218.42318725585938 162.4590549468994 218.42318725585938 162.4590549468994 228.33376598358154 151.09854125976562 228.33376598358154
149.0682830810547 217.94564819335938 161.1760196685791 217.94564819335938 161.1760196685791 229.86314582824707 149.0682830810547 229.86314582824707
146.0590057373047 219.94003295898438 159.29281330108643 219.94003295898438 159.29281330108643 232.74975872039795 146.0590057373047 232.74975872039795
145.61708068847656 220.16116333007812 159.1250171661377 220.16116333007812 159.1250171661377 233.23623371124268 145.61708068847656 233.23623371124268
150.7644805908203 220.2259521484375 164.29491710662842 220.2259521484375 164.29491710662842 233.32280254364014 150.7644805908203 233.32280254364014
164.37060546875 226.82080078125 177.80465698242188 226.82080078125 177.80465698242188 239.72556495666504 164.37060546875 239.72556495666504
171.0681610107422 230.5184783935547 184.03839111328125 230.5184783935547 184.03839111328125 243.02566051483154 171.0681610107422 243.02566051483154
171.99136352539062 230.26547241210938 185.36697578430176 230.26547241210938 185.36697578430176 243.49031829833984 171.99136352539062 243.49031829833984
169.8609161376953 229.66763305664062 183.8654384613037 229.66763305664062 183.8654384613037 243.303240776062 169.8609161376953 243.303240776062
168.67398071289062 230.8249969482422 183.2863826751709 230.8249969482422 183.2863826751709 244.96913719177246 168.67398071289062 244.96913719177246
168.60397338867188 231.9741973876953 182.9724178314209 231.9741973876953 182.9724178314209 245.88219928741455 168.60397338867188 245.88219928741455
171.1273956298828 233.2274169921875 184.91895580291748 233.2274169921875 184.91895580291748 246.16136169433594 171.1273956298828 246.16136169433594
171.47018432617188 233.3876495361328 184.22007179260254 233.3876495361328 184.22007179260254 246.24889659881592 171.47018432617188 246.24889659881592
168.24147033691406 234.05545043945312 182.48990440368652 234.05545043945312 182.48990440368652 247.8472900390625 168.24147033691406 247.8472900390625
156.79495239257812 230.7229461669922 171.05194664001465 230.7229461669922 171.05194664001465 244.5230712890625 156.79495239257812 244.5230712890625
159.33724975585938 230.5374755859375 172.19160652160645 230.5374755859375 172.19160652160645 243.66383361816406 159.33724975585938 243.66383361816406
162.9208221435547 232.11672973632812 174.62167072296143 232.11672973632812 174.62167072296143 244.04476165771484 162.9208221435547 244.04476165771484
161.98934936523438 232.19192504882812 173.95148944854736 232.19192504882812 173.95148944854736 243.99224090576172 161.98934936523438 243.99224090576172
163.41598510742188 231.875 175.53411674499512 231.875 175.53411674499512 244.32244300842285 163.41598510742188 244.32244300842285
159.4014129638672 230.153564453125 173.92468452453613 230.153564453125 173.92468452453613 244.21143341064453 159.4014129638672 244.21143341064453
163.62448120117188 232.52279663085938 175.32593727111816 232.52279663085938 175.32593727111816 245.11687850952148 163.62448120117188 245.11687850952148
163.09780883789062 231.6044158935547 175.76791954040527 231.6044158935547 175.76791954040527 244.43956565856934 163.09780883789062 244.43956565856934
163.82247924804688 233.70242309570312 176.65901947021484 233.70242309570312 176.65901947021484 245.4160327911377 163.82247924804688 245.4160327911377
164.07363891601562 234.5618438720703 175.26154136657715 234.5618438720703 175.26154136657715 246.75171279907227 164.07363891601562 246.75171279907227
162.62326049804688 234.60482788085938 174.8717441558838 234.60482788085938 174.8717441558838 247.0688190460205 162.62326049804688 247.0688190460205
163.28701782226562 234.7548828125 174.5949306488037 234.7548828125 174.5949306488037 246.7939224243164 163.28701782226562 246.7939224243164
161.231201171875 234.4931182861328 173.8598051071167 234.4931182861328 173.8598051071167 247.14811420440674 161.231201171875 247.14811420440674
163.19369506835938 235.04562377929688 175.0243968963623 235.04562377929688 175.0243968963623 246.16300010681152 163.19369506835938 246.16300010681152
164.17498779296875 234.8429412841797 176.4578676223755 234.8429412841797 176.4578676223755 246.41470527648926 164.17498779296875 246.41470527648926
164.55686950683594 234.41232299804688 176.61840534210205 234.41232299804688 176.61840534210205 247.2490997314453 164.55686950683594 247.2490997314453
161.98841857910156 233.3199005126953 176.581072807312 233.3199005126953 176.581072807312 247.4449281692505 161.98841857910156 247.4449281692505
165.73556518554688 236.24874877929688 177.0635747909546 236.24874877929688 177.0635747909546 248.9857883453369 165.73556518554688 248.9857883453369
165.64328002929688 237.55123901367188 178.10427856445312 237.55123901367188 178.10427856445312 250.2820405960083 165.64328002929688 250.2820405960083
166.1334991455078 237.74911499023438 178.26267433166504 237.74911499023438 178.26267433166504 250.0892333984375 166.1334991455078 250.0892333984375
166.71292114257812 237.8275909423828 178.56333351135254 237.8275909423828 178.56333351135254 249.79523754119873 166.71292114257812 249.79523754119873
167.32882690429688 238.0489044189453 180.4049129486084 238.0489044189453 180.4049129486084 250.83951568603516 167.32882690429688 250.83951568603516
167.64776611328125 236.9412384033203 180.78514099121094 236.9412384033203 180.78514099121094 250.44828605651855 167.64776611328125 250.44828605651855
168.33840942382812 237.83029174804688 181.33370780944824 237.83029174804688 181.33370780944824 250.30224132537842 168.33840942382812 250.30224132537842
167.58599853515625 237.513916015625 180.18321800231934 237.513916015625 180.18321800231934 249.9720582962036 167.58599853515625 249.9720582962036
168.1615753173828 237.6970977783203 181.63054656982422 237.6970977783203 181.63054656982422 251.05859661102295 168.1615753173828 251.05859661102295
168.72084045410156 238.457763671875 181.3766574859619 238.457763671875 181.3766574859619 251.29754829406738 168.72084045410156 251.29754829406738
168.610595703125 239.6803436279297 180.98963832855225 239.6803436279297 180.98963832855225 252.93524742126465 168.610595703125 252.93524742126465
168.94741821289062 239.96591186523438 181.3373737335205 239.96591186523438 181.3373737335205 253.23094940185547 168.94741821289062 253.23094940185547
169.38131713867188 241.21719360351562 181.5580062866211 241.21719360351562 181.5580062866211 253.54409980773926 169.38131713867188 253.54409980773926
165.69064331054688 239.3487091064453 180.31220722198486 239.3487091064453 180.31220722198486 253.99020862579346 165.69064331054688 253.99020862579346
168.50900268554688 241.3242645263672 180.72665882110596 241.3242645263672 180.72665882110596 253.9863634109497 168.50900268554688 253.9863634109497
168.58749389648438 240.5120086669922 181.0815305709839 240.5120086669922 181.0815305709839 253.85527229309082 168.58749389648438 253.85527229309082
169.14517211914062 239.70516967773438 181.78675365447998 239.70516967773438 181.78675365447998 253.7087812423706 169.14517211914062 253.7087812423706
168.91128540039062 239.5352020263672 182.23623371124268 239.5352020263672 182.23623371124268 253.17998027801514 168.91128540039062 253.17998027801514
169.84051513671875 241.2729949951172 181.97653007507324 241.2729949951172 181.97653007507324 253.868013381958 169.84051513671875 253.868013381958
171.98483276367188 242.333984375 183.7605562210083 242.333984375 183.7605562210083 254.78322792053223 171.98483276367188 254.78322792053223
172.5210418701172 243.5950927734375 184.50957775115967 243.5950927734375 184.50957775115967 255.62462425231934 172.5210418701172 255.62462425231934
172.79537963867188 243.5772705078125 184.90714359283447 243.5772705078125 184.90714359283447 256.7503662109375 172.79537963867188 256.7503662109375
174.10328674316406 243.1680908203125 187.5153751373291 243.1680908203125 187.5153751373291 256.77899646759033 174.10328674316406 256.77899646759033
174.18077087402344 243.20877075195312 186.8936767578125 243.20877075195312 186.8936767578125 256.6727600097656 174.18077087402344 256.6727600097656
174.837158203125 242.58544921875 187.34828758239746 242.58544921875 187.34828758239746 255.92669200897217 174.837158203125 255.92669200897217
176.56732177734375 243.1657257080078 188.7896270751953 243.1657257080078 188.7896270751953 255.98597145080566 176.56732177734375 255.98597145080566
176.94461059570312 242.92007446289062 188.99647426605225 242.92007446289062 188.99647426605225 256.2571668624878 176.94461059570312 256.2571668624878
176.2589874267578 243.000244140625 189.00958824157715 243.000244140625 189.00958824157715 256.3168992996216 176.2589874267578 256.3168992996216
176.9904327392578 244.23464965820312 188.88486766815186 244.23464965820312 188.88486766815186 256.7406063079834 176.9904327392578 256.7406063079834
176.44479370117188 244.5219268798828 188.24173164367676 244.5219268798828 188.24173164367676 257.5033235549927 176.44479370117188 257.5033235549927
177.09634399414062 246.5414581298828 188.50553131103516 246.5414581298828 188.50553131103516 258.3796577453613 177.09634399414062 258.3796577453613
177.71212768554688 245.89755249023438 190.1313180923462 245.89755249023438 190.1313180923462 258.7082643508911 177.71212768554688 258.7082643508911
176.62875366210938 246.32534790039062 188.60811805725098 246.32534790039062 188.60811805725098 259.6245365142822 176.62875366210938 259.6245365142822
176.46644592285156 246.11672973632812 189.04651546478271 246.11672973632812 189.04651546478271 260.0812864303589 176.46644592285156 260.0812864303589
176.2501983642578 245.2907257080078 188.99400997161865 245.2907257080078 188.99400997161865 258.9792785644531 176.2501983642578 258.9792785644531
177.2967071533203 245.8895263671875 189.42575073242188 245.8895263671875 189.42575073242188 259.2356843948364 177.2967071533203 259.2356843948364
178.69009399414062 245.36825561523438 191.02981567382812 245.36825561523438 191.02981567382812 258.2063732147217 178.69009399414062 258.2063732147217
178.5339813232422 245.79214477539062 191.51248168945312 245.79214477539062 191.51248168945312 259.0547285079956 178.5339813232422 259.0547285079956
179.65792846679688 247.3109130859375 192.1668529510498 247.3109130859375 192.1668529510498 259.804349899292 179.65792846679688 259.804349899292
180.63320922851562 247.2796173095703 193.9007396697998 247.2796173095703 193.9007396697998 261.53759765625 180.63320922851562 261.53759765625
182.19692993164062 247.84426879882812 194.7695827484131 247.84426879882812 194.7695827484131 261.07861328125 182.19692993164062 261.07861328125
182.82827758789062 247.11459350585938 195.9968843460083 247.11459350585938 195.9968843460083 260.8784465789795 182.82827758789062 260.8784465789795
184.4032440185547 248.7230987548828 197.70178985595703 248.7230987548828 197.70178985595703 261.5384798049927 184.4032440185547 261.5384798049927
183.77517700195312 247.47360229492188 197.63742351531982 247.47360229492188 197.63742351531982 260.78256702423096 183.77517700195312 260.78256702423096
185.0561981201172 247.7696075439453 198.2394847869873 247.7696075439453 198.2394847869873 260.82360553741455 185.0561981201172 260.82360553741455
184.51071166992188 247.29397583007812 198.32082557678223 247.29397583007812 198.32082557678223 260.6937313079834 184.51071166992188 260.6937313079834
185.45387268066406 247.304931640625 198.47354125976562 247.304931640625 198.47354125976562 261.4170732498169 185.45387268066406 261.4170732498169
184.76695251464844 248.64453125 197.52766227722168 248.64453125 197.52766227722168 262.08912467956543 184.76695251464844 262.08912467956543
186.23768615722656 249.3798065185547 200.73019409179688 249.3798065185547 200.73019409179688 263.5609951019287 186.23768615722656 263.5609951019287
185.9326171875 250.1165313720703 199.38446521759033 250.1165313720703 199.38446521759033 264.5800428390503 185.9326171875 264.5800428390503
184.54110717773438 251.2880859375 198.48851013183594 251.2880859375 198.48851013183594 264.7435131072998 184.54110717773438 264.7435131072998
182.41799926757812 250.2764129638672 197.44946479797363 250.2764129638672 197.44946479797363 265.4212169647217 182.41799926757812 265.4212169647217
184.942138671875 251.6337432861328 198.0942964553833 251.6337432861328 198.0942964553833 265.39951515197754 184.942138671875 265.39951515197754
180.2262420654297 248.2264862060547 197.39975547790527 248.2264862060547 197.39975547790527 264.84968757629395 180.2262420654297 264.84968757629395
182.9434356689453 249.39126586914062 198.96316146850586 249.39126586914062 198.96316146850586 265.30212116241455 182.9434356689453 265.30212116241455
185.201416015625 250.6007843017578 199.19584941864014 250.6007843017578 199.19584941864014 265.3883113861084 185.201416015625 265.3883113861084
185.19729614257812 250.5027313232422 199.6829605102539 250.5027313232422 199.6829605102539 266.06452465057373 185.19729614257812 266.06452465057373
182.01539611816406 249.45516967773438 200.16328239440918 249.45516967773438 200.16328239440918 267.0215187072754 182.01539611816406 267.0215187072754
187.19851684570312 252.755126953125 201.334698677063 252.755126953125 201.334698677063 268.46354389190674 187.19851684570312 268.46354389190674
183.7656707763672 251.45651245117188 202.1651439666748 251.45651245117188 202.1651439666748 269.2663879394531 183.7656707763672 269.2663879394531
188.27590942382812 254.90939331054688 203.03643989562988 254.90939331054688 203.03643989562988 270.40484046936035 188.27590942382812 270.40484046936035
189.43243408203125 255.1259002685547 203.728045463562 255.1259002685547 203.728045463562 270.12398052215576 189.43243408203125 270.12398052215576
190.69039916992188 253.8441619873047 206.10663890838623 253.8441619873047 206.10663890838623 268.8064365386963 190.69039916992188 268.8064365386963
190.98336791992188 255.1792449951172 206.34144401550293 255.1792449951172 206.34144401550293 269.5807056427002 190.98336791992188 269.5807056427002
190.7062530517578 253.9290008544922 206.39378547668457 253.9290008544922 206.39378547668457 268.76598072052 190.7062530517578 268.76598072052
189.94447326660156 253.07666015625 205.93718433380127 253.07666015625 205.93718433380127 269.83344078063965 189.94447326660156 269.83344078063965
187.99002075195312 252.3140869140625 206.40908813476562 252.3140869140625 206.40908813476562 270.1429271697998 187.99002075195312 270.1429271697998
191.35580444335938 255.55935668945312 206.7329225540161 255.55935668945312 206.7329225540161 270.97002124786377 191.35580444335938 270.97002124786377
192.4084930419922 256.5255432128906 206.6180295944214 256.5255432128906 206.6180295944214 272.34277629852295 192.4084930419922 272.34277629852295
191.68646240234375 256.937255859375 206.39406394958496 256.937255859375 206.39406394958496 272.8230266571045 191.68646240234375 272.8230266571045
190.15267944335938 256.0791931152344 206.63521194458008 256.0791931152344 206.63521194458008 272.933837890625 190.15267944335938 272.933837890625
188.08753967285156 256.01483154296875 205.28018379211426 256.01483154296875 205.28018379211426 273.2596492767334 188.08753967285156 273.2596492767334
191.1903076171875 256.9260559082031 206.2677459716797 256.9260559082031 206.2677459716797 272.009388923645 191.1903076171875 272.009388923645
192.8465118408203 257.39007568359375 207.37122535705566 257.39007568359375 207.37122535705566 272.86427116394043 192.8465118408203 272.86427116394043
193.118408203125 257.0770263671875 207.95282554626465 257.0770263671875 207.95282554626465 273.35129737854004 193.118408203125 273.35129737854004
191.15794372558594 256.7902526855469 206.93850708007812 256.7902526855469 206.93850708007812 273.26662826538086 191.15794372558594 273.26662826538086
192.83523559570312 257.393798828125 208.71266174316406 257.393798828125 208.71266174316406 274.37969970703125 192.83523559570312 274.37969970703125
195.76638793945312 258.8771667480469 209.6839723587036 258.8771667480469 209.6839723587036 274.84125995635986 195.76638793945312 274.84125995635986
194.02206420898438 259.09820556640625 210.3352451324463 259.09820556640625 210.3352451324463 276.3047294616699 194.02206420898438 276.3047294616699
196.61398315429688 260.65081787109375 211.31914806365967 260.65081787109375 211.31914806365967 276.7387351989746 196.61398315429688 276.7387351989746
198.3452911376953 260.7171630859375 212.6284637451172 260.7171630859375 212.6284637451172 276.5008878707886 198.3452911376953 276.5008878707886
200.4610595703125 261.5507507324219 214.36180591583252 261.5507507324219 214.36180591583252 276.92694568634033 200.4610595703125 276.92694568634033
200.64715576171875 260.88671875 215.4511775970459 260.88671875 215.4511775970459 275.8368787765503 200.64715576171875 275.8368787765503
200.06399536132812 260.3216857910156 215.4109697341919 260.3216857910156 215.4109697341919 276.11841106414795 200.06399536132812 276.11841106414795
200.52767944335938 259.912109375 216.04431438446045 259.912109375 216.04431438446045 275.63775062561035 200.52767944335938 275.63775062561035
202.06680297851562 261.5027770996094 215.8978271484375 261.5027770996094 215.8978271484375 276.8665008544922 202.06680297851562 276.8665008544922
200.3418426513672 260.6207580566406 217.19210243225098 260.6207580566406 217.19210243225098 277.5567283630371 200.3418426513672 277.5567283630371
203.0283966064453 264.0899658203125 216.99118518829346 264.0899658203125 216.99118518829346 278.7476043701172 203.0283966064453 278.7476043701172
202.9358673095703 263.86444091796875 216.9459686279297 263.86444091796875 216.9459686279297 278.96805000305176 202.9358673095703 278.96805000305176
202.09579467773438 264.4540100097656 217.31232452392578 264.4540100097656 217.31232452392578 279.8885774612427 202.09579467773438 279.8885774612427
198.6349334716797 262.62567138671875 216.71510124206543 262.62567138671875 216.71510124206543 280.1264591217041 198.6349334716797 280.1264591217041
202.5340576171875 265.88067626953125 216.8865156173706 265.88067626953125 216.8865156173706 280.5637969970703 202.5340576171875 280.5637969970703
203.08718872070312 265.65753173828125 217.9832935333252 265.65753173828125 217.9832935333252 280.90625 203.08718872070312 280.90625
201.16131591796875 263.0794372558594 217.69046592712402 263.0794372558594 217.69046592712402 279.613187789917 201.16131591796875 279.613187789917
203.02886962890625 264.8942565917969 218.1655912399292 264.8942565917969 218.1655912399292 280.6739673614502 203.02886962890625 280.6739673614502
205.06381225585938 265.6543884277344 219.2452211380005 265.6543884277344 219.2452211380005 281.25611114501953 205.06381225585938 281.25611114501953
205.79849243164062 265.7167663574219 219.6262378692627 265.7167663574219 219.6262378692627 281.4505100250244 205.79849243164062 281.4505100250244
204.7542266845703 266.4324951171875 220.48034381866455 266.4324951171875 220.48034381866455 282.91183280944824 204.7542266845703 282.91183280944824
205.6671600341797 267.47528076171875 220.2368745803833 267.47528076171875 220.2368745803833 283.1903409957886 205.6671600341797 283.1903409957886
207.0633544921875 269.05792236328125 221.67420959472656 269.05792236328125 221.67420959472656 284.6652374267578 207.0633544921875 284.6652374267578
206.6058349609375 268.25701904296875 222.78495597839355 268.25701904296875 222.78495597839355 285.3718605041504 206.6058349609375 285.3718605041504
206.1042022705078 267.1253662109375 223.68455123901367 267.1253662109375 223.68455123901367 284.68322372436523 206.1042022705078 284.68322372436523
209.4451141357422 267.5697021484375 224.68244171142578 267.5697021484375 224.68244171142578 283.66923904418945 209.4451141357422 283.66923904418945
206.04641723632812 264.79986572265625 224.61757850646973 264.79986572265625 224.61757850646973 282.77590560913086 206.04641723632812 282.77590560913086
209.88253784179688 267.3234558105469 225.89805221557617 267.3234558105469 225.89805221557617 284.89294052124023 209.88253784179688 284.89294052124023
211.2178192138672 269.59619140625 226.20525550842285 269.59619140625 226.20525550842285 286.53730392456055 211.2178192138672 286.53730392456055
209.3886260986328 269.1868591308594 226.48138236999512 269.1868591308594 226.48138236999512 286.9891242980957 209.3886260986328 286.9891242980957
210.55929565429688 271.2587585449219 226.54117107391357 271.2587585449219 226.54117107391357 288.2863121032715 210.55929565429688 288.2863121032715
206.9628143310547 268.7571716308594 226.94851112365723 268.7571716308594 226.94851112365723 288.10241889953613 206.9628143310547 288.10241889953613
210.45846557617188 271.7782287597656 227.21832466125488 271.7782287597656 227.21832466125488 289.9705505371094 210.45846557617188 289.9705505371094
212.86373901367188 272.40228271484375 227.71784019470215 272.40228271484375 227.71784019470215 289.726505279541 212.86373901367188 289.726505279541
212.2906494140625 272.55157470703125 227.86413097381592 272.55157470703125 227.86413097381592 290.7828826904297 212.2906494140625 290.7828826904297
212.77685546875 272.18389892578125 227.2279872894287 272.18389892578125 227.2279872894287 289.4593143463135 212.77685546875 289.4593143463135
209.6411590576172 268.18853759765625 229.70019149780273 268.18853759765625 229.70019149780273 287.60476875305176 209.6411590576172 287.60476875305176
211.53366088867188 270.4132995605469 229.88550186157227 270.4132995605469 229.88550186157227 288.7734432220459 211.53366088867188 288.7734432220459
213.04248046875 272.4503479003906 230.64387893676758 272.4503479003906 230.64387893676758 290.5735397338867 213.04248046875 290.5735397338867
216.0779571533203 276.0003662109375 231.8757038116455 276.0003662109375 231.8757038116455 293.0600166320801 216.0779571533203 293.0600166320801
217.2626495361328 276.19293212890625 233.73866271972656 276.19293212890625 233.73866271972656 294.07043647766113 217.2626495361328 294.07043647766113
216.6731719970703 277.3497619628906 233.4174633026123 277.3497619628906 233.4174633026123 295.0288200378418 216.6731719970703 295.0288200378418
214.8216552734375 274.6515808105469 235.10800552368164 274.6515808105469 235.10800552368164 294.548828125 214.8216552734375 294.548828125
215.36929321289062 273.19012451171875 235.86742401123047 273.19012451171875 235.86742401123047 293.3676567077637 215.36929321289062 293.3676567077637
218.2396697998047 273.09259033203125 238.08230781555176 273.09259033203125 238.08230781555176 292.7540054321289 218.2396697998047 292.7540054321289
219.98001098632812 275.36236572265625 237.78820610046387 275.36236572265625 237.78820610046387 293.4601631164551 219.98001098632812 293.4601631164551
219.3929901123047 272.94219970703125 239.06285667419434 272.94219970703125 239.06285667419434 292.3299922943115 219.3929901123047 292.3299922943115
221.87179565429688 275.86077880859375 239.57335662841797 275.86077880859375 239.57335662841797 293.4700813293457 221.87179565429688 293.4700813293457
221.55563354492188 277.2193298339844 240.32436180114746 277.2193298339844 240.32436180114746 295.94667053222656 221.55563354492188 295.94667053222656
220.60214233398438 277.0894470214844 240.51884841918945 277.0894470214844 240.51884841918945 296.90619468688965 220.60214233398438 296.90619468688965
220.3056640625 276.6266784667969 241.5783233642578 276.6266784667969 241.5783233642578 297.21764755249023 220.3056640625 297.21764755249023
222.8670654296875 280.69696044921875 241.61153411865234 280.69696044921875 241.61153411865234 299.04633140563965 222.8670654296875 299.04633140563965
220.3652801513672 278.5776672363281 241.4165439605713 278.5776672363281 241.4165439605713 298.95433616638184 220.3652801513672 298.95433616638184
221.5679931640625 279.44525146484375 241.79901504516602 279.44525146484375 241.79901504516602 299.4893856048584 221.5679931640625 299.4893856048584
224.1656951904297 282.6575012207031 242.27067947387695 282.6575012207031 242.27067947387695 300.50653648376465 224.1656951904297 300.50653648376465
224.6443634033203 280.3041076660156 243.6555881500244 280.3041076660156 243.6555881500244 299.609582901001 224.6443634033203 299.609582901001
226.7796630859375 281.22552490234375 244.46482849121094 281.22552490234375 244.46482849121094 300.5081214904785 226.7796630859375 300.5081214904785
223.3384246826172 279.45977783203125 244.63497352600098 279.45977783203125 244.63497352600098 300.50646591186523 223.3384246826172 300.50646591186523
225.40090942382812 281.7810974121094 244.72905921936035 281.7810974121094 244.72905921936035 301.7956199645996 225.40090942382812 301.7956199645996
226.5603485107422 283.17816162109375 245.9557762145996 283.17816162109375 245.9557762145996 303.85458755493164 226.5603485107422 303.85458755493164
227.9736785888672 283.8304138183594 247.10144996643066 283.8304138183594 247.10144996643066 302.9782314300537 227.9736785888672 302.9782314300537
228.8237762451172 286.4300537109375 246.9105682373047 286.4300537109375 246.9105682373047 304.903751373291 228.8237762451172 304.903751373291
228.45834350585938 284.5879211425781 247.94341659545898 284.5879211425781 247.94341659545898 303.6759033203125 228.45834350585938 303.6759033203125
231.5385284423828 285.9642028808594 249.62636375427246 285.9642028808594 249.62636375427246 303.4164562225342 231.5385284423828 303.4164562225342
228.3851776123047 283.09454345703125 249.6507167816162 283.09454345703125 249.6507167816162 303.6786231994629 228.3851776123047 303.6786231994629
229.8109893798828 283.47607421875 250.13052940368652 283.47607421875 250.13052940368652 303.7661437988281 229.8109893798828 303.7661437988281
230.88790893554688 286.3959655761719 249.26906967163086 286.3959655761719 249.26906967163086 304.7037544250488 230.88790893554688 304.7037544250488
228.4742889404297 284.01361083984375 249.41828536987305 284.01361083984375 249.41828536987305 304.2864513397217 228.4742889404297 304.2864513397217
233.0915985107422 289.03497314453125 249.69972610473633 289.03497314453125 249.69972610473633 306.81371879577637 233.0915985107422 306.81371879577637
231.10549926757812 288.59674072265625 249.4865608215332 288.59674072265625 249.4865608215332 307.91961097717285 231.10549926757812 307.91961097717285
232.33370971679688 290.8966979980469 249.6789321899414 290.8966979980469 249.6789321899414 309.82316398620605 232.33370971679688 309.82316398620605
230.79318237304688 289.78314208984375 250.77151107788086 289.78314208984375 250.77151107788086 309.5580539703369 230.79318237304688 309.5580539703369
231.8861541748047 290.56719970703125 251.00823593139648 290.56719970703125 251.00823593139648 310.8783149719238 231.8861541748047 310.8783149719238
231.7757568359375 290.26068115234375 250.7270851135254 290.26068115234375 250.7270851135254 309.66389083862305 231.7757568359375 309.66389083862305
230.48837280273438 289.6022033691406 251.85643577575684 289.6022033691406 251.85643577575684 311.55217361450195 230.48837280273438 311.55217361450195
232.8968505859375 293.09515380859375 251.20750045776367 293.09515380859375 251.20750045776367 314.0561408996582 232.8968505859375 314.0561408996582
237.681396484375 293.093505859375 256.159854888916 293.093505859375 256.159854888916 313.2673568725586 237.681396484375 313.2673568725586
235.85104370117188 298.26885986328125 256.4978141784668 298.26885986328125 256.4978141784668 320.58075523376465 235.85104370117188 320.58075523376465
235.9428253173828 298.9324035644531 257.09565353393555 298.9324035644531 257.09565353393555 321.42943000793457 235.9428253173828 321.42943000793457
235.6094512939453 298.9367980957031 258.22104835510254 298.9367980957031 258.22104835510254 320.5232791900635 235.6094512939453 320.5232791900635
238.87744140625 298.91888427734375 259.5544147491455 298.91888427734375 259.5544147491455 320.49523162841797 238.87744140625 320.49523162841797
233.3382568359375 296.84088134765625 257.93773078918457 296.84088134765625 257.93773078918457 320.6520748138428 233.3382568359375 320.6520748138428
235.32449340820312 299.292724609375 258.994909286499 299.292724609375 258.994909286499 323.0641460418701 235.32449340820312 323.0641460418701
234.74191284179688 300.4870300292969 260.5878715515137 300.4870300292969 260.5878715515137 325.50477027893066 234.74191284179688 325.50477027893066
236.8481903076172 301.3211975097656 261.7431221008301 301.3211975097656 261.7431221008301 325.67357444763184 236.8481903076172 325.67357444763184
237.108154296875 300.2207946777344 263.39319229125977 300.2207946777344 263.39319229125977 325.6635437011719 237.108154296875 325.6635437011719
237.8819122314453 300.9674377441406 264.2366886138916 300.9674377441406 264.2366886138916 326.47768783569336 237.8819122314453 326.47768783569336
240.21206665039062 301.30859375 266.21894454956055 301.30859375 266.21894454956055 326.4955425262451 240.21206665039062 326.4955425262451
239.3107147216797 300.14837646484375 266.46888160705566 300.14837646484375 266.46888160705566 326.4362735748291 239.3107147216797 326.4362735748291
240.4166259765625 300.79595947265625 267.1551628112793 300.79595947265625 267.1551628112793 326.9894218444824 240.4166259765625 326.9894218444824
239.7790069580078 301.00311279296875 267.710262298584 301.00311279296875 267.710262298584 328.0393314361572 239.7790069580078 328.0393314361572
243.51058959960938 305.6920471191406 268.1324996948242 305.6920471191406 268.1324996948242 330.9184055328369 243.51058959960938 330.9184055328369
241.8429718017578 305.853271484375 268.8639373779297 305.853271484375 268.8639373779297 331.6502380371094 241.8429718017578 331.6502380371094
238.02993774414062 304.47503662109375 267.46680641174316 304.47503662109375 267.46680641174316 332.9686164855957 238.02993774414062 332.9686164855957
237.98190307617188 305.76904296875 267.68287086486816 305.76904296875 267.68287086486816 334.5182590484619 237.98190307617188 334.5182590484619
238.6761932373047 306.44281005859375 268.5305938720703 306.44281005859375 268.5305938720703 335.3405456542969 238.6761932373047 335.3405456542969
239.2176055908203 307.7110900878906 268.1490058898926 307.7110900878906 268.1490058898926 336.0396671295166 239.2176055908203 336.0396671295166
240.76998901367188 308.8312683105469 268.6259059906006 308.8312683105469 268.6259059906006 336.09035301208496 240.76998901367188 336.09035301208496
239.50497436523438 306.4755859375 269.8011226654053 306.4755859375 269.8011226654053 335.8009147644043 239.50497436523438 335.8009147644043
239.96572875976562 307.319091796875 270.2029209136963 307.319091796875 270.2029209136963 336.58735275268555 239.96572875976562 336.58735275268555
240.5294952392578 308.7486877441406 270.92852783203125 308.7486877441406 270.92852783203125 338.17360496520996 240.5294952392578 338.17360496520996
242.2601776123047 309.6346130371094 272.847864151001 309.6346130371094 272.847864151001 339.24213790893555 242.2601776123047 339.24213790893555
244.8041229248047 310.99737548828125 275.39883041381836 310.99737548828125 275.39883041381836 340.61169815063477 244.8041229248047 340.61169815063477
245.0082550048828 312.0597229003906 275.45981216430664 312.0597229003906 275.45981216430664 341.5354804992676 245.0082550048828 341.5354804992676
247.3811492919922 313.37713623046875 277.26589584350586 313.37713623046875 277.26589584350586 342.30424880981445 247.3811492919922 342.30424880981445
249.4530792236328 313.0697937011719 279.52635192871094 313.0697937011719 279.52635192871094 342.1793918609619 249.4530792236328 342.1793918609619
249.9390411376953 312.4571228027344 279.4096431732178 312.4571228027344 279.4096431732178 340.9833641052246 249.9390411376953 340.9833641052246
251.6812286376953 313.2048645019531 281.2450656890869 313.2048645019531 281.2450656890869 341.8213539123535 251.6812286376953 341.8213539123535
251.17880249023438 312.9312438964844 280.63698387145996 312.9312438964844 280.63698387145996 341.4454650878906 251.17880249023438 341.4454650878906
251.95962524414062 313.567138671875 281.6325874328613 313.567138671875 281.6325874328613 342.2892551422119 251.95962524414062 342.2892551422119
252.2276153564453 315.10552978515625 282.27166748046875 315.10552978515625 282.27166748046875 344.1868476867676 252.2276153564453 344.1868476867676
252.7108612060547 316.03887939453125 282.6741371154785 316.03887939453125 282.6741371154785 345.0420112609863 252.7108612060547 345.0420112609863
254.3011016845703 318.9900817871094 282.77190017700195 318.9900817871094 282.77190017700195 346.6353187561035 254.3011016845703 346.6353187561035
253.96713256835938 319.4033508300781 284.0312557220459 319.4033508300781 284.0312557220459 348.50410079956055 253.96713256835938 348.50410079956055
253.27029418945312 319.9293212890625 283.8958377838135 319.9293212890625 283.8958377838135 349.57350158691406 253.27029418945312 349.57350158691406
253.45651245117188 319.72894287109375 284.27455711364746 319.72894287109375 284.27455711364746 349.55945777893066 253.45651245117188 349.55945777893066
254.39224243164062 319.8735656738281 284.66314697265625 319.8735656738281 284.66314697265625 349.1744728088379 254.39224243164062 349.1744728088379
256.87518310546875 320.63519287109375 285.775089263916 320.63519287109375 285.775089263916 348.4651222229004 256.87518310546875 348.4651222229004
256.73126220703125 319.83770751953125 286.9639472961426 319.83770751953125 286.9639472961426 349.101619720459 256.73126220703125 349.101619720459
259.5586242675781 322.2558898925781 287.774959564209 322.2558898925781 287.774959564209 349.6276092529297 259.5586242675781 349.6276092529297
259.15264892578125 322.8291015625 288.9575901031494 322.8291015625 288.9575901031494 351.6789741516113 259.15264892578125 351.6789741516113
262.44671630859375 324.5885925292969 291.78198623657227 324.5885925292969 291.78198623657227 352.9838447570801 262.44671630859375 352.9838447570801
266.2520446777344 327.1151428222656 292.2049922943115 327.1151428222656 292.2049922943115 353.34970474243164 266.2520446777344 353.34970474243164
265.9310607910156 324.7132263183594 294.9415855407715 324.7132263183594 294.9415855407715 352.79413414001465 265.9310607910156 352.79413414001465
267.385986328125 324.199462890625 297.09433364868164 324.199462890625 297.09433364868164 352.95583152770996 267.385986328125 352.95583152770996
268.97918701171875 324.7257385253906 298.6359004974365 324.7257385253906 298.6359004974365 353.43212890625 268.97918701171875 353.43212890625
269.7239074707031 325.02886962890625 299.51597595214844 325.02886962890625 299.51597595214844 353.86627769470215 269.7239074707031 353.86627769470215
270.32513427734375 324.22601318359375 300.4800662994385 324.22601318359375 300.4800662994385 353.4146537780762 270.32513427734375 353.4146537780762
271.15509033203125 325.6477966308594 301.2421817779541 325.6477966308594 301.2421817779541 354.7707710266113 271.15509033203125 354.7707710266113
273.9764099121094 326.7828674316406 303.85950660705566 326.7828674316406 303.85950660705566 355.70838356018066 273.9764099121094 355.70838356018066
281.33892822265625 332.1320495605469 302.79487228393555 332.1320495605469 302.79487228393555 357.3882808685303 281.33892822265625 357.3882808685303
278.53765869140625 333.21026611328125 303.88746452331543 333.21026611328125 303.88746452331543 358.1371726989746 278.53765869140625 358.1371726989746
274.79034423828125 332.31134033203125 303.7611198425293 332.31134033203125 303.7611198425293 360.35376930236816 274.79034423828125 360.35376930236816
275.62640380859375 334.47869873046875 304.6588191986084 334.47869873046875 304.6588191986084 362.5807914733887 275.62640380859375 362.5807914733887
272.1641540527344 325.59515380859375 301.2166557312012 325.59515380859375 301.2166557312012 353.71669006347656 272.1641540527344 353.71669006347656
274.7369079589844 326.35284423828125 303.5987739562988 326.35284423828125 303.5987739562988 354.28985023498535 274.7369079589844 354.28985023498535
274.61328125 316.00067138671875 303.96845054626465 316.00067138671875 303.96845054626465 344.4151725769043 274.61328125 344.4151725769043
274.60528564453125 323.1897277832031 304.2340908050537 323.1897277832031 304.2340908050537 351.8690986633301 274.60528564453125 351.8690986633301
281.2973937988281 331.13006591796875 311.1236972808838 331.13006591796875 311.1236972808838 360.00060653686523 281.2973937988281 360.00060653686523
328.42919921875 331.57745361328125 354.4944953918457 331.57745361328125 354.4944953918457 358.1107177734375 328.42919921875 358.1107177734375
334.9573059082031 333.254150390625 359.3466911315918 333.254150390625 359.3466911315918 360.1981620788574 334.9573059082031 360.1981620788574
333.11981201171875 333.11004638671875 358.7840461730957 333.11004638671875 358.7840461730957 359.9398536682129 333.11981201171875 359.9398536682129
331.35223388671875 334.5573425292969 358.3875675201416 334.5573425292969 358.3875675201416 362.4467067718506 331.35223388671875 362.4467067718506
328.23004150390625 330.9366760253906 359.2218437194824 330.9366760253906 359.2218437194824 360.93536949157715 328.23004150390625 360.93536949157715
319.4620666503906 344.4910583496094 346.66257095336914 344.4910583496094 346.66257095336914 372.4518394470215 319.4620666503906 372.4518394470215
326.233642578125 335.2976989746094 357.0357418060303 335.2976989746094 357.0357418060303 365.11277198791504 326.233642578125 365.11277198791504
298.22589111328125 341.1866760253906 327.3349151611328 341.1866760253906 327.3349151611328 368.69280433654785 298.22589111328125 368.69280433654785
289.39886474609375 336.9566955566406 320.2954921722412 336.9566955566406 320.2954921722412 366.8632698059082 289.39886474609375 366.8632698059082
290.65185546875 338.9962463378906 321.853214263916 338.9962463378906 321.853214263916 369.1977882385254 290.65185546875 369.1977882385254
289.4479064941406 339.68817138671875 321.1539878845215 339.68817138671875 321.1539878845215 370.3782615661621 289.4479064941406 370.3782615661621
291.1497497558594 342.0647888183594 322.3398323059082 342.0647888183594 322.3398323059082 372.2554111480713 291.1497497558594 372.2554111480713
290.8748474121094 344.2690124511719 322.2515449523926 344.2690124511719 322.2515449523926 374.6402702331543 290.8748474121094 374.6402702331543
292.0726013183594 345.861572265625 323.59978103637695 345.861572265625 323.59978103637695 376.37849044799805 292.0726013183594 376.37849044799805
292.81793212890625 347.2797546386719 322.9871425628662 347.2797546386719 322.9871425628662 377.16926193237305 292.81793212890625 377.16926193237305
291.1936340332031 345.59381103515625 323.09875869750977 345.59381103515625 323.09875869750977 376.4765625 291.1936340332031 376.4765625
292.3760070800781 344.90216064453125 324.93982696533203 344.90216064453125 324.93982696533203 376.4224967956543 292.3760070800781 376.4224967956543
293.315673828125 343.83001708984375 326.0785827636719 343.83001708984375 326.0785827636719 375.54306411743164 293.315673828125 375.54306411743164
294.9556579589844 346.9764099121094 327.3070869445801 346.9764099121094 327.3070869445801 378.2911624908447 294.9556579589844 378.2911624908447
298.58795166015625 351.060791015625 327.8547668457031 351.060791015625 327.8547668457031 380.9306240081787 298.58795166015625 380.9306240081787
297.70782470703125 352.13775634765625 328.48601150512695 352.13775634765625 328.48601150512695 382.5061378479004 297.70782470703125 382.5061378479004
302.8200988769531 355.1607971191406 329.8680114746094 355.1607971191406 329.8680114746094 384.38831520080566 302.8200988769531 384.38831520080566
300.72845458984375 353.28314208984375 331.9366703033447 353.28314208984375 331.9366703033447 384.4460334777832 300.72845458984375 384.4460334777832
300.666748046875 351.50238037109375 333.33000564575195 351.50238037109375 333.33000564575195 383.1189765930176 300.666748046875 383.1189765930176
307.95819091796875 355.4828186035156 335.45512771606445 355.4828186035156 335.45512771606445 385.4736022949219 307.95819091796875 385.4736022949219
303.1750183105469 351.8077697753906 335.93775177001953 351.8077697753906 335.93775177001953 383.52065086364746 303.1750183105469 383.52065086364746
304.8834228515625 352.58062744140625 337.2626075744629 352.58062744140625 337.2626075744629 383.9222469329834 304.8834228515625 383.9222469329834
305.38739013671875 354.05169677734375 337.7077865600586 354.05169677734375 337.7077865600586 385.3364067077637 305.38739013671875 385.3364067077637
306.0750427246094 356.5221252441406 338.2939453125 356.5221252441406 338.2939453125 387.70859146118164 306.0750427246094 387.70859146118164
307.0830993652344 358.1288146972656 339.1222457885742 358.1288146972656 339.1222457885742 389.14128494262695 307.0830993652344 389.14128494262695
306.9029235839844 360.05657958984375 338.59113121032715 360.05657958984375 338.59113121032715 390.7293586730957 306.9029235839844 390.7293586730957
307.59222412109375 361.6333923339844 339.76906967163086 361.6333923339844 339.76906967163086 392.7791500091553 307.59222412109375 392.7791500091553
307.8309020996094 362.0396728515625 340.1524124145508 362.0396728515625 340.1524124145508 393.3254585266113 307.8309020996094 393.3254585266113
308.2934875488281 363.28985595703125 340.6653060913086 363.28985595703125 340.6653060913086 394.62434005737305 308.2934875488281 394.62434005737305
308.74786376953125 361.735107421875 340.9166069030762 361.735107421875 340.9166069030762 392.8730278015137 308.74786376953125 392.8730278015137
312.1541442871094 363.5942687988281 343.07370948791504 363.5942687988281 343.07370948791504 394.7102108001709 312.1541442871094 394.7102108001709
311.63446044921875 364.52874755859375 344.06175994873047 364.52874755859375 344.06175994873047 395.9169406890869 311.63446044921875 395.9169406890869
311.9147033691406 367.26153564453125 344.85853576660156 367.26153564453125 344.85853576660156 399.1497097015381 311.9147033691406 399.1497097015381
316.0318908691406 370.55804443359375 346.8418388366699 370.55804443359375 346.8418388366699 401.6238670349121 316.0318908691406 401.6238670349121
319.9440002441406 372.9178466796875 349.23061752319336 372.9178466796875 349.23061752319336 403.1570587158203 319.9440002441406 403.1570587158203
328.1493225097656 376.0462341308594 353.5790481567383 376.0462341308594 353.5790481567383 404.5719451904297 328.1493225097656 404.5719451904297
324.6893005371094 374.1671447753906 354.9965171813965 374.1671447753906 354.9965171813965 405.6158390045166 324.6893005371094 405.6158390045166
326.3388671875 374.6279602050781 355.4732265472412 374.6279602050781 355.4732265472412 406.5584354400635 326.3388671875 406.5584354400635
322.46417236328125 372.67474365234375 356.5167350769043 372.67474365234375 356.5167350769043 405.63611602783203 322.46417236328125 405.63611602783203
326.43548583984375 372.6498107910156 359.10568618774414 372.6498107910156 359.10568618774414 405.26376724243164 326.43548583984375 405.26376724243164
327.1290283203125 372.4438171386719 360.03255462646484 372.4438171386719 360.03255462646484 405.4123306274414 327.1290283203125 405.4123306274414
325.0788879394531 374.12017822265625 359.9956283569336 374.12017822265625 359.9956283569336 407.9180374145508 325.0788879394531 407.9180374145508
332.00201416015625 380.7560119628906 360.2624320983887 380.7560119628906 360.2624320983887 411.9937934875488 332.00201416015625 411.9937934875488
333.4414367675781 382.4205017089844 360.6227111816406 382.4205017089844 360.6227111816406 413.43645668029785 333.4414367675781 413.43645668029785
329.1866760253906 381.8056640625 361.40069580078125 381.8056640625 361.40069580078125 414.63447189331055 329.1866760253906 414.63447189331055
329.8867492675781 384.33172607421875 361.07243728637695 384.33172607421875 361.07243728637695 416.7931594848633 329.8867492675781 416.7931594848633
330.6114807128906 384.8970947265625 361.4316158294678 384.8970947265625 361.4316158294678 417.8062324523926 330.6114807128906 417.8062324523926
330.7284851074219 384.57257080078125 362.28098487854004 384.57257080078125 362.28098487854004 417.36634826660156 330.7284851074219 417.36634826660156
327.54437255859375 382.2873840332031 362.6403694152832 382.2873840332031 362.6403694152832 416.2587585449219 327.54437255859375 416.2587585449219
329.9364929199219 381.89697265625 364.32918548583984 381.89697265625 364.32918548583984 415.18758392333984 329.9364929199219 415.18758392333984
335.1820068359375 384.4056091308594 366.5298366546631 384.4056091308594 366.5298366546631 417.077938079834 335.1820068359375 417.077938079834
340.61224365234375 388.46087646484375 367.099645614624 388.46087646484375 367.099645614624 418.9034843444824 340.61224365234375 418.9034843444824
336.082763671875 385.76043701171875 369.4227714538574 385.76043701171875 369.4227714538574 418.86594009399414 336.082763671875 418.86594009399414
344.58526611328125 394.54473876953125 370.2254390716553 394.54473876953125 370.2254390716553 425.3584041595459 344.58526611328125 425.3584041595459
342.7702941894531 393.90576171875 372.6368064880371 393.90576171875 372.6368064880371 425.6182346343994 342.7702941894531 425.6182346343994
348.7622985839844 396.9073181152344 375.4686031341553 396.9073181152344 375.4686031341553 428.2225589752197 348.7622985839844 428.2225589752197
352.64715576171875 398.1081848144531 379.40893936157227 398.1081848144531 379.40893936157227 429.2797908782959 352.64715576171875 429.2797908782959
349.77734375 393.6725158691406 381.72124099731445 393.6725158691406 381.72124099731445 426.46849060058594 349.77734375 426.46849060058594
348.7962951660156 391.68914794921875 382.7555847167969 391.68914794921875 382.7555847167969 425.98523330688477 348.7962951660156 425.98523330688477
354.51416015625 395.5455017089844 382.17913246154785 395.5455017089844 382.17913246154785 427.4466133117676 354.51416015625 427.4466133117676
349.55902099609375 391.4972229003906 384.5642852783203 391.4972229003906 384.5642852783203 425.3807907104492 349.55902099609375 425.3807907104492
357.5653991699219 398.7215576171875 384.49433517456055 398.7215576171875 384.49433517456055 429.8109931945801 357.5653991699219 429.8109931945801
353.12646484375 398.0345458984375 386.0548095703125 398.0345458984375 386.0548095703125 430.98838806152344 353.12646484375 430.98838806152344
353.0451965332031 398.35003662109375 387.10297775268555 398.35003662109375 387.10297775268555 431.31647872924805 353.0451965332031 431.31647872924805
356.8907165527344 403.16864013671875 387.3265438079834 403.16864013671875 387.3265438079834 436.31075286865234 356.8907165527344 436.31075286865234
357.4142150878906 405.07037353515625 387.8746337890625 405.07037353515625 387.8746337890625 437.34814453125 357.4142150878906 437.34814453125
354.7525939941406 402.91802978515625 389.4936332702637 402.91802978515625 389.4936332702637 436.545841217041 354.7525939941406 436.545841217041
357.10870361328125 405.48773193359375 389.64209747314453 405.48773193359375 389.64209747314453 438.8136749267578 357.10870361328125 438.8136749267578
356.48809814453125 403.47698974609375 391.82315826416016 403.47698974609375 391.82315826416016 437.67978286743164 356.48809814453125 437.67978286743164
363.89007568359375 406.90057373046875 390.8179512023926 406.90057373046875 390.8179512023926 439.538761138916 363.89007568359375 439.538761138916
366.98388671875 407.7674560546875 393.71469497680664 407.7674560546875 393.71469497680664 440.88578033447266 366.98388671875 440.88578033447266
367.49725341796875 409.3208923339844 395.0784797668457 409.3208923339844 395.0784797668457 442.4425506591797 367.49725341796875 442.4425506591797
365.11688232421875 408.8493957519531 398.0460090637207 408.8493957519531 398.0460090637207 443.05968475341797 365.11688232421875 443.05968475341797
365.38568115234375 409.5682067871094 401.25927352905273 409.5682067871094 401.25927352905273 444.29227447509766 365.38568115234375 444.29227447509766
376.03826904296875 415.4505310058594 403.75954818725586 415.4505310058594 403.75954818725586 448.96714782714844 376.03826904296875 448.96714782714844
377.1928405761719 417.30426025390625 407.18813133239746 417.30426025390625 407.18813133239746 450.4975357055664 377.1928405761719 450.4975357055664
379.78839111328125 417.8827209472656 408.52370834350586 417.8827209472656 408.52370834350586 451.66559982299805 379.78839111328125 451.66559982299805
377.642822265625 413.873779296875 412.0223579406738 413.873779296875 412.0223579406738 448.38812255859375 377.642822265625 448.38812255859375
376.40765380859375 414.26202392578125 412.95446014404297 414.26202392578125 412.95446014404297 449.6377410888672 376.40765380859375 449.6377410888672
376.85308837890625 413.30877685546875 413.96337509155273 413.30877685546875 413.96337509155273 449.2299156188965 376.85308837890625 449.2299156188965
385.2447814941406 420.07879638671875 415.54453468322754 420.07879638671875 415.54453468322754 454.7060852050781 385.2447814941406 454.7060852050781
383.62762451171875 418.79266357421875 416.7934684753418 418.79266357421875 416.7934684753418 453.7339210510254 383.62762451171875 453.7339210510254
387.1329040527344 424.6170959472656 417.5451965332031 424.6170959472656 417.5451965332031 459.0345802307129 387.1329040527344 459.0345802307129
380.3138122558594 420.739501953125 417.1338882446289 420.739501953125 417.1338882446289 456.37972259521484 380.3138122558594 456.37972259521484
381.7140808105469 422.8157653808594 419.09620666503906 422.8157653808594 419.09620666503906 459.0000228881836 381.7140808105469 459.0000228881836
382.3454284667969 423.12554931640625 419.40749740600586 423.12554931640625 419.40749740600586 459.00000762939453 382.3454284667969 459.00000762939453
383.32958984375 423.4261779785156 420.0811004638672 423.4261779785156 420.0811004638672 459.0000305175781 383.32958984375 459.0000305175781
386.2355651855469 424.35272216796875 422.02978515625 424.35272216796875 422.02978515625 458.9999580383301 386.2355651855469 458.9999580383301
396.6602478027344 429.4554138183594 422.6661891937256 429.4554138183594 422.6661891937256 458.9091281890869 396.6602478027344 458.9091281890869
391.4710998535156 426.96112060546875 424.0496597290039 426.96112060546875 424.0496597290039 459.0960464477539 391.4710998535156 459.0960464477539
392.780517578125 426.74627685546875 426.1019477844238 426.74627685546875 426.1019477844238 458.9999580383301 392.780517578125 458.9999580383301
398.0462341308594 427.9241638183594 430.1508255004883 427.9241638183594 430.1508255004883 459.0 398.0462341308594 459.0
399.30804443359375 428.3688049316406 430.9532871246338 428.3688049316406 430.9532871246338 459.0000114440918 399.30804443359375 459.0000114440918
402.5783386230469 407.65692138671875 434.2787971496582 407.65692138671875 434.2787971496582 438.3415718078613 402.5783386230469 438.3415718078613
398.5244445800781 398.1171875 430.6377639770508 398.1171875 430.6377639770508 429.20147132873535 398.5244445800781 429.20147132873535
382.0130310058594 394.20233154296875 413.9812831878662 394.20233154296875 413.9812831878662 425.1462001800537 382.0130310058594 425.1462001800537
375.01800537109375 386.6222839355469 407.0965270996094 386.6222839355469 407.0965270996094 417.672887802124 375.01800537109375 417.672887802124
375.2230224609375 387.32415771484375 406.7949562072754 387.32415771484375 406.7949562072754 417.8844051361084 375.2230224609375 417.8844051361084
374.56817626953125 386.035888671875 406.0779609680176 386.035888671875 406.0779609680176 416.5359764099121 374.56817626953125 416.5359764099121
377.5826416015625 383.1424865722656 409.44497299194336 383.1424865722656 409.44497299194336 413.9838218688965 377.5826416015625 413.9838218688965
401.40087890625 369.091552734375 433.1490840911865 369.091552734375 433.1490840911865 399.8224220275879 401.40087890625 399.8224220275879
397.5829162597656 366.63031005859375 428.93359375 366.63031005859375 428.93359375 396.97639083862305 397.5829162597656 396.97639083862305
370.3888854980469 379.623291015625 401.65989112854004 379.623291015625 401.65989112854004 409.8922538757324 370.3888854980469 409.8922538757324
380.16741943359375 386.60662841796875 412.49449157714844 386.60662841796875 412.49449157714844 417.89781761169434 380.16741943359375 417.89781761169434
378.9754638671875 383.9083557128906 411.3134231567383 383.9083557128906 411.3134231567383 415.21008682250977 378.9754638671875 415.21008682250977
398.8593444824219 374.32818603515625 430.4239082336426 374.32818603515625 430.4239082336426 404.8813056945801 398.8593444824219 404.8813056945801
388.01007080078125 369.968017578125 420.18031311035156 369.968017578125 420.18031311035156 401.1074104309082 388.01007080078125 401.1074104309082
374.2988586425781 374.8462829589844 407.1665725708008 374.8462829589844 407.1665725708008 406.6608009338379 374.2988586425781 406.6608009338379
380.47979736328125 389.42510986328125 413.3147659301758 389.42510986328125 413.3147659301758 421.2079277038574 380.47979736328125 421.2079277038574
380.3880310058594 388.70794677734375 413.20115661621094 388.70794677734375 413.20115661621094 420.46961975097656 380.3880310058594 420.46961975097656
392.457763671875 365.64288330078125 425.5443305969238 365.64288330078125 425.5443305969238 397.6692352294922 392.457763671875 397.6692352294922
388.759033203125 365.6859436035156 421.8399848937988 365.6859436035156 421.8399848937988 397.70685958862305 388.759033203125 397.70685958862305
381.4071044921875 389.4608154296875 414.61103439331055 389.4608154296875 414.61103439331055 421.60076904296875 381.4071044921875 421.60076904296875
