541.0 336.0 577.0 336.0 577.0 404.0 541.0 404.0
539.2100830078125 333.5755310058594 574.7626647949219 333.5755310058594 574.7626647949219 402.80455780029297 539.2100830078125 402.80455780029297
537.8682861328125 330.00714111328125 572.4140548706055 330.00714111328125 572.4140548706055 399.4136657714844 537.8682861328125 399.4136657714844
535.8192749023438 327.4525146484375 571.7530059814453 327.4525146484375 571.7530059814453 395.3273391723633 535.8192749023438 395.3273391723633
533.8814697265625 324.8803405761719 569.7694816589355 324.8803405761719 569.7694816589355 392.66880798339844 533.8814697265625 392.66880798339844
531.3331909179688 321.0174865722656 566.2319107055664 321.0174865722656 566.2319107055664 386.9372863769531 531.3331909179688 386.9372863769531
529.3956298828125 317.2504577636719 564.6556015014648 317.2504577636719 564.6556015014648 383.85262298583984 529.3956298828125 383.85262298583984
526.0147705078125 315.63623046875 561.0511741638184 315.63623046875 561.0511741638184 381.8160934448242 526.0147705078125 381.8160934448242
524.7505493164062 312.8457946777344 559.9833831787109 312.8457946777344 559.9833831787109 381.5095520019531 524.7505493164062 381.5095520019531
520.9031372070312 309.550537109375 556.1762619018555 309.550537109375 556.1762619018555 377.3284454345703 520.9031372070312 377.3284454345703
520.3868408203125 307.134033203125 556.3302955627441 307.134033203125 556.3302955627441 376.1529235839844 520.3868408203125 376.1529235839844
518.0511474609375 301.2792663574219 554.4454154968262 301.2792663574219 554.4454154968262 372.3479766845703 518.0511474609375 372.3479766845703
517.2435913085938 299.31756591796875 553.3268890380859 299.31756591796875 553.3268890380859 367.4748992919922 517.2435913085938 367.4748992919922
513.8652954101562 295.49932861328125 548.3325881958008 295.49932861328125 548.3325881958008 365.3768005371094 513.8652954101562 365.3768005371094
512.8610229492188 291.40777587890625 548.5622787475586 291.40777587890625 548.5622787475586 361.10182189941406 512.8610229492188 361.10182189941406
511.94683837890625 287.9971923828125 548.1987838745117 287.9971923828125 548.1987838745117 356.4730758666992 511.94683837890625 356.4730758666992
508.16033935546875 281.1309814453125 544.0309791564941 281.1309814453125 544.0309791564941 351.0930862426758 508.16033935546875 351.0930862426758
507.0293884277344 277.53021240234375 539.427978515625 277.53021240234375 539.427978515625 352.87137603759766 507.0293884277344 352.87137603759766
503.21380615234375 274.448974609375 536.4184837341309 274.448974609375 536.4184837341309 344.8936004638672 503.21380615234375 344.8936004638672
502.02490234375 271.770263671875 535.798023223877 271.770263671875 535.798023223877 343.9285125732422 502.02490234375 343.9285125732422
500.001953125 270.234375 533.7007598876953 270.234375 533.7007598876953 340.4560089111328 500.001953125 340.4560089111328
498.3284606933594 267.1790771484375 531.9587020874023 267.1790771484375 531.9587020874023 338.7759017944336 498.3284606933594 338.7759017944336
495.16552734375 264.16400146484375 531.1848640441895 264.16400146484375 531.1848640441895 332.2005081176758 495.16552734375 332.2005081176758
493.4364318847656 261.1897888183594 529.0816421508789 261.1897888183594 529.0816421508789 328.5196075439453 493.4364318847656 328.5196075439453
490.4839782714844 257.3161315917969 524.7470397949219 257.3161315917969 524.7470397949219 328.3240661621094 490.4839782714844 328.3240661621094
487.0547790527344 252.38748168945312 522.8694114685059 252.38748168945312 522.8694114685059 323.0612335205078 487.0547790527344 323.0612335205078
486.00537109375 248.0380401611328 521.1128578186035 248.0380401611328 521.1128578186035 320.84957122802734 486.00537109375 320.84957122802734
484.1904296875 245.8125457763672 521.0619773864746 245.8125457763672 521.0619773864746 315.45877838134766 484.1904296875 315.45877838134766
482.1498107910156 240.9086151123047 516.9209365844727 240.9086151123047 516.9209365844727 311.73714447021484 482.1498107910156 311.73714447021484
481.129638671875 238.26498413085938 515.5427894592285 238.26498413085938 515.5427894592285 310.8199920654297 481.129638671875 310.8199920654297
479.1517639160156 237.19332885742188 514.5859794616699 237.19332885742188 514.5859794616699 306.73841857910156 479.1517639160156 306.73841857910156
477.16705322265625 232.3664093017578 512.5497779846191 232.3664093017578 512.5497779846191 301.8124237060547 477.16705322265625 301.8124237060547
476.03924560546875 230.4934844970703 512.2379531860352 230.4934844970703 512.2379531860352 300.38439178466797 476.03924560546875 300.38439178466797
473.7909240722656 225.08755493164062 509.83309173583984 225.08755493164062 509.83309173583984 293.1671600341797 473.7909240722656 293.1671600341797
473.5400390625 223.54550170898438 509.95886993408203 223.54550170898438 509.95886993408203 292.3365936279297 473.5400390625 292.3365936279297
470.1514587402344 219.7960662841797 506.1665382385254 219.7960662841797 506.1665382385254 287.8245162963867 470.1514587402344 287.8245162963867
467.38153076171875 211.5200653076172 502.29465103149414 211.5200653076172 502.29465103149414 282.87776947021484 467.38153076171875 282.87776947021484
465.8793029785156 207.49252319335938 499.7481689453125 207.49252319335938 499.7481689453125 282.8673858642578 465.8793029785156 282.8673858642578
463.7828063964844 206.5274200439453 499.03181076049805 206.5274200439453 499.03181076049805 277.98248291015625 463.7828063964844 277.98248291015625
461.2392578125 202.6492462158203 495.7582321166992 202.6492462158203 495.7582321166992 275.2533874511719 461.2392578125 275.2533874511719
458.7428283691406 200.38583374023438 494.53243255615234 200.38583374023438 494.53243255615234 271.4409942626953 458.7428283691406 271.4409942626953
455.1685485839844 195.7590789794922 490.5048484802246 195.7590789794922 490.5048484802246 268.76885986328125 455.1685485839844 268.76885986328125
454.2012634277344 193.56031799316406 491.63036727905273 193.56031799316406 491.63036727905273 265.18579864501953 454.2012634277344 265.18579864501953
451.8687438964844 188.75753784179688 488.4461135864258 188.75753784179688 488.4461135864258 262.18895721435547 451.8687438964844 262.18895721435547
449.12762451171875 184.46717834472656 485.4045181274414 184.46717834472656 485.4045181274414 258.4659118652344 449.12762451171875 258.4659118652344
448.27886962890625 179.3886260986328 484.82442474365234 179.3886260986328 484.82442474365234 253.21046447753906 448.27886962890625 253.21046447753906
447.34442138671875 181.2025909423828 484.15778732299805 181.2025909423828 484.15778732299805 252.0486831665039 447.34442138671875 252.0486831665039
444.80487060546875 183.03585815429688 481.11460876464844 183.03585815429688 481.11460876464844 254.00476837158203 444.80487060546875 254.00476837158203
443.7162170410156 182.2586669921875 479.14123153686523 182.2586669921875 479.14123153686523 255.9952392578125 443.7162170410156 255.9952392578125
441.04437255859375 183.1859893798828 478.2069282531738 183.1859893798828 478.2069282531738 254.86344146728516 441.04437255859375 254.86344146728516
437.752197265625 183.6497344970703 474.5554885864258 183.6497344970703 474.5554885864258 254.21102905273438 437.752197265625 254.21102905273438
437.4662170410156 184.07504272460938 474.6936836242676 184.07504272460938 474.6936836242676 254.39353942871094 437.4662170410156 254.39353942871094
435.70428466796875 184.97547912597656 472.9540557861328 184.97547912597656 472.9540557861328 255.3361053466797 435.70428466796875 255.3361053466797
433.68646240234375 182.1422882080078 471.34461212158203 182.1422882080078 471.34461212158203 253.27429962158203 433.68646240234375 253.27429962158203
428.84747314453125 181.5399169921875 466.2449760437012 181.5399169921875 466.2449760437012 254.1724853515625 428.84747314453125 254.1724853515625
427.09478759765625 184.28611755371094 464.56493377685547 184.28611755371094 464.56493377685547 256.54566955566406 427.09478759765625 256.54566955566406
426.0225524902344 184.90475463867188 463.51313400268555 184.90475463867188 463.51313400268555 255.7202606201172 426.0225524902344 255.7202606201172
422.563720703125 186.04379272460938 460.12890243530273 186.04379272460938 460.12890243530273 257.0001983642578 422.563720703125 257.0001983642578
420.2724609375 185.2583465576172 457.9445571899414 185.2583465576172 457.9445571899414 256.4166946411133 420.2724609375 256.4166946411133
418.5011291503906 186.90066528320312 456.03045654296875 186.90066528320312 456.03045654296875 257.7893371582031 418.5011291503906 257.7893371582031
415.4895935058594 185.1720428466797 453.05371856689453 185.1720428466797 453.05371856689453 256.1264343261719 415.4895935058594 256.1264343261719
414.13446044921875 188.6999053955078 451.14228439331055 188.6999053955078 451.14228439331055 258.60350799560547 414.13446044921875 258.60350799560547
412.7591247558594 186.48501586914062 450.08197021484375 186.48501586914062 450.08197021484375 256.98365783691406 412.7591247558594 256.98365783691406
409.76336669921875 187.54908752441406 447.2218475341797 187.54908752441406 447.2218475341797 258.3039245605469 409.76336669921875 258.3039245605469
407.9656677246094 187.34677124023438 446.1806869506836 187.34677124023438 446.1806869506836 259.53062438964844 407.9656677246094 259.53062438964844
404.456298828125 190.21328735351562 442.63236236572266 190.21328735351562 442.63236236572266 262.3235549926758 404.456298828125 262.3235549926758
405.3257751464844 188.88174438476562 443.69242095947266 188.88174438476562 443.69242095947266 261.3519973754883 405.3257751464844 261.3519973754883
402.4772033691406 188.58804321289062 442.15221786499023 188.58804321289062 442.15221786499023 263.52965545654297 402.4772033691406 263.52965545654297
399.97174072265625 189.00477600097656 438.85399627685547 189.00477600097656 438.85399627685547 262.44895935058594 399.97174072265625 262.44895935058594
398.2825012207031 187.72384643554688 437.2480163574219 187.72384643554688 437.2480163574219 261.32530212402344 398.2825012207031 261.32530212402344
397.2188720703125 181.60899353027344 436.30364990234375 181.60899353027344 436.30364990234375 255.43572235107422 397.2188720703125 255.43572235107422
394.0501403808594 175.3374786376953 433.11829376220703 175.3374786376953 433.11829376220703 249.1328125 394.0501403808594 249.1328125
392.748779296875 170.5472869873047 432.0638427734375 170.5472869873047 432.0638427734375 244.8090057373047 392.748779296875 244.8090057373047
391.942138671875 166.6341094970703 431.36075592041016 166.6341094970703 431.36075592041016 241.0914306640625 391.942138671875 241.0914306640625
391.2338562011719 164.30514526367188 430.77547454833984 164.30514526367188 430.77547454833984 238.9947967529297 391.2338562011719 238.9947967529297
388.2747497558594 163.4658966064453 428.0671806335449 163.4658966064453 428.0671806335449 238.62930297851562 388.2747497558594 238.62930297851562
387.4464111328125 159.96456909179688 427.5813751220703 159.96456909179688 427.5813751220703 235.77497100830078 387.4464111328125 235.77497100830078
379.363525390625 159.84266662597656 419.2709159851074 159.84266662597656 419.2709159851074 235.22320556640625 379.363525390625 235.22320556640625
380.3296813964844 160.71932983398438 419.38420486450195 160.71932983398438 419.38420486450195 234.48889923095703 380.3296813964844 234.48889923095703
380.7750549316406 158.77651977539062 419.8234329223633 158.77651977539062 419.8234329223633 232.53447723388672 380.7750549316406 232.53447723388672
389.12469482421875 160.2801513671875 428.6799430847168 160.2801513671875 428.6799430847168 234.9955291748047 389.12469482421875 234.9955291748047
377.60882568359375 159.356689453125 417.2608833312988 159.356689453125 417.2608833312988 234.25492095947266 377.60882568359375 234.25492095947266
375.36175537109375 160.9199676513672 414.80701446533203 160.9199676513672 414.80701446533203 235.42758178710938 375.36175537109375 235.42758178710938
374.85247802734375 161.27389526367188 413.60462951660156 161.27389526367188 413.60462951660156 234.47230529785156 374.85247802734375 234.47230529785156
374.3135681152344 160.67898559570312 413.0041160583496 160.67898559570312 413.0041160583496 233.76103973388672 374.3135681152344 233.76103973388672
373.0387878417969 160.44210815429688 411.6273727416992 160.44210815429688 411.6273727416992 233.33157348632812 373.0387878417969 233.33157348632812
372.74896240234375 160.6931915283203 411.2859191894531 160.6931915283203 411.2859191894531 233.48513793945312 372.74896240234375 233.48513793945312
386.3521728515625 159.45993041992188 425.3675765991211 159.45993041992188 425.3675765991211 233.1555938720703 386.3521728515625 233.1555938720703
392.8419189453125 162.7165985107422 431.7515182495117 162.7165985107422 431.7515182495117 236.21241760253906 392.8419189453125 236.21241760253906
391.79052734375 163.04795837402344 431.1421432495117 163.04795837402344 431.1421432495117 237.37869262695312 391.79052734375 237.37869262695312
384.4770202636719 160.1333465576172 423.8292579650879 160.1333465576172 423.8292579650879 234.4652557373047 384.4770202636719 234.4652557373047
379.0852966308594 159.72305297851562 418.2936897277832 159.72305297851562 418.2936897277832 233.78325653076172 379.0852966308594 233.78325653076172
369.664794921875 163.025146484375 408.9801940917969 163.025146484375 408.9801940917969 237.28746032714844 369.664794921875 237.28746032714844
358.79107666015625 162.99032592773438 398.1363830566406 162.99032592773438 398.1363830566406 237.3091278076172 358.79107666015625 237.3091278076172
352.1722106933594 162.5010528564453 392.23299407958984 162.5010528564453 392.23299407958984 238.17130279541016 352.1722106933594 238.17130279541016
344.4693298339844 159.5815887451172 384.1281280517578 159.5815887451172 384.1281280517578 234.49253845214844 344.4693298339844 234.49253845214844
339.2197265625 159.11233520507812 378.5785446166992 159.11233520507812 378.5785446166992 233.45664978027344 339.2197265625 233.45664978027344
328.5489807128906 158.92481994628906 368.30517578125 158.92481994628906 368.30517578125 234.01973724365234 328.5489807128906 234.01973724365234
329.3839111328125 157.9193115234375 368.93808364868164 157.9193115234375 368.93808364868164 232.63262176513672 329.3839111328125 232.63262176513672
318.88079833984375 162.17190551757812 358.5594062805176 162.17190551757812 358.5594062805176 237.12025451660156 318.88079833984375 237.12025451660156
310.09307861328125 161.90736389160156 350.0029602050781 161.90736389160156 350.0029602050781 237.2925567626953 310.09307861328125 237.2925567626953
309.5700988769531 160.877685546875 349.44991302490234 160.877685546875 349.44991302490234 236.20609283447266 309.5700988769531 236.20609283447266
301.9513854980469 162.0392608642578 341.8372039794922 162.0392608642578 341.8372039794922 237.37901306152344 301.9513854980469 237.37901306152344
294.1198425292969 163.23330688476562 334.2938232421875 163.23330688476562 334.2938232421875 239.11736297607422 294.1198425292969 239.11736297607422
293.98870849609375 163.4830322265625 335.06568145751953 163.4830322265625 335.06568145751953 241.0727310180664 293.98870849609375 241.0727310180664
294.11614990234375 161.61813354492188 335.4139289855957 161.61813354492188 335.4139289855957 239.6249008178711 294.11614990234375 239.6249008178711
297.14892578125 161.0657501220703 339.5960807800293 161.0657501220703 339.5960807800293 241.24356079101562 297.14892578125 241.24356079101562
295.7144775390625 162.16244506835938 338.2447700500488 162.16244506835938 338.2447700500488 242.49729919433594 295.7144775390625 242.49729919433594
295.94622802734375 159.19300842285156 339.1876907348633 159.19300842285156 339.1876907348633 240.87118530273438 295.94622802734375 240.87118530273438
297.8052673339844 159.51498413085938 341.0513458251953 159.51498413085938 341.0513458251953 241.20188903808594 297.8052673339844 241.20188903808594
295.2913513183594 160.00184631347656 338.90718841552734 160.00184631347656 338.90718841552734 242.38717651367188 295.2913513183594 242.38717651367188
295.9068603515625 158.55990600585938 339.5752983093262 158.55990600585938 339.5752983093262 241.0446014404297 295.9068603515625 241.0446014404297
294.34564208984375 157.46542358398438 338.9545440673828 157.46542358398438 338.9545440673828 241.72654724121094 294.34564208984375 241.72654724121094
295.461181640625 158.61734008789062 340.7362289428711 158.61734008789062 340.7362289428711 244.13673400878906 295.461181640625 244.13673400878906
295.20416259765625 157.16952514648438 340.2891616821289 157.16952514648438 340.2891616821289 242.32994842529297 295.20416259765625 242.32994842529297
294.44708251953125 156.5557098388672 339.8664741516113 156.5557098388672 339.8664741516113 242.34776306152344 294.44708251953125 242.34776306152344
296.76531982421875 158.82778930664062 342.0487747192383 158.82778930664062 342.0487747192383 244.36307525634766 296.76531982421875 244.36307525634766
295.1776123046875 158.21755981445312 340.6258773803711 158.21755981445312 340.6258773803711 244.06415557861328 295.1776123046875 244.06415557861328
294.2885437011719 155.9343719482422 340.5647163391113 155.9343719482422 340.5647163391113 243.34478759765625 294.2885437011719 243.34478759765625
293.63720703125 154.9302215576172 339.8739242553711 154.9302215576172 339.8739242553711 242.26611328125 293.63720703125 242.26611328125
292.0366516113281 155.3777313232422 339.15202713012695 155.3777313232422 339.15202713012695 244.37330627441406 292.0366516113281 244.37330627441406
293.7402038574219 154.47677612304688 342.06552505493164 154.47677612304688 342.06552505493164 245.75779724121094 293.7402038574219 245.75779724121094
292.8929748535156 152.70584106445312 341.68504333496094 152.70584106445312 341.68504333496094 244.86849212646484 292.8929748535156 244.86849212646484
291.33538818359375 151.53993225097656 341.05912017822266 151.53993225097656 341.05912017822266 245.46238708496094 291.33538818359375 245.46238708496094
292.6136779785156 151.04600524902344 342.8272476196289 151.04600524902344 342.8272476196289 245.89370727539062 292.6136779785156 245.89370727539062
292.076171875 150.50588989257812 343.00112533569336 150.50588989257812 343.00112533569336 246.69732666015625 292.076171875 246.69732666015625
291.38677978515625 151.19900512695312 341.5522346496582 151.19900512695312 341.5522346496582 245.95582580566406 291.38677978515625 245.95582580566406
293.4613342285156 153.35116577148438 342.57479095458984 153.35116577148438 342.57479095458984 246.12088012695312 293.4613342285156 246.12088012695312
295.0548095703125 152.56448364257812 344.74881744384766 152.56448364257812 344.74881744384766 246.43079376220703 295.0548095703125 246.43079376220703
292.6436767578125 150.8287353515625 342.4215278625488 150.8287353515625 342.4215278625488 244.8534164428711 292.6436767578125 244.8534164428711
292.02459716796875 151.89468383789062 342.7029685974121 151.89468383789062 342.7029685974121 247.62035369873047 292.02459716796875 247.62035369873047
291.933349609375 150.4361572265625 343.8465805053711 150.4361572265625 343.8465805053711 248.4943389892578 291.933349609375 248.4943389892578
291.0876159667969 150.36807250976562 342.71678924560547 150.36807250976562 342.71678924560547 247.88970184326172 291.0876159667969 247.88970184326172
293.59259033203125 150.59915161132812 345.3732719421387 150.59915161132812 345.3732719421387 248.40696716308594 293.59259033203125 248.40696716308594
292.2420349121094 150.38156127929688 343.5722961425781 150.38156127929688 343.5722961425781 247.33859252929688 292.2420349121094 247.33859252929688
292.11236572265625 150.48916625976562 343.2149467468262 150.48916625976562 343.2149467468262 247.0161361694336 292.11236572265625 247.0161361694336
291.0916442871094 149.62539672851562 342.4436454772949 149.62539672851562 342.4436454772949 246.62349700927734 291.0916442871094 246.62349700927734
292.10211181640625 150.6555938720703 342.79801177978516 150.6555938720703 342.79801177978516 246.4143829345703 292.10211181640625 246.4143829345703
290.0702819824219 152.5469970703125 340.77111434936523 152.5469970703125 340.77111434936523 248.3151092529297 290.0702819824219 248.3151092529297
293.4424743652344 151.38392639160156 344.16500091552734 151.38392639160156 344.16500091552734 247.19302368164062 293.4424743652344 247.19302368164062
291.6087951660156 151.6829071044922 342.35196685791016 151.6829071044922 342.35196685791016 247.53099822998047 291.6087951660156 247.53099822998047
294.22113037109375 151.06661987304688 345.4319953918457 151.06661987304688 345.4319953918457 247.79812622070312 294.22113037109375 247.79812622070312
292.7668151855469 150.74075317382812 344.08015060424805 150.74075317382812 344.08015060424805 247.6658172607422 292.7668151855469 247.6658172607422
293.8081359863281 150.55923461914062 345.13062286376953 150.55923461914062 345.13062286376953 247.5015869140625 293.8081359863281 247.5015869140625
293.8861389160156 151.27317810058594 344.61254501342773 151.27317810058594 344.61254501342773 247.08960723876953 293.8861389160156 247.08960723876953
291.37933349609375 150.93983459472656 342.0852737426758 150.93983459472656 342.0852737426758 246.7176055908203 291.37933349609375 246.7176055908203
292.23748779296875 151.19662475585938 342.52846908569336 151.19662475585938 342.52846908569336 246.19058227539062 292.23748779296875 246.19058227539062
292.99334716796875 151.87655639648438 343.01631927490234 151.87655639648438 343.01631927490234 246.36427307128906 292.99334716796875 246.36427307128906
292.51544189453125 150.76248168945312 342.78196716308594 150.76248168945312 342.78196716308594 245.7102508544922 292.51544189453125 245.7102508544922
292.6142578125 151.54681396484375 342.97241973876953 151.54681396484375 342.97241973876953 246.66767120361328 292.6142578125 246.66767120361328
293.6365661621094 152.8807373046875 343.4915237426758 152.8807373046875 343.4915237426758 247.0511016845703 293.6365661621094 247.0511016845703
293.9417724609375 152.02584838867188 344.55802154541016 152.02584838867188 344.55802154541016 247.6342010498047 293.9417724609375 247.6342010498047
294.3916320800781 150.1249542236328 345.60482025146484 150.1249542236328 345.60482025146484 246.86085510253906 294.3916320800781 246.86085510253906
292.7911682128906 149.9938201904297 344.1847457885742 149.9938201904297 344.1847457885742 247.0704574584961 292.7911682128906 247.0704574584961
291.36505126953125 149.86691284179688 343.12164306640625 149.86691284179688 343.12164306640625 247.62923431396484 291.36505126953125 247.62923431396484
296.0899353027344 149.4922332763672 348.9415092468262 149.4922332763672 348.9415092468262 249.32284545898438 296.0899353027344 249.32284545898438
296.82354736328125 150.05982971191406 349.19091796875 150.05982971191406 349.19091796875 248.975830078125 296.82354736328125 248.975830078125
307.7071228027344 148.64035034179688 360.19794845581055 148.64035034179688 360.19794845581055 247.78954315185547 307.7071228027344 247.78954315185547
312.40509033203125 147.34854125976562 364.90755462646484 147.34854125976562 364.90755462646484 246.51972198486328 312.40509033203125 246.51972198486328
320.77471923828125 150.05068969726562 373.3588333129883 150.05068969726562 373.3588333129883 249.3760986328125 320.77471923828125 249.3760986328125
328.0748596191406 150.60116577148438 380.16447830200195 150.60116577148438 380.16447830200195 248.99252319335938 328.0748596191406 248.99252319335938
334.58984375 149.05569458007812 386.6834526062012 149.05569458007812 386.6834526062012 247.45459747314453 334.58984375 247.45459747314453
341.9620056152344 150.01882934570312 394.2739791870117 150.01882934570312 394.2739791870117 248.8302001953125 341.9620056152344 248.8302001953125
347.8075256347656 149.8027801513672 400.4180488586426 149.8027801513672 400.4180488586426 249.17808532714844 347.8075256347656 249.17808532714844
351.90740966796875 149.36257934570312 405.33869552612305 149.36257934570312 405.33869552612305 250.28821563720703 351.90740966796875 250.28821563720703
358.7654724121094 147.35208129882812 412.3587532043457 147.35208129882812 412.3587532043457 248.58370971679688 358.7654724121094 248.58370971679688
362.677001953125 148.24801635742188 416.88135528564453 148.24801635742188 416.88135528564453 250.63389587402344 362.677001953125 250.63389587402344
373.03424072265625 147.70765686035156 426.79308319091797 147.70765686035156 426.79308319091797 249.25201416015625 373.03424072265625 249.25201416015625
375.63580322265625 148.9567413330078 428.7986030578613 148.9567413330078 428.7986030578613 249.375244140625 375.63580322265625 249.375244140625
383.72747802734375 148.2721405029297 436.4160385131836 148.2721405029297 436.4160385131836 247.79485321044922 383.72747802734375 247.79485321044922
391.3119812011719 148.9230499267578 443.7834777832031 148.9230499267578 443.7834777832031 248.0357666015625 391.3119812011719 248.0357666015625
395.5367431640625 148.5071258544922 448.5133857727051 148.5071258544922 448.5133857727051 248.57400512695312 395.5367431640625 248.57400512695312
399.04901123046875 146.19009399414062 452.5942077636719 146.19009399414062 452.5942077636719 247.3309097290039 399.04901123046875 247.3309097290039
406.153076171875 147.54928588867188 459.90100860595703 147.54928588867188 459.90100860595703 249.07305145263672 406.153076171875 249.07305145263672
412.314453125 147.0089569091797 465.12983322143555 147.0089569091797 465.12983322143555 246.77123260498047 412.314453125 246.77123260498047
418.96551513671875 148.9089813232422 472.37458419799805 148.9089813232422 472.37458419799805 249.79266357421875 418.96551513671875 249.79266357421875
423.6880798339844 147.5181884765625 476.9711799621582 147.5181884765625 476.9711799621582 248.16392517089844 423.6880798339844 248.16392517089844
427.78955078125 145.12277221679688 481.54991912841797 145.12277221679688 481.54991912841797 246.6700210571289 427.78955078125 246.6700210571289
432.2650451660156 146.75711059570312 486.7144470214844 146.75711059570312 486.7144470214844 249.60585021972656 432.2650451660156 249.60585021972656
439.76031494140625 146.3776092529297 494.0691604614258 146.3776092529297 494.0691604614258 248.96084594726562 439.76031494140625 248.96084594726562
444.4039001464844 143.12261962890625 500.29618072509766 143.12261962890625 500.29618072509766 248.69679260253906 444.4039001464844 248.69679260253906
454.19305419921875 145.15664672851562 509.08621978759766 145.15664672851562 509.08621978759766 248.84359741210938 454.19305419921875 248.84359741210938
456.7347717285156 144.3701934814453 511.6118698120117 144.3701934814453 511.6118698120117 248.02679443359375 456.7347717285156 248.02679443359375
463.1703186035156 143.51754760742188 518.9776916503906 143.51754760742188 518.9776916503906 248.93132781982422 463.1703186035156 248.93132781982422
468.55938720703125 142.44247436523438 523.7987251281738 142.44247436523438 523.7987251281738 246.78330993652344 468.55938720703125 246.78330993652344
470.28985595703125 144.48654174804688 525.6140518188477 144.48654174804688 525.6140518188477 248.98766326904297 470.28985595703125 248.98766326904297
470.8202209472656 143.83871459960938 524.8800354003906 143.83871459960938 524.8800354003906 245.9515609741211 470.8202209472656 245.9515609741211
473.252685546875 144.73483276367188 526.5311088562012 144.73483276367188 526.5311088562012 245.3717269897461 473.252685546875 245.3717269897461
474.07244873046875 145.76229858398438 527.6894226074219 145.76229858398438 527.6894226074219 247.0386734008789 474.07244873046875 247.0386734008789
471.5957946777344 147.68470764160156 525.13623046875 147.68470764160156 525.13623046875 248.81649780273438 471.5957946777344 248.81649780273438
471.0770568847656 144.9979248046875 525.1294975280762 144.9979248046875 525.1294975280762 247.09683227539062 471.0770568847656 247.09683227539062
470.07025146484375 144.75967407226562 524.7200698852539 144.75967407226562 524.7200698852539 247.98695373535156 470.07025146484375 247.98695373535156
470.82220458984375 144.2146453857422 524.8430862426758 144.2146453857422 524.8430862426758 246.25393676757812 470.82220458984375 246.25393676757812
472.1067810058594 145.98910522460938 525.2070198059082 145.98910522460938 525.2070198059082 246.28941345214844 472.1067810058594 246.28941345214844
472.2759704589844 144.79684448242188 525.5632400512695 144.79684448242188 525.5632400512695 245.45043182373047 472.2759704589844 245.45043182373047
475.6424255371094 144.2254180908203 529.1789245605469 144.2254180908203 529.1789245605469 245.3497772216797 475.6424255371094 245.3497772216797
480.867431640625 142.64492797851562 534.6482772827148 142.64492797851562 534.6482772827148 244.23084259033203 480.867431640625 244.23084259033203
488.5494079589844 145.5217742919922 542.2791938781738 145.5217742919922 542.2791938781738 247.01124572753906 488.5494079589844 247.01124572753906
492.51873779296875 145.9296417236328 546.1052017211914 145.9296417236328 546.1052017211914 247.1483917236328 492.51873779296875 247.1483917236328
500.98468017578125 146.68804931640625 555.1381454467773 146.68804931640625 555.1381454467773 248.97782135009766 500.98468017578125 248.97782135009766
506.48480224609375 142.9662628173828 561.3369522094727 142.9662628173828 561.3369522094727 246.5757598876953 506.48480224609375 246.5757598876953
510.61334228515625 143.3281707763672 564.2402839660645 143.3281707763672 564.2402839660645 244.62338256835938 510.61334228515625 244.62338256835938
514.0255126953125 146.1251220703125 567.5934867858887 146.1251220703125 567.5934867858887 247.30894470214844 514.0255126953125 247.30894470214844
523.3673095703125 146.8163604736328 577.7369384765625 146.8163604736328 577.7369384765625 249.51441955566406 523.3673095703125 249.51441955566406
527.1827392578125 146.419921875 581.0269775390625 146.419921875 581.0269775390625 248.12557220458984 527.1827392578125 248.12557220458984
529.4332275390625 143.03323364257812 583.2721366882324 143.03323364257812 583.2721366882324 244.72882080078125 529.4332275390625 244.72882080078125
531.8597412109375 145.548828125 585.8045883178711 145.548828125 585.8045883178711 247.4445343017578 531.8597412109375 247.4445343017578
530.0827026367188 144.83645629882812 584.1290092468262 144.83645629882812 584.1290092468262 246.92381286621094 530.0827026367188 246.92381286621094
530.0975952148438 144.95840454101562 583.4451522827148 144.95840454101562 583.4451522827148 245.7259063720703 530.0975952148438 245.7259063720703
531.2094116210938 146.61402893066406 583.906135559082 146.61402893066406 583.906135559082 246.15218353271484 531.2094116210938 246.15218353271484
531.9263916015625 145.8244171142578 584.0732231140137 145.8244171142578 584.0732231140137 244.32388305664062 531.9263916015625 244.32388305664062
535.537353515625 146.60336303710938 587.1599731445312 146.60336303710938 587.1599731445312 244.11265563964844 535.537353515625 244.11265563964844
542.9071655273438 146.29409790039062 594.7151374816895 146.29409790039062 594.7151374816895 244.15349578857422 542.9071655273438 244.15349578857422
545.9573974609375 144.97544860839844 599.0366134643555 144.97544860839844 599.0366134643555 245.23607635498047 545.9573974609375 245.23607635498047
552.72216796875 146.39849853515625 605.1744003295898 146.39849853515625 605.1744003295898 245.47483825683594 552.72216796875 245.47483825683594
560.1129150390625 148.44613647460938 611.8384475708008 148.44613647460938 611.8384475708008 246.14981079101562 560.1129150390625 246.14981079101562
566.5472412109375 145.80172729492188 618.1370429992676 145.80172729492188 618.1370429992676 243.24901580810547 566.5472412109375 243.24901580810547
573.90869140625 146.04171752929688 626.7233581542969 146.04171752929688 626.7233581542969 245.80264282226562 573.90869140625 245.80264282226562
577.0630493164062 145.25128173828125 629.0000228881836 145.25128173828125 629.0000228881836 243.35435485839844 577.0630493164062 243.35435485839844
577.7876586914062 146.10415649414062 629.0000190734863 146.10415649414062 629.0000190734863 242.83851623535156 577.7876586914062 242.83851623535156
578.4296264648438 145.39901733398438 628.9999923706055 145.39901733398438 628.9999923706055 240.9207305908203 578.4296264648438 240.9207305908203
578.70703125 144.5692596435547 628.9999732971191 144.5692596435547 628.9999732971191 239.56695556640625 578.70703125 239.56695556640625
578.2088623046875 143.80416870117188 629.0000076293945 143.80416870117188 629.0000076293945 239.74291229248047 578.2088623046875 239.74291229248047
578.69921875 146.46994018554688 628.9999771118164 146.46994018554688 628.9999771118164 241.48239135742188 578.69921875 241.48239135742188
578.4788818359375 146.19619750976562 629.0000076293945 146.19619750976562 629.0000076293945 241.62489318847656 578.4788818359375 241.62489318847656
578.86181640625 146.4927978515625 628.9999923706055 146.4927978515625 628.9999923706055 241.1981430053711 578.86181640625 241.1981430053711
580.0706787109375 146.9929962158203 629.0000114440918 146.9929962158203 629.0000114440918 239.41497039794922 580.0706787109375 239.41497039794922
581.4724731445312 147.97341918945312 629.0000305175781 147.97341918945312 629.0000305175781 237.7476043701172 581.4724731445312 237.7476043701172
582.6403198242188 151.06173706054688 628.9999732971191 151.06173706054688 628.9999732971191 238.62987518310547 582.6403198242188 238.62987518310547
583.8304443359375 151.15298461914062 629.0000190734863 151.15298461914062 629.0000190734863 236.47319793701172 583.8304443359375 236.47319793701172
584.6030883789062 149.82725524902344 629.0000267028809 149.82725524902344 629.0000267028809 233.68804168701172 584.6030883789062 233.68804168701172
584.61083984375 153.07040405273438 629.0000190734863 153.07040405273438 629.0000190734863 236.91653442382812 584.61083984375 236.91653442382812
584.4471435546875 154.447021484375 629.0000648498535 154.447021484375 629.0000648498535 238.6024398803711 584.4471435546875 238.6024398803711
487.8734436035156 217.45693969726562 532.5113296508789 217.45693969726562 532.5113296508789 301.77284240722656 487.8734436035156 301.77284240722656
463.4082946777344 204.7942352294922 508.606876373291 204.7942352294922 508.606876373291 290.1692352294922 463.4082946777344 290.1692352294922
467.9720153808594 207.2163848876953 512.7440872192383 207.2163848876953 512.7440872192383 291.7857437133789 467.9720153808594 291.7857437133789
477.34869384765625 225.40420532226562 521.4488258361816 225.40420532226562 521.4488258361816 308.704345703125 477.34869384765625 308.704345703125
472.6007385253906 210.4326171875 517.0867118835449 210.4326171875 517.0867118835449 294.46156311035156 472.6007385253906 294.46156311035156
468.1797790527344 212.19931030273438 512.5449180603027 212.19931030273438 512.5449180603027 296.00001525878906 468.1797790527344 296.00001525878906
477.12811279296875 222.00973510742188 521.7952308654785 222.00973510742188 521.7952308654785 306.38084411621094 477.12811279296875 306.38084411621094
485.86639404296875 233.69369506835938 530.2471504211426 233.69369506835938 530.2471504211426 317.5238952636719 485.86639404296875 317.5238952636719
491.0634765625 242.41629028320312 535.0129776000977 242.41629028320312 535.0129776000977 325.43190002441406 491.0634765625 325.43190002441406
490.1305236816406 238.09890747070312 534.785285949707 238.09890747070312 534.785285949707 322.44667053222656 490.1305236816406 322.44667053222656
485.93505859375 229.8661346435547 530.7150459289551 229.8661346435547 530.7150459289551 314.45043182373047 485.93505859375 314.45043182373047
487.36944580078125 228.6464385986328 532.0828628540039 228.6464385986328 532.0828628540039 313.10498809814453 487.36944580078125 313.10498809814453
475.86016845703125 211.9917449951172 521.0749168395996 211.9917449951172 521.0749168395996 297.3972473144531 475.86016845703125 297.3972473144531
484.2464904785156 220.50497436523438 529.0637016296387 220.50497436523438 529.0637016296387 305.15956115722656 484.2464904785156 305.15956115722656
478.5018005371094 218.530517578125 523.6574783325195 218.530517578125 523.6574783325195 303.8244323730469 478.5018005371094 303.8244323730469
476.49676513671875 214.92919921875 522.0811996459961 214.92919921875 522.0811996459961 301.03297424316406 476.49676513671875 301.03297424316406
475.114013671875 219.36605834960938 519.9423294067383 219.36605834960938 519.9423294067383 304.04161071777344 475.114013671875 304.04161071777344
476.4867248535156 212.7842254638672 522.1990661621094 212.7842254638672 522.1990661621094 299.12960052490234 476.4867248535156 299.12960052490234
470.5322265625 207.4651641845703 516.0397453308105 207.4651641845703 516.0397453308105 293.42364501953125 470.5322265625 293.42364501953125
472.7884826660156 210.99478149414062 518.8385963439941 210.99478149414062 518.8385963439941 297.97815704345703 472.7884826660156 297.97815704345703
476.31524658203125 216.721923828125 522.3038558959961 216.721923828125 522.3038558959961 303.58912658691406 476.31524658203125 303.58912658691406
474.35125732421875 216.07687377929688 520.0105018615723 216.07687377929688 520.0105018615723 302.3219451904297 474.35125732421875 302.3219451904297
477.264892578125 215.5429229736328 522.179313659668 215.5429229736328 522.179313659668 300.381103515625 477.264892578125 300.381103515625
475.2023010253906 210.60964965820312 520.3580780029297 210.60964965820312 520.3580780029297 295.9037322998047 475.2023010253906 295.9037322998047
476.82177734375 212.8623504638672 521.9631538391113 212.8623504638672 521.9631538391113 298.1292419433594 476.82177734375 298.1292419433594
477.8761291503906 218.8459930419922 523.8793907165527 218.8459930419922 523.8793907165527 305.7408905029297 477.8761291503906 305.7408905029297
478.091796875 217.7054443359375 525.0088500976562 217.7054443359375 525.0088500976562 306.3263931274414 478.091796875 306.3263931274414
474.4073791503906 210.07839965820312 521.9709663391113 210.07839965820312 521.9709663391113 299.9205780029297 474.4073791503906 299.9205780029297
473.4214782714844 210.464599609375 521.4365158081055 210.464599609375 521.4365158081055 301.1595230102539 473.4214782714844 301.1595230102539
474.5322265625 209.64016723632812 522.2464218139648 209.64016723632812 522.2464218139648 299.76683044433594 474.5322265625 299.76683044433594
475.03375244140625 208.7718505859375 522.4868049621582 208.7718505859375 522.4868049621582 298.4052505493164 475.03375244140625 298.4052505493164
473.95794677734375 207.8991241455078 521.5951919555664 207.8991241455078 521.5951919555664 297.8804397583008 473.95794677734375 297.8804397583008
473.22467041015625 210.03628540039062 520.3588027954102 210.03628540039062 520.3588027954102 299.0672836303711 473.22467041015625 299.0672836303711
474.1412048339844 211.68325805664062 521.5657844543457 211.68325805664062 521.5657844543457 301.26287841796875 474.1412048339844 301.26287841796875
473.601806640625 208.19869995117188 520.5982971191406 208.19869995117188 520.5982971191406 296.9697036743164 473.601806640625 296.9697036743164
473.11376953125 209.2017059326172 520.5114479064941 209.2017059326172 520.5114479064941 298.73050689697266 473.11376953125 298.73050689697266
472.42584228515625 208.86819458007812 520.2548141479492 208.86819458007812 520.2548141479492 299.21166229248047 472.42584228515625 299.21166229248047
472.9686584472656 207.7164764404297 521.0518989562988 207.7164764404297 521.0518989562988 298.54022216796875 472.9686584472656 298.54022216796875
476.4529724121094 209.33291625976562 524.8594551086426 209.33291625976562 524.8594551086426 300.76722717285156 476.4529724121094 300.76722717285156
476.9646911621094 211.66360473632812 525.756275177002 211.66360473632812 525.756275177002 303.82533264160156 476.9646911621094 303.82533264160156
475.6766662597656 209.30514526367188 524.2385482788086 209.30514526367188 524.2385482788086 301.03299713134766 475.6766662597656 301.03299713134766
478.26519775390625 208.7106475830078 527.7415809631348 208.7106475830078 527.7415809631348 302.16588592529297 478.26519775390625 302.16588592529297
477.0069885253906 209.0965118408203 527.7565155029297 209.0965118408203 527.7565155029297 304.9565734863281 477.0069885253906 304.9565734863281
480.12908935546875 213.0841827392578 531.2165603637695 213.0841827392578 531.2165603637695 309.5825729370117 480.12908935546875 309.5825729370117
482.2110290527344 211.2133026123047 533.4431571960449 211.2133026123047 533.4431571960449 307.9849395751953 482.2110290527344 307.9849395751953
479.7816467285156 210.623779296875 531.3183288574219 210.623779296875 531.3183288574219 307.9706726074219 479.7816467285156 307.9706726074219
480.4447326660156 211.4312286376953 531.9916610717773 211.4312286376953 531.9916610717773 308.79747772216797 480.4447326660156 308.79747772216797
481.97052001953125 210.6874237060547 533.0042533874512 210.6874237060547 533.0042533874512 307.08431243896484 481.97052001953125 307.08431243896484
479.81536865234375 213.6819305419922 531.3185958862305 213.6819305419922 531.3185958862305 310.9656448364258 479.81536865234375 310.9656448364258
478.98974609375 211.6727294921875 530.7782974243164 211.6727294921875 530.7782974243164 309.4953918457031 478.98974609375 309.4953918457031
480.52484130859375 211.294677734375 532.8865356445312 211.294677734375 532.8865356445312 310.19993591308594 480.52484130859375 310.19993591308594
481.6220703125 213.7485809326172 533.493579864502 213.7485809326172 533.493579864502 311.7279357910156 481.6220703125 311.7279357910156
480.4827575683594 212.4908905029297 531.4588737487793 212.4908905029297 531.4588737487793 308.7789611816406 480.4827575683594 308.7789611816406
480.7080993652344 212.7610626220703 532.4956474304199 212.7610626220703 532.4956474304199 310.58184814453125 480.7080993652344 310.58184814453125
480.6285095214844 212.34902954101562 533.4357299804688 212.34902954101562 533.4357299804688 312.09586334228516 480.6285095214844 312.09586334228516
477.1299743652344 211.7493133544922 530.7594184875488 211.7493133544922 530.7594184875488 313.04923248291016 477.1299743652344 313.04923248291016
478.5721130371094 212.969970703125 532.316967010498 212.969970703125 532.316967010498 314.48789978027344 478.5721130371094 314.48789978027344
476.2181091308594 210.9039306640625 529.4029922485352 210.9039306640625 529.4029922485352 311.3641357421875 476.2181091308594 311.3641357421875
476.3929138183594 212.3247528076172 530.2840766906738 212.3247528076172 530.2840766906738 314.1190490722656 476.3929138183594 314.1190490722656
474.9529724121094 211.475830078125 529.2123832702637 211.475830078125 529.2123832702637 313.9656982421875 474.9529724121094 313.9656982421875
475.93634033203125 211.4459991455078 530.8307075500488 211.4459991455078 530.8307075500488 315.1352233886719 475.93634033203125 315.1352233886719
477.77716064453125 213.2516632080078 531.9936332702637 213.2516632080078 531.9936332702637 315.6604309082031 477.77716064453125 315.6604309082031
478.3489685058594 214.07479858398438 532.0472106933594 214.07479858398438 532.0472106933594 315.5046844482422 478.3489685058594 315.5046844482422
478.43048095703125 211.9625701904297 532.3327026367188 211.9625701904297 532.3327026367188 313.7777557373047 478.43048095703125 313.7777557373047
477.89263916015625 211.87155151367188 530.9317016601562 211.87155151367188 530.9317016601562 312.0563201904297 477.89263916015625 312.0563201904297
477.19287109375 215.45938110351562 531.0913200378418 215.45938110351562 531.0913200378418 317.26744079589844 477.19287109375 317.26744079589844
478.50616455078125 216.8680877685547 532.5796432495117 216.8680877685547 532.5796432495117 319.0067596435547 478.50616455078125 319.0067596435547
482.51043701171875 215.7454071044922 536.4235725402832 215.7454071044922 536.4235725402832 317.5812072753906 482.51043701171875 317.5812072753906
480.12774658203125 218.5757293701172 533.87353515625 218.5757293701172 533.87353515625 320.0954284667969 480.12774658203125 320.0954284667969
480.494384765625 217.1875457763672 535.3115615844727 217.1875457763672 535.3115615844727 320.73096466064453 480.494384765625 320.73096466064453
480.3145446777344 215.03158569335938 535.0106620788574 215.03158569335938 535.0106620788574 318.34632873535156 480.3145446777344 318.34632873535156
477.9418029785156 218.4654541015625 533.6241760253906 218.4654541015625 533.6241760253906 323.64312744140625 477.9418029785156 323.64312744140625
479.2529296875 219.0123748779297 534.5199584960938 219.0123748779297 534.5199584960938 323.40550231933594 479.2529296875 323.40550231933594
480.25616455078125 219.7325897216797 536.1821670532227 219.7325897216797 536.1821670532227 325.3704299926758 480.25616455078125 325.3704299926758
480.89410400390625 219.6656951904297 536.7347602844238 219.6656951904297 536.7347602844238 325.14231872558594 480.89410400390625 325.14231872558594
478.4630432128906 216.8826141357422 535.1613845825195 216.8826141357422 535.1613845825195 323.97930908203125 478.4630432128906 323.97930908203125
478.6600646972656 218.69607543945312 536.102668762207 218.69607543945312 536.102668762207 327.19859313964844 478.6600646972656 327.19859313964844
477.71099853515625 219.3215789794922 536.0031929016113 219.3215789794922 536.0031929016113 329.4288787841797 477.71099853515625 329.4288787841797
476.9349670410156 219.5277099609375 535.6769027709961 219.5277099609375 535.6769027709961 330.4845199584961 476.9349670410156 330.4845199584961
475.65203857421875 219.50180053710938 534.2914657592773 219.50180053710938 534.2914657592773 330.2649841308594 475.65203857421875 330.2649841308594
475.60369873046875 216.1999969482422 534.5836906433105 216.1999969482422 534.5836906433105 327.6064682006836 475.60369873046875 327.6064682006836
474.7943420410156 220.5841064453125 533.1175537109375 220.5841064453125 533.1175537109375 330.75 474.7943420410156 330.75
475.2919006347656 215.9049072265625 534.135139465332 215.9049072265625 534.135139465332 327.0530776977539 475.2919006347656 327.0530776977539
477.096923828125 217.8953857421875 535.5999946594238 217.8953857421875 535.5999946594238 328.4010238647461 477.096923828125 328.4010238647461
475.41473388671875 218.465576171875 533.9231796264648 218.465576171875 533.9231796264648 328.9813690185547 475.41473388671875 328.9813690185547
478.1756896972656 220.7830047607422 536.0343246459961 220.7830047607422 536.0343246459961 330.07137298583984 478.1756896972656 330.07137298583984
476.46185302734375 222.5939483642578 533.5985717773438 222.5939483642578 533.5985717773438 330.5187072753906 476.46185302734375 330.5187072753906
472.48046875 221.49984741210938 530.8823051452637 221.49984741210938 530.8823051452637 331.8142547607422 472.48046875 331.8142547607422
473.99053955078125 220.6739959716797 532.7593269348145 220.6739959716797 532.7593269348145 331.68152618408203 473.99053955078125 331.68152618408203
473.7311096191406 221.2344512939453 531.9678344726562 221.2344512939453 531.9678344726562 331.23697662353516 473.7311096191406 331.23697662353516
478.18817138671875 221.5458984375 536.3853034973145 221.5458984375 536.3853034973145 331.4736328125 478.18817138671875 331.4736328125
478.01373291015625 217.9620361328125 537.4607124328613 217.9620361328125 537.4607124328613 330.2505874633789 478.01373291015625 330.2505874633789
489.932861328125 219.58926391601562 550.1231880187988 219.58926391601562 550.1231880187988 333.2819137573242 489.932861328125 333.2819137573242
490.44012451171875 218.03359985351562 550.1628303527832 218.03359985351562 550.1628303527832 330.8429718017578 490.44012451171875 330.8429718017578
500.923828125 220.3944854736328 560.9462890625 220.3944854736328 560.9462890625 333.77005767822266 500.923828125 333.77005767822266
504.2215270996094 220.9975128173828 564.9276962280273 220.9975128173828 564.9276962280273 335.6645202636719 504.2215270996094 335.6645202636719
