529.0 73.0 556.0 73.0 556.0 186.0 529.0 186.0
526.92333984375 72.57742309570312 554.1089382171631 72.57742309570312 554.1089382171631 185.57089233398438 526.92333984375 185.57089233398438
524.7476806640625 72.90878295898438 552.4556617736816 72.90878295898438 552.4556617736816 189.03309631347656 524.7476806640625 189.03309631347656
522.2138671875 68.56692504882812 549.9197940826416 68.56692504882812 549.9197940826416 185.32811737060547 522.2138671875 185.32811737060547
523.3087158203125 73.62443542480469 551.3249969482422 73.62443542480469 551.3249969482422 190.87775421142578 523.3087158203125 190.87775421142578
520.8123168945312 69.95018005371094 549.3638763427734 69.95018005371094 549.3638763427734 189.87447357177734 520.8123168945312 189.87447357177734
519.0029296875 73.19495391845703 547.2370204925537 73.19495391845703 547.2370204925537 192.09357452392578 519.0029296875 192.09357452392578
517.9205932617188 70.8557357788086 546.1168766021729 70.8557357788086 546.1168766021729 191.25244140625 517.9205932617188 191.25244140625
516.8070068359375 72.05049133300781 544.625244140625 72.05049133300781 544.625244140625 191.24008178710938 516.8070068359375 191.24008178710938
515.738525390625 70.7705307006836 543.8261604309082 70.7705307006836 543.8261604309082 190.70999908447266 515.738525390625 190.70999908447266
514.8386840820312 72.18629455566406 542.3768863677979 72.18629455566406 542.3768863677979 191.92755126953125 514.8386840820312 191.92755126953125
513.3739013671875 74.61273956298828 541.1793937683105 74.61273956298828 541.1793937683105 190.8062973022461 513.3739013671875 190.8062973022461
512.1055908203125 75.70581817626953 540.1408424377441 75.70581817626953 540.1408424377441 193.03853607177734 512.1055908203125 193.03853607177734
510.23944091796875 71.87325286865234 538.0331916809082 71.87325286865234 538.0331916809082 188.95440673828125 510.23944091796875 188.95440673828125
508.94683837890625 75.31519317626953 536.4803771972656 75.31519317626953 536.4803771972656 192.65230560302734 508.94683837890625 192.65230560302734
507.6722717285156 73.48064422607422 535.1955070495605 73.48064422607422 535.1955070495605 189.49675750732422 507.6722717285156 189.49675750732422
506.435546875 74.88919830322266 533.8077392578125 74.88919830322266 533.8077392578125 190.1379623413086 506.435546875 190.1379623413086
503.95123291015625 74.90084838867188 531.665075302124 74.90084838867188 531.665075302124 190.88839721679688 503.95123291015625 190.88839721679688
501.570556640625 74.57315826416016 529.2138423919678 74.57315826416016 529.2138423919678 190.60037994384766 501.570556640625 190.60037994384766
499.94989013671875 75.5442886352539 528.0877590179443 75.5442886352539 528.0877590179443 192.75697326660156 499.94989013671875 192.75697326660156
500.16558837890625 75.83939361572266 528.5704898834229 75.83939361572266 528.5704898834229 194.99652099609375 500.16558837890625 194.99652099609375
497.4173889160156 77.5643310546875 525.626651763916 77.5643310546875 525.626651763916 195.62530517578125 497.4173889160156 195.62530517578125
494.6505432128906 77.30459594726562 522.7346439361572 77.30459594726562 522.7346439361572 194.84174346923828 494.6505432128906 194.84174346923828
493.687744140625 74.52264404296875 522.103515625 74.52264404296875 522.103515625 191.4576644897461 493.687744140625 191.4576644897461
490.480712890625 74.22834777832031 518.757791519165 74.22834777832031 518.757791519165 188.80777740478516 490.480712890625 188.80777740478516
490.21856689453125 74.38460540771484 518.6073951721191 74.38460540771484 518.6073951721191 193.1970672607422 490.21856689453125 193.1970672607422
486.4256896972656 73.35594940185547 514.922327041626 73.35594940185547 514.922327041626 192.6196060180664 486.4256896972656 192.6196060180664
485.49163818359375 75.05265045166016 513.9000186920166 75.05265045166016 513.9000186920166 194.00328826904297 485.49163818359375 194.00328826904297
483.4811096191406 74.6326904296875 511.2964687347412 74.6326904296875 511.2964687347412 192.9283676147461 483.4811096191406 192.9283676147461
481.6806640625 77.34202575683594 508.79812240600586 77.34202575683594 508.79812240600586 188.87228393554688 481.6806640625 188.87228393554688
479.8722229003906 77.67081451416016 507.2279167175293 77.67081451416016 507.2279167175293 187.81182861328125 479.8722229003906 187.81182861328125
477.4090270996094 79.22119903564453 505.0627956390381 79.22119903564453 505.0627956390381 188.66020965576172 477.4090270996094 188.66020965576172
476.0111389160156 78.7146224975586 504.04240798950195 78.7146224975586 504.04240798950195 190.8240203857422 476.0111389160156 190.8240203857422
474.07537841796875 76.44893646240234 502.3438529968262 76.44893646240234 502.3438529968262 192.64131927490234 474.07537841796875 192.64131927490234
472.2333068847656 77.12842559814453 500.37537002563477 77.12842559814453 500.37537002563477 192.69568634033203 472.2333068847656 192.69568634033203
469.94171142578125 76.36068725585938 498.2168998718262 76.36068725585938 498.2168998718262 194.12805938720703 469.94171142578125 194.12805938720703
467.573486328125 75.0947265625 496.30054092407227 75.0947265625 496.30054092407227 195.32275390625 467.573486328125 195.32275390625
465.45013427734375 73.45841979980469 494.56719970703125 73.45841979980469 494.56719970703125 195.3187255859375 465.45013427734375 195.3187255859375
462.369873046875 73.13833618164062 491.1938934326172 73.13833618164062 491.1938934326172 193.77220153808594 462.369873046875 193.77220153808594
461.59564208984375 75.28556823730469 489.8367118835449 75.28556823730469 489.8367118835449 193.47968292236328 461.59564208984375 193.47968292236328
460.6624450683594 73.77888488769531 489.2737216949463 73.77888488769531 489.2737216949463 193.52239227294922 460.6624450683594 193.52239227294922
460.26629638671875 74.68021392822266 489.034912109375 74.68021392822266 489.034912109375 195.08221435546875 460.26629638671875 195.08221435546875
459.10089111328125 73.77507019042969 487.79576110839844 73.77507019042969 487.79576110839844 193.8684310913086 459.10089111328125 193.8684310913086
457.88165283203125 74.5064697265625 486.7767734527588 74.5064697265625 486.7767734527588 196.5782928466797 457.88165283203125 196.5782928466797
456.3212890625 77.0470962524414 485.1009101867676 77.0470962524414 485.1009101867676 197.4951400756836 456.3212890625 197.4951400756836
455.4876403808594 78.51009368896484 484.8140506744385 78.51009368896484 484.8140506744385 201.24654388427734 455.4876403808594 201.24654388427734
452.92633056640625 76.7531509399414 481.8753604888916 76.7531509399414 481.8753604888916 198.29698944091797 452.92633056640625 198.29698944091797
451.261962890625 79.2226791381836 480.26442527770996 79.2226791381836 480.26442527770996 201.52277374267578 451.261962890625 201.52277374267578
449.50909423828125 81.50643920898438 479.2854423522949 81.50643920898438 479.2854423522949 203.73261260986328 449.50909423828125 203.73261260986328
447.2022399902344 77.8044204711914 476.77557945251465 77.8044204711914 476.77557945251465 198.06634521484375 447.2022399902344 198.06634521484375
446.400146484375 76.68821716308594 475.87530517578125 76.68821716308594 475.87530517578125 198.85379028320312 446.400146484375 198.85379028320312
445.484375 77.92052459716797 474.8168125152588 77.92052459716797 474.8168125152588 200.0561065673828 445.484375 200.0561065673828
445.01446533203125 75.69164276123047 473.5922546386719 75.69164276123047 473.5922546386719 200.0149688720703 445.01446533203125 200.0149688720703
442.306884765625 74.3039321899414 471.5589656829834 74.3039321899414 471.5589656829834 198.4076690673828 442.306884765625 198.4076690673828
441.14306640625 72.96443176269531 469.153377532959 72.96443176269531 469.153377532959 199.47246551513672 441.14306640625 199.47246551513672
439.48992919921875 74.45344543457031 468.4955635070801 74.45344543457031 468.4955635070801 200.43701171875 439.48992919921875 200.43701171875
437.45770263671875 75.41927337646484 466.8816165924072 75.41927337646484 466.8816165924072 201.89599609375 437.45770263671875 201.89599609375
436.55059814453125 75.96533203125 465.8100528717041 75.96533203125 465.8100528717041 198.5537567138672 436.55059814453125 198.5537567138672
434.875732421875 77.14127349853516 464.97389221191406 77.14127349853516 464.97389221191406 200.1208267211914 434.875732421875 200.1208267211914
434.438720703125 77.78055572509766 464.359827041626 77.78055572509766 464.359827041626 201.38640594482422 434.438720703125 201.38640594482422
432.3211364746094 78.45433044433594 462.23143005371094 78.45433044433594 462.23143005371094 203.327392578125 432.3211364746094 203.327392578125
431.00469970703125 78.19710540771484 460.6096439361572 78.19710540771484 460.6096439361572 204.6905517578125 431.00469970703125 204.6905517578125
429.0814514160156 79.18062591552734 457.9376640319824 79.18062591552734 457.9376640319824 203.00203704833984 429.0814514160156 203.00203704833984
427.7752990722656 79.84960174560547 455.94446754455566 79.84960174560547 455.94446754455566 200.60140991210938 427.7752990722656 200.60140991210938
426.54925537109375 81.25434875488281 453.9752502441406 81.25434875488281 453.9752502441406 200.140380859375 426.54925537109375 200.140380859375
425.3197326660156 84.69102478027344 453.9632682800293 84.69102478027344 453.9632682800293 200.1724090576172 425.3197326660156 200.1724090576172
423.59747314453125 85.10746765136719 451.9692840576172 85.10746765136719 451.9692840576172 202.94863891601562 423.59747314453125 202.94863891601562
421.2724609375 84.6159896850586 449.36130714416504 84.6159896850586 449.36130714416504 202.314453125 421.2724609375 202.314453125
418.84368896484375 83.71500396728516 447.63909912109375 83.71500396728516 447.63909912109375 203.6306381225586 418.84368896484375 203.6306381225586
416.6544494628906 82.93180084228516 445.8299980163574 82.93180084228516 445.8299980163574 204.30406951904297 416.6544494628906 204.30406951904297
414.3182678222656 82.71183776855469 443.98293113708496 82.71183776855469 443.98293113708496 204.47553253173828 414.3182678222656 204.47553253173828
412.4306640625 82.90345764160156 442.112491607666 82.90345764160156 442.112491607666 206.7545166015625 412.4306640625 206.7545166015625
410.49151611328125 82.22037506103516 439.92419052124023 82.22037506103516 439.92419052124023 207.48282623291016 410.49151611328125 207.48282623291016
409.69384765625 81.27071380615234 439.2865352630615 81.27071380615234 439.2865352630615 206.2600555419922 409.69384765625 206.2600555419922
408.3610534667969 80.75904846191406 437.96221923828125 80.75904846191406 437.96221923828125 204.47112274169922 408.3610534667969 204.47112274169922
406.8410339355469 83.58573150634766 435.62275314331055 83.58573150634766 435.62275314331055 208.8929672241211 406.8410339355469 208.8929672241211
404.7322692871094 82.83898162841797 433.600549697876 82.83898162841797 433.600549697876 208.41783905029297 404.7322692871094 208.41783905029297
404.48974609375 82.19963836669922 434.55017471313477 82.19963836669922 434.55017471313477 207.21573638916016 404.48974609375 207.21573638916016
402.3039245605469 84.35469055175781 431.54179763793945 84.35469055175781 431.54179763793945 209.86801147460938 402.3039245605469 209.86801147460938
401.0177307128906 84.36874389648438 430.6939754486084 84.36874389648438 430.6939754486084 212.0917510986328 401.0177307128906 212.0917510986328
399.74188232421875 84.2100601196289 430.02373123168945 84.2100601196289 430.02373123168945 211.99090576171875 399.74188232421875 211.99090576171875
398.2185363769531 84.83470153808594 428.4755611419678 84.83470153808594 428.4755611419678 214.00222778320312 398.2185363769531 214.00222778320312
396.35687255859375 83.47499084472656 425.3408012390137 83.47499084472656 425.3408012390137 212.27914428710938 396.35687255859375 212.27914428710938
395.3966979980469 86.11630249023438 424.5882987976074 86.11630249023438 424.5882987976074 211.86371612548828 395.3966979980469 211.86371612548828
393.85400390625 87.5132827758789 423.28056716918945 87.5132827758789 423.28056716918945 210.94640350341797 393.85400390625 210.94640350341797
392.6444396972656 90.11699676513672 420.6001834869385 90.11699676513672 420.6001834869385 215.6075210571289 392.6444396972656 215.6075210571289
391.2344665527344 89.54170989990234 421.3943519592285 89.54170989990234 421.3943519592285 216.9896697998047 391.2344665527344 216.9896697998047
390.32635498046875 90.17118835449219 419.23874855041504 90.17118835449219 419.23874855041504 217.84463500976562 390.32635498046875 217.84463500976562
388.42388916015625 89.45356750488281 418.6606693267822 89.45356750488281 418.6606693267822 217.21092987060547 388.42388916015625 217.21092987060547
387.8487548828125 90.5413818359375 416.01860427856445 90.5413818359375 416.01860427856445 215.3277130126953 387.8487548828125 215.3277130126953
386.40960693359375 94.15592956542969 416.6543846130371 94.15592956542969 416.6543846130371 222.44544982910156 386.40960693359375 222.44544982910156
385.8178405761719 92.99299621582031 416.38555908203125 92.99299621582031 416.38555908203125 225.22581481933594 385.8178405761719 225.22581481933594
384.9343566894531 92.06367492675781 415.1432762145996 92.06367492675781 415.1432762145996 221.1514892578125 384.9343566894531 221.1514892578125
382.4299621582031 91.90299987792969 412.5634880065918 91.90299987792969 412.5634880065918 220.636474609375 382.4299621582031 220.636474609375
381.99151611328125 88.02845001220703 413.77337074279785 88.02845001220703 413.77337074279785 219.0801773071289 381.99151611328125 219.0801773071289
379.5455322265625 85.48138427734375 412.46129608154297 85.48138427734375 412.46129608154297 220.8421173095703 379.5455322265625 220.8421173095703
377.3753662109375 89.65336608886719 410.7802619934082 89.65336608886719 410.7802619934082 223.66244506835938 377.3753662109375 223.66244506835938
377.34796142578125 86.03800201416016 410.83443450927734 86.03800201416016 410.83443450927734 220.92899322509766 377.34796142578125 220.92899322509766
374.357421875 94.06001281738281 408.1647834777832 94.06001281738281 408.1647834777832 226.0743865966797 374.357421875 226.0743865966797
373.48431396484375 94.61753845214844 407.06867599487305 94.61753845214844 407.06867599487305 223.11944580078125 373.48431396484375 223.11944580078125
372.4754943847656 94.81859588623047 405.29623794555664 94.81859588623047 405.29623794555664 222.54883575439453 372.4754943847656 222.54883575439453
370.70123291015625 95.876953125 405.07551193237305 95.876953125 405.07551193237305 224.70022583007812 370.70123291015625 224.70022583007812
369.8710021972656 94.01374816894531 403.05742263793945 94.01374816894531 403.05742263793945 223.02767944335938 369.8710021972656 223.02767944335938
368.7994079589844 89.33748626708984 402.11304092407227 89.33748626708984 402.11304092407227 220.8138656616211 368.7994079589844 220.8138656616211
366.8216552734375 95.05704498291016 398.98288345336914 95.05704498291016 398.98288345336914 222.70706939697266 366.8216552734375 222.70706939697266
364.2274475097656 94.48027038574219 397.1671943664551 94.48027038574219 397.1671943664551 223.2375030517578 364.2274475097656 223.2375030517578
362.3875427246094 93.2006607055664 395.23887634277344 93.2006607055664 395.23887634277344 224.07488250732422 362.3875427246094 224.07488250732422
361.2157287597656 81.83204650878906 394.1578140258789 81.83204650878906 394.1578140258789 219.70074462890625 361.2157287597656 219.70074462890625
358.7887878417969 88.351806640625 392.3397026062012 88.351806640625 392.3397026062012 226.36746215820312 358.7887878417969 226.36746215820312
356.36761474609375 92.10765838623047 389.90756607055664 92.10765838623047 389.90756607055664 228.4874496459961 356.36761474609375 228.4874496459961
355.645263671875 92.5076675415039 388.44112396240234 92.5076675415039 388.44112396240234 226.38289642333984 355.645263671875 226.38289642333984
354.3328552246094 88.82402801513672 386.64492416381836 88.82402801513672 386.64492416381836 222.93836212158203 354.3328552246094 222.93836212158203
352.0922546386719 87.69583129882812 384.32828521728516 87.69583129882812 384.32828521728516 224.6171417236328 352.0922546386719 224.6171417236328
349.96368408203125 87.44273376464844 383.7816390991211 87.44273376464844 383.7816390991211 230.12442016601562 349.96368408203125 230.12442016601562
347.84613037109375 88.27922058105469 382.20952224731445 88.27922058105469 382.20952224731445 228.08123779296875 347.84613037109375 228.08123779296875
345.3963623046875 86.76964569091797 379.81211853027344 86.76964569091797 379.81211853027344 229.64192962646484 345.3963623046875 229.64192962646484
342.73651123046875 94.09429931640625 378.9342575073242 94.09429931640625 378.9342575073242 231.7376708984375 342.73651123046875 231.7376708984375
341.0627136230469 95.0844955444336 377.0226860046387 95.0844955444336 377.0226860046387 231.67508697509766 341.0627136230469 231.67508697509766
339.8880310058594 94.24443054199219 375.9902687072754 94.24443054199219 375.9902687072754 230.5050506591797 339.8880310058594 230.5050506591797
337.92364501953125 96.11505889892578 375.18927001953125 96.11505889892578 375.18927001953125 231.16211700439453 337.92364501953125 231.16211700439453
336.0738220214844 98.18464660644531 371.3873062133789 98.18464660644531 371.3873062133789 231.9705810546875 336.0738220214844 231.9705810546875
334.7325134277344 96.56217193603516 369.7195014953613 96.56217193603516 369.7195014953613 228.02344512939453 334.7325134277344 228.02344512939453
332.4030456542969 98.78825378417969 367.17150115966797 98.78825378417969 367.17150115966797 230.8769989013672 332.4030456542969 230.8769989013672
331.2898864746094 96.96760559082031 366.0736656188965 96.96760559082031 366.0736656188965 234.10752868652344 331.2898864746094 234.10752868652344
330.01104736328125 94.76358795166016 366.1798400878906 94.76358795166016 366.1798400878906 236.82530975341797 330.01104736328125 236.82530975341797
330.2142333984375 92.66947937011719 365.77185821533203 92.66947937011719 365.77185821533203 237.3914794921875 330.2142333984375 237.3914794921875
327.07891845703125 95.74195861816406 362.89239501953125 95.74195861816406 362.89239501953125 236.2253875732422 327.07891845703125 236.2253875732422
325.56439208984375 95.6566390991211 361.25658416748047 95.6566390991211 361.25658416748047 237.24645233154297 325.56439208984375 237.24645233154297
323.33734130859375 97.9487075805664 358.36837005615234 97.9487075805664 358.36837005615234 238.51502227783203 323.33734130859375 238.51502227783203
321.83111572265625 96.20362854003906 356.9924430847168 96.20362854003906 356.9924430847168 237.2021026611328 321.83111572265625 237.2021026611328
322.07171630859375 90.48648834228516 357.34188079833984 90.48648834228516 357.34188079833984 238.09871673583984 322.07171630859375 238.09871673583984
316.1584167480469 106.51014709472656 351.8370590209961 106.51014709472656 351.8370590209961 246.4873504638672 316.1584167480469 246.4873504638672
316.760009765625 99.5159912109375 352.1173324584961 99.5159912109375 352.1173324584961 244.80105590820312 316.760009765625 244.80105590820312
315.1226501464844 100.58219146728516 350.89952087402344 100.58219146728516 350.89952087402344 237.96649932861328 315.1226501464844 237.96649932861328
313.57275390625 95.76396179199219 351.2950325012207 95.76396179199219 351.2950325012207 235.53457641601562 313.57275390625 235.53457641601562
311.3066711425781 99.19154357910156 348.81806564331055 99.19154357910156 348.81806564331055 237.6035919189453 311.3066711425781 237.6035919189453
309.5477294921875 99.29710388183594 347.3104934692383 99.29710388183594 347.3104934692383 235.23291015625 309.5477294921875 235.23291015625
308.13916015625 98.79421997070312 345.7467613220215 98.79421997070312 345.7467613220215 235.30384826660156 308.13916015625 235.30384826660156
305.7757263183594 98.5500717163086 344.57965087890625 98.5500717163086 344.57965087890625 235.30840301513672 305.7757263183594 235.30840301513672
302.8846130371094 101.27277374267578 342.5618133544922 101.27277374267578 342.5618133544922 240.14151763916016 302.8846130371094 240.14151763916016
302.57574462890625 97.7177963256836 340.25961685180664 97.7177963256836 340.25961685180664 241.7002944946289 302.57574462890625 241.7002944946289
300.0787048339844 101.33543395996094 338.33031845092773 101.33543395996094 338.33031845092773 241.7768096923828 300.0787048339844 241.7768096923828
298.67364501953125 98.90469360351562 337.2081985473633 98.90469360351562 337.2081985473633 241.21347045898438 298.67364501953125 241.21347045898438
296.7259216308594 100.3255615234375 334.7947463989258 100.3255615234375 334.7947463989258 241.4556427001953 296.7259216308594 241.4556427001953
294.3719482421875 102.53886413574219 332.2236328125 102.53886413574219 332.2236328125 244.53485107421875 294.3719482421875 244.53485107421875
292.32855224609375 101.40565490722656 330.24217987060547 101.40565490722656 330.24217987060547 241.7289581298828 292.32855224609375 241.7289581298828
291.34320068359375 96.11213684082031 328.84754180908203 96.11213684082031 328.84754180908203 243.74986267089844 291.34320068359375 243.74986267089844
290.13323974609375 95.81895446777344 327.3299865722656 95.81895446777344 327.3299865722656 243.68443298339844 290.13323974609375 243.68443298339844
288.14788818359375 95.58927154541016 325.03996658325195 95.58927154541016 325.03996658325195 247.97757720947266 288.14788818359375 247.97757720947266
285.247802734375 97.82913208007812 322.64087677001953 97.82913208007812 322.64087677001953 246.3596649169922 285.247802734375 246.3596649169922
284.89703369140625 91.81970977783203 321.3890151977539 91.81970977783203 321.3890151977539 243.0367660522461 284.89703369140625 243.0367660522461
283.7954406738281 92.27567291259766 319.8818168640137 92.27567291259766 319.8818168640137 243.30390167236328 283.7954406738281 243.30390167236328
281.78802490234375 92.48371887207031 318.0217704772949 92.48371887207031 318.0217704772949 241.0459747314453 281.78802490234375 241.0459747314453
280.85296630859375 92.60224914550781 316.5919609069824 92.60224914550781 316.5919609069824 242.17662048339844 280.85296630859375 242.17662048339844
277.8827209472656 90.01361846923828 314.9055709838867 90.01361846923828 314.9055709838867 238.5835952758789 277.8827209472656 238.5835952758789
276.291015625 86.9574203491211 312.8360290527344 86.9574203491211 312.8360290527344 239.90514373779297 276.291015625 239.90514373779297
273.44989013671875 92.34752655029297 310.2115249633789 92.34752655029297 310.2115249633789 246.20185089111328 273.44989013671875 246.20185089111328
272.87677001953125 89.98933410644531 309.88740158081055 89.98933410644531 309.88740158081055 244.88575744628906 272.87677001953125 244.88575744628906
270.1268005371094 100.70173645019531 307.3248634338379 100.70173645019531 307.3248634338379 249.85726928710938 270.1268005371094 249.85726928710938
268.777099609375 93.77128601074219 305.21739959716797 93.77128601074219 305.21739959716797 246.28077697753906 268.777099609375 246.28077697753906
266.0549011230469 99.17520141601562 301.96440505981445 99.17520141601562 301.96440505981445 249.46319580078125 266.0549011230469 249.46319580078125
263.55987548828125 98.26520538330078 299.15080642700195 98.26520538330078 299.15080642700195 247.21991729736328 263.55987548828125 247.21991729736328
262.5005798339844 104.84505462646484 297.61096954345703 104.84505462646484 297.61096954345703 251.7885971069336 262.5005798339844 251.7885971069336
259.13616943359375 101.47381591796875 294.53100204467773 101.47381591796875 294.53100204467773 249.01356506347656 259.13616943359375 249.01356506347656
259.08087158203125 107.4722900390625 293.92920684814453 107.4722900390625 293.92920684814453 253.31906127929688 259.08087158203125 253.31906127929688
256.32586669921875 108.62693786621094 290.6430892944336 108.62693786621094 290.6430892944336 252.2509002685547 256.32586669921875 252.2509002685547
254.3809814453125 109.30106353759766 288.6859016418457 109.30106353759766 288.6859016418457 252.87354278564453 254.3809814453125 252.87354278564453
250.80709838867188 103.9188232421875 285.4034118652344 103.9188232421875 285.4034118652344 248.71084594726562 250.80709838867188 248.71084594726562
250.11978149414062 99.3188247680664 284.3762741088867 99.3188247680664 284.3762741088867 242.6886215209961 250.11978149414062 242.6886215209961
249.1053466796875 100.95133209228516 283.34161376953125 100.95133209228516 283.34161376953125 244.23650360107422 249.1053466796875 244.23650360107422
245.0110321044922 102.6394271850586 280.26073455810547 102.6394271850586 280.26073455810547 244.62415313720703 245.0110321044922 244.62415313720703
243.4445037841797 100.13533782958984 278.81178283691406 100.13533782958984 278.81178283691406 239.81212615966797 243.4445037841797 239.81212615966797
242.4691925048828 93.64311218261719 276.7106513977051 93.64311218261719 276.7106513977051 236.94998168945312 242.4691925048828 236.94998168945312
241.2039031982422 99.42562103271484 275.0223693847656 99.42562103271484 275.0223693847656 240.9621810913086 241.2039031982422 240.9621810913086
238.71719360351562 99.5808334350586 272.9397773742676 99.5808334350586 272.9397773742676 239.20720672607422 238.71719360351562 239.20720672607422
235.0950927734375 95.5114517211914 269.36986923217773 95.5114517211914 269.36986923217773 238.95777130126953 235.0950927734375 238.95777130126953
231.4081573486328 95.89384460449219 266.1182518005371 95.89384460449219 266.1182518005371 241.1620635986328 231.4081573486328 241.1620635986328
230.3538055419922 103.497314453125 264.1747055053711 103.497314453125 264.1747055053711 245.0440673828125 230.3538055419922 245.0440673828125
227.9840850830078 96.99828338623047 262.1225395202637 96.99828338623047 262.1225395202637 239.87406158447266 227.9840850830078 239.87406158447266
225.333984375 98.86420440673828 259.8204574584961 98.86420440673828 259.8204574584961 243.1965103149414 225.333984375 243.1965103149414
222.53555297851562 97.75508880615234 256.9424819946289 97.75508880615234 256.9424819946289 241.7544937133789 222.53555297851562 241.7544937133789
217.10433959960938 100.32759857177734 251.53256225585938 100.32759857177734 251.53256225585938 242.84062957763672 217.10433959960938 242.84062957763672
214.830078125 103.09275817871094 250.0915412902832 103.09275817871094 250.0915412902832 245.18771362304688 214.830078125 245.18771362304688
212.789306640625 100.7939682006836 248.07984161376953 100.7939682006836 248.07984161376953 239.78499603271484 212.789306640625 239.78499603271484
212.903076171875 91.42720031738281 247.89886474609375 91.42720031738281 247.89886474609375 235.77699279785156 212.903076171875 235.77699279785156
209.25802612304688 100.53580474853516 245.37925338745117 100.53580474853516 245.37925338745117 236.2713394165039 209.25802612304688 236.2713394165039
208.0023651123047 103.91719818115234 244.14720916748047 103.91719818115234 244.14720916748047 240.53221893310547 208.0023651123047 240.53221893310547
206.6260986328125 96.9800796508789 243.32634353637695 96.9800796508789 243.32634353637695 232.91950225830078 206.6260986328125 232.91950225830078
204.94692993164062 98.09101104736328 240.00658416748047 98.09101104736328 240.00658416748047 235.7925796508789 204.94692993164062 235.7925796508789
202.48922729492188 96.06970977783203 239.23439407348633 96.06970977783203 239.23439407348633 237.5663833618164 202.48922729492188 237.5663833618164
199.6988067626953 97.79890441894531 236.06985473632812 97.79890441894531 236.06985473632812 239.39651489257812 199.6988067626953 239.39651489257812
197.14285278320312 94.44691467285156 233.4217529296875 94.44691467285156 233.4217529296875 242.52342224121094 197.14285278320312 242.52342224121094
193.7838134765625 101.04485321044922 230.02312469482422 101.04485321044922 230.02312469482422 247.10567474365234 193.7838134765625 247.10567474365234
192.27175903320312 97.94082641601562 227.89878463745117 97.94082641601562 227.89878463745117 247.04649353027344 192.27175903320312 247.04649353027344
189.75509643554688 103.8410415649414 225.2725601196289 103.8410415649414 225.2725601196289 252.48816680908203 189.75509643554688 252.48816680908203
186.58407592773438 100.81813049316406 222.1234893798828 100.81813049316406 222.1234893798828 249.55712890625 186.58407592773438 249.55712890625
185.73165893554688 99.45820617675781 220.96102905273438 99.45820617675781 220.96102905273438 246.8996124267578 185.73165893554688 246.8996124267578
182.92129516601562 95.44105529785156 218.46937561035156 95.44105529785156 218.46937561035156 244.21632385253906 182.92129516601562 244.21632385253906
182.40615844726562 97.22026062011719 217.4189910888672 97.22026062011719 217.4189910888672 243.75543212890625 182.40615844726562 243.75543212890625
178.20127868652344 93.92024230957031 213.49442672729492 93.92024230957031 213.49442672729492 241.6285858154297 178.20127868652344 241.6285858154297
174.62484741210938 98.2916488647461 210.87060546875 98.2916488647461 210.87060546875 243.66600799560547 174.62484741210938 243.66600799560547
173.37974548339844 95.33979797363281 209.56122207641602 95.33979797363281 209.56122207641602 246.76597595214844 173.37974548339844 246.76597595214844
172.03965759277344 96.40771484375 208.29390716552734 96.40771484375 208.29390716552734 248.13845825195312 172.03965759277344 248.13845825195312
168.06777954101562 102.01528930664062 205.11686325073242 102.01528930664062 205.11686325073242 253.14202880859375 168.06777954101562 253.14202880859375
166.01170349121094 104.29512786865234 203.84495162963867 104.29512786865234 203.84495162963867 250.54497528076172 166.01170349121094 250.54497528076172
162.89938354492188 103.5931167602539 200.14945220947266 103.5931167602539 200.14945220947266 247.60453033447266 162.89938354492188 247.60453033447266
159.2704315185547 105.6507797241211 197.41961669921875 105.6507797241211 197.41961669921875 245.48180389404297 159.2704315185547 245.48180389404297
157.54629516601562 106.7134017944336 194.61100006103516 106.7134017944336 194.61100006103516 244.61034393310547 157.54629516601562 244.61034393310547
155.10989379882812 106.01451110839844 192.52865982055664 106.01451110839844 192.52865982055664 248.21841430664062 155.10989379882812 248.21841430664062
154.0750274658203 99.47383880615234 190.76398468017578 99.47383880615234 190.76398468017578 248.84725189208984 154.0750274658203 248.84725189208984
151.2186737060547 98.99365997314453 187.80742645263672 98.99365997314453 187.80742645263672 249.2436294555664 151.2186737060547 249.2436294555664
148.4928436279297 98.97258758544922 185.52529907226562 98.97258758544922 185.52529907226562 250.02429962158203 148.4928436279297 250.02429962158203
146.86477661132812 98.04112243652344 183.73927688598633 98.04112243652344 183.73927688598633 252.36781311035156 146.86477661132812 252.36781311035156
145.56845092773438 100.15507507324219 182.2583770751953 100.15507507324219 182.2583770751953 253.70928955078125 145.56845092773438 253.70928955078125
141.87908935546875 103.4317855834961 179.78893280029297 103.4317855834961 179.78893280029297 254.34557342529297 141.87908935546875 254.34557342529297
140.5392608642578 100.92558288574219 179.22816467285156 100.92558288574219 179.22816467285156 253.1016387939453 140.5392608642578 253.1016387939453
138.32937622070312 98.92616271972656 175.6900177001953 98.92616271972656 175.6900177001953 252.35049438476562 138.32937622070312 252.35049438476562
136.5779571533203 102.10472106933594 174.04666900634766 102.10472106933594 174.04666900634766 255.92971801757812 136.5779571533203 255.92971801757812
134.57374572753906 97.04588317871094 172.37665176391602 97.04588317871094 172.37665176391602 252.47537231445312 134.57374572753906 252.47537231445312
132.5758819580078 99.74330139160156 171.26904678344727 99.74330139160156 171.26904678344727 258.0743713378906 132.5758819580078 258.0743713378906
129.2912139892578 108.6644287109375 169.50160217285156 108.6644287109375 169.50160217285156 253.88662719726562 129.2912139892578 253.88662719726562
126.2500228881836 104.5423355102539 165.31463623046875 104.5423355102539 165.31463623046875 252.12000274658203 126.2500228881836 252.12000274658203
125.21234130859375 102.18086242675781 163.5854263305664 102.18086242675781 163.5854263305664 249.83700561523438 125.21234130859375 249.83700561523438
122.30008697509766 104.17576599121094 160.5058250427246 104.17576599121094 160.5058250427246 246.26284790039062 122.30008697509766 246.26284790039062
120.0990219116211 105.4104995727539 160.00000381469727 105.4104995727539 160.00000381469727 249.80554962158203 120.0990219116211 249.80554962158203
120.1768569946289 98.91441345214844 157.9621467590332 98.91441345214844 157.9621467590332 257.0529327392578 120.1768569946289 257.0529327392578
115.20417785644531 101.36830139160156 153.38147735595703 101.36830139160156 153.38147735595703 251.28648376464844 115.20417785644531 251.28648376464844
112.50608825683594 98.93042755126953 149.9216537475586 98.93042755126953 149.9216537475586 255.5215835571289 112.50608825683594 255.5215835571289
110.32133483886719 99.67913055419922 147.63434219360352 99.67913055419922 147.63434219360352 255.8410415649414 110.32133483886719 255.8410415649414
108.98307800292969 102.07527160644531 145.39977264404297 102.07527160644531 145.39977264404297 254.48594665527344 108.98307800292969 254.48594665527344
106.27299499511719 99.61644744873047 142.7597312927246 99.61644744873047 142.7597312927246 250.46685028076172 106.27299499511719 250.46685028076172
103.70658874511719 102.14692687988281 140.43275451660156 102.14692687988281 140.43275451660156 251.4965362548828 103.70658874511719 251.4965362548828
102.75334167480469 97.06639099121094 139.49389266967773 97.06639099121094 139.49389266967773 250.83245849609375 102.75334167480469 250.83245849609375
100.04911804199219 96.46630859375 136.76405715942383 96.46630859375 136.76405715942383 250.1251678466797 100.04911804199219 250.1251678466797
97.60774230957031 96.25443267822266 135.4288673400879 96.25443267822266 135.4288673400879 249.71041107177734 97.60774230957031 249.71041107177734
95.14472961425781 99.32755279541016 132.28773498535156 99.32755279541016 132.28773498535156 254.77796173095703 95.14472961425781 254.77796173095703
92.3453598022461 99.8028335571289 130.72506713867188 99.8028335571289 130.72506713867188 254.99507904052734 92.3453598022461 254.99507904052734
90.49339294433594 99.03272247314453 128.44615936279297 99.03272247314453 128.44615936279297 257.8721389770508 90.49339294433594 257.8721389770508
85.62037658691406 105.8392562866211 124.57577133178711 105.8392562866211 124.57577133178711 259.89513397216797 85.62037658691406 259.89513397216797
84.03440856933594 100.80451202392578 123.44049453735352 100.80451202392578 123.44049453735352 254.45519256591797 84.03440856933594 254.45519256591797
82.3339614868164 101.30330657958984 122.16054153442383 101.30330657958984 122.16054153442383 257.90503692626953 82.3339614868164 257.90503692626953
76.95823669433594 107.25128173828125 117.15195083618164 107.25128173828125 117.15195083618164 257.0033874511719 76.95823669433594 257.0033874511719
76.73066711425781 101.74357604980469 115.29838180541992 101.74357604980469 115.29838180541992 257.5644073486328 76.73066711425781 257.5644073486328
74.21405029296875 99.92793273925781 113.53910446166992 99.92793273925781 113.53910446166992 259.282470703125 74.21405029296875 259.282470703125
69.09963989257812 104.93846130371094 109.41632080078125 104.93846130371094 109.41632080078125 256.20668029785156 69.09963989257812 256.20668029785156
67.53974914550781 103.106689453125 106.69678115844727 103.106689453125 106.69678115844727 259.354736328125 67.53974914550781 259.354736328125
64.82182312011719 108.2727279663086 103.53768539428711 108.2727279663086 103.53768539428711 256.7630081176758 64.82182312011719 256.7630081176758
63.533164978027344 106.16627502441406 102.74731063842773 106.16627502441406 102.74731063842773 254.2239227294922 63.533164978027344 254.2239227294922
61.072166442871094 105.44036865234375 100.81571960449219 105.44036865234375 100.81571960449219 256.0260925292969 61.072166442871094 256.0260925292969
58.060935974121094 106.41434478759766 97.03496551513672 106.41434478759766 97.03496551513672 255.94139862060547 58.060935974121094 255.94139862060547
55.639305114746094 109.25533294677734 96.24349212646484 109.25533294677734 96.24349212646484 258.1887741088867 55.639305114746094 258.1887741088867
53.92383575439453 105.38536071777344 93.92039489746094 105.38536071777344 93.92039489746094 255.9632568359375 53.92383575439453 255.9632568359375
51.3984260559082 108.398681640625 87.65652465820312 108.398681640625 87.65652465820312 252.85940551757812 51.3984260559082 252.85940551757812
49.782344818115234 104.9260482788086 87.60088729858398 104.9260482788086 87.60088729858398 257.54517364501953 49.782344818115234 257.54517364501953
47.796287536621094 106.2073974609375 86.26497650146484 106.2073974609375 86.26497650146484 254.4300079345703 47.796287536621094 254.4300079345703
44.520530700683594 106.20298767089844 84.07053756713867 106.20298767089844 84.07053756713867 253.78208923339844 44.520530700683594 253.78208923339844
41.706478118896484 107.24456787109375 81.70401382446289 107.24456787109375 81.70401382446289 251.32376098632812 41.706478118896484 251.32376098632812
39.80464553833008 104.85208892822266 80.4688835144043 104.85208892822266 80.4688835144043 251.07019805908203 39.80464553833008 251.07019805908203
36.39777374267578 107.8250503540039 76.3218002319336 107.8250503540039 76.3218002319336 252.4811019897461 36.39777374267578 252.4811019897461
45.303958892822266 99.87379455566406 83.4060287475586 99.87379455566406 83.4060287475586 259.3380889892578 45.303958892822266 259.3380889892578
53.94213104248047 93.08244323730469 92.9372787475586 93.08244323730469 92.9372787475586 250.770751953125 53.94213104248047 250.770751953125
62.65089797973633 98.38249206542969 100.2307243347168 98.38249206542969 100.2307243347168 255.66114807128906 62.65089797973633 255.66114807128906
67.73270416259766 94.56342315673828 105.81753921508789 94.56342315673828 105.81753921508789 253.95563507080078 67.73270416259766 253.95563507080078
81.3198013305664 92.23544311523438 119.56974792480469 92.23544311523438 119.56974792480469 252.31866455078125 81.3198013305664 252.31866455078125
88.0415267944336 94.86357116699219 126.16552352905273 94.86357116699219 126.16552352905273 254.41966247558594 88.0415267944336 254.41966247558594
100.57989501953125 95.1722640991211 139.26010131835938 95.1722640991211 139.26010131835938 257.0562057495117 100.57989501953125 257.0562057495117
108.64681243896484 93.16392517089844 148.03318786621094 93.16392517089844 148.03318786621094 258.0032958984375 108.64681243896484 258.0032958984375
118.47126770019531 91.71034240722656 157.4159927368164 91.71034240722656 157.4159927368164 254.7013397216797 118.47126770019531 254.7013397216797
129.3900604248047 89.31156158447266 167.98562622070312 89.31156158447266 167.98562622070312 250.84125518798828 129.3900604248047 250.84125518798828
137.52272033691406 92.71762084960938 175.2284393310547 92.71762084960938 175.2284393310547 250.52313232421875 137.52272033691406 250.52313232421875
149.5852508544922 90.9129867553711 186.83288192749023 90.9129867553711 186.83288192749023 246.80132293701172 149.5852508544922 246.80132293701172
156.80911254882812 95.17760467529297 194.6574935913086 95.17760467529297 194.6574935913086 253.5801773071289 156.80911254882812 253.5801773071289
169.7540283203125 92.83719635009766 208.29138946533203 92.83719635009766 208.29138946533203 254.12328338623047 169.7540283203125 254.12328338623047
175.7063446044922 92.09486389160156 214.42195892333984 92.09486389160156 214.42195892333984 254.126953125 175.7063446044922 254.126953125
187.93736267089844 87.81681823730469 226.50164031982422 87.81681823730469 226.50164031982422 249.2155303955078 187.93736267089844 249.2155303955078
198.18203735351562 94.13106536865234 236.79447174072266 94.13106536865234 236.79447174072266 255.73133087158203 198.18203735351562 255.73133087158203
205.08163452148438 94.46543884277344 243.84923553466797 94.46543884277344 243.84923553466797 256.7151184082031 205.08163452148438 256.7151184082031
216.52719116210938 93.33726501464844 255.0343017578125 93.33726501464844 255.0343017578125 254.4967498779297 216.52719116210938 254.4967498779297
225.2705078125 96.62181091308594 263.63216400146484 96.62181091308594 263.63216400146484 257.17254638671875 225.2705078125 257.17254638671875
238.48147583007812 94.38961029052734 276.54139709472656 94.38961029052734 276.54139709472656 253.67749786376953 238.48147583007812 253.67749786376953
246.1159210205078 97.99346160888672 284.0227928161621 97.99346160888672 284.0227928161621 256.64083099365234 246.1159210205078 256.64083099365234
258.4067077636719 93.2745132446289 296.7653121948242 93.2745132446289 296.7653121948242 253.8124771118164 258.4067077636719 253.8124771118164
268.34246826171875 94.44013214111328 306.04228591918945 94.44013214111328 306.04228591918945 252.2209701538086 268.34246826171875 252.2209701538086
272.1626892089844 102.0838623046875 310.16101837158203 102.0838623046875 310.16101837158203 261.1140441894531 272.1626892089844 261.1140441894531
281.90594482421875 103.88948822021484 320.0883674621582 103.88948822021484 320.0883674621582 263.6901168823242 281.90594482421875 263.6901168823242
285.04229736328125 97.78483581542969 322.97974014282227 97.78483581542969 322.97974014282227 256.5601806640625 285.04229736328125 256.5601806640625
295.96368408203125 99.89954376220703 334.1835403442383 99.89954376220703 334.1835403442383 259.85684967041016 295.96368408203125 259.85684967041016
304.60711669921875 96.9341049194336 343.0972213745117 96.9341049194336 343.0972213745117 258.02245330810547 304.60711669921875 258.02245330810547
315.7216796875 92.07341003417969 353.2423782348633 92.07341003417969 353.2423782348633 249.10459899902344 315.7216796875 249.10459899902344
327.70294189453125 93.65473937988281 364.9341850280762 93.65473937988281 364.9341850280762 249.47450256347656 327.70294189453125 249.47450256347656
338.19482421875 91.38744354248047 375.8064270019531 91.38744354248047 375.8064270019531 248.79907989501953 338.19482421875 248.79907989501953
349.5902099609375 96.06684875488281 387.18496322631836 96.06684875488281 387.18496322631836 253.40798950195312 349.5902099609375 253.40798950195312
357.68487548828125 89.63880920410156 395.8401985168457 89.63880920410156 395.8401985168457 249.32601928710938 357.68487548828125 249.32601928710938
368.9337158203125 93.92176818847656 406.38414764404297 93.92176818847656 406.38414764404297 250.6588897705078 368.9337158203125 250.6588897705078
373.90679931640625 90.81163024902344 411.5482368469238 90.81163024902344 411.5482368469238 248.34815979003906 373.90679931640625 248.34815979003906
380.83392333984375 84.5064697265625 418.5360908508301 84.5064697265625 418.5360908508301 242.2971649169922 380.83392333984375 242.2971649169922
390.279052734375 83.6547622680664 428.0198745727539 83.6547622680664 428.0198745727539 241.60723114013672 390.279052734375 241.60723114013672
399.65985107421875 80.76313018798828 437.02226638793945 80.76313018798828 437.02226638793945 237.13188934326172 399.65985107421875 237.13188934326172
411.8402404785156 77.52958679199219 448.86756134033203 77.52958679199219 448.86756134033203 232.49591064453125 411.8402404785156 232.49591064453125
419.326171875 80.92066955566406 456.2912368774414 80.92066955566406 456.2912368774414 235.62643432617188 419.326171875 235.62643432617188
430.93609619140625 77.37405395507812 468.0952949523926 77.37405395507812 468.0952949523926 232.89231872558594 430.93609619140625 232.89231872558594
439.6471252441406 80.29305267333984 476.32464599609375 80.29305267333984 476.32464599609375 233.79541778564453 439.6471252441406 233.79541778564453
447.51702880859375 75.7760009765625 484.7004699707031 75.7760009765625 484.7004699707031 231.39572143554688 447.51702880859375 231.39572143554688
445.76220703125 82.50467681884766 482.0897445678711 82.50467681884766 482.0897445678711 234.54230499267578 445.76220703125 234.54230499267578
443.1703186035156 91.0323715209961 481.04346466064453 91.0323715209961 481.04346466064453 234.2353744506836 443.1703186035156 234.2353744506836
439.40545654296875 87.68504333496094 475.2466049194336 87.68504333496094 475.2466049194336 237.68704223632812 439.40545654296875 237.68704223632812
438.239990234375 90.45476531982422 473.62877655029297 90.45476531982422 473.62877655029297 238.56356048583984 438.239990234375 238.56356048583984
434.71502685546875 93.18146514892578 471.3325538635254 93.18146514892578 471.3325538635254 236.2343978881836 434.71502685546875 236.2343978881836
433.37542724609375 94.62113189697266 469.04015350341797 94.62113189697266 469.04015350341797 243.88480377197266 433.37542724609375 243.88480377197266
430.4483947753906 97.99909973144531 465.68712615966797 97.99909973144531 465.68712615966797 245.4799041748047 430.4483947753906 245.4799041748047
427.1146545410156 91.96199035644531 462.46119689941406 91.96199035644531 462.46119689941406 239.8939971923828 427.1146545410156 239.8939971923828
425.78826904296875 98.37924194335938 460.9657897949219 98.37924194335938 460.9657897949219 245.60385131835938 425.78826904296875 245.60385131835938
421.79180908203125 102.46702575683594 457.8321228027344 102.46702575683594 457.8321228027344 247.81251525878906 421.79180908203125 247.81251525878906
423.38531494140625 95.76236724853516 459.8075485229492 95.76236724853516 459.8075485229492 248.19632720947266 423.38531494140625 248.19632720947266
418.23297119140625 97.04594421386719 455.65907287597656 97.04594421386719 455.65907287597656 247.5044708251953 418.23297119140625 247.5044708251953
415.2724609375 89.66731262207031 452.8155517578125 89.66731262207031 452.8155517578125 246.7922821044922 415.2724609375 246.7922821044922
413.38970947265625 91.9796142578125 451.6042938232422 91.9796142578125 451.6042938232422 248.04876708984375 413.38970947265625 248.04876708984375
410.87384033203125 91.52592468261719 448.91301345825195 91.52592468261719 448.91301345825195 239.39901733398438 410.87384033203125 239.39901733398438
408.8750915527344 91.3540267944336 446.5468940734863 91.3540267944336 446.5468940734863 246.75232696533203 408.8750915527344 246.75232696533203
406.0013427734375 95.4193115234375 443.7867965698242 95.4193115234375 443.7867965698242 247.15383911132812 406.0013427734375 247.15383911132812
404.1681213378906 95.73281860351562 440.3754997253418 95.73281860351562 440.3754997253418 242.81222534179688 404.1681213378906 242.81222534179688
401.3829040527344 97.86122131347656 441.29566955566406 97.86122131347656 441.29566955566406 242.41664123535156 401.3829040527344 242.41664123535156
400.2542724609375 100.71318054199219 438.6006774902344 100.71318054199219 438.6006774902344 242.20372009277344 400.2542724609375 242.20372009277344
395.97003173828125 92.3863525390625 437.3567810058594 92.3863525390625 437.3567810058594 238.5457763671875 395.97003173828125 238.5457763671875
394.2794494628906 94.09040832519531 434.2571220397949 94.09040832519531 434.2571220397949 236.3572998046875 394.2794494628906 236.3572998046875
389.89837646484375 95.60142517089844 430.6446075439453 95.60142517089844 430.6446075439453 244.49314880371094 389.89837646484375 244.49314880371094
387.85638427734375 94.138427734375 428.3357734680176 94.138427734375 428.3357734680176 241.40980529785156 387.85638427734375 241.40980529785156
385.82476806640625 90.66079711914062 425.4831733703613 90.66079711914062 425.4831733703613 243.43792724609375 385.82476806640625 243.43792724609375
382.9280700683594 95.03007507324219 423.54793548583984 95.03007507324219 423.54793548583984 243.32958984375 382.9280700683594 243.32958984375
381.0514831542969 95.98792266845703 421.13135528564453 95.98792266845703 421.13135528564453 242.2630386352539 381.0514831542969 242.2630386352539
378.4970703125 95.33683776855469 418.3769950866699 95.33683776855469 418.3769950866699 245.1560821533203 378.4970703125 245.1560821533203
377.1014709472656 97.20944213867188 418.2114944458008 97.20944213867188 418.2114944458008 245.5213623046875 377.1014709472656 245.5213623046875
375.05572509765625 98.2939224243164 415.4406051635742 98.2939224243164 415.4406051635742 247.26561737060547 375.05572509765625 247.26561737060547
372.8529968261719 98.6102523803711 414.34913635253906 98.6102523803711 414.34913635253906 248.47476959228516 372.8529968261719 248.47476959228516
372.0644226074219 97.40153503417969 411.5316162109375 97.40153503417969 411.5316162109375 243.42723083496094 372.0644226074219 243.42723083496094
369.5442810058594 96.36880493164062 410.58592987060547 96.36880493164062 410.58592987060547 242.99819946289062 369.5442810058594 242.99819946289062
366.81597900390625 99.37158203125 407.27004623413086 99.37158203125 407.27004623413086 248.18751525878906 366.81597900390625 248.18751525878906
364.63690185546875 99.06367492675781 405.02113342285156 99.06367492675781 405.02113342285156 242.22369384765625 364.63690185546875 242.22369384765625
363.1669616699219 100.5725326538086 402.2145233154297 100.5725326538086 402.2145233154297 241.66326141357422 363.1669616699219 241.66326141357422
360.4814453125 99.5256118774414 399.96569061279297 99.5256118774414 399.96569061279297 241.71566009521484 360.4814453125 241.71566009521484
358.97027587890625 100.36985778808594 398.0942573547363 100.36985778808594 398.0942573547363 241.8429412841797 358.97027587890625 241.8429412841797
356.3653259277344 98.80393981933594 397.51053619384766 98.80393981933594 397.51053619384766 240.10398864746094 356.3653259277344 240.10398864746094
354.4002685546875 100.23259735107422 393.95244216918945 100.23259735107422 393.95244216918945 241.06966400146484 354.4002685546875 241.06966400146484
351.600341796875 98.20197296142578 391.4484443664551 98.20197296142578 391.4484443664551 240.12218475341797 351.600341796875 240.12218475341797
349.3427429199219 102.14823913574219 391.2517890930176 102.14823913574219 391.2517890930176 243.13250732421875 349.3427429199219 243.13250732421875
346.831298828125 102.83882904052734 387.8390464782715 102.83882904052734 387.8390464782715 243.18912506103516 346.831298828125 243.18912506103516
345.3864440917969 99.15284729003906 385.0251121520996 99.15284729003906 385.0251121520996 244.03530883789062 345.3864440917969 244.03530883789062
342.3697204589844 101.9153060913086 382.5907440185547 101.9153060913086 382.5907440185547 244.0819320678711 342.3697204589844 244.0819320678711
341.0060119628906 98.79130554199219 379.49370193481445 98.79130554199219 379.49370193481445 244.30465698242188 341.0060119628906 244.30465698242188
338.4307556152344 100.88317108154297 378.9542922973633 100.88317108154297 378.9542922973633 248.22486114501953 338.4307556152344 248.22486114501953
336.08221435546875 101.00318908691406 375.08231353759766 101.00318908691406 375.08231353759766 247.9089813232422 336.08221435546875 247.9089813232422
334.2648010253906 99.28648376464844 372.83792877197266 99.28648376464844 372.83792877197266 249.21890258789062 334.2648010253906 249.21890258789062
331.73822021484375 98.20317840576172 371.48016357421875 98.20317840576172 371.48016357421875 252.0407943725586 331.73822021484375 252.0407943725586
330.0302734375 99.18487548828125 367.98603439331055 99.18487548828125 367.98603439331055 247.14041137695312 330.0302734375 247.14041137695312
326.97833251953125 97.87782287597656 365.86560821533203 97.87782287597656 365.86560821533203 251.81004333496094 326.97833251953125 251.81004333496094
325.1776428222656 98.91563415527344 363.10912704467773 98.91563415527344 363.10912704467773 249.05865478515625 325.1776428222656 249.05865478515625
323.1421203613281 95.57337951660156 360.8398094177246 95.57337951660156 360.8398094177246 242.92782592773438 323.1421203613281 242.92782592773438
319.8771667480469 99.16410827636719 359.63525772094727 99.16410827636719 359.63525772094727 241.64768981933594 319.8771667480469 241.64768981933594
318.1170959472656 96.20465850830078 357.53787994384766 96.20465850830078 357.53787994384766 239.41031646728516 318.1170959472656 239.41031646728516
316.0865478515625 91.70573425292969 357.4226875305176 91.70573425292969 357.4226875305176 240.71832275390625 316.0865478515625 240.71832275390625
312.0789489746094 94.85556030273438 353.3201789855957 94.85556030273438 353.3201789855957 243.4792022705078 312.0789489746094 243.4792022705078
308.94427490234375 91.30889129638672 349.7998466491699 91.30889129638672 349.7998466491699 242.10547637939453 308.94427490234375 242.10547637939453
306.8331604003906 86.53407287597656 347.93856048583984 86.53407287597656 347.93856048583984 244.70855712890625 306.8331604003906 244.70855712890625
303.7110900878906 90.82600402832031 345.7516403198242 90.82600402832031 345.7516403198242 249.04478454589844 303.7110900878906 249.04478454589844
301.8916015625 88.4247817993164 341.7646293640137 88.4247817993164 341.7646293640137 247.86048126220703 301.8916015625 247.86048126220703
299.68133544921875 85.01556396484375 338.9074249267578 85.01556396484375 338.9074249267578 248.74832153320312 299.68133544921875 248.74832153320312
299.30743408203125 82.9847640991211 338.5871238708496 82.9847640991211 338.5871238708496 248.0668716430664 299.30743408203125 248.0668716430664
297.20086669921875 86.13075256347656 337.3614387512207 86.13075256347656 337.3614387512207 247.99330139160156 297.20086669921875 247.99330139160156
293.81280517578125 89.3925552368164 334.05872344970703 89.3925552368164 334.05872344970703 249.55718231201172 293.81280517578125 249.55718231201172
291.87249755859375 87.72611999511719 331.17705154418945 87.72611999511719 331.17705154418945 252.22323608398438 291.87249755859375 252.22323608398438
290.24493408203125 90.15306091308594 328.9165229797363 90.15306091308594 328.9165229797363 252.0010986328125 290.24493408203125 252.0010986328125
290.18115234375 93.48416137695312 328.52027893066406 93.48416137695312 328.52027893066406 253.94078063964844 290.18115234375 253.94078063964844
285.962890625 98.28311920166016 325.3613967895508 98.28311920166016 325.3613967895508 246.81377410888672 285.962890625 246.81377410888672
284.64190673828125 93.10090637207031 323.4690856933594 93.10090637207031 323.4690856933594 243.9779815673828 284.64190673828125 243.9779815673828
280.1508483886719 97.04395294189453 320.3407096862793 97.04395294189453 320.3407096862793 242.95450592041016 280.1508483886719 242.95450592041016
278.84881591796875 98.4139404296875 317.1679458618164 98.4139404296875 317.1679458618164 241.26072692871094 278.84881591796875 241.26072692871094
277.11932373046875 96.0850601196289 315.5132064819336 96.0850601196289 315.5132064819336 245.56233978271484 277.11932373046875 245.56233978271484
273.69110107421875 92.99116516113281 312.59408950805664 92.99116516113281 312.59408950805664 243.98806762695312 273.69110107421875 243.98806762695312
270.1953125 90.90885925292969 309.831844329834 90.90885925292969 309.831844329834 248.24813842773438 270.1953125 248.24813842773438
268.47308349609375 93.51622772216797 309.3272590637207 93.51622772216797 309.3272590637207 248.31092071533203 268.47308349609375 248.31092071533203
263.9593811035156 96.90980529785156 305.9341354370117 96.90980529785156 305.9341354370117 247.7239227294922 263.9593811035156 247.7239227294922
263.8480529785156 94.66566467285156 305.4808120727539 94.66566467285156 305.4808120727539 247.2304229736328 263.8480529785156 247.2304229736328
262.89068603515625 91.69134521484375 303.7739906311035 91.69134521484375 303.7739906311035 245.80125427246094 262.89068603515625 245.80125427246094
261.51177978515625 92.8755874633789 302.5670280456543 92.8755874633789 302.5670280456543 249.7366714477539 261.51177978515625 249.7366714477539
258.23626708984375 89.73738098144531 298.8484878540039 89.73738098144531 298.8484878540039 239.68350219726562 258.23626708984375 239.68350219726562
256.3003845214844 94.72869110107422 296.6541557312012 94.72869110107422 296.6541557312012 243.7904281616211 256.3003845214844 243.7904281616211
254.53515625 95.26431274414062 293.9577178955078 95.26431274414062 293.9577178955078 245.4307098388672 254.53515625 245.4307098388672
253.02645874023438 95.44403839111328 292.2690734863281 95.44403839111328 292.2690734863281 249.94593048095703 253.02645874023438 249.94593048095703
248.86093139648438 93.73524475097656 288.5996284484863 93.73524475097656 288.5996284484863 247.41635131835938 248.86093139648438 247.41635131835938
248.9584197998047 90.5087661743164 288.6087760925293 90.5087661743164 288.6087760925293 242.9621810913086 248.9584197998047 242.9621810913086
245.791748046875 93.83618927001953 286.8111763000488 93.83618927001953 286.8111763000488 242.62206268310547 245.791748046875 242.62206268310547
242.42068481445312 97.22760772705078 283.82044982910156 97.22760772705078 283.82044982910156 241.9328384399414 242.42068481445312 241.9328384399414
240.185791015625 95.93978881835938 279.8407783508301 95.93978881835938 279.8407783508301 238.63018798828125 240.185791015625 238.63018798828125
238.78817749023438 90.4164810180664 279.0553970336914 90.4164810180664 279.0553970336914 242.19300079345703 238.78817749023438 242.19300079345703
234.3209686279297 90.95713806152344 275.1864776611328 90.95713806152344 275.1864776611328 242.01100158691406 234.3209686279297 242.01100158691406
231.6289825439453 90.3427505493164 271.23949813842773 90.3427505493164 271.23949813842773 244.08716583251953 231.6289825439453 244.08716583251953
230.04885864257812 96.44625091552734 269.4918632507324 96.44625091552734 269.4918632507324 248.14546966552734 230.04885864257812 248.14546966552734
227.0622100830078 96.11502838134766 266.87644958496094 96.11502838134766 266.87644958496094 247.19063568115234 227.0622100830078 247.19063568115234
227.35781860351562 96.194580078125 265.3195266723633 96.194580078125 265.3195266723633 250.6965789794922 227.35781860351562 250.6965789794922
223.8438720703125 95.65989685058594 262.6473731994629 95.65989685058594 262.6473731994629 247.4833984375 223.8438720703125 247.4833984375
223.4545440673828 96.56163024902344 261.11471939086914 96.56163024902344 261.11471939086914 254.1768341064453 223.4545440673828 254.1768341064453
221.16128540039062 98.18316650390625 258.602596282959 98.18316650390625 258.602596282959 254.88238525390625 221.16128540039062 254.88238525390625
219.52206420898438 92.45521545410156 256.742431640625 92.45521545410156 256.742431640625 248.229736328125 219.52206420898438 248.229736328125
216.47238159179688 92.29182434082031 253.36438751220703 92.29182434082031 253.36438751220703 246.6920623779297 216.47238159179688 246.6920623779297
215.20553588867188 93.02333068847656 251.79499435424805 93.02333068847656 251.79499435424805 246.15736389160156 215.20553588867188 246.15736389160156
213.16818237304688 96.14802551269531 250.40062713623047 96.14802551269531 250.40062713623047 245.1135711669922 213.16818237304688 245.1135711669922
209.83413696289062 100.34927368164062 247.59384155273438 100.34927368164062 247.59384155273438 242.70425415039062 209.83413696289062 242.70425415039062
207.41116333007812 104.0871810913086 245.52357864379883 104.0871810913086 245.52357864379883 240.2949447631836 207.41116333007812 240.2949447631836
206.3795928955078 100.58139038085938 243.40633392333984 100.58139038085938 243.40633392333984 245.2332305908203 206.3795928955078 245.2332305908203
204.2304229736328 98.45758819580078 240.5924072265625 98.45758819580078 240.5924072265625 242.43924713134766 204.2304229736328 242.43924713134766
201.22116088867188 98.13960266113281 238.0739860534668 98.13960266113281 238.0739860534668 242.25668334960938 201.22116088867188 242.25668334960938
199.0413818359375 96.48014831542969 235.4925994873047 96.48014831542969 235.4925994873047 249.03561401367188 199.0413818359375 249.03561401367188
196.513427734375 97.87864685058594 233.1533203125 97.87864685058594 233.1533203125 251.2237548828125 196.513427734375 251.2237548828125
195.4282684326172 99.4725112915039 231.6571807861328 99.4725112915039 231.6571807861328 251.09758758544922 195.4282684326172 251.09758758544922
192.79537963867188 95.54020690917969 228.97147369384766 95.54020690917969 228.97147369384766 246.94422912597656 192.79537963867188 246.94422912597656
190.44845581054688 96.23822784423828 227.37258911132812 96.23822784423828 227.37258911132812 250.77294158935547 190.44845581054688 250.77294158935547
188.3769073486328 96.84457397460938 225.1522560119629 96.84457397460938 225.1522560119629 250.756591796875 188.3769073486328 250.756591796875
186.9565887451172 93.39295196533203 223.16668319702148 93.39295196533203 223.16668319702148 244.93926239013672 186.9565887451172 244.93926239013672
185.77359008789062 93.65779113769531 221.28912734985352 93.65779113769531 221.28912734985352 242.2972412109375 185.77359008789062 242.2972412109375
183.8323974609375 96.7855224609375 219.43169784545898 96.7855224609375 219.43169784545898 245.77554321289062 183.8323974609375 245.77554321289062
182.1733856201172 101.62181854248047 217.67974472045898 101.62181854248047 217.67974472045898 250.22286224365234 182.1733856201172 250.22286224365234
181.4761505126953 97.97431945800781 217.40626525878906 97.97431945800781 217.40626525878906 248.34886169433594 181.4761505126953 248.34886169433594
178.93807983398438 93.299560546875 215.1362762451172 93.299560546875 215.1362762451172 243.087158203125 178.93807983398438 243.087158203125
176.59329223632812 92.56974792480469 213.28816986083984 92.56974792480469 213.28816986083984 241.1670684814453 176.59329223632812 241.1670684814453
175.6957550048828 95.66737365722656 212.16949081420898 95.66737365722656 212.16949081420898 245.546630859375 175.6957550048828 245.546630859375
171.5110321044922 92.81471252441406 208.46118545532227 92.81471252441406 208.46118545532227 241.26625061035156 171.5110321044922 241.26625061035156
170.0924530029297 96.16508483886719 207.10409927368164 96.16508483886719 207.10409927368164 242.55638122558594 170.0924530029297 242.55638122558594
167.8361358642578 92.4863510131836 204.1442413330078 92.4863510131836 204.1442413330078 244.4428939819336 167.8361358642578 244.4428939819336
164.2608642578125 93.53337097167969 200.60321044921875 93.53337097167969 200.60321044921875 245.6332244873047 164.2608642578125 245.6332244873047
162.24807739257812 100.33184051513672 198.7051124572754 100.33184051513672 198.7051124572754 252.91170501708984 162.24807739257812 252.91170501708984
159.28001403808594 102.60487365722656 195.81507110595703 102.60487365722656 195.81507110595703 255.5112762451172 159.28001403808594 255.5112762451172
154.6387481689453 99.26762390136719 191.48261260986328 99.26762390136719 191.48261260986328 253.46644592285156 154.6387481689453 253.46644592285156
155.7998046875 97.22651672363281 193.0201644897461 97.22651672363281 193.0201644897461 253.0010528564453 155.7998046875 253.0010528564453
152.61911010742188 97.89315795898438 190.1133041381836 97.89315795898438 190.1133041381836 254.81373596191406 152.61911010742188 254.81373596191406
151.3428955078125 101.41886138916016 188.17763137817383 101.41886138916016 188.17763137817383 255.57947540283203 151.3428955078125 255.57947540283203
148.88095092773438 101.05831146240234 185.3793830871582 101.05831146240234 185.3793830871582 253.81143951416016 148.88095092773438 253.81143951416016
147.7276153564453 96.0802001953125 184.24996948242188 96.0802001953125 184.24996948242188 248.93344116210938 147.7276153564453 248.93344116210938
146.06167602539062 95.94969177246094 182.92082977294922 95.94969177246094 182.92082977294922 250.21250915527344 146.06167602539062 250.21250915527344
142.3453826904297 98.12724304199219 178.42197036743164 98.12724304199219 178.42197036743164 249.1148681640625 142.3453826904297 249.1148681640625
141.6874237060547 100.97386932373047 178.0568084716797 100.97386932373047 178.0568084716797 253.18689727783203 141.6874237060547 253.18689727783203
140.44273376464844 98.66124725341797 176.8382110595703 98.66124725341797 176.8382110595703 250.98348236083984 140.44273376464844 250.98348236083984
137.37852478027344 102.60103607177734 174.8843650817871 102.60103607177734 174.8843650817871 245.28902435302734 137.37852478027344 245.28902435302734
134.46194458007812 99.85111999511719 172.17513275146484 99.85111999511719 172.17513275146484 241.8625946044922 134.46194458007812 241.8625946044922
133.3736114501953 102.5082015991211 169.8046112060547 102.5082015991211 169.8046112060547 244.72164154052734 133.3736114501953 244.72164154052734
130.98770141601562 100.75300598144531 169.07942962646484 100.75300598144531 169.07942962646484 246.90325927734375 130.98770141601562 246.90325927734375
129.0611114501953 96.14985656738281 166.3816146850586 96.14985656738281 166.3816146850586 248.63427734375 129.0611114501953 248.63427734375
125.37259674072266 97.25438690185547 163.30939865112305 97.25438690185547 163.30939865112305 247.16413116455078 125.37259674072266 247.16413116455078
125.01493835449219 99.14923858642578 161.0025749206543 99.14923858642578 161.0025749206543 249.7646255493164 125.01493835449219 249.7646255493164
123.38751220703125 99.77141571044922 159.3161735534668 99.77141571044922 159.3161735534668 250.13997650146484 123.38751220703125 250.13997650146484
119.5672607421875 99.90550231933594 155.54057693481445 99.90550231933594 155.54057693481445 250.46095275878906 119.5672607421875 250.46095275878906
118.80668640136719 98.59819030761719 154.68571090698242 98.59819030761719 154.68571090698242 248.75900268554688 118.80668640136719 248.75900268554688
116.27449035644531 96.09158325195312 152.0389862060547 96.09158325195312 152.0389862060547 245.7730712890625 116.27449035644531 245.7730712890625
113.89424133300781 95.08096313476562 149.78153228759766 95.08096313476562 149.78153228759766 245.2763671875 113.89424133300781 245.2763671875
112.86689758300781 99.09590911865234 148.40682220458984 99.09590911865234 148.40682220458984 247.83753204345703 112.86689758300781 247.83753204345703
118.11848449707031 99.06790161132812 153.5828094482422 99.06790161132812 153.5828094482422 247.49313354492188 118.11848449707031 247.49313354492188
127.83023834228516 98.774169921875 163.49510192871094 98.774169921875 163.49510192871094 248.0386962890625 127.83023834228516 248.0386962890625
140.0830841064453 103.67488861083984 176.11385345458984 103.67488861083984 176.11385345458984 254.4708023071289 140.0830841064453 254.4708023071289
147.7068328857422 98.4759292602539 184.37707138061523 98.4759292602539 184.37707138061523 251.9481430053711 147.7068328857422 251.9481430053711
162.2138214111328 92.23391723632812 199.0026512145996 92.23391723632812 199.0026512145996 246.20245361328125 162.2138214111328 246.20245361328125
167.65914916992188 88.3777847290039 205.16931915283203 88.3777847290039 205.16931915283203 245.36527252197266 167.65914916992188 245.36527252197266
178.48599243164062 84.53868865966797 216.7277488708496 84.53868865966797 216.7277488708496 244.58802032470703 178.48599243164062 244.58802032470703
187.91989135742188 87.36661529541016 226.10771560668945 87.36661529541016 226.10771560668945 247.19025421142578 187.91989135742188 247.19025421142578
192.7147979736328 89.71400451660156 231.58269500732422 89.71400451660156 231.58269500732422 252.38388061523438 192.7147979736328 252.38388061523438
205.6719207763672 83.55081939697266 244.6458969116211 83.55081939697266 244.6458969116211 246.66466522216797 205.6719207763672 246.66466522216797
209.7571258544922 90.45953369140625 249.0151023864746 90.45953369140625 249.0151023864746 254.76197814941406 209.7571258544922 254.76197814941406
222.2009735107422 87.6112289428711 261.92509841918945 87.6112289428711 261.92509841918945 253.8646011352539 222.2009735107422 253.8646011352539
230.04794311523438 86.99950408935547 270.2951889038086 86.99950408935547 270.2951889038086 255.44226837158203 230.04794311523438 255.44226837158203
238.05160522460938 88.03116607666016 278.5222587585449 88.03116607666016 278.5222587585449 257.40894317626953 238.05160522460938 257.40894317626953
247.39450073242188 86.07256317138672 287.2547492980957 86.07256317138672 287.2547492980957 252.8956527709961 247.39450073242188 252.8956527709961
257.92633056640625 87.87580871582031 297.4230422973633 87.87580871582031 297.4230422973633 253.1774139404297 257.92633056640625 253.1774139404297
268.96392822265625 84.7464599609375 308.88033294677734 84.7464599609375 308.88033294677734 251.8045654296875 268.96392822265625 251.8045654296875
276.8431396484375 84.49723815917969 316.78446197509766 84.49723815917969 316.78446197509766 251.6596221923828 276.8431396484375 251.6596221923828
277.714599609375 82.21027374267578 317.56095123291016 82.21027374267578 317.56095123291016 248.9751968383789 277.714599609375 248.9751968383789
274.91485595703125 92.25279235839844 316.1702117919922 92.25279235839844 316.1702117919922 248.51336669921875 274.91485595703125 248.51336669921875
270.75030517578125 93.02030944824219 313.77498626708984 93.02030944824219 313.77498626708984 248.2714385986328 270.75030517578125 248.2714385986328
272.6048278808594 94.41805267333984 311.07868576049805 94.41805267333984 311.07868576049805 243.21546173095703 272.6048278808594 243.21546173095703
270.0789489746094 94.9995346069336 308.84217071533203 94.9995346069336 308.84217071533203 239.26139068603516 270.0789489746094 239.26139068603516
268.16119384765625 93.81592559814453 308.2001266479492 93.81592559814453 308.2001266479492 238.54840850830078 268.16119384765625 238.54840850830078
266.55072021484375 92.94950103759766 303.9050979614258 92.94950103759766 303.9050979614258 237.1717300415039 266.55072021484375 237.1717300415039
263.5747375488281 91.33259582519531 302.7815475463867 91.33259582519531 302.7815475463867 238.03257751464844 263.5747375488281 238.03257751464844
261.8407287597656 96.47463989257812 299.92895889282227 96.47463989257812 299.92895889282227 237.94454956054688 261.8407287597656 237.94454956054688
259.45208740234375 96.6900863647461 298.14055252075195 96.6900863647461 298.14055252075195 240.3138656616211 259.45208740234375 240.3138656616211
258.191650390625 93.99851989746094 298.4945526123047 93.99851989746094 298.4945526123047 239.8709716796875 258.191650390625 239.8709716796875
256.21832275390625 92.66633605957031 293.85790634155273 92.66633605957031 293.85790634155273 237.5272674560547 256.21832275390625 237.5272674560547
252.9156036376953 97.5849838256836 293.53356170654297 97.5849838256836 293.53356170654297 242.47588348388672 252.9156036376953 242.47588348388672
252.3811492919922 92.97492980957031 291.9402160644531 92.97492980957031 291.9402160644531 238.81956481933594 252.3811492919922 238.81956481933594
248.7861328125 97.45274353027344 288.6578483581543 97.45274353027344 288.6578483581543 241.84251403808594 248.7861328125 241.84251403808594
248.5508270263672 92.59864807128906 287.45922088623047 92.59864807128906 287.45922088623047 245.0208282470703 248.5508270263672 245.0208282470703
245.5461883544922 92.91156768798828 285.61312103271484 92.91156768798828 285.61312103271484 239.78597259521484 245.5461883544922 239.78597259521484
242.1531982421875 93.48876953125 281.9090576171875 93.48876953125 281.9090576171875 240.02194213867188 242.1531982421875 240.02194213867188
238.6160430908203 92.82684326171875 280.43863677978516 92.82684326171875 280.43863677978516 240.31558227539062 238.6160430908203 240.31558227539062
238.4065399169922 93.0625228881836 279.098331451416 93.0625228881836 279.098331451416 239.77458953857422 238.4065399169922 239.77458953857422
234.6696014404297 95.98998260498047 277.39080810546875 95.98998260498047 277.39080810546875 238.8307876586914 234.6696014404297 238.8307876586914
231.4982452392578 90.26759338378906 274.34368896484375 90.26759338378906 274.34368896484375 235.534423828125 231.4982452392578 235.534423828125
227.2958984375 88.94651794433594 269.2161331176758 88.94651794433594 269.2161331176758 243.89334106445312 227.2958984375 243.89334106445312
226.805419921875 84.70880126953125 266.33809661865234 84.70880126953125 266.33809661865234 250.16098022460938 226.805419921875 250.16098022460938
226.3074951171875 83.43401336669922 265.69376373291016 83.43401336669922 265.69376373291016 248.2734146118164 226.3074951171875 248.2734146118164
223.5283203125 85.6037826538086 264.4095993041992 85.6037826538086 264.4095993041992 242.93518829345703 223.5283203125 242.93518829345703
223.0102081298828 82.48005676269531 262.37210845947266 82.48005676269531 262.37210845947266 247.2174835205078 223.0102081298828 247.2174835205078
222.4056854248047 82.25962829589844 261.90161514282227 82.25962829589844 261.90161514282227 247.55799865722656 222.4056854248047 247.55799865722656
219.26864624023438 89.63912200927734 258.2141227722168 89.63912200927734 258.2141227722168 252.63372039794922 219.26864624023438 252.63372039794922
216.98068237304688 91.7697525024414 259.0735092163086 91.7697525024414 259.0735092163086 241.40808868408203 216.98068237304688 241.40808868408203
216.22854614257812 91.30797576904297 256.4113655090332 91.30797576904297 256.4113655090332 252.3515396118164 216.22854614257812 252.3515396118164
216.4326171875 88.04981994628906 256.3546600341797 88.04981994628906 256.3546600341797 245.67701721191406 216.4326171875 245.67701721191406
213.8599395751953 82.67188262939453 253.5663719177246 82.67188262939453 253.5663719177246 236.79357147216797 213.8599395751953 236.79357147216797
214.0909423828125 85.62513732910156 253.4128646850586 85.62513732910156 253.4128646850586 238.9652862548828 214.0909423828125 238.9652862548828
213.1461944580078 86.93205261230469 252.23910903930664 86.93205261230469 252.23910903930664 241.4452362060547 213.1461944580078 241.4452362060547
212.08340454101562 87.46556854248047 250.23524475097656 87.46556854248047 250.23524475097656 240.72081756591797 212.08340454101562 240.72081756591797
210.38046264648438 88.12081146240234 248.88015747070312 88.12081146240234 248.88015747070312 237.78272247314453 210.38046264648438 237.78272247314453
209.1561737060547 98.44241333007812 246.51605987548828 98.44241333007812 246.51605987548828 238.78700256347656 209.1561737060547 238.78700256347656
207.68563842773438 96.24002075195312 244.76713180541992 96.24002075195312 244.76713180541992 239.2515106201172 207.68563842773438 239.2515106201172
205.220458984375 94.29850769042969 242.14184188842773 94.29850769042969 242.14184188842773 236.83106994628906 205.220458984375 236.83106994628906
203.8145294189453 94.16727447509766 239.6936912536621 94.16727447509766 239.6936912536621 233.62993621826172 203.8145294189453 233.62993621826172
200.94546508789062 95.99858093261719 238.49000930786133 95.99858093261719 238.49000930786133 237.27578735351562 200.94546508789062 237.27578735351562
199.3726348876953 95.81077575683594 236.75445938110352 95.81077575683594 236.75445938110352 240.3461151123047 199.3726348876953 240.3461151123047
199.9167938232422 94.57537841796875 235.41529083251953 94.57537841796875 235.41529083251953 243.14370727539062 199.9167938232422 243.14370727539062
197.40293884277344 90.9514389038086 232.54532623291016 90.9514389038086 232.54532623291016 238.02936553955078 197.40293884277344 238.02936553955078
194.54208374023438 93.97886657714844 230.46619415283203 93.97886657714844 230.46619415283203 234.39312744140625 194.54208374023438 234.39312744140625
191.76889038085938 90.26463317871094 227.72602081298828 90.26463317871094 227.72602081298828 233.1634063720703 191.76889038085938 233.1634063720703
191.34095764160156 91.03736877441406 227.00323867797852 91.03736877441406 227.00323867797852 234.05450439453125 191.34095764160156 234.05450439453125
189.2089080810547 95.7032470703125 225.05569076538086 95.7032470703125 225.05569076538086 233.87307739257812 189.2089080810547 233.87307739257812
188.3102264404297 94.04474639892578 223.3105812072754 94.04474639892578 223.3105812072754 229.9676742553711 188.3102264404297 229.9676742553711
187.78341674804688 91.81965637207031 220.90642166137695 91.81965637207031 220.90642166137695 230.68728637695312 187.78341674804688 230.68728637695312
185.40176391601562 90.56785583496094 220.01265716552734 90.56785583496094 220.01265716552734 228.7208709716797 185.40176391601562 228.7208709716797
182.94752502441406 93.69502258300781 218.27440643310547 93.69502258300781 218.27440643310547 226.5905303955078 182.94752502441406 226.5905303955078
181.97317504882812 93.75425720214844 216.95629501342773 93.75425720214844 216.95629501342773 223.05404663085938 181.97317504882812 223.05404663085938
179.16563415527344 90.86021423339844 214.2635269165039 90.86021423339844 214.2635269165039 225.02882385253906 179.16563415527344 225.02882385253906
177.17837524414062 93.03529357910156 211.73158645629883 93.03529357910156 211.73158645629883 226.3715057373047 177.17837524414062 226.3715057373047
175.3710479736328 91.59016418457031 209.6583595275879 91.59016418457031 209.6583595275879 229.1929168701172 175.3710479736328 229.1929168701172
172.92062377929688 90.57246398925781 207.70711517333984 90.57246398925781 207.70711517333984 227.05433654785156 172.92062377929688 227.05433654785156
170.52552795410156 93.80006408691406 203.80869674682617 93.80006408691406 203.80869674682617 233.0967254638672 170.52552795410156 233.0967254638672
169.18751525878906 95.53292083740234 202.97699356079102 95.53292083740234 202.97699356079102 234.03873443603516 169.18751525878906 234.03873443603516
168.83584594726562 94.16470336914062 202.91181182861328 94.16470336914062 202.91181182861328 233.9751739501953 168.83584594726562 233.9751739501953
166.99708557128906 92.70252990722656 200.5207061767578 92.70252990722656 200.5207061767578 231.46746826171875 166.99708557128906 231.46746826171875
166.5257568359375 94.02543640136719 200.04644775390625 94.02543640136719 200.04644775390625 234.31619262695312 166.5257568359375 234.31619262695312
165.15443420410156 90.95492553710938 198.46270370483398 90.95492553710938 198.46270370483398 230.35665893554688 165.15443420410156 230.35665893554688
164.49337768554688 89.44618225097656 197.89924240112305 89.44618225097656 197.89924240112305 229.25637817382812 164.49337768554688 229.25637817382812
162.76321411132812 93.36385345458984 195.6585464477539 93.36385345458984 195.6585464477539 231.0373764038086 162.76321411132812 231.0373764038086
160.53250122070312 96.79975891113281 193.20745086669922 96.79975891113281 193.20745086669922 233.55093383789062 160.53250122070312 233.55093383789062
160.41607666015625 99.28594207763672 192.53995513916016 99.28594207763672 192.53995513916016 233.73078155517578 160.41607666015625 233.73078155517578
159.0194091796875 94.19319152832031 190.87673377990723 94.19319152832031 190.87673377990723 227.52244567871094 159.0194091796875 227.52244567871094
157.35316467285156 100.26063537597656 189.72655868530273 100.26063537597656 189.72655868530273 228.83578491210938 157.35316467285156 228.83578491210938
156.2005157470703 95.65414428710938 188.51981353759766 95.65414428710938 188.51981353759766 227.67230224609375 156.2005157470703 227.67230224609375
155.84422302246094 93.30921936035156 187.45214462280273 93.30921936035156 187.45214462280273 225.59466552734375 155.84422302246094 225.59466552734375
152.75796508789062 97.17671966552734 185.3478546142578 97.17671966552734 185.3478546142578 227.65653228759766 152.75796508789062 227.65653228759766
151.4676055908203 96.32691192626953 183.6670684814453 96.32691192626953 183.6670684814453 231.08806610107422 151.4676055908203 231.08806610107422
151.45272827148438 95.14505004882812 183.51254653930664 95.14505004882812 183.51254653930664 229.32177734375 151.45272827148438 229.32177734375
148.9949951171875 93.19412994384766 181.51610565185547 93.19412994384766 181.51610565185547 229.30147552490234 148.9949951171875 229.30147552490234
146.23472595214844 91.36203002929688 178.8607292175293 91.36203002929688 178.8607292175293 227.9083709716797 146.23472595214844 227.9083709716797
143.67886352539062 90.4603042602539 176.21671295166016 90.4603042602539 176.21671295166016 226.63770294189453 143.67886352539062 226.63770294189453
141.17147827148438 91.42536926269531 173.82636260986328 91.42536926269531 173.82636260986328 228.0925750732422 141.17147827148438 228.0925750732422
140.60739135742188 87.9310073852539 173.55389785766602 87.9310073852539 173.55389785766602 225.8187026977539 140.60739135742188 225.8187026977539
