258.0 181.0 281.0 181.0 281.0 236.0 258.0 236.0
258.59136962890625 180.81382751464844 281.160852432251 180.81382751464844 281.160852432251 234.78432846069336 258.59136962890625 234.78432846069336
259.11944580078125 181.41893005371094 281.3992576599121 181.41893005371094 281.3992576599121 234.6967315673828 259.11944580078125 234.6967315673828
260.2503356933594 181.80026245117188 283.07073974609375 181.80026245117188 283.07073974609375 236.37078094482422 260.2503356933594 236.37078094482422
261.4580383300781 180.33807373046875 283.5659885406494 180.33807373046875 283.5659885406494 237.45901489257812 261.4580383300781 237.45901489257812
260.70654296875 181.94357299804688 284.1073341369629 181.94357299804688 284.1073341369629 237.90196990966797 260.70654296875 237.90196990966797
260.02606201171875 181.19866943359375 283.3202724456787 181.19866943359375 283.3202724456787 237.20136260986328 260.02606201171875 237.20136260986328
261.16656494140625 181.6891326904297 284.30288314819336 181.6891326904297 284.30288314819336 238.60068130493164 261.16656494140625 238.60068130493164
260.54046630859375 181.83291625976562 284.54408073425293 181.83291625976562 284.54408073425293 239.23284912109375 260.54046630859375 239.23284912109375
261.4944763183594 180.70431518554688 285.52309799194336 180.70431518554688 285.52309799194336 238.13512420654297 261.4944763183594 238.13512420654297
261.1929931640625 181.9703369140625 285.1022834777832 181.9703369140625 285.1022834777832 239.52882766723633 261.1929931640625 239.52882766723633
261.4925537109375 180.97039794921875 284.98153495788574 180.97039794921875 284.98153495788574 237.4988899230957 261.4925537109375 237.4988899230957
262.08306884765625 181.75393676757812 285.4431800842285 181.75393676757812 285.4431800842285 237.61505889892578 262.08306884765625 237.61505889892578
262.1555480957031 182.2407684326172 285.4887351989746 182.2407684326172 285.4887351989746 238.03750228881836 262.1555480957031 238.03750228881836
262.83447265625 182.00711059570312 285.9620361328125 182.00711059570312 285.9620361328125 237.24554443359375 262.83447265625 237.24554443359375
262.61834716796875 181.67576599121094 286.082727432251 181.67576599121094 286.082727432251 237.7862205505371 262.61834716796875 237.7862205505371
262.67742919921875 182.63360595703125 286.218469619751 182.63360595703125 286.218469619751 238.9273796081543 262.67742919921875 238.9273796081543
264.12957763671875 181.1099395751953 287.8555736541748 181.1099395751953 287.8555736541748 237.84600067138672 264.12957763671875 237.84600067138672
263.72967529296875 181.703369140625 287.46558380126953 181.703369140625 287.46558380126953 238.85433197021484 263.72967529296875 238.85433197021484
264.35760498046875 181.46913146972656 288.5388717651367 181.46913146972656 288.5388717651367 239.29387664794922 264.35760498046875 239.29387664794922
264.90313720703125 180.43215942382812 288.21686935424805 180.43215942382812 288.21686935424805 239.95438385009766 264.90313720703125 239.95438385009766
264.8683776855469 183.21922302246094 288.89077377319336 183.21922302246094 288.89077377319336 241.69974517822266 264.8683776855469 241.69974517822266
265.30810546875 180.99107360839844 290.1194267272949 180.99107360839844 290.1194267272949 240.32247161865234 265.30810546875 240.32247161865234
265.6825866699219 182.8842315673828 290.4246025085449 182.8842315673828 290.4246025085449 242.04990005493164 265.6825866699219 242.04990005493164
265.94482421875 182.3239288330078 290.42370986938477 182.3239288330078 290.42370986938477 240.86036682128906 265.94482421875 240.86036682128906
266.5143737792969 182.97509765625 290.80639266967773 182.97509765625 290.80639266967773 241.0646743774414 266.5143737792969 241.0646743774414
266.23150634765625 181.9275665283203 290.78071784973145 181.9275665283203 290.78071784973145 240.6321678161621 266.23150634765625 240.6321678161621
266.63031005859375 178.481689453125 291.5946235656738 178.481689453125 291.5946235656738 238.17892456054688 266.63031005859375 238.17892456054688
236.3558349609375 178.8108367919922 261.447078704834 178.8108367919922 261.447078704834 238.81160736083984 236.3558349609375 238.81160736083984
248.61929321289062 178.0887908935547 274.06043434143066 178.0887908935547 274.06043434143066 238.92626571655273 248.61929321289062 238.92626571655273
242.8584747314453 180.6357421875 268.744815826416 180.6357421875 268.744815826416 242.53782272338867 242.8584747314453 242.53782272338867
246.09017944335938 179.4782257080078 272.1899528503418 179.4782257080078 272.1899528503418 241.89068222045898 246.09017944335938 241.89068222045898
243.3624725341797 178.196533203125 269.7277717590332 178.196533203125 269.7277717590332 241.24393844604492 243.3624725341797 241.24393844604492
244.9917449951172 185.9124755859375 271.0904426574707 185.9124755859375 271.0904426574707 248.32234954833984 244.9917449951172 248.32234954833984
246.4750518798828 180.9785614013672 272.58558654785156 180.9785614013672 272.58558654785156 243.41674423217773 246.4750518798828 243.41674423217773
245.21817016601562 181.39697265625 271.6753444671631 181.39697265625 271.6753444671631 244.66408157348633 245.21817016601562 244.66408157348633
247.98843383789062 182.45574951171875 275.09593772888184 182.45574951171875 275.09593772888184 247.27799224853516 247.98843383789062 247.27799224853516
244.73190307617188 180.9080047607422 271.740421295166 180.9080047607422 271.740421295166 245.49354553222656 244.73190307617188 245.49354553222656
248.0664520263672 177.62295532226562 275.43236923217773 177.62295532226562 275.43236923217773 243.06314086914062 248.0664520263672 243.06314086914062
248.96621704101562 178.1381072998047 276.5200595855713 178.1381072998047 276.5200595855713 244.02767944335938 248.96621704101562 244.02767944335938
248.4319610595703 159.90505981445312 276.3232116699219 159.90505981445312 276.3232116699219 226.60147094726562 248.4319610595703 226.60147094726562
251.5965118408203 179.80206298828125 279.2961177825928 179.80206298828125 279.2961177825928 246.04019165039062 251.5965118408203 246.04019165039062
250.6692657470703 185.37747192382812 277.97707748413086 185.37747192382812 277.97707748413086 250.67870330810547 250.6692657470703 250.67870330810547
249.408203125 177.4267120361328 276.7348384857178 177.4267120361328 276.7348384857178 242.77295684814453 249.408203125 242.77295684814453
249.29867553710938 178.89881896972656 276.8280143737793 178.89881896972656 276.8280143737793 244.72979736328125 249.29867553710938 244.72979736328125
252.18606567382812 181.45150756835938 277.2750053405762 181.45150756835938 277.2750053405762 247.70897674560547 252.18606567382812 247.70897674560547
252.9639129638672 184.11553955078125 276.9104194641113 184.11553955078125 276.9104194641113 247.64046478271484 252.9639129638672 247.64046478271484
253.5568389892578 187.4029083251953 279.03941345214844 187.4029083251953 279.03941345214844 248.11962509155273 253.5568389892578 248.11962509155273
253.021728515625 183.25811767578125 279.6666069030762 183.25811767578125 279.6666069030762 245.07173919677734 253.021728515625 245.07173919677734
253.2873992919922 178.9968719482422 280.2273979187012 178.9968719482422 280.2273979187012 243.41856384277344 253.2873992919922 243.41856384277344
253.3780059814453 179.21780395507812 280.36330795288086 179.21780395507812 280.36330795288086 243.74784088134766 253.3780059814453 243.74784088134766
254.8511199951172 181.31231689453125 281.9226379394531 181.31231689453125 281.9226379394531 246.04851531982422 254.8511199951172 246.04851531982422
253.74148559570312 182.406005859375 280.6958827972412 182.406005859375 280.6958827972412 246.8621368408203 253.74148559570312 246.8621368408203
254.45028686523438 181.09556579589844 281.4329948425293 181.09556579589844 281.4329948425293 245.61939239501953 254.45028686523438 245.61939239501953
255.21139526367188 181.53855895996094 282.32477951049805 181.53855895996094 282.32477951049805 246.3748779296875 255.21139526367188 246.3748779296875
254.9927520751953 181.86495971679688 281.79449462890625 181.86495971679688 281.79449462890625 245.95603942871094 254.9927520751953 245.95603942871094
255.88577270507812 183.50035095214844 282.61131286621094 183.50035095214844 282.61131286621094 247.40920639038086 255.88577270507812 247.40920639038086
255.38394165039062 181.6366424560547 282.4014892578125 181.6366424560547 282.4014892578125 246.2437744140625 255.38394165039062 246.2437744140625
255.56063842773438 181.6939697265625 282.1500949859619 181.6939697265625 282.1500949859619 245.27741622924805 255.56063842773438 245.27741622924805
256.2764587402344 181.53524780273438 283.07708740234375 181.53524780273438 283.07708740234375 245.62367248535156 256.2764587402344 245.62367248535156
256.6033935546875 179.87368774414062 283.0592956542969 179.87368774414062 283.0592956542969 243.13776779174805 256.6033935546875 243.13776779174805
256.86395263671875 182.05604553222656 283.50004959106445 182.05604553222656 283.50004959106445 245.75102996826172 256.86395263671875 245.75102996826172
256.7382507324219 181.433349609375 283.5231990814209 181.433349609375 283.5231990814209 245.48428344726562 256.7382507324219 245.48428344726562
256.7913818359375 181.07199096679688 283.8651180267334 181.07199096679688 283.8651180267334 245.81350708007812 256.7913818359375 245.81350708007812
257.61785888671875 179.2152557373047 284.5165767669678 179.2152557373047 284.5165767669678 243.53824615478516 257.61785888671875 243.53824615478516
258.44073486328125 180.63449096679688 285.16984939575195 180.63449096679688 285.16984939575195 244.55191040039062 258.44073486328125 244.55191040039062
259.1826171875 180.1077880859375 286.05615234375 180.1077880859375 286.05615234375 244.3705596923828 259.1826171875 244.3705596923828
260.14324951171875 181.15625 286.57182693481445 181.15625 286.57182693481445 244.35498809814453 260.14324951171875 244.35498809814453
260.1663818359375 181.7025909423828 286.5577793121338 181.7025909423828 286.5577793121338 244.8124237060547 260.1663818359375 244.8124237060547
260.54107666015625 181.5830535888672 287.17333984375 181.5830535888672 287.17333984375 245.26886749267578 260.54107666015625 245.26886749267578
259.9246520996094 182.2597198486328 286.6901550292969 182.2597198486328 286.6901550292969 246.26415252685547 259.9246520996094 246.26415252685547
261.3210144042969 183.47457885742188 288.0164031982422 183.47457885742188 288.0164031982422 247.31134796142578 261.3210144042969 247.31134796142578
261.80279541015625 180.91954040527344 287.4734859466553 180.91954040527344 287.4734859466553 243.68506240844727 261.80279541015625 243.68506240844727
261.3890686035156 181.1537628173828 287.73227882385254 181.1537628173828 287.73227882385254 244.14836883544922 261.3890686035156 244.14836883544922
262.4107360839844 181.83786010742188 288.8609619140625 181.83786010742188 288.8609619140625 245.0883674621582 262.4107360839844 245.0883674621582
262.1127624511719 183.7830047607422 288.5114326477051 183.7830047607422 288.5114326477051 246.91022109985352 262.1127624511719 246.91022109985352
262.8396911621094 183.9713592529297 288.8192501068115 183.9713592529297 288.8192501068115 246.5227508544922 262.8396911621094 246.5227508544922
262.8448181152344 184.48065185546875 288.86374855041504 184.48065185546875 288.86374855041504 246.69979858398438 262.8448181152344 246.69979858398438
263.712158203125 185.31089782714844 289.3744144439697 185.31089782714844 289.3744144439697 246.67713165283203 263.712158203125 246.67713165283203
263.55328369140625 184.8258056640625 289.5478572845459 184.8258056640625 289.5478572845459 246.98671340942383 263.55328369140625 246.98671340942383
264.25543212890625 184.74942016601562 289.1522731781006 184.74942016601562 289.1522731781006 248.2416763305664 264.25543212890625 248.2416763305664
264.257080078125 184.70970153808594 290.53643798828125 184.70970153808594 290.53643798828125 247.37733459472656 264.257080078125 247.37733459472656
263.92401123046875 184.94415283203125 290.1266059875488 184.94415283203125 290.1266059875488 247.60249710083008 263.92401123046875 247.60249710083008
264.67205810546875 186.6718292236328 290.7995491027832 186.6718292236328 290.7995491027832 247.63831329345703 264.67205810546875 247.63831329345703
264.6791076660156 185.9990234375 290.49493980407715 185.9990234375 290.49493980407715 246.53534698486328 264.6791076660156 246.53534698486328
264.1823425292969 184.88284301757812 289.84783935546875 184.88284301757812 289.84783935546875 246.2568244934082 264.1823425292969 246.2568244934082
249.23178100585938 183.48899841308594 275.16552734375 183.48899841308594 275.16552734375 245.50444793701172 249.23178100585938 245.50444793701172
252.8657989501953 182.73977661132812 279.31752586364746 182.73977661132812 279.31752586364746 245.99387741088867 252.8657989501953 245.99387741088867
244.9957733154297 184.64154052734375 271.32722091674805 184.64154052734375 271.32722091674805 247.6080207824707 244.9957733154297 247.6080207824707
248.89871215820312 183.3651123046875 276.06944274902344 183.3651123046875 276.06944274902344 248.3385772705078 248.89871215820312 248.3385772705078
245.9978485107422 183.81204223632812 273.28496170043945 183.81204223632812 273.28496170043945 249.06381225585938 245.9978485107422 249.06381225585938
248.6781005859375 185.36746215820312 276.239501953125 185.36746215820312 276.239501953125 251.27513885498047 248.6781005859375 251.27513885498047
247.0575408935547 187.65452575683594 276.5948848724365 187.65452575683594 276.5948848724365 245.51873397827148 247.0575408935547 245.51873397827148
247.2911376953125 186.64178466796875 276.9003658294678 186.64178466796875 276.9003658294678 246.32100296020508 247.2911376953125 246.32100296020508
249.99905395507812 186.1627960205078 279.28070640563965 186.1627960205078 279.28070640563965 250.62187957763672 249.99905395507812 250.62187957763672
247.191162109375 188.45620727539062 277.17847061157227 188.45620727539062 277.17847061157227 248.33869171142578 247.191162109375 248.33869171142578
249.93142700195312 186.755615234375 281.19741439819336 186.755615234375 281.19741439819336 246.92122268676758 249.93142700195312 246.92122268676758
249.04074096679688 186.70809936523438 279.5637321472168 186.70809936523438 279.5637321472168 249.2911605834961 249.04074096679688 249.2911605834961
250.19003295898438 186.93101501464844 281.0574378967285 186.93101501464844 281.0574378967285 249.80881118774414 250.19003295898438 249.80881118774414
251.71435546875 187.8167266845703 282.18189430236816 187.8167266845703 282.18189430236816 246.5597801208496 251.71435546875 246.5597801208496
251.823974609375 190.1148223876953 280.51476669311523 190.1148223876953 280.51476669311523 250.04755401611328 251.823974609375 250.04755401611328
252.06088256835938 186.83041381835938 281.1062870025635 186.83041381835938 281.1062870025635 248.36333084106445 252.06088256835938 248.36333084106445
250.61581420898438 186.56822204589844 280.69525718688965 186.56822204589844 280.69525718688965 248.67984771728516 250.61581420898438 248.67984771728516
253.2698974609375 186.75718688964844 282.27397537231445 186.75718688964844 282.27397537231445 248.2170753479004 253.2698974609375 248.2170753479004
253.1962890625 187.15213012695312 282.48210525512695 187.15213012695312 282.48210525512695 249.17726516723633 253.1962890625 249.17726516723633
254.26473999023438 186.3260040283203 281.81910705566406 186.3260040283203 281.81910705566406 248.59667587280273 254.26473999023438 248.59667587280273
255.0562744140625 184.77809143066406 283.42107009887695 184.77809143066406 283.42107009887695 252.60691833496094 255.0562744140625 252.60691833496094
225.7729949951172 185.04713439941406 254.4250602722168 185.04713439941406 254.4250602722168 253.5629119873047 225.7729949951172 253.5629119873047
236.48727416992188 183.50669860839844 267.20156478881836 183.50669860839844 267.20156478881836 248.74169158935547 236.48727416992188 248.74169158935547
233.89486694335938 184.60011291503906 264.14049911499023 184.60011291503906 264.14049911499023 252.11519622802734 233.89486694335938 252.11519622802734
233.345458984375 182.76336669921875 262.78685569763184 182.76336669921875 262.78685569763184 249.47034454345703 233.345458984375 249.47034454345703
236.1387481689453 181.88633728027344 265.79994201660156 181.88633728027344 265.79994201660156 249.43072509765625 236.1387481689453 249.43072509765625
233.93991088867188 186.0550994873047 265.49426651000977 186.0550994873047 265.49426651000977 248.04792022705078 233.93991088867188 248.04792022705078
235.49520874023438 179.94384765625 264.61064529418945 179.94384765625 264.61064529418945 249.56768035888672 235.49520874023438 249.56768035888672
237.46224975585938 186.80519104003906 269.8670539855957 186.80519104003906 269.8670539855957 250.99163055419922 237.46224975585938 250.99163055419922
236.0585479736328 180.63656616210938 265.9818916320801 180.63656616210938 265.9818916320801 252.19235229492188 236.0585479736328 252.19235229492188
238.775146484375 184.16722106933594 270.8676452636719 184.16722106933594 270.8676452636719 250.6572036743164 238.775146484375 250.6572036743164
237.55337524414062 186.6338348388672 269.5441493988037 186.6338348388672 269.5441493988037 251.61093139648438 237.55337524414062 251.61093139648438
241.3437957763672 188.31494140625 274.41489028930664 188.31494140625 274.41489028930664 251.54960250854492 241.3437957763672 251.54960250854492
242.2064666748047 189.48170471191406 272.21422958374023 189.48170471191406 272.21422958374023 254.27029418945312 242.2064666748047 254.27029418945312
242.6397247314453 187.61509704589844 271.2931308746338 187.61509704589844 271.2931308746338 253.0904769897461 242.6397247314453 253.0904769897461
242.16116333007812 187.89205932617188 271.25930404663086 187.89205932617188 271.25930404663086 252.8322296142578 242.16116333007812 252.8322296142578
243.38314819335938 186.04006958007812 272.69809341430664 186.04006958007812 272.69809341430664 251.5582275390625 243.38314819335938 251.5582275390625
243.1770782470703 187.7592010498047 272.257511138916 187.7592010498047 272.257511138916 254.99747467041016 243.1770782470703 254.99747467041016
246.0533447265625 190.40078735351562 274.50135803222656 190.40078735351562 274.50135803222656 255.2945556640625 246.0533447265625 255.2945556640625
243.66305541992188 189.694091796875 272.4917106628418 189.694091796875 272.4917106628418 256.1175231933594 243.66305541992188 256.1175231933594
245.40139770507812 190.76202392578125 275.2911796569824 190.76202392578125 275.2911796569824 258.5802917480469 245.40139770507812 258.5802917480469
244.552490234375 190.46754455566406 273.35608863830566 190.46754455566406 273.35608863830566 257.37134552001953 244.552490234375 257.37134552001953
245.28671264648438 190.48948669433594 274.2924156188965 190.48948669433594 274.2924156188965 259.1368637084961 245.28671264648438 259.1368637084961
243.67556762695312 190.4479522705078 272.7272033691406 190.4479522705078 272.7272033691406 258.3413772583008 243.67556762695312 258.3413772583008
245.29434204101562 189.61172485351562 274.2049198150635 189.61172485351562 274.2049198150635 257.273681640625 245.29434204101562 257.273681640625
245.9930877685547 189.24246215820312 273.8788661956787 189.24246215820312 273.8788661956787 256.13819122314453 245.9930877685547 256.13819122314453
246.14730834960938 190.486328125 273.6229000091553 190.486328125 273.6229000091553 258.5546646118164 246.14730834960938 258.5546646118164
247.05197143554688 191.67037963867188 274.747802734375 191.67037963867188 274.747802734375 259.23145294189453 247.05197143554688 259.23145294189453
247.1277313232422 191.10958862304688 274.78349685668945 191.10958862304688 274.78349685668945 257.00367736816406 247.1277313232422 257.00367736816406
247.82937622070312 191.70352172851562 274.8896789550781 191.70352172851562 274.8896789550781 258.6855926513672 247.82937622070312 258.6855926513672
247.82168579101562 191.63441467285156 274.8700256347656 191.63441467285156 274.8700256347656 258.7188415527344 247.82168579101562 258.7188415527344
248.13339233398438 192.04222106933594 275.488338470459 192.04222106933594 275.488338470459 260.3612976074219 248.13339233398438 260.3612976074219
249.0373077392578 192.0970916748047 276.1994514465332 192.0970916748047 276.1994514465332 259.95336151123047 249.0373077392578 259.95336151123047
249.46627807617188 193.59080505371094 277.33124923706055 193.59080505371094 277.33124923706055 261.11070251464844 249.46627807617188 261.11070251464844
249.76754760742188 195.1766357421875 276.52331161499023 195.1766357421875 276.52331161499023 262.10791015625 249.76754760742188 262.10791015625
250.12124633789062 195.70211791992188 276.5625514984131 195.70211791992188 276.5625514984131 261.5171813964844 250.12124633789062 261.5171813964844
249.4640655517578 193.74423217773438 275.80514907836914 193.74423217773438 275.80514907836914 259.9362106323242 249.4640655517578 259.9362106323242
249.8629913330078 196.0975341796875 276.81964683532715 196.0975341796875 276.81964683532715 261.95589447021484 249.8629913330078 261.95589447021484
250.5190887451172 195.6950225830078 277.4680824279785 195.6950225830078 277.4680824279785 260.1955108642578 250.5190887451172 260.1955108642578
250.9967041015625 195.85443115234375 277.6496124267578 195.85443115234375 277.6496124267578 261.16160583496094 250.9967041015625 261.16160583496094
250.36929321289062 192.55322265625 278.8932304382324 192.55322265625 278.8932304382324 261.08929443359375 250.36929321289062 261.08929443359375
245.7523651123047 196.49142456054688 280.26868438720703 196.49142456054688 280.26868438720703 258.53519439697266 245.7523651123047 258.53519439697266
220.0856475830078 186.28158569335938 250.35464477539062 186.28158569335938 250.35464477539062 258.6639099121094 220.0856475830078 258.6639099121094
230.82009887695312 188.8624725341797 260.91247177124023 188.8624725341797 260.91247177124023 260.8224334716797 230.82009887695312 260.8224334716797
226.25552368164062 188.80975341796875 255.90531539916992 188.80975341796875 255.90531539916992 259.7113723754883 226.25552368164062 259.7113723754883
227.8295440673828 196.7111358642578 261.7002487182617 196.7111358642578 261.7002487182617 258.3973922729492 227.8295440673828 258.3973922729492
229.4578094482422 191.56137084960938 259.7744789123535 191.56137084960938 259.7744789123535 261.51441192626953 229.4578094482422 261.51441192626953
229.165283203125 197.2726287841797 260.1869926452637 197.2726287841797 260.1869926452637 261.6952819824219 229.165283203125 261.6952819824219
230.6675567626953 189.8084716796875 260.1771583557129 189.8084716796875 260.1771583557129 260.3748550415039 230.6675567626953 260.3748550415039
229.1634979248047 191.4723358154297 259.4153594970703 191.4723358154297 259.4153594970703 261.2525329589844 229.1634979248047 261.2525329589844
229.6790008544922 194.95469665527344 260.41319847106934 194.95469665527344 260.41319847106934 261.4056625366211 229.6790008544922 261.4056625366211
230.94564819335938 192.2932586669922 261.8668518066406 192.2932586669922 261.8668518066406 258.91490936279297 230.94564819335938 258.91490936279297
229.1455841064453 194.9236602783203 260.335205078125 194.9236602783203 260.335205078125 260.8186340332031 229.1455841064453 260.8186340332031
231.35903930664062 196.28079223632812 262.8588523864746 196.28079223632812 262.8588523864746 260.90704345703125 231.35903930664062 260.90704345703125
230.19436645507812 191.99986267089844 261.9953098297119 191.99986267089844 261.9953098297119 260.9280090332031 230.19436645507812 260.9280090332031
232.02413940429688 194.6261444091797 262.96664810180664 194.6261444091797 262.96664810180664 262.7157974243164 232.02413940429688 262.7157974243164
232.588623046875 198.24246215820312 263.0981101989746 198.24246215820312 263.0981101989746 264.5751647949219 232.588623046875 264.5751647949219
233.57034301757812 199.50308227539062 261.4936637878418 199.50308227539062 261.4936637878418 265.37428283691406 233.57034301757812 265.37428283691406
233.9486541748047 196.6843719482422 262.4585762023926 196.6843719482422 262.4585762023926 264.5383987426758 233.9486541748047 264.5383987426758
234.01260375976562 198.95164489746094 262.92681312561035 198.95164489746094 262.92681312561035 265.76505279541016 234.01260375976562 265.76505279541016
234.7072296142578 199.4879608154297 263.7857723236084 199.4879608154297 263.7857723236084 266.0099563598633 234.7072296142578 266.0099563598633
235.2314910888672 199.20716857910156 264.1346015930176 199.20716857910156 264.1346015930176 265.6441955566406 235.2314910888672 265.6441955566406
234.78903198242188 199.39852905273438 263.8068332672119 199.39852905273438 263.8068332672119 265.9276885986328 234.78903198242188 265.9276885986328
236.05126953125 199.4082489013672 264.1955108642578 199.4082489013672 264.1955108642578 266.2320022583008 236.05126953125 266.2320022583008
235.3373565673828 199.68528747558594 263.44098472595215 199.68528747558594 263.44098472595215 265.73077392578125 235.3373565673828 265.73077392578125
235.5731964111328 196.7949981689453 263.9960117340088 196.7949981689453 263.9960117340088 264.1062545776367 235.5731964111328 264.1062545776367
234.85037231445312 197.5862274169922 263.1460990905762 197.5862274169922 263.1460990905762 264.50408935546875 234.85037231445312 264.50408935546875
236.16714477539062 196.16200256347656 263.06995582580566 196.16200256347656 263.06995582580566 264.6170349121094 236.16714477539062 264.6170349121094
235.62130737304688 196.24143981933594 263.4584045410156 196.24143981933594 263.4584045410156 265.1727066040039 235.62130737304688 265.1727066040039
236.16250610351562 197.5945281982422 265.0002250671387 197.5945281982422 265.0002250671387 266.8787078857422 236.16250610351562 266.8787078857422
236.79641723632812 198.50991821289062 265.07007217407227 198.50991821289062 265.07007217407227 266.69105529785156 236.79641723632812 266.69105529785156
237.6563262939453 198.94061279296875 266.8208770751953 198.94061279296875 266.8208770751953 267.77478790283203 237.6563262939453 267.77478790283203
236.91903686523438 199.87442016601562 265.9708309173584 199.87442016601562 265.9708309173584 267.7482604980469 236.91903686523438 267.7482604980469
238.2040557861328 202.22802734375 267.7018623352051 202.22802734375 267.7018623352051 271.45870208740234 238.2040557861328 271.45870208740234
239.1710205078125 200.880615234375 267.6702537536621 200.880615234375 267.6702537536621 270.0310592651367 239.1710205078125 270.0310592651367
239.47512817382812 202.41098022460938 268.08999252319336 202.41098022460938 268.08999252319336 271.3029327392578 239.47512817382812 271.3029327392578
239.9120635986328 200.2086944580078 268.5524482727051 200.2086944580078 268.5524482727051 270.6636276245117 239.9120635986328 270.6636276245117
241.29434204101562 197.5669708251953 269.19912338256836 197.5669708251953 269.19912338256836 269.7975845336914 241.29434204101562 269.7975845336914
240.8668670654297 198.86447143554688 269.75451278686523 198.86447143554688 269.75451278686523 271.3975830078125 240.8668670654297 271.3975830078125
242.5770721435547 197.30142211914062 271.02223777770996 197.30142211914062 271.02223777770996 269.73023223876953 242.5770721435547 269.73023223876953
243.31005859375 197.13645935058594 270.60321617126465 197.13645935058594 270.60321617126465 269.58138275146484 243.31005859375 269.58138275146484
244.35415649414062 199.56591796875 271.3477840423584 199.56591796875 271.3477840423584 269.80677795410156 244.35415649414062 269.80677795410156
244.6097869873047 202.15773010253906 271.9293327331543 202.15773010253906 271.9293327331543 269.3189697265625 244.6097869873047 269.3189697265625
245.3212890625 200.0421600341797 272.6072425842285 200.0421600341797 272.6072425842285 269.1028289794922 245.3212890625 269.1028289794922
244.46517944335938 201.20755004882812 272.65880966186523 201.20755004882812 272.65880966186523 268.5952453613281 244.46517944335938 268.5952453613281
245.8806915283203 201.15866088867188 273.6113739013672 201.15866088867188 273.6113739013672 268.2981414794922 245.8806915283203 268.2981414794922
246.08712768554688 200.42898559570312 273.36943435668945 200.42898559570312 273.36943435668945 268.0738296508789 246.08712768554688 268.0738296508789
246.30435180664062 200.47422790527344 273.68085289001465 200.47422790527344 273.68085289001465 266.6657180786133 246.30435180664062 266.6657180786133
246.82498168945312 201.20938110351562 273.7043972015381 201.20938110351562 273.7043972015381 267.1725311279297 246.82498168945312 267.1725311279297
247.5546875 202.25668334960938 274.57005882263184 202.25668334960938 274.57005882263184 267.97523498535156 247.5546875 267.97523498535156
248.40805053710938 204.79891967773438 275.54551696777344 204.79891967773438 275.54551696777344 268.4236030578613 248.40805053710938 268.4236030578613
249.89529418945312 203.1072998046875 276.2849922180176 203.1072998046875 276.2849922180176 268.35784912109375 249.89529418945312 268.35784912109375
244.5188446044922 194.84600830078125 276.8142776489258 194.84600830078125 276.8142776489258 263.5869369506836 244.5188446044922 263.5869369506836
217.57815551757812 194.11444091796875 247.70374488830566 194.11444091796875 247.70374488830566 266.1538772583008 217.57815551757812 266.1538772583008
226.9321746826172 194.2635040283203 258.805118560791 194.2635040283203 258.805118560791 260.90155029296875 226.9321746826172 260.90155029296875
225.06088256835938 201.5251922607422 258.28846740722656 201.5251922607422 258.28846740722656 260.68227767944336 225.06088256835938 260.68227767944336
227.3975372314453 195.3835906982422 258.69482421875 195.3835906982422 258.69482421875 262.074462890625 227.3975372314453 262.074462890625
227.7777099609375 198.9954071044922 260.34882736206055 198.9954071044922 260.34882736206055 261.4761619567871 227.7777099609375 261.4761619567871
227.129638671875 200.18502807617188 258.8733615875244 200.18502807617188 258.8733615875244 266.36231994628906 227.129638671875 266.36231994628906
228.98672485351562 196.57684326171875 260.9576015472412 196.57684326171875 260.9576015472412 266.2559280395508 228.98672485351562 266.2559280395508
227.87539672851562 194.2262420654297 258.4099235534668 194.2262420654297 258.4099235534668 267.2435989379883 227.87539672851562 267.2435989379883
229.8828887939453 201.53787231445312 263.46483993530273 201.53787231445312 263.46483993530273 264.81147384643555 229.8828887939453 264.81147384643555
230.23141479492188 194.0806121826172 260.2531986236572 194.0806121826172 260.2531986236572 265.8718490600586 230.23141479492188 265.8718490600586
232.0803985595703 201.06613159179688 264.3973846435547 201.06613159179688 264.3973846435547 266.18890380859375 232.0803985595703 266.18890380859375
234.4933624267578 202.31785583496094 267.0733222961426 202.31785583496094 267.0733222961426 267.5801773071289 234.4933624267578 267.5801773071289
233.32412719726562 199.73611450195312 264.7859535217285 199.73611450195312 264.7859535217285 267.02220153808594 233.32412719726562 267.02220153808594
236.1696014404297 199.967529296875 267.3634338378906 199.967529296875 267.3634338378906 268.5337829589844 236.1696014404297 268.5337829589844
236.2248077392578 199.95469665527344 267.071346282959 199.95469665527344 267.071346282959 268.69085693359375 236.2248077392578 268.69085693359375
238.37255859375 201.34188842773438 267.4918460845947 201.34188842773438 267.4918460845947 270.1789245605469 238.37255859375 270.1789245605469
238.13671875 201.3191680908203 268.15744400024414 201.3191680908203 268.15744400024414 270.84088134765625 238.13671875 270.84088134765625
239.0087890625 202.33413696289062 268.64759254455566 202.33413696289062 268.64759254455566 272.17359161376953 239.0087890625 272.17359161376953
239.4180450439453 200.96319580078125 268.81048011779785 200.96319580078125 268.81048011779785 268.55037689208984 239.4180450439453 268.55037689208984
239.36489868164062 204.84951782226562 269.9032554626465 204.84951782226562 269.9032554626465 270.0186233520508 239.36489868164062 270.0186233520508
239.1743927001953 202.6829376220703 269.62717628479004 202.6829376220703 269.62717628479004 267.5045471191406 239.1743927001953 267.5045471191406
240.0747833251953 200.3776397705078 271.21547508239746 200.3776397705078 271.21547508239746 266.01373291015625 240.0747833251953 266.01373291015625
241.41006469726562 205.03652954101562 269.71631813049316 205.03652954101562 269.71631813049316 271.6731948852539 241.41006469726562 271.6731948852539
241.68087768554688 203.36961364746094 271.4400444030762 203.36961364746094 271.4400444030762 270.67359161376953 241.68087768554688 270.67359161376953
241.81900024414062 206.81008911132812 270.4087619781494 206.81008911132812 270.4087619781494 271.72142028808594 241.81900024414062 271.72142028808594
242.34463500976562 204.05715942382812 270.0717315673828 204.05715942382812 270.0717315673828 270.1449432373047 242.34463500976562 270.1449432373047
243.3823699951172 204.0636749267578 272.12506103515625 204.0636749267578 272.12506103515625 270.57975006103516 243.3823699951172 270.57975006103516
245.18240356445312 203.8773956298828 272.0215721130371 203.8773956298828 272.0215721130371 269.94752502441406 245.18240356445312 269.94752502441406
245.13571166992188 205.01992797851562 272.1543388366699 205.01992797851562 272.1543388366699 269.90757751464844 245.13571166992188 269.90757751464844
246.3775177001953 204.4471893310547 273.4218635559082 204.4471893310547 273.4218635559082 268.9304656982422 246.3775177001953 268.9304656982422
246.3312225341797 202.5831298828125 272.4178276062012 202.5831298828125 272.4178276062012 267.6839141845703 246.3312225341797 267.6839141845703
246.16989135742188 202.29002380371094 272.82404136657715 202.29002380371094 272.82404136657715 267.9682159423828 246.16989135742188 267.9682159423828
245.9474334716797 203.2111053466797 272.638391494751 203.2111053466797 272.638391494751 269.26952362060547 245.9474334716797 269.26952362060547
246.525146484375 204.13487243652344 273.6491584777832 204.13487243652344 273.6491584777832 270.4401550292969 246.525146484375 270.4401550292969
246.7864990234375 202.61251831054688 274.2643394470215 202.61251831054688 274.2643394470215 268.21925354003906 246.7864990234375 268.21925354003906
247.78591918945312 202.62374877929688 274.6117362976074 202.62374877929688 274.6117362976074 269.194091796875 247.78591918945312 269.194091796875
247.5528564453125 202.87771606445312 275.29417419433594 202.87771606445312 275.29417419433594 270.7499465942383 247.5528564453125 270.7499465942383
248.5908203125 206.30996704101562 275.4467353820801 206.30996704101562 275.4467353820801 273.4176025390625 248.5908203125 273.4176025390625
248.27938842773438 204.41525268554688 275.5770511627197 204.41525268554688 275.5770511627197 272.6144485473633 248.27938842773438 272.6144485473633
248.3903350830078 206.80477905273438 275.0487365722656 206.80477905273438 275.0487365722656 273.6890106201172 248.3903350830078 273.6890106201172
249.641357421875 207.892578125 275.9625358581543 207.892578125 275.9625358581543 274.19403076171875 249.641357421875 274.19403076171875
249.5916290283203 206.5236358642578 276.68588638305664 206.5236358642578 276.68588638305664 273.1576919555664 249.5916290283203 273.1576919555664
249.2463836669922 204.4728546142578 276.8713569641113 204.4728546142578 276.8713569641113 273.35052490234375 249.2463836669922 273.35052490234375
249.5982666015625 205.8064422607422 277.2148189544678 205.8064422607422 277.2148189544678 273.95758056640625 249.5982666015625 273.95758056640625
250.5137481689453 202.2354736328125 278.3237190246582 202.2354736328125 278.3237190246582 272.50423431396484 250.5137481689453 272.50423431396484
251.080078125 202.31275939941406 278.1502285003662 202.31275939941406 278.1502285003662 271.8506774902344 251.080078125 271.8506774902344
251.9123992919922 202.99644470214844 278.8094997406006 202.99644470214844 278.8094997406006 270.45556640625 251.9123992919922 270.45556640625
251.9126739501953 203.90170288085938 278.9103145599365 203.90170288085938 278.9103145599365 271.61119079589844 251.9126739501953 271.61119079589844
252.029296875 204.8918914794922 279.5420627593994 204.8918914794922 279.5420627593994 272.96114349365234 252.029296875 272.96114349365234
252.2545166015625 206.3843536376953 279.6321964263916 206.3843536376953 279.6321964263916 271.2177429199219 252.2545166015625 271.2177429199219
251.85494995117188 206.52603149414062 280.89511489868164 206.52603149414062 280.89511489868164 274.47411346435547 251.85494995117188 274.47411346435547
252.23867797851562 207.6186981201172 281.0263919830322 207.6186981201172 281.0263919830322 276.99849700927734 252.23867797851562 276.99849700927734
252.54696655273438 206.62362670898438 280.63420486450195 206.62362670898438 280.63420486450195 274.39786529541016 252.54696655273438 274.39786529541016
253.2869110107422 207.4437713623047 282.22081565856934 207.4437713623047 282.22081565856934 275.49009704589844 253.2869110107422 275.49009704589844
252.4352264404297 208.1642608642578 281.4647617340088 208.1642608642578 281.4647617340088 276.49839782714844 252.4352264404297 276.49839782714844
252.6987762451172 208.30517578125 280.8400993347168 208.30517578125 280.8400993347168 275.91383361816406 252.6987762451172 275.91383361816406
253.15701293945312 208.15966796875 281.75182723999023 208.15966796875 281.75182723999023 276.14613342285156 253.15701293945312 276.14613342285156
253.1151123046875 211.8358917236328 283.0242614746094 211.8358917236328 283.0242614746094 278.8594055175781 253.1151123046875 278.8594055175781
252.9167938232422 207.5270233154297 283.05185317993164 207.5270233154297 283.05185317993164 276.3359375 252.9167938232422 276.3359375
253.78018188476562 205.9173126220703 283.1838722229004 205.9173126220703 283.1838722229004 276.05665588378906 253.78018188476562 276.05665588378906
253.55575561523438 206.407958984375 283.19092178344727 206.407958984375 283.19092178344727 276.8234329223633 253.55575561523438 276.8234329223633
254.376708984375 206.6591339111328 283.56530380249023 206.6591339111328 283.56530380249023 276.97823333740234 254.376708984375 276.97823333740234
254.89572143554688 205.8201446533203 284.338415145874 205.8201446533203 284.338415145874 276.87445068359375 254.89572143554688 276.87445068359375
255.22817993164062 208.1535186767578 284.06342124938965 208.1535186767578 284.06342124938965 279.24695587158203 255.22817993164062 279.24695587158203
254.99935913085938 206.82577514648438 285.65703773498535 206.82577514648438 285.65703773498535 279.10447692871094 254.99935913085938 279.10447692871094
255.07861328125 206.20095825195312 285.8346061706543 206.20095825195312 285.8346061706543 279.4641876220703 255.07861328125 279.4641876220703
254.85354614257812 207.53305053710938 286.4585208892822 207.53305053710938 286.4585208892822 281.3132629394531 254.85354614257812 281.3132629394531
255.537353515625 205.2891387939453 287.1672115325928 205.2891387939453 287.1672115325928 280.4278106689453 255.537353515625 280.4278106689453
256.5735168457031 204.60861206054688 288.4023895263672 204.60861206054688 288.4023895263672 280.7211151123047 256.5735168457031 280.7211151123047
256.80865478515625 204.4541778564453 288.4338073730469 204.4541778564453 288.4338073730469 280.4376907348633 256.80865478515625 280.4376907348633
257.59649658203125 204.99673461914062 289.7838325500488 204.99673461914062 289.7838325500488 281.5656280517578 257.59649658203125 281.5656280517578
258.57965087890625 204.23995971679688 291.1609687805176 204.23995971679688 291.1609687805176 281.5407257080078 258.57965087890625 281.5407257080078
259.26568603515625 206.1423797607422 290.5969047546387 206.1423797607422 290.5969047546387 283.1117935180664 259.26568603515625 283.1117935180664
260.61810302734375 206.116455078125 292.7315559387207 206.116455078125 292.7315559387207 282.31580352783203 260.61810302734375 282.31580352783203
261.858154296875 207.289306640625 292.81232261657715 207.289306640625 292.81232261657715 283.04866790771484 261.858154296875 283.04866790771484
261.626708984375 205.7675323486328 293.1679573059082 205.7675323486328 293.1679573059082 281.316162109375 261.626708984375 281.316162109375
263.49407958984375 207.6683807373047 293.9901828765869 207.6683807373047 293.9901828765869 283.3670959472656 263.49407958984375 283.3670959472656
262.454345703125 203.9235382080078 294.0099792480469 203.9235382080078 294.0099792480469 281.6193313598633 262.454345703125 281.6193313598633
263.2295227050781 206.1438446044922 294.34547424316406 206.1438446044922 294.34547424316406 284.9432830810547 263.2295227050781 284.9432830810547
263.0694274902344 206.77792358398438 294.0812129974365 206.77792358398438 294.0812129974365 285.0271301269531 263.0694274902344 285.0271301269531
264.60186767578125 208.45535278320312 295.04511070251465 208.45535278320312 295.04511070251465 285.6113815307617 264.60186767578125 285.6113815307617
264.4615173339844 210.421142578125 296.2725830078125 210.421142578125 296.2725830078125 285.9272918701172 264.4615173339844 285.9272918701172
265.9554748535156 208.452392578125 296.91705322265625 208.452392578125 296.91705322265625 284.4470977783203 265.9554748535156 284.4470977783203
266.1908264160156 208.9675750732422 297.3163204193115 208.9675750732422 297.3163204193115 284.7267608642578 266.1908264160156 284.7267608642578
267.424072265625 208.5010986328125 298.6146945953369 208.5010986328125 298.6146945953369 284.28292083740234 267.424072265625 284.28292083740234
267.45465087890625 210.2154998779297 298.8071479797363 210.2154998779297 298.8071479797363 285.4000015258789 267.45465087890625 285.4000015258789
268.35980224609375 209.909423828125 299.4332981109619 209.909423828125 299.4332981109619 286.1802062988281 268.35980224609375 286.1802062988281
268.48785400390625 208.62429809570312 300.0192928314209 208.62429809570312 300.0192928314209 282.5291748046875 268.48785400390625 282.5291748046875
268.18463134765625 210.19174194335938 299.84479904174805 210.19174194335938 299.84479904174805 284.5382995605469 268.18463134765625 284.5382995605469
269.9986572265625 210.45950317382812 300.63190841674805 210.45950317382812 300.63190841674805 285.9353790283203 269.9986572265625 285.9353790283203
270.681640625 210.0329132080078 299.900203704834 210.0329132080078 299.900203704834 287.0478515625 270.681640625 287.0478515625
271.58538818359375 209.89404296875 301.2763271331787 209.89404296875 301.2763271331787 286.6166763305664 271.58538818359375 286.6166763305664
271.7117919921875 209.9669647216797 300.57958030700684 209.9669647216797 300.57958030700684 286.9964065551758 271.7117919921875 286.9964065551758
272.9190979003906 210.7329864501953 301.2837677001953 210.7329864501953 301.2837677001953 287.43621826171875 272.9190979003906 287.43621826171875
273.05078125 211.05447387695312 302.3308868408203 211.05447387695312 302.3308868408203 286.76842498779297 273.05078125 286.76842498779297
273.35772705078125 210.150634765625 302.86728286743164 210.150634765625 302.86728286743164 286.2705841064453 273.35772705078125 286.2705841064453
273.33441162109375 212.57723999023438 302.9600067138672 212.57723999023438 302.9600067138672 287.6932067871094 273.33441162109375 287.6932067871094
273.9835205078125 210.61642456054688 303.9302215576172 210.61642456054688 303.9302215576172 288.63194274902344 273.9835205078125 288.63194274902344
275.9029541015625 210.0186767578125 306.01191329956055 210.0186767578125 306.01191329956055 287.9832229614258 275.9029541015625 287.9832229614258
275.73486328125 209.1710205078125 306.49212646484375 209.1710205078125 306.49212646484375 286.54315185546875 275.73486328125 286.54315185546875
276.7534484863281 208.54714965820312 307.2582206726074 208.54714965820312 307.2582206726074 284.7552185058594 276.7534484863281 284.7552185058594
277.66693115234375 209.25634765625 306.8238410949707 209.25634765625 306.8238410949707 286.33673095703125 277.66693115234375 286.33673095703125
277.82525634765625 211.5218963623047 307.04290771484375 211.5218963623047 307.04290771484375 288.69915771484375 277.82525634765625 288.69915771484375
278.0615234375 211.8756866455078 306.29343032836914 211.8756866455078 306.29343032836914 288.6759033203125 278.0615234375 288.6759033203125
278.2061462402344 210.90255737304688 307.72064208984375 210.90255737304688 307.72064208984375 289.4586486816406 278.2061462402344 289.4586486816406
278.88104248046875 211.2801055908203 308.4164733886719 211.2801055908203 308.4164733886719 290.77593994140625 278.88104248046875 290.77593994140625
278.4859924316406 210.34005737304688 309.0945701599121 210.34005737304688 309.0945701599121 288.90538787841797 278.4859924316406 288.90538787841797
278.98675537109375 209.98178100585938 308.6228141784668 209.98178100585938 308.6228141784668 289.9752655029297 278.98675537109375 289.9752655029297
279.4565124511719 207.85873413085938 309.8237190246582 207.85873413085938 309.8237190246582 291.86839294433594 279.4565124511719 291.86839294433594
280.31805419921875 211.1403350830078 310.0538330078125 211.1403350830078 310.0538330078125 293.5293960571289 280.31805419921875 293.5293960571289
281.682861328125 210.9071807861328 312.12993812561035 210.9071807861328 312.12993812561035 290.44261169433594 281.682861328125 290.44261169433594
282.06524658203125 212.848876953125 312.3371067047119 212.848876953125 312.3371067047119 290.35868072509766 282.06524658203125 290.35868072509766
282.88824462890625 209.9453582763672 313.4247627258301 209.9453582763672 313.4247627258301 287.2525863647461 282.88824462890625 287.2525863647461
283.982421875 214.61294555664062 313.63164138793945 214.61294555664062 313.63164138793945 290.5529327392578 283.982421875 290.5529327392578
284.342529296875 215.15841674804688 314.1444149017334 215.15841674804688 314.1444149017334 291.83626556396484 284.342529296875 291.83626556396484
285.75946044921875 212.4806365966797 314.5592861175537 212.4806365966797 314.5592861175537 289.22760009765625 285.75946044921875 289.22760009765625
286.31207275390625 211.74179077148438 316.7506217956543 211.74179077148438 316.7506217956543 288.4282989501953 286.31207275390625 288.4282989501953
286.14947509765625 212.53164672851562 316.7583866119385 212.53164672851562 316.7583866119385 288.0071258544922 286.14947509765625 288.0071258544922
286.76544189453125 215.93466186523438 317.25358963012695 215.93466186523438 317.25358963012695 289.5150833129883 286.76544189453125 289.5150833129883
288.8460998535156 213.9322509765625 319.076358795166 213.9322509765625 319.076358795166 286.67796325683594 288.8460998535156 286.67796325683594
288.7276916503906 212.34457397460938 319.3661689758301 212.34457397460938 319.3661689758301 287.56602478027344 288.7276916503906 287.56602478027344
289.8943786621094 212.7728729248047 319.86064529418945 212.7728729248047 319.86064529418945 288.8624572753906 289.8943786621094 288.8624572753906
290.0785217285156 213.851806640625 320.8302917480469 213.851806640625 320.8302917480469 289.3476104736328 290.0785217285156 289.3476104736328
290.69964599609375 213.95846557617188 321.58955001831055 213.95846557617188 321.58955001831055 290.63609313964844 290.69964599609375 290.63609313964844
291.0206604003906 214.7687530517578 321.6156578063965 214.7687530517578 321.6156578063965 292.20052337646484 291.0206604003906 292.20052337646484
292.12762451171875 214.6900634765625 323.5026664733887 214.6900634765625 323.5026664733887 291.7668228149414 292.12762451171875 291.7668228149414
293.8487243652344 215.94583129882812 324.9156494140625 215.94583129882812 324.9156494140625 291.09410095214844 293.8487243652344 291.09410095214844
294.5628967285156 214.6441650390625 325.5643253326416 214.6441650390625 325.5643253326416 292.8561248779297 294.5628967285156 292.8561248779297
294.84820556640625 212.9415283203125 327.02696990966797 212.9415283203125 327.02696990966797 291.4236297607422 294.84820556640625 291.4236297607422
296.47894287109375 213.32614135742188 326.527795791626 213.32614135742188 326.527795791626 292.47056579589844 296.47894287109375 292.47056579589844
296.85540771484375 214.5607147216797 326.7598571777344 214.5607147216797 326.7598571777344 291.0347595214844 296.85540771484375 291.0347595214844
295.18536376953125 214.5662078857422 326.99290466308594 214.5662078857422 326.99290466308594 293.2232360839844 295.18536376953125 293.2232360839844
296.32501220703125 214.65206909179688 326.5005912780762 214.65206909179688 326.5005912780762 291.07581329345703 296.32501220703125 291.07581329345703
296.5300598144531 216.17520141601562 326.4444007873535 216.17520141601562 326.4444007873535 294.2749710083008 296.5300598144531 294.2749710083008
297.12823486328125 215.8676300048828 326.88134384155273 215.8676300048828 326.88134384155273 293.01976776123047 297.12823486328125 293.01976776123047
297.8786926269531 215.20645141601562 326.5873966217041 215.20645141601562 326.5873966217041 292.99867248535156 297.8786926269531 292.99867248535156
298.0654602050781 215.0390167236328 327.12224769592285 215.0390167236328 327.12224769592285 292.3632583618164 298.0654602050781 292.3632583618164
298.02886962890625 216.55908203125 327.1772766113281 216.55908203125 327.1772766113281 294.57201385498047 298.02886962890625 294.57201385498047
298.42620849609375 218.38949584960938 327.2613830566406 218.38949584960938 327.2613830566406 295.80357360839844 298.42620849609375 295.80357360839844
299.2986755371094 221.09182739257812 327.2190246582031 221.09182739257812 327.2190246582031 295.6207504272461 299.2986755371094 295.6207504272461
