67.0 133.0 86.0 133.0 86.0 167.0 67.0 167.0
67.46109771728516 132.28683471679688 85.67413520812988 132.28683471679688 85.67413520812988 161.50574684143066 67.46109771728516 161.50574684143066
68.84576416015625 131.933837890625 87.88238906860352 131.933837890625 87.88238906860352 165.9993782043457 68.84576416015625 165.9993782043457
71.6989974975586 132.0530548095703 90.09399032592773 132.0530548095703 90.09399032592773 166.5670280456543 71.6989974975586 166.5670280456543
72.1232681274414 133.7949981689453 90.50929260253906 133.7949981689453 90.50929260253906 167.5259780883789 72.1232681274414 167.5259780883789
72.30309295654297 132.01531982421875 91.34860420227051 132.01531982421875 91.34860420227051 167.3329086303711 72.30309295654297 167.3329086303711
72.80059814453125 131.9090576171875 91.35471534729004 131.9090576171875 91.35471534729004 167.31682586669922 72.80059814453125 167.31682586669922
72.32231903076172 131.5808563232422 91.56434440612793 131.5808563232422 91.56434440612793 167.94293594360352 72.32231903076172 167.94293594360352
72.95556640625 133.20306396484375 92.69166946411133 133.20306396484375 92.69166946411133 168.5202865600586 72.95556640625 168.5202865600586
75.9633560180664 133.10618591308594 95.76753616333008 133.10618591308594 95.76753616333008 168.54523468017578 75.9633560180664 168.54523468017578
77.7149429321289 133.66552734375 97.50584602355957 133.66552734375 97.50584602355957 169.80619049072266 77.7149429321289 169.80619049072266
78.74466705322266 133.04180908203125 98.67848587036133 133.04180908203125 98.67848587036133 169.45103454589844 78.74466705322266 169.45103454589844
79.9154281616211 132.8442840576172 100.5822525024414 132.8442840576172 100.5822525024414 169.92044830322266 79.9154281616211 169.92044830322266
80.97666931152344 131.213134765625 101.18851470947266 131.213134765625 101.18851470947266 168.10309600830078 80.97666931152344 168.10309600830078
82.80833435058594 133.5066375732422 101.94302749633789 133.5066375732422 101.94302749633789 171.9308853149414 82.80833435058594 171.9308853149414
87.05721282958984 133.04251098632812 107.18331718444824 133.04251098632812 107.18331718444824 169.05762481689453 87.05721282958984 169.05762481689453
85.54052734375 133.8310546875 105.32460594177246 133.8310546875 105.32460594177246 169.26557159423828 85.54052734375 169.26557159423828
88.68375396728516 136.1902313232422 108.3253402709961 136.1902313232422 108.3253402709961 170.7299346923828 88.68375396728516 170.7299346923828
91.08061218261719 134.5044708251953 110.52791976928711 134.5044708251953 110.52791976928711 169.3049087524414 91.08061218261719 169.3049087524414
91.69489288330078 134.7418212890625 111.08803939819336 134.7418212890625 111.08803939819336 169.4453353881836 91.69489288330078 169.4453353881836
92.49922943115234 137.3089599609375 113.96149444580078 137.3089599609375 113.96149444580078 168.38628578186035 92.49922943115234 168.38628578186035
96.73531341552734 137.90206909179688 116.31579208374023 137.90206909179688 116.31579208374023 168.61338424682617 96.73531341552734 168.61338424682617
97.5957260131836 137.32737731933594 117.78439140319824 137.32737731933594 117.78439140319824 169.1867733001709 97.5957260131836 169.1867733001709
98.49237060546875 139.136474609375 117.81794738769531 139.136474609375 117.81794738769531 170.8762969970703 98.49237060546875 170.8762969970703
100.32392883300781 139.39022827148438 119.70807075500488 139.39022827148438 119.70807075500488 170.30527114868164 100.32392883300781 170.30527114868164
102.7335433959961 138.95616149902344 120.13137245178223 138.95616149902344 120.13137245178223 169.72184371948242 102.7335433959961 169.72184371948242
102.7724838256836 140.75241088867188 121.12185478210449 140.75241088867188 121.12185478210449 168.09121131896973 102.7724838256836 168.09121131896973
102.9022216796875 140.2836456298828 121.36153221130371 140.2836456298828 121.36153221130371 171.27695083618164 102.9022216796875 171.27695083618164
103.18485260009766 140.76255798339844 119.9845085144043 140.76255798339844 119.9845085144043 171.3763542175293 103.18485260009766 171.3763542175293
102.79142761230469 141.1697235107422 119.78253555297852 141.1697235107422 119.78253555297852 169.76442337036133 102.79142761230469 169.76442337036133
104.97825622558594 139.16539001464844 122.28267478942871 139.16539001464844 122.28267478942871 166.0339298248291 104.97825622558594 166.0339298248291
104.19309997558594 136.83042907714844 123.19235801696777 136.83042907714844 123.19235801696777 170.82909393310547 104.19309997558594 170.82909393310547
105.57743072509766 141.08970642089844 122.8602180480957 141.08970642089844 122.8602180480957 171.9147071838379 105.57743072509766 171.9147071838379
114.2405776977539 142.38583374023438 131.92820358276367 142.38583374023438 131.92820358276367 172.7433967590332 114.2405776977539 172.7433967590332
115.4146499633789 142.72096252441406 133.04948806762695 142.72096252441406 133.04948806762695 172.3226718902588 115.4146499633789 172.3226718902588
115.18570709228516 144.25103759765625 134.31252670288086 144.25103759765625 134.31252670288086 176.4946403503418 115.18570709228516 176.4946403503418
118.86283874511719 139.584716796875 137.75768280029297 139.584716796875 137.75768280029297 172.65120697021484 118.86283874511719 172.65120697021484
118.61199951171875 141.1534423828125 136.64670753479004 141.1534423828125 136.64670753479004 174.0248146057129 118.61199951171875 174.0248146057129
123.01678466796875 139.8870391845703 138.39394855499268 139.8870391845703 138.39394855499268 169.50138473510742 123.01678466796875 169.50138473510742
123.90446472167969 139.22787475585938 141.6839542388916 139.22787475585938 141.6839542388916 171.04379272460938 123.90446472167969 171.04379272460938
124.31494140625 141.24346923828125 142.19634819030762 141.24346923828125 142.19634819030762 171.0122776031494 124.31494140625 171.0122776031494
125.234130859375 143.3564910888672 142.24363708496094 143.3564910888672 142.24363708496094 174.0876579284668 125.234130859375 174.0876579284668
126.88529205322266 142.35043334960938 143.86248779296875 142.35043334960938 143.86248779296875 172.8117218017578 126.88529205322266 172.8117218017578
130.8516845703125 142.38778686523438 147.77707862854004 142.38778686523438 147.77707862854004 171.5806884765625 130.8516845703125 171.5806884765625
131.4264373779297 141.610107421875 148.64123916625977 141.610107421875 148.64123916625977 172.41553688049316 131.4264373779297 172.41553688049316
133.47976684570312 143.1577911376953 150.91277694702148 143.1577911376953 150.91277694702148 173.25022888183594 133.47976684570312 173.25022888183594
136.3932342529297 145.5504150390625 153.4708957672119 145.5504150390625 153.4708957672119 173.85632705688477 136.3932342529297 173.85632705688477
138.679443359375 143.32481384277344 156.1326198577881 143.32481384277344 156.1326198577881 174.84770584106445 138.679443359375 174.84770584106445
139.24017333984375 143.34793090820312 156.45962142944336 143.34793090820312 156.45962142944336 172.54355812072754 139.24017333984375 172.54355812072754
141.0014190673828 145.8384552001953 158.27614402770996 145.8384552001953 158.27614402770996 173.68916702270508 141.0014190673828 173.68916702270508
140.71347045898438 146.5987548828125 158.24931144714355 146.5987548828125 158.24931144714355 176.06625366210938 140.71347045898438 176.06625366210938
143.986328125 145.02064514160156 162.2502212524414 145.02064514160156 162.2502212524414 175.32469749450684 143.986328125 175.32469749450684
147.096923828125 145.6380615234375 165.1591968536377 145.6380615234375 165.1591968536377 175.00292015075684 147.096923828125 175.00292015075684
148.33450317382812 145.08935546875 165.0955867767334 145.08935546875 165.0955867767334 175.31559371948242 148.33450317382812 175.31559371948242
149.25030517578125 146.72256469726562 166.50941848754883 146.72256469726562 166.50941848754883 173.8079948425293 149.25030517578125 173.8079948425293
152.06039428710938 146.88528442382812 169.74382209777832 146.88528442382812 169.74382209777832 176.75839233398438 152.06039428710938 176.75839233398438
153.1634979248047 147.23049926757812 171.16949081420898 147.23049926757812 171.16949081420898 176.9954833984375 153.1634979248047 176.9954833984375
154.1768035888672 144.2819061279297 172.07411575317383 144.2819061279297 172.07411575317383 175.71816062927246 154.1768035888672 175.71816062927246
154.31582641601562 145.82351684570312 172.66009140014648 145.82351684570312 172.66009140014648 176.65985107421875 154.31582641601562 176.65985107421875
157.18429565429688 145.154541015625 174.34811782836914 145.154541015625 174.34811782836914 176.41117477416992 157.18429565429688 176.41117477416992
158.76205444335938 143.43972778320312 176.29444694519043 143.43972778320312 176.29444694519043 175.31988143920898 158.76205444335938 175.31988143920898
158.00901794433594 146.25228881835938 174.55804061889648 146.25228881835938 174.55804061889648 177.7473659515381 158.00901794433594 177.7473659515381
158.6865692138672 145.21009826660156 175.69956588745117 145.21009826660156 175.69956588745117 176.86931228637695 158.6865692138672 176.86931228637695
159.90457153320312 146.9187774658203 176.59653854370117 146.9187774658203 176.59653854370117 175.31489181518555 159.90457153320312 175.31489181518555
158.93768310546875 147.40567016601562 174.9753074645996 147.40567016601562 174.9753074645996 176.50719261169434 158.93768310546875 176.50719261169434
161.10629272460938 147.62603759765625 177.83242225646973 147.62603759765625 177.83242225646973 175.5059108734131 161.10629272460938 175.5059108734131
163.94578552246094 146.09361267089844 180.29115867614746 146.09361267089844 180.29115867614746 173.57062149047852 163.94578552246094 173.57062149047852
159.6627197265625 147.7266387939453 176.17952919006348 147.7266387939453 176.17952919006348 174.89477920532227 159.6627197265625 174.89477920532227
163.17530822753906 148.40415954589844 178.67234230041504 148.40415954589844 178.67234230041504 172.74536323547363 163.17530822753906 172.74536323547363
161.4047088623047 147.1717987060547 179.27288246154785 147.1717987060547 179.27288246154785 170.93686866760254 161.4047088623047 170.93686866760254
167.1710205078125 146.36163330078125 183.57027626037598 146.36163330078125 183.57027626037598 170.3260440826416 167.1710205078125 170.3260440826416
169.01107788085938 146.61947631835938 186.69779014587402 146.61947631835938 186.69779014587402 172.15193557739258 169.01107788085938 172.15193557739258
170.2139892578125 146.76602172851562 186.98401260375977 146.76602172851562 186.98401260375977 171.98061752319336 170.2139892578125 171.98061752319336
173.775634765625 146.77127075195312 188.9077205657959 146.77127075195312 188.9077205657959 172.46335411071777 173.775634765625 172.46335411071777
174.34010314941406 145.8673858642578 191.24715042114258 145.8673858642578 191.24715042114258 173.16283798217773 174.34010314941406 173.16283798217773
177.62222290039062 145.13771057128906 194.45465850830078 145.13771057128906 194.45465850830078 173.26594924926758 177.62222290039062 173.26594924926758
181.40138244628906 146.99172973632812 197.061053276062 146.99172973632812 197.061053276062 173.02782249450684 181.40138244628906 173.02782249450684
182.4337158203125 148.04745483398438 199.34154891967773 148.04745483398438 199.34154891967773 174.4476661682129 182.4337158203125 174.4476661682129
179.17868041992188 149.00851440429688 197.37994766235352 149.00851440429688 197.37994766235352 174.22608947753906 179.17868041992188 174.22608947753906
180.5734100341797 146.2027130126953 198.20201110839844 146.2027130126953 198.20201110839844 173.7401580810547 180.5734100341797 173.7401580810547
184.6901397705078 146.27999877929688 202.5365982055664 146.27999877929688 202.5365982055664 173.99131202697754 184.6901397705078 173.99131202697754
184.6234130859375 145.1234130859375 201.52846145629883 145.1234130859375 201.52846145629883 174.8262996673584 184.6234130859375 174.8262996673584
188.10501098632812 145.68478393554688 205.15134239196777 145.68478393554688 205.15134239196777 176.18873977661133 188.10501098632812 176.18873977661133
184.38046264648438 148.66578674316406 201.09739303588867 148.66578674316406 201.09739303588867 177.56418991088867 184.38046264648438 177.56418991088867
185.49734497070312 146.8930206298828 202.05442428588867 146.8930206298828 202.05442428588867 176.10096740722656 185.49734497070312 176.10096740722656
186.76425170898438 146.89712524414062 203.30359840393066 146.89712524414062 203.30359840393066 176.4938449859619 186.76425170898438 176.4938449859619
188.63211059570312 146.3711395263672 205.5741481781006 146.3711395263672 205.5741481781006 176.6884651184082 188.63211059570312 176.6884651184082
188.20852661132812 148.4336700439453 205.30305099487305 148.4336700439453 205.30305099487305 179.02386474609375 188.20852661132812 179.02386474609375
188.3827667236328 148.20950317382812 205.10170555114746 148.20950317382812 205.10170555114746 177.62225914001465 188.3827667236328 177.62225914001465
189.6480255126953 148.5373992919922 206.38659477233887 148.5373992919922 206.38659477233887 176.91286849975586 189.6480255126953 176.91286849975586
190.77969360351562 147.6343994140625 207.21511840820312 147.6343994140625 207.21511840820312 177.0451545715332 190.77969360351562 177.0451545715332
191.5481414794922 147.94473266601562 208.03013229370117 147.94473266601562 208.03013229370117 177.43881797790527 191.5481414794922 177.43881797790527
191.22035217285156 146.99777221679688 207.78592491149902 146.99777221679688 207.78592491149902 176.6414279937744 191.22035217285156 176.6414279937744
191.50228881835938 146.56436157226562 208.4040870666504 146.56436157226562 208.4040870666504 176.80968284606934 191.50228881835938 176.80968284606934
192.18301391601562 146.4761505126953 209.01041984558105 146.4761505126953 209.01041984558105 176.58835220336914 192.18301391601562 176.58835220336914
191.98526000976562 146.53884887695312 208.59995079040527 146.53884887695312 208.59995079040527 176.27040481567383 191.98526000976562 176.27040481567383
199.83642578125 151.6934814453125 216.35690689086914 151.6934814453125 216.35690689086914 177.2051181793213 199.83642578125 177.2051181793213
201.42575073242188 144.87295532226562 218.20029830932617 144.87295532226562 218.20029830932617 174.89056968688965 201.42575073242188 174.89056968688965
203.06349182128906 146.46084594726562 220.06398582458496 146.46084594726562 220.06398582458496 176.88278579711914 203.06349182128906 176.88278579711914
198.10678100585938 149.5800323486328 215.30646896362305 149.5800323486328 215.30646896362305 180.35842514038086 198.10678100585938 180.35842514038086
198.81259155273438 148.7467498779297 215.87483978271484 148.7467498779297 215.87483978271484 179.27919578552246 198.81259155273438 179.27919578552246
202.0274658203125 146.66725158691406 219.2160301208496 146.66725158691406 219.2160301208496 177.4257354736328 202.0274658203125 177.4257354736328
204.89785766601562 148.00857543945312 222.6259822845459 148.00857543945312 222.6259822845459 179.7325897216797 204.89785766601562 179.7325897216797
205.43368530273438 149.86961364746094 223.47719192504883 149.86961364746094 223.47719192504883 182.1579933166504 205.43368530273438 182.1579933166504
201.52435302734375 152.6136932373047 220.32898330688477 152.6136932373047 220.32898330688477 183.31833839416504 201.52435302734375 183.31833839416504
206.884033203125 148.23562622070312 225.57590866088867 148.23562622070312 225.57590866088867 182.1674575805664 206.884033203125 182.1674575805664
208.98440551757812 149.48800659179688 228.5252628326416 149.48800659179688 228.5252628326416 182.5033950805664 208.98440551757812 182.5033950805664
211.67294311523438 147.84359741210938 230.96740531921387 147.84359741210938 230.96740531921387 182.37053680419922 211.67294311523438 182.37053680419922
211.39114379882812 149.88140869140625 231.08592414855957 149.88140869140625 231.08592414855957 184.74716186523438 211.39114379882812 184.74716186523438
214.22586059570312 150.0003662109375 234.12274932861328 150.0003662109375 234.12274932861328 185.60532760620117 214.22586059570312 185.60532760620117
214.41958618164062 150.199951171875 234.4212532043457 150.199951171875 234.4212532043457 185.9924087524414 214.41958618164062 185.9924087524414
214.56832885742188 149.7937469482422 235.4274559020996 149.7937469482422 235.4274559020996 185.0127944946289 214.56832885742188 185.0127944946289
216.9342803955078 151.19027709960938 237.59280586242676 151.19027709960938 237.59280586242676 188.15816497802734 216.9342803955078 188.15816497802734
218.3569793701172 151.53416442871094 239.5184783935547 151.53416442871094 239.5184783935547 188.50664901733398 218.3569793701172 188.50664901733398
218.16830444335938 151.3333282470703 238.91595458984375 151.3333282470703 238.91595458984375 188.3008041381836 218.16830444335938 188.3008041381836
219.39895629882812 153.33627319335938 241.32316207885742 153.33627319335938 241.32316207885742 191.44889068603516 219.39895629882812 191.44889068603516
219.60079956054688 153.16024780273438 241.34829330444336 153.16024780273438 241.34829330444336 192.12899017333984 219.60079956054688 192.12899017333984
220.3672637939453 152.2623748779297 242.64227867126465 152.2623748779297 242.64227867126465 191.67428970336914 220.3672637939453 191.67428970336914
222.40762329101562 152.85903930664062 245.92224884033203 152.85903930664062 245.92224884033203 188.60762786865234 222.40762329101562 188.60762786865234
224.8236846923828 152.59310913085938 248.32130432128906 152.59310913085938 248.32130432128906 191.43976593017578 224.8236846923828 191.43976593017578
225.2808074951172 155.04605102539062 249.08760833740234 155.04605102539062 249.08760833740234 189.1631088256836 225.2808074951172 189.1631088256836
229.32919311523438 152.29147338867188 251.8328914642334 152.29147338867188 251.8328914642334 190.34540557861328 229.32919311523438 190.34540557861328
230.9072723388672 153.6565399169922 253.4140625 153.6565399169922 253.4140625 193.93183517456055 230.9072723388672 193.93183517456055
230.2152862548828 154.2527313232422 253.55720901489258 154.2527313232422 253.55720901489258 192.80777740478516 230.2152862548828 192.80777740478516
230.90078735351562 154.77259826660156 253.6433048248291 154.77259826660156 253.6433048248291 192.91205596923828 230.90078735351562 192.91205596923828
230.59188842773438 154.606201171875 253.46888542175293 154.606201171875 253.46888542175293 192.49310302734375 230.59188842773438 192.49310302734375
233.64828491210938 155.24195861816406 258.19692039489746 155.24195861816406 258.19692039489746 190.93367767333984 233.64828491210938 190.93367767333984
235.6285858154297 158.5999755859375 258.93590927124023 158.5999755859375 258.93590927124023 192.85109329223633 235.6285858154297 192.85109329223633
236.78085327148438 155.3961944580078 260.6350517272949 155.3961944580078 260.6350517272949 194.4046287536621 236.78085327148438 194.4046287536621
236.8484649658203 157.105224609375 260.18799591064453 157.105224609375 260.18799591064453 195.23720169067383 236.8484649658203 195.23720169067383
237.64431762695312 157.2706756591797 261.242000579834 157.2706756591797 261.242000579834 196.07526397705078 237.64431762695312 196.07526397705078
238.5704345703125 156.44497680664062 262.30161476135254 156.44497680664062 262.30161476135254 196.7818145751953 238.5704345703125 196.7818145751953
239.63858032226562 156.84579467773438 264.67491149902344 156.84579467773438 264.67491149902344 195.74387741088867 239.63858032226562 195.74387741088867
242.11520385742188 155.71109008789062 266.5406951904297 155.71109008789062 266.5406951904297 197.8285903930664 242.11520385742188 197.8285903930664
243.5019073486328 158.92665100097656 268.0859432220459 158.92665100097656 268.0859432220459 191.013427734375 243.5019073486328 191.013427734375
245.8724365234375 159.28329467773438 269.95008850097656 159.28329467773438 269.95008850097656 195.68041229248047 245.8724365234375 195.68041229248047
247.8738555908203 157.81149291992188 273.15334701538086 157.81149291992188 273.15334701538086 195.86676025390625 247.8738555908203 195.86676025390625
250.1380615234375 157.22952270507812 275.4050407409668 157.22952270507812 275.4050407409668 198.4969482421875 250.1380615234375 198.4969482421875
249.9589080810547 160.0963592529297 274.9802436828613 160.0963592529297 274.9802436828613 199.22881698608398 249.9589080810547 199.22881698608398
251.4272003173828 158.9340057373047 277.0144577026367 158.9340057373047 277.0144577026367 198.3317527770996 251.4272003173828 198.3317527770996
253.2036590576172 158.42446899414062 278.7502250671387 158.42446899414062 278.7502250671387 199.18095016479492 253.2036590576172 199.18095016479492
255.1150665283203 157.44381713867188 280.3914051055908 157.44381713867188 280.3914051055908 199.85404586791992 255.1150665283203 199.85404586791992
256.8740539550781 159.0940399169922 281.82327461242676 159.0940399169922 281.82327461242676 198.1262435913086 256.8740539550781 198.1262435913086
258.12359619140625 158.9687957763672 283.1184139251709 158.9687957763672 283.1184139251709 198.64198303222656 258.12359619140625 198.64198303222656
260.3529052734375 160.2752227783203 284.8716125488281 160.2752227783203 284.8716125488281 198.4395980834961 260.3529052734375 198.4395980834961
261.95782470703125 160.54672241210938 285.3592891693115 160.54672241210938 285.3592891693115 201.11283111572266 261.95782470703125 201.11283111572266
264.36920166015625 159.06622314453125 288.7609176635742 159.06622314453125 288.7609176635742 200.95949935913086 264.36920166015625 200.95949935913086
265.6339416503906 158.6721649169922 289.1911373138428 158.6721649169922 289.1911373138428 202.46551132202148 265.6339416503906 202.46551132202148
265.0243835449219 159.4117431640625 288.0176067352295 159.4117431640625 288.0176067352295 200.35425567626953 265.0243835449219 200.35425567626953
265.81781005859375 161.70030212402344 287.7683925628662 161.70030212402344 287.7683925628662 204.43264389038086 265.81781005859375 204.43264389038086
265.43402099609375 162.82333374023438 288.95277404785156 162.82333374023438 288.95277404785156 204.58122634887695 265.43402099609375 204.58122634887695
268.74542236328125 161.04904174804688 289.6501274108887 161.04904174804688 289.6501274108887 203.2382583618164 268.74542236328125 203.2382583618164
274.9261779785156 159.15866088867188 298.34239196777344 159.15866088867188 298.34239196777344 200.81951904296875 274.9261779785156 200.81951904296875
276.7458190917969 159.7061004638672 298.96386528015137 159.7061004638672 298.96386528015137 201.9294204711914 276.7458190917969 201.9294204711914
277.25897216796875 162.24575805664062 298.4807071685791 162.24575805664062 298.4807071685791 200.62056350708008 277.25897216796875 200.62056350708008
278.4073791503906 157.2880859375 300.27211570739746 157.2880859375 300.27211570739746 198.41437911987305 278.4073791503906 198.41437911987305
279.48895263671875 161.3037872314453 301.34561920166016 161.3037872314453 301.34561920166016 205.1813087463379 279.48895263671875 205.1813087463379
278.90020751953125 163.74148559570312 302.5979251861572 163.74148559570312 302.5979251861572 206.26390075683594 278.90020751953125 206.26390075683594
280.83563232421875 166.0805206298828 302.4712791442871 166.0805206298828 302.4712791442871 207.5069580078125 280.83563232421875 207.5069580078125
279.6567077636719 164.4929962158203 303.2092399597168 164.4929962158203 303.2092399597168 206.63962936401367 279.6567077636719 206.63962936401367
277.76812744140625 160.7103271484375 301.4850673675537 160.7103271484375 301.4850673675537 203.15116500854492 277.76812744140625 203.15116500854492
289.81488037109375 162.4907684326172 313.7887725830078 162.4907684326172 313.7887725830078 205.39141082763672 289.81488037109375 205.39141082763672
288.12957763671875 164.4425811767578 312.2614688873291 164.4425811767578 312.2614688873291 207.62595748901367 288.12957763671875 207.62595748901367
263.92974853515625 157.1592254638672 287.53005599975586 157.1592254638672 287.53005599975586 199.39134979248047 263.92974853515625 199.39134979248047
304.0728454589844 165.3549041748047 327.780029296875 165.3549041748047 327.780029296875 207.77828216552734 304.0728454589844 207.77828216552734
308.3937683105469 166.23878479003906 330.141996383667 166.23878479003906 330.141996383667 207.77814483642578 308.3937683105469 207.77814483642578
310.6812438964844 166.49851989746094 332.4764213562012 166.49851989746094 332.4764213562012 208.01753997802734 310.6812438964844 208.01753997802734
313.0277404785156 167.65509033203125 334.8936958312988 167.65509033203125 334.8936958312988 209.11046600341797 313.0277404785156 209.11046600341797
313.8742370605469 169.81480407714844 335.9566135406494 169.81480407714844 335.9566135406494 210.16601181030273 313.8742370605469 210.16601181030273
315.890869140625 169.74893188476562 338.34985733032227 169.74893188476562 338.34985733032227 205.3721694946289 315.890869140625 205.3721694946289
321.7256774902344 171.17111206054688 346.16511726379395 171.17111206054688 346.16511726379395 212.76471710205078 321.7256774902344 212.76471710205078
325.4498596191406 170.79576110839844 348.4941291809082 170.79576110839844 348.4941291809082 211.67017364501953 325.4498596191406 211.67017364501953
327.8810729980469 168.5657501220703 352.9595527648926 168.5657501220703 352.9595527648926 211.7757110595703 327.8810729980469 211.7757110595703
329.2612609863281 169.579345703125 353.0387878417969 169.579345703125 353.0387878417969 212.7307891845703 329.2612609863281 212.7307891845703
327.82666015625 171.84609985351562 351.1517086029053 171.84609985351562 351.1517086029053 216.29639053344727 327.82666015625 216.29639053344727
332.11627197265625 169.74331665039062 356.4076271057129 169.74331665039062 356.4076271057129 213.3304214477539 332.11627197265625 213.3304214477539
333.6863098144531 169.6614990234375 357.86766242980957 169.6614990234375 357.86766242980957 210.19476318359375 333.6863098144531 210.19476318359375
337.20330810546875 170.17640686035156 362.5624752044678 170.17640686035156 362.5624752044678 215.5559539794922 337.20330810546875 215.5559539794922
335.28680419921875 173.53160095214844 361.1058750152588 173.53160095214844 361.1058750152588 216.26598358154297 335.28680419921875 216.26598358154297
336.3462829589844 174.1292266845703 362.1816158294678 174.1292266845703 362.1816158294678 219.30883026123047 336.3462829589844 219.30883026123047
339.6109313964844 167.95700073242188 366.28797912597656 167.95700073242188 366.28797912597656 215.55736923217773 339.6109313964844 215.55736923217773
341.8138732910156 170.3646240234375 369.3865165710449 170.3646240234375 369.3865165710449 217.20305633544922 341.8138732910156 217.20305633544922
342.7642517089844 173.39096069335938 370.51061630249023 173.39096069335938 370.51061630249023 219.96048736572266 342.7642517089844 219.96048736572266
345.84356689453125 173.5341796875 372.6515998840332 173.5341796875 372.6515998840332 221.84733200073242 345.84356689453125 221.84733200073242
347.218017578125 172.59494018554688 373.5944633483887 172.59494018554688 373.5944633483887 217.88543701171875 347.218017578125 217.88543701171875
349.13751220703125 172.27056884765625 375.11566734313965 172.27056884765625 375.11566734313965 221.5231590270996 349.13751220703125 221.5231590270996
351.5345764160156 171.8397216796875 379.56198501586914 171.8397216796875 379.56198501586914 220.08333206176758 351.5345764160156 220.08333206176758
354.39910888671875 171.8404998779297 382.2351989746094 171.8404998779297 382.2351989746094 220.45581436157227 354.39910888671875 220.45581436157227
358.5152282714844 172.88919067382812 386.0729579925537 172.88919067382812 386.0729579925537 219.1981201171875 358.5152282714844 219.1981201171875
364.0123291015625 175.67628479003906 390.69532203674316 175.67628479003906 390.69532203674316 220.79009246826172 364.0123291015625 220.79009246826172
366.7920837402344 179.1073455810547 393.5398349761963 179.1073455810547 393.5398349761963 223.73572158813477 366.7920837402344 223.73572158813477
369.8314514160156 177.31936645507812 395.6442451477051 177.31936645507812 395.6442451477051 218.7254180908203 369.8314514160156 218.7254180908203
370.9940490722656 179.7075653076172 398.2621040344238 179.7075653076172 398.2621040344238 222.8977165222168 370.9940490722656 222.8977165222168
371.2134094238281 178.751220703125 398.6787872314453 178.751220703125 398.6787872314453 221.4046630859375 371.2134094238281 221.4046630859375
373.0913391113281 182.49180603027344 399.1717929840088 182.49180603027344 399.1717929840088 224.36241912841797 373.0913391113281 224.36241912841797
376.71722412109375 181.4082489013672 403.3464546203613 181.4082489013672 403.3464546203613 222.49681854248047 376.71722412109375 222.49681854248047
376.36004638671875 179.8719940185547 404.04902267456055 179.8719940185547 404.04902267456055 224.98294830322266 376.36004638671875 224.98294830322266
376.5450439453125 178.9904327392578 403.99716567993164 178.9904327392578 403.99716567993164 221.3481216430664 376.5450439453125 221.3481216430664
383.0552062988281 181.81236267089844 408.5166072845459 181.81236267089844 408.5166072845459 225.3771209716797 383.0552062988281 225.3771209716797
384.05914306640625 181.81564331054688 411.5458011627197 181.81564331054688 411.5458011627197 228.12332916259766 384.05914306640625 228.12332916259766
387.8678283691406 182.82974243164062 414.4874668121338 182.82974243164062 414.4874668121338 226.40923309326172 387.8678283691406 226.40923309326172
387.39019775390625 182.5736083984375 414.7600746154785 182.5736083984375 414.7600746154785 225.47429656982422 387.39019775390625 225.47429656982422
390.10919189453125 183.6192169189453 416.3584289550781 183.6192169189453 416.3584289550781 228.0172004699707 390.10919189453125 228.0172004699707
393.2092590332031 185.18321228027344 419.7112464904785 185.18321228027344 419.7112464904785 227.14591598510742 393.2092590332031 227.14591598510742
394.3233642578125 183.38546752929688 420.34111976623535 183.38546752929688 420.34111976623535 221.22625732421875 394.3233642578125 221.22625732421875
400.12335205078125 188.61557006835938 425.57678413391113 188.61557006835938 425.57678413391113 230.73709869384766 400.12335205078125 230.73709869384766
403.11480712890625 185.23141479492188 430.2817134857178 185.23141479492188 430.2817134857178 230.49919509887695 403.11480712890625 230.49919509887695
403.2549133300781 187.87533569335938 429.8931579589844 187.87533569335938 429.8931579589844 232.47473907470703 403.2549133300781 232.47473907470703
405.2801818847656 188.82083129882812 431.4089813232422 188.82083129882812 431.4089813232422 233.42328262329102 405.2801818847656 233.42328262329102
409.94879150390625 188.2705535888672 435.7174320220947 188.2705535888672 435.7174320220947 232.70813751220703 409.94879150390625 232.70813751220703
410.29058837890625 185.3068389892578 435.4850425720215 185.3068389892578 435.4850425720215 229.0298080444336 410.29058837890625 229.0298080444336
416.1612243652344 187.52610778808594 441.8590507507324 187.52610778808594 441.8590507507324 232.5412483215332 416.1612243652344 232.5412483215332
415.914306640625 190.05239868164062 442.7712707519531 190.05239868164062 442.7712707519531 233.3241958618164 415.914306640625 233.3241958618164
423.9701232910156 188.54525756835938 449.2473545074463 188.54525756835938 449.2473545074463 231.1824951171875 423.9701232910156 231.1824951171875
425.734130859375 188.8019256591797 451.0148468017578 188.8019256591797 451.0148468017578 235.4279670715332 425.734130859375 235.4279670715332
430.8798828125 189.5255584716797 455.0406131744385 189.5255584716797 455.0406131744385 233.16950225830078 430.8798828125 233.16950225830078
432.2721252441406 190.48080444335938 457.96623611450195 190.48080444335938 457.96623611450195 232.29608535766602 432.2721252441406 232.29608535766602
436.3457946777344 191.14706420898438 460.9666748046875 191.14706420898438 460.9666748046875 234.3657684326172 436.3457946777344 234.3657684326172
435.77008056640625 194.343505859375 461.95094871520996 194.343505859375 461.95094871520996 236.89215469360352 435.77008056640625 236.89215469360352
441.48040771484375 190.95948791503906 467.17205238342285 190.95948791503906 467.17205238342285 235.2448616027832 441.48040771484375 235.2448616027832
444.29229736328125 190.3635711669922 468.60344314575195 190.3635711669922 468.60344314575195 234.04283905029297 444.29229736328125 234.04283905029297
445.7789001464844 190.4768829345703 470.5927677154541 190.4768829345703 470.5927677154541 234.4281997680664 445.7789001464844 234.4281997680664
447.49407958984375 189.24972534179688 472.98201751708984 189.24972534179688 472.98201751708984 233.51087188720703 447.49407958984375 233.51087188720703
449.0743713378906 191.40676879882812 475.443172454834 191.40676879882812 475.443172454834 234.93027114868164 449.0743713378906 234.93027114868164
451.87451171875 196.46511840820312 475.4647617340088 196.46511840820312 475.4647617340088 237.2911605834961 451.87451171875 237.2911605834961
459.25396728515625 193.92015075683594 484.4509754180908 193.92015075683594 484.4509754180908 234.3943328857422 459.25396728515625 234.3943328857422
460.939453125 198.42031860351562 484.53489112854004 198.42031860351562 484.53489112854004 237.46341705322266 460.939453125 237.46341705322266
461.8603515625 198.0862274169922 487.015869140625 198.0862274169922 487.015869140625 240.09302520751953 461.8603515625 240.09302520751953
465.0711975097656 199.3968048095703 490.63559913635254 199.3968048095703 490.63559913635254 242.18688583374023 465.0711975097656 242.18688583374023
471.50830078125 196.5902862548828 496.14466285705566 196.5902862548828 496.14466285705566 239.99565887451172 471.50830078125 239.99565887451172
472.668701171875 196.32752990722656 497.716890335083 196.32752990722656 497.716890335083 240.05468368530273 472.668701171875 240.05468368530273
475.15948486328125 200.31207275390625 500.4619426727295 200.31207275390625 500.4619426727295 240.20035934448242 475.15948486328125 240.20035934448242
477.23321533203125 199.69686889648438 502.1557731628418 199.69686889648438 502.1557731628418 237.7001953125 477.23321533203125 237.7001953125
482.46746826171875 202.1027069091797 508.2151336669922 202.1027069091797 508.2151336669922 243.92777252197266 482.46746826171875 243.92777252197266
486.00115966796875 204.3404083251953 510.869104385376 204.3404083251953 510.869104385376 248.17156219482422 486.00115966796875 248.17156219482422
488.53741455078125 205.5321807861328 514.5143623352051 205.5321807861328 514.5143623352051 249.01938247680664 488.53741455078125 249.01938247680664
488.31256103515625 205.214599609375 513.9850006103516 205.214599609375 513.9850006103516 247.58154296875 488.31256103515625 247.58154296875
491.26605224609375 203.57125854492188 516.1848239898682 203.57125854492188 516.1848239898682 246.5886459350586 491.26605224609375 246.5886459350586
491.88421630859375 204.1960906982422 518.4495239257812 204.1960906982422 518.4495239257812 248.19906997680664 491.88421630859375 248.19906997680664
498.5533142089844 207.07577514648438 522.6118106842041 207.07577514648438 522.6118106842041 248.06320571899414 498.5533142089844 248.06320571899414
499.9405212402344 200.69424438476562 527.8081512451172 200.69424438476562 527.8081512451172 250.80685424804688 499.9405212402344 250.80685424804688
522.1488647460938 208.14453125 547.6833915710449 208.14453125 547.6833915710449 249.30839920043945 522.1488647460938 249.30839920043945
523.8470458984375 210.5175323486328 548.4739151000977 210.5175323486328 548.4739151000977 255.6995964050293 523.8470458984375 255.6995964050293
523.0316772460938 210.66653442382812 549.91259765625 210.66653442382812 549.91259765625 253.33002471923828 523.0316772460938 253.33002471923828
530.7979125976562 213.0791473388672 557.5287418365479 213.0791473388672 557.5287418365479 257.71239471435547 530.7979125976562 257.71239471435547
534.0381469726562 212.817626953125 561.1724281311035 212.817626953125 561.1724281311035 259.5002250671387 534.0381469726562 259.5002250671387
534.5447998046875 212.881103515625 562.3774509429932 212.881103515625 562.3774509429932 259.1584587097168 534.5447998046875 259.1584587097168
535.9408569335938 213.0323486328125 563.0943794250488 213.0323486328125 563.0943794250488 258.2853355407715 535.9408569335938 258.2853355407715
537.2308349609375 213.48635864257812 564.8325157165527 213.48635864257812 564.8325157165527 260.1054573059082 537.2308349609375 260.1054573059082
542.2316284179688 209.3912811279297 571.9525947570801 209.3912811279297 571.9525947570801 261.9022560119629 542.2316284179688 261.9022560119629
539.7260131835938 213.977294921875 569.1412754058838 213.977294921875 569.1412754058838 262.7538032531738 539.7260131835938 262.7538032531738
545.1823120117188 209.35897827148438 575.4926509857178 209.35897827148438 575.4926509857178 262.6126022338867 545.1823120117188 262.6126022338867
544.835205078125 213.3995361328125 574.0552921295166 213.3995361328125 574.0552921295166 259.2165718078613 544.835205078125 259.2165718078613
547.4714965820312 216.90982055664062 577.5318698883057 216.90982055664062 577.5318698883057 260.9861602783203 547.4714965820312 260.9861602783203
551.9337768554688 217.23715209960938 581.5311832427979 217.23715209960938 581.5311832427979 262.104736328125 551.9337768554688 262.104736328125
556.9405517578125 218.583251953125 587.6676330566406 218.583251953125 587.6676330566406 264.18428802490234 556.9405517578125 264.18428802490234
558.5498046875 220.38296508789062 589.6892948150635 220.38296508789062 589.6892948150635 265.64262771606445 558.5498046875 265.64262771606445
565.884033203125 219.41201782226562 595.7374992370605 219.41201782226562 595.7374992370605 262.9288864135742 565.884033203125 262.9288864135742
567.6671142578125 220.3269500732422 597.4066886901855 220.3269500732422 597.4066886901855 265.1675453186035 567.6671142578125 265.1675453186035
571.1768798828125 221.64578247070312 599.2568874359131 221.64578247070312 599.2568874359131 265.9049377441406 571.1768798828125 265.9049377441406
575.9913330078125 223.31478881835938 604.784366607666 223.31478881835938 604.784366607666 266.3419303894043 575.9913330078125 266.3419303894043
580.6576538085938 219.7353515625 609.7604942321777 219.7353515625 609.7604942321777 264.1275825500488 580.6576538085938 264.1275825500488
583.112060546875 220.4783172607422 613.7855892181396 220.4783172607422 613.7855892181396 265.5514717102051 583.112060546875 265.5514717102051
585.1810913085938 221.93850708007812 615.1128482818604 221.93850708007812 615.1128482818604 268.66915130615234 585.1810913085938 268.66915130615234
591.96142578125 221.85501098632812 621.143533706665 221.85501098632812 621.143533706665 270.1550979614258 591.96142578125 270.1550979614258
