210.0 94.0 239.0 94.0 239.0 147.0 210.0 147.0
211.216796875 95.1596908569336 239.9818630218506 95.1596908569336 239.9818630218506 146.0600471496582 211.216796875 146.0600471496582
211.2545166015625 94.8134765625 239.54429054260254 94.8134765625 239.54429054260254 146.60225296020508 211.2545166015625 146.60225296020508
211.9482879638672 94.320556640625 241.1567497253418 94.320556640625 241.1567497253418 147.7015380859375 211.9482879638672 147.7015380859375
213.203369140625 94.9667739868164 242.5043888092041 94.9667739868164 242.5043888092041 148.51691436767578 213.203369140625 148.51691436767578
213.4752655029297 95.98461151123047 243.4143524169922 95.98461151123047 243.4143524169922 149.51653289794922 213.4752655029297 149.51653289794922
214.79434204101562 94.16749572753906 244.84401893615723 94.16749572753906 244.84401893615723 147.88030242919922 214.79434204101562 147.88030242919922
215.4994354248047 96.9900894165039 245.48952865600586 96.9900894165039 245.48952865600586 149.58340072631836 215.4994354248047 149.58340072631836
215.414794921875 95.04772186279297 245.36148643493652 95.04772186279297 245.36148643493652 148.81198501586914 215.414794921875 148.81198501586914
216.9626922607422 94.4064712524414 246.4563331604004 94.4064712524414 246.4563331604004 148.30864334106445 216.9626922607422 148.30864334106445
216.6353302001953 95.07610321044922 245.9734230041504 95.07610321044922 245.9734230041504 148.69400024414062 216.6353302001953 148.69400024414062
216.69735717773438 95.81318664550781 245.52817726135254 95.81318664550781 245.52817726135254 148.50400161743164 216.69735717773438 148.50400161743164
218.94625854492188 96.70326232910156 246.9589385986328 96.70326232910156 246.9589385986328 147.8988494873047 218.94625854492188 147.8988494873047
218.5839385986328 96.60160827636719 246.5880832672119 96.60160827636719 246.5880832672119 148.0568084716797 218.5839385986328 148.0568084716797
219.6461639404297 98.07572174072266 247.6367950439453 98.07572174072266 247.6367950439453 149.05833053588867 219.6461639404297 149.05833053588867
219.400634765625 96.57864379882812 247.96006393432617 96.57864379882812 247.96006393432617 148.98643112182617 219.400634765625 148.98643112182617
220.0625457763672 97.32129669189453 248.57410621643066 97.32129669189453 248.57410621643066 149.55075073242188 220.0625457763672 149.55075073242188
220.4318389892578 95.937744140625 249.27369689941406 95.937744140625 249.27369689941406 148.64872360229492 220.4318389892578 148.64872360229492
220.75927734375 96.03307342529297 249.79888916015625 96.03307342529297 249.79888916015625 149.0103759765625 220.75927734375 149.0103759765625
222.67446899414062 96.15252685546875 251.81857872009277 96.15252685546875 251.81857872009277 149.28213500976562 222.67446899414062 149.28213500976562
223.1581268310547 96.9212875366211 252.0610809326172 96.9212875366211 252.0610809326172 149.7439308166504 223.1581268310547 149.7439308166504
224.4337615966797 97.43763732910156 252.9974021911621 97.43763732910156 252.9974021911621 149.7685089111328 224.4337615966797 149.7685089111328
225.9319305419922 99.21287536621094 254.21457290649414 99.21287536621094 254.21457290649414 150.9018325805664 225.9319305419922 150.9018325805664
226.3401336669922 97.90098571777344 254.3333683013916 97.90098571777344 254.3333683013916 149.0610237121582 226.3401336669922 149.0610237121582
227.1582489013672 98.76809692382812 255.12120056152344 98.76809692382812 255.12120056152344 149.87278747558594 227.1582489013672 149.87278747558594
227.7440643310547 98.84886169433594 256.092529296875 98.84886169433594 256.092529296875 150.6581153869629 227.7440643310547 150.6581153869629
227.75051879882812 97.02479553222656 256.5217628479004 97.02479553222656 256.5217628479004 149.60671615600586 227.75051879882812 149.60671615600586
228.2402801513672 97.22550964355469 256.4733695983887 97.22550964355469 256.4733695983887 148.82390594482422 228.2402801513672 148.82390594482422
230.209716796875 98.12118530273438 258.6727352142334 98.12118530273438 258.6727352142334 150.1397933959961 230.209716796875 150.1397933959961
229.231689453125 98.99447631835938 257.59685134887695 98.99447631835938 257.59685134887695 150.83424758911133 229.231689453125 150.83424758911133
230.14163208007812 97.99897766113281 258.8620491027832 97.99897766113281 258.8620491027832 150.48801040649414 230.14163208007812 150.48801040649414
230.86355590820312 100.00379180908203 259.6255912780762 100.00379180908203 259.6255912780762 152.15391540527344 230.86355590820312 152.15391540527344
231.5155792236328 101.53428649902344 260.3413944244385 101.53428649902344 260.3413944244385 152.71268463134766 231.5155792236328 152.71268463134766
232.5242462158203 101.07527923583984 261.3470802307129 101.07527923583984 261.3470802307129 151.4216423034668 232.5242462158203 151.4216423034668
233.3314208984375 102.09797668457031 261.3819332122803 102.09797668457031 261.3819332122803 152.63357162475586 233.3314208984375 152.63357162475586
233.4177703857422 99.87016296386719 262.3090629577637 99.87016296386719 262.3090629577637 150.97258758544922 233.4177703857422 150.97258758544922
234.14926147460938 101.20161437988281 263.3413887023926 101.20161437988281 263.3413887023926 151.7627716064453 234.14926147460938 151.7627716064453
234.7863006591797 100.55742645263672 263.39648818969727 100.55742645263672 263.39648818969727 152.19038009643555 234.7863006591797 152.19038009643555
235.38192749023438 100.88402557373047 264.5673484802246 100.88402557373047 264.5673484802246 153.60325241088867 235.38192749023438 153.60325241088867
235.20730590820312 101.8830795288086 265.1856174468994 101.8830795288086 265.1856174468994 155.40191650390625 235.20730590820312 155.40191650390625
235.75875854492188 102.07383728027344 265.7108955383301 102.07383728027344 265.7108955383301 155.51923370361328 235.75875854492188 155.51923370361328
237.857177734375 102.00614929199219 267.30742835998535 102.00614929199219 267.30742835998535 155.43028259277344 237.857177734375 155.43028259277344
238.65078735351562 101.32428741455078 268.54113388061523 101.32428741455078 268.54113388061523 154.29838943481445 238.65078735351562 154.29838943481445
239.72500610351562 102.11274719238281 269.26772689819336 102.11274719238281 269.26772689819336 154.49694442749023 239.72500610351562 154.49694442749023
239.93460083007812 99.54450988769531 269.3579921722412 99.54450988769531 269.3579921722412 153.2011260986328 239.93460083007812 153.2011260986328
241.352294921875 101.215087890625 269.3794746398926 101.215087890625 269.3794746398926 154.57756423950195 241.352294921875 154.57756423950195
241.62515258789062 100.66328430175781 270.3285675048828 100.66328430175781 270.3285675048828 154.40082168579102 241.62515258789062 154.40082168579102
241.01773071289062 99.91770935058594 270.4016571044922 99.91770935058594 270.4016571044922 153.42279815673828 241.01773071289062 153.42279815673828
242.43344116210938 102.41612243652344 271.6929359436035 102.41612243652344 271.6929359436035 154.5812225341797 242.43344116210938 154.5812225341797
242.44619750976562 101.79240417480469 271.07451820373535 101.79240417480469 271.07451820373535 154.11313247680664 242.44619750976562 154.11313247680664
244.2327880859375 104.13743591308594 271.29735946655273 104.13743591308594 271.29735946655273 154.36724472045898 244.2327880859375 154.36724472045898
244.6717071533203 102.78834533691406 272.3035068511963 102.78834533691406 272.3035068511963 155.05135345458984 244.6717071533203 155.05135345458984
244.93994140625 101.80424499511719 273.4758243560791 101.80424499511719 273.4758243560791 153.9560317993164 244.93994140625 153.9560317993164
245.82113647460938 103.1223373413086 274.24999618530273 103.1223373413086 274.24999618530273 153.52160263061523 245.82113647460938 153.52160263061523
245.8997344970703 101.72835540771484 273.89356994628906 101.72835540771484 273.89356994628906 152.88949966430664 245.8997344970703 152.88949966430664
247.4810791015625 102.6612319946289 275.25444412231445 102.6612319946289 275.25444412231445 153.41944885253906 247.4810791015625 153.41944885253906
247.10415649414062 102.31172943115234 275.6531219482422 102.31172943115234 275.6531219482422 154.48741912841797 247.10415649414062 154.48741912841797
248.88424682617188 102.57281494140625 277.80975914001465 102.57281494140625 277.80975914001465 155.43667602539062 248.88424682617188 155.43667602539062
249.0328826904297 103.909912109375 277.81664085388184 103.909912109375 277.81664085388184 156.51470184326172 249.0328826904297 156.51470184326172
249.39755249023438 103.14286804199219 278.84807205200195 103.14286804199219 278.84807205200195 155.20317840576172 249.39755249023438 155.20317840576172
249.93814086914062 103.6314697265625 279.07470703125 103.6314697265625 279.07470703125 155.2031364440918 249.93814086914062 155.2031364440918
250.20492553710938 104.1496353149414 280.0190315246582 104.1496353149414 280.0190315246582 154.62054443359375 250.20492553710938 154.62054443359375
251.4170684814453 102.93619537353516 280.79273986816406 102.93619537353516 280.79273986816406 156.1628189086914 251.4170684814453 156.1628189086914
253.31051635742188 103.0721664428711 281.42335510253906 103.0721664428711 281.42335510253906 155.67124557495117 253.31051635742188 155.67124557495117
253.28756713867188 103.47587585449219 282.65004539489746 103.47587585449219 282.65004539489746 158.26623153686523 253.28756713867188 158.26623153686523
253.95114135742188 102.88362884521484 283.16662216186523 102.88362884521484 283.16662216186523 157.1454315185547 253.95114135742188 157.1454315185547
253.7976531982422 103.74467468261719 283.0449619293213 103.74467468261719 283.0449619293213 156.9995346069336 253.7976531982422 156.9995346069336
254.35012817382812 103.99061584472656 283.3139305114746 103.99061584472656 283.3139305114746 157.30331802368164 254.35012817382812 157.30331802368164
255.29177856445312 103.66861724853516 283.6646785736084 103.66861724853516 283.6646785736084 156.14299392700195 255.29177856445312 156.14299392700195
257.32537841796875 105.7263412475586 285.20110511779785 105.7263412475586 285.20110511779785 156.2286033630371 257.32537841796875 156.2286033630371
256.82672119140625 105.1979751586914 285.3387145996094 105.1979751586914 285.3387145996094 156.7641372680664 256.82672119140625 156.7641372680664
258.0028381347656 104.95945739746094 284.8642978668213 104.95945739746094 284.8642978668213 156.64588165283203 258.0028381347656 156.64588165283203
258.78717041015625 106.61320495605469 285.9880313873291 106.61320495605469 285.9880313873291 156.7803726196289 258.78717041015625 156.7803726196289
257.66168212890625 104.19771575927734 286.62952613830566 104.19771575927734 286.62952613830566 157.1389274597168 257.66168212890625 157.1389274597168
259.89630126953125 105.3351821899414 287.43678283691406 105.3351821899414 287.43678283691406 157.8101577758789 259.89630126953125 157.8101577758789
259.3504943847656 105.95314025878906 288.75110816955566 105.95314025878906 288.75110816955566 157.91820526123047 259.3504943847656 157.91820526123047
260.95770263671875 104.99337005615234 288.9563636779785 104.99337005615234 288.9563636779785 157.97812271118164 260.95770263671875 157.97812271118164
260.0077819824219 104.78749084472656 289.57586097717285 104.78749084472656 289.57586097717285 157.94486236572266 260.0077819824219 157.94486236572266
261.03857421875 105.9310073852539 290.766056060791 105.9310073852539 290.766056060791 157.89043045043945 261.03857421875 157.89043045043945
261.0660705566406 104.57991790771484 290.0477046966553 104.57991790771484 290.0477046966553 157.73098754882812 261.0660705566406 157.73098754882812
262.22027587890625 107.19527435302734 290.9344139099121 107.19527435302734 290.9344139099121 157.08198165893555 262.22027587890625 157.08198165893555
263.2607116699219 106.56624603271484 291.47333335876465 106.56624603271484 291.47333335876465 158.453857421875 263.2607116699219 158.453857421875
262.49151611328125 107.3750228881836 292.71874618530273 107.3750228881836 292.71874618530273 159.68490600585938 262.49151611328125 159.68490600585938
264.1667785644531 107.26997375488281 293.24225425720215 107.26997375488281 293.24225425720215 161.2030487060547 264.1667785644531 161.2030487060547
263.57232666015625 106.47178649902344 293.5010223388672 106.47178649902344 293.5010223388672 160.6926727294922 263.57232666015625 160.6926727294922
263.4254455566406 106.46405029296875 293.68456077575684 106.46405029296875 293.68456077575684 161.3465576171875 263.4254455566406 161.3465576171875
265.59246826171875 105.28780364990234 293.27740478515625 105.28780364990234 293.27740478515625 160.2087860107422 265.59246826171875 160.2087860107422
265.4388427734375 104.4564437866211 294.5968475341797 104.4564437866211 294.5968475341797 160.5467872619629 265.4388427734375 160.5467872619629
266.1204528808594 105.58367919921875 294.7853202819824 105.58367919921875 294.7853202819824 160.4273567199707 266.1204528808594 160.4273567199707
266.4019470214844 105.60884094238281 294.87713623046875 105.60884094238281 294.87713623046875 160.86651992797852 266.4019470214844 160.86651992797852
267.3221740722656 106.83381652832031 295.65667724609375 106.83381652832031 295.65667724609375 161.3860740661621 267.3221740722656 161.3860740661621
267.4295349121094 105.65440368652344 296.4626274108887 105.65440368652344 296.4626274108887 162.42974472045898 267.4295349121094 162.42974472045898
268.28399658203125 106.56685638427734 297.2780055999756 106.56685638427734 297.2780055999756 161.78191375732422 268.28399658203125 161.78191375732422
267.31146240234375 108.66471862792969 298.1566867828369 108.66471862792969 298.1566867828369 162.02020645141602 267.31146240234375 162.02020645141602
268.9932556152344 107.47145080566406 297.4113578796387 107.47145080566406 297.4113578796387 162.15465927124023 268.9932556152344 162.15465927124023
269.80279541015625 107.19615173339844 297.6613311767578 107.19615173339844 297.6613311767578 162.17861557006836 269.80279541015625 162.17861557006836
269.4981384277344 107.11888122558594 298.13269424438477 107.11888122558594 298.13269424438477 161.06635284423828 269.4981384277344 161.06635284423828
269.4979553222656 108.5350570678711 298.3625240325928 108.5350570678711 298.3625240325928 162.92797088623047 269.4979553222656 162.92797088623047
269.96002197265625 107.66224670410156 297.83969497680664 107.66224670410156 297.83969497680664 163.70226669311523 269.96002197265625 163.70226669311523
269.5712890625 108.1346206665039 299.7819519042969 108.1346206665039 299.7819519042969 165.28014755249023 269.5712890625 165.28014755249023
269.9159851074219 108.66960144042969 299.3882865905762 108.66960144042969 299.3882865905762 164.99473571777344 269.9159851074219 164.99473571777344
270.8507995605469 109.31327819824219 298.81519508361816 109.31327819824219 298.81519508361816 164.4070053100586 270.8507995605469 164.4070053100586
270.80120849609375 108.9464340209961 298.8789119720459 108.9464340209961 298.8789119720459 165.76776123046875 270.80120849609375 165.76776123046875
271.56488037109375 106.6554183959961 298.8764343261719 106.6554183959961 298.8764343261719 165.551513671875 271.56488037109375 165.551513671875
271.0250549316406 107.87149810791016 299.9277801513672 107.87149810791016 299.9277801513672 166.2245979309082 271.0250549316406 166.2245979309082
272.04443359375 108.76190185546875 299.0746822357178 108.76190185546875 299.0746822357178 163.91609573364258 272.04443359375 163.91609573364258
272.39892578125 110.4825210571289 299.74291038513184 110.4825210571289 299.74291038513184 164.9554328918457 272.39892578125 164.9554328918457
272.2975158691406 110.0068588256836 301.35059547424316 110.0068588256836 301.35059547424316 165.64291381835938 272.2975158691406 165.64291381835938
272.684814453125 109.34796142578125 301.7336940765381 109.34796142578125 301.7336940765381 165.54010009765625 272.684814453125 165.54010009765625
273.21185302734375 109.91204833984375 303.4670810699463 109.91204833984375 303.4670810699463 167.31937789916992 273.21185302734375 167.31937789916992
273.32452392578125 110.31929779052734 303.8300075531006 110.31929779052734 303.8300075531006 167.6938018798828 273.32452392578125 167.6938018798828
274.602783203125 111.21842193603516 303.35625076293945 111.21842193603516 303.35625076293945 167.5323143005371 274.602783203125 167.5323143005371
274.73291015625 110.49063873291016 304.68272399902344 110.49063873291016 304.68272399902344 167.31546783447266 274.73291015625 167.31546783447266
275.4258728027344 110.2601089477539 305.1826686859131 110.2601089477539 305.1826686859131 166.8002815246582 275.4258728027344 166.8002815246582
275.439697265625 110.98710632324219 305.5348205566406 110.98710632324219 305.5348205566406 166.82155990600586 275.439697265625 166.82155990600586
275.77435302734375 109.5340347290039 305.966552734375 109.5340347290039 305.966552734375 166.4097557067871 275.77435302734375 166.4097557067871
276.4412841796875 110.50218200683594 305.9598445892334 110.50218200683594 305.9598445892334 166.60646057128906 276.4412841796875 166.60646057128906
276.7328186035156 110.77726745605469 306.2602348327637 110.77726745605469 306.2602348327637 166.18871688842773 276.7328186035156 166.18871688842773
277.2538757324219 110.6401138305664 306.0827178955078 110.6401138305664 306.0827178955078 168.44085693359375 277.2538757324219 168.44085693359375
277.62664794921875 110.89854431152344 306.5060176849365 110.89854431152344 306.5060176849365 168.12513732910156 277.62664794921875 168.12513732910156
278.0621643066406 112.25990295410156 307.08825302124023 112.25990295410156 307.08825302124023 169.9308624267578 278.0621643066406 169.9308624267578
278.864990234375 111.67149353027344 307.4490852355957 111.67149353027344 307.4490852355957 169.39637756347656 278.864990234375 169.39637756347656
279.12957763671875 111.68741607666016 307.8901557922363 111.68741607666016 307.8901557922363 168.83766174316406 279.12957763671875 168.83766174316406
279.62640380859375 112.63896179199219 307.5940246582031 112.63896179199219 307.5940246582031 167.40365982055664 279.62640380859375 167.40365982055664
280.8235778808594 113.93544006347656 307.6220245361328 113.93544006347656 307.6220245361328 167.4749526977539 280.8235778808594 167.4749526977539
280.7632751464844 112.38294982910156 308.8078365325928 112.38294982910156 308.8078365325928 168.06232070922852 280.7632751464844 168.06232070922852
280.5130920410156 112.07958984375 311.24278831481934 112.07958984375 311.24278831481934 169.4736099243164 280.5130920410156 169.4736099243164
281.037353515625 112.41915130615234 311.699951171875 112.41915130615234 311.699951171875 170.70579147338867 281.037353515625 170.70579147338867
281.62445068359375 113.92597961425781 312.0801696777344 113.92597961425781 312.0801696777344 170.7377700805664 281.62445068359375 170.7377700805664
281.77252197265625 113.46681213378906 311.1731147766113 113.46681213378906 311.1731147766113 170.68991470336914 281.77252197265625 170.68991470336914
282.99560546875 113.36893463134766 312.7319755554199 113.36893463134766 312.7319755554199 170.72992706298828 282.99560546875 170.72992706298828
284.20501708984375 113.68524169921875 313.45507431030273 113.68524169921875 313.45507431030273 170.66265106201172 284.20501708984375 170.66265106201172
284.22479248046875 112.4446792602539 314.3564262390137 112.4446792602539 314.3564262390137 169.37141799926758 284.22479248046875 169.37141799926758
284.57183837890625 114.27662658691406 314.52500915527344 114.27662658691406 314.52500915527344 168.5966339111328 284.57183837890625 168.5966339111328
285.2050476074219 114.402587890625 314.25438499450684 114.402587890625 314.25438499450684 170.51529693603516 285.2050476074219 170.51529693603516
285.668212890625 114.41312408447266 313.4919853210449 114.41312408447266 313.4919853210449 169.59242248535156 285.668212890625 169.59242248535156
286.5495910644531 113.2112045288086 315.1045684814453 113.2112045288086 315.1045684814453 171.90229415893555 286.5495910644531 171.90229415893555
286.0055847167969 114.80006408691406 315.8578338623047 114.80006408691406 315.8578338623047 171.90614318847656 286.0055847167969 171.90614318847656
286.58062744140625 114.93437194824219 317.5502586364746 114.93437194824219 317.5502586364746 171.40685653686523 286.58062744140625 171.40685653686523
286.64532470703125 113.58856201171875 318.1726932525635 113.58856201171875 318.1726932525635 170.7935791015625 286.64532470703125 170.7935791015625
287.70074462890625 114.50828552246094 317.31303787231445 114.50828552246094 317.31303787231445 172.3798065185547 287.70074462890625 172.3798065185547
287.328857421875 113.1895980834961 319.05681228637695 113.1895980834961 319.05681228637695 172.05810546875 287.328857421875 172.05810546875
289.5353698730469 114.22114562988281 319.4976463317871 114.22114562988281 319.4976463317871 169.9918670654297 289.5353698730469 169.9918670654297
290.8694763183594 115.1290512084961 320.5239772796631 115.1290512084961 320.5239772796631 171.92295837402344 290.8694763183594 171.92295837402344
291.1509094238281 115.15101623535156 322.2542781829834 115.15101623535156 322.2542781829834 171.7038917541504 291.1509094238281 171.7038917541504
292.10260009765625 114.09092712402344 322.1075630187988 114.09092712402344 322.1075630187988 172.64483261108398 292.10260009765625 172.64483261108398
292.93475341796875 115.8299789428711 323.2202663421631 115.8299789428711 323.2202663421631 171.28216934204102 292.93475341796875 171.28216934204102
292.6661071777344 116.01078796386719 324.4818916320801 116.01078796386719 324.4818916320801 172.2290802001953 292.6661071777344 172.2290802001953
292.96893310546875 116.14976501464844 324.35771560668945 116.14976501464844 324.35771560668945 171.68207550048828 292.96893310546875 171.68207550048828
292.7782897949219 113.67220306396484 325.0821113586426 113.67220306396484 325.0821113586426 172.35950088500977 292.7782897949219 172.35950088500977
293.89434814453125 117.31452941894531 324.9922218322754 117.31452941894531 324.9922218322754 171.7466163635254 293.89434814453125 171.7466163635254
295.2974853515625 115.46282958984375 325.13755798339844 115.46282958984375 325.13755798339844 172.5141372680664 295.2974853515625 172.5141372680664
295.72039794921875 116.06742858886719 326.368616104126 116.06742858886719 326.368616104126 172.77648162841797 295.72039794921875 172.77648162841797
294.9468994140625 115.9480209350586 326.93238830566406 115.9480209350586 326.93238830566406 174.43906021118164 294.9468994140625 174.43906021118164
297.27728271484375 118.0434799194336 327.6108283996582 118.0434799194336 327.6108283996582 176.41043090820312 297.27728271484375 176.41043090820312
296.9726257324219 118.3980712890625 328.70830726623535 118.3980712890625 328.70830726623535 176.10869216918945 296.9726257324219 176.10869216918945
298.1335754394531 118.52543640136719 329.6194648742676 118.52543640136719 329.6194648742676 175.93347930908203 298.1335754394531 175.93347930908203
301.3011779785156 117.77555847167969 333.71212005615234 117.77555847167969 333.71212005615234 178.2509994506836 301.3011779785156 178.2509994506836
303.7942199707031 116.9516830444336 335.737247467041 116.9516830444336 335.737247467041 175.93413543701172 303.7942199707031 175.93413543701172
304.45599365234375 118.09889221191406 337.34803009033203 118.09889221191406 337.34803009033203 176.8992462158203 304.45599365234375 176.8992462158203
305.49798583984375 118.2079849243164 338.64501953125 118.2079849243164 338.64501953125 177.17614364624023 305.49798583984375 177.17614364624023
305.11273193359375 117.5418701171875 338.4495658874512 117.5418701171875 338.4495658874512 176.98099517822266 305.11273193359375 176.98099517822266
305.821044921875 117.5410385131836 338.6162910461426 117.5410385131836 338.6162910461426 177.79031372070312 305.821044921875 177.79031372070312
306.24981689453125 118.08268737792969 339.5508804321289 118.08268737792969 339.5508804321289 178.74566268920898 306.24981689453125 178.74566268920898
306.630859375 119.5599365234375 339.9931945800781 119.5599365234375 339.9931945800781 180.34091186523438 306.630859375 180.34091186523438
306.88226318359375 118.731201171875 339.6170349121094 118.731201171875 339.6170349121094 181.04730987548828 306.88226318359375 181.04730987548828
308.9100646972656 120.31755065917969 341.42391204833984 120.31755065917969 341.42391204833984 179.71894073486328 308.9100646972656 179.71894073486328
308.8772277832031 119.64896392822266 340.79323387145996 119.64896392822266 340.79323387145996 180.01951599121094 308.8772277832031 180.01951599121094
307.8232727050781 119.04295349121094 342.4044418334961 119.04295349121094 342.4044418334961 180.41324615478516 307.8232727050781 180.41324615478516
310.1470642089844 118.30406188964844 342.93332290649414 118.30406188964844 342.93332290649414 180.3916778564453 310.1470642089844 180.3916778564453
310.6460876464844 118.08232116699219 343.5832710266113 118.08232116699219 343.5832710266113 181.0423355102539 310.6460876464844 181.0423355102539
311.3671875 118.3867416381836 345.52127838134766 118.3867416381836 345.52127838134766 180.95614624023438 311.3671875 180.95614624023438
310.3263854980469 116.8799057006836 345.19525146484375 116.8799057006836 345.19525146484375 180.9868392944336 310.3263854980469 180.9868392944336
311.70623779296875 119.44309997558594 345.8577880859375 119.44309997558594 345.8577880859375 183.71005249023438 311.70623779296875 183.71005249023438
311.28192138671875 120.014892578125 346.7680358886719 120.014892578125 346.7680358886719 182.80869674682617 311.28192138671875 182.80869674682617
312.65252685546875 120.3339614868164 346.2068786621094 120.3339614868164 346.2068786621094 183.1802749633789 312.65252685546875 183.1802749633789
314.1212158203125 119.59080505371094 347.1446342468262 119.59080505371094 347.1446342468262 183.34564590454102 314.1212158203125 183.34564590454102
314.20074462890625 118.75167083740234 348.5667304992676 118.75167083740234 348.5667304992676 182.9141616821289 314.20074462890625 182.9141616821289
313.9289245605469 118.9159164428711 349.13037872314453 118.9159164428711 349.13037872314453 183.81495666503906 313.9289245605469 183.81495666503906
316.34515380859375 119.702392578125 348.89742279052734 119.702392578125 348.89742279052734 182.2712631225586 316.34515380859375 182.2712631225586
316.07940673828125 120.03746032714844 349.20323944091797 120.03746032714844 349.20323944091797 182.1483612060547 316.07940673828125 182.1483612060547
315.69171142578125 120.15287780761719 350.19812774658203 120.15287780761719 350.19812774658203 182.3509178161621 315.69171142578125 182.3509178161621
316.67425537109375 122.26806640625 349.94510650634766 122.26806640625 349.94510650634766 184.0356330871582 316.67425537109375 184.0356330871582
318.097412109375 123.23344421386719 350.20457458496094 123.23344421386719 350.20457458496094 184.89918518066406 318.097412109375 184.89918518066406
318.56304931640625 123.84809875488281 350.3010959625244 123.84809875488281 350.3010959625244 184.9430809020996 318.56304931640625 184.9430809020996
319.1187438964844 122.61519622802734 351.1243896484375 122.61519622802734 351.1243896484375 184.71099090576172 319.1187438964844 184.71099090576172
319.91827392578125 123.2147445678711 351.30772399902344 123.2147445678711 351.30772399902344 182.9331169128418 319.91827392578125 182.9331169128418
320.0694885253906 120.57035064697266 351.57932472229004 120.57035064697266 351.57932472229004 185.22560119628906 320.0694885253906 185.22560119628906
321.55682373046875 121.93544006347656 351.49042892456055 121.93544006347656 351.49042892456055 184.13829803466797 321.55682373046875 184.13829803466797
322.14886474609375 122.43461608886719 350.6202697753906 122.43461608886719 350.6202697753906 182.55160903930664 322.14886474609375 182.55160903930664
323.02362060546875 122.83402252197266 352.9211616516113 122.83402252197266 352.9211616516113 185.01272583007812 323.02362060546875 185.01272583007812
323.5323791503906 123.24332427978516 353.88807678222656 123.24332427978516 353.88807678222656 186.46642684936523 323.5323791503906 186.46642684936523
324.53826904296875 124.1941146850586 355.5341911315918 124.1941146850586 355.5341911315918 188.01855850219727 324.53826904296875 188.01855850219727
324.9134216308594 124.02579498291016 356.2241611480713 124.02579498291016 356.2241611480713 185.8840217590332 324.9134216308594 185.8840217590332
325.9732360839844 122.9083023071289 355.9682502746582 122.9083023071289 355.9682502746582 185.4208526611328 325.9732360839844 185.4208526611328
326.1791076660156 124.22637939453125 356.9680233001709 124.22637939453125 356.9680233001709 185.16682052612305 326.1791076660156 185.16682052612305
326.51995849609375 123.92449951171875 356.36565589904785 123.92449951171875 356.36565589904785 183.74497604370117 326.51995849609375 183.74497604370117
327.5473937988281 124.65107727050781 358.2050266265869 124.65107727050781 358.2050266265869 185.99945449829102 327.5473937988281 185.99945449829102
327.63739013671875 124.23692321777344 357.0683708190918 124.23692321777344 357.0683708190918 185.3563575744629 327.63739013671875 185.3563575744629
326.65740966796875 125.18096923828125 358.3423557281494 125.18096923828125 358.3423557281494 187.55028533935547 326.65740966796875 187.55028533935547
327.7502746582031 126.2361831665039 359.5156135559082 126.2361831665039 359.5156135559082 188.28924560546875 327.7502746582031 188.28924560546875
328.3568420410156 128.09579467773438 360.1924991607666 128.09579467773438 360.1924991607666 187.38831329345703 328.3568420410156 187.38831329345703
330.73797607421875 128.1853485107422 361.562313079834 128.1853485107422 361.562313079834 186.73608779907227 330.73797607421875 186.73608779907227
330.86749267578125 128.35215759277344 362.5057430267334 128.35215759277344 362.5057430267334 188.5384292602539 330.86749267578125 188.5384292602539
330.4992370605469 126.80523681640625 362.6221046447754 126.80523681640625 362.6221046447754 188.29727172851562 330.4992370605469 188.29727172851562
331.497802734375 126.26985168457031 362.567834854126 126.26985168457031 362.567834854126 189.14001846313477 331.497802734375 189.14001846313477
330.57952880859375 126.893798828125 363.16687774658203 126.893798828125 363.16687774658203 189.43828582763672 330.57952880859375 189.43828582763672
332.26263427734375 127.41340637207031 363.7265167236328 127.41340637207031 363.7265167236328 189.22536849975586 332.26263427734375 189.22536849975586
332.9239196777344 126.7946548461914 365.7044906616211 126.7946548461914 365.7044906616211 191.61651611328125 332.9239196777344 191.61651611328125
334.9208984375 128.0377197265625 367.73956298828125 128.0377197265625 367.73956298828125 190.60665893554688 334.9208984375 190.60665893554688
334.98382568359375 128.9037322998047 369.1156806945801 128.9037322998047 369.1156806945801 190.85757064819336 334.98382568359375 190.85757064819336
336.34197998046875 126.35307312011719 371.64183044433594 126.35307312011719 371.64183044433594 189.61788177490234 336.34197998046875 189.61788177490234
336.64910888671875 127.08247375488281 371.39211654663086 127.08247375488281 371.39211654663086 190.51959991455078 336.64910888671875 190.51959991455078
337.977294921875 125.4595718383789 372.4317436218262 125.4595718383789 372.4317436218262 191.28069305419922 337.977294921875 191.28069305419922
338.94659423828125 126.4091796875 372.8351249694824 126.4091796875 372.8351249694824 188.99630737304688 338.94659423828125 188.99630737304688
340.03466796875 127.8790283203125 373.6111640930176 127.8790283203125 373.6111640930176 190.67277908325195 340.03466796875 190.67277908325195
341.6783142089844 128.92678833007812 374.6662483215332 128.92678833007812 374.6662483215332 190.26548385620117 341.6783142089844 190.26548385620117
342.2674255371094 129.57315063476562 375.78278732299805 129.57315063476562 375.78278732299805 192.73949432373047 342.2674255371094 192.73949432373047
343.17633056640625 131.46481323242188 375.38390731811523 131.46481323242188 375.38390731811523 191.07351684570312 343.17633056640625 191.07351684570312
344.79119873046875 132.63340759277344 377.39631271362305 132.63340759277344 377.39631271362305 192.4035301208496 344.79119873046875 192.4035301208496
346.6761779785156 132.0159149169922 378.0701503753662 132.0159149169922 378.0701503753662 190.7517547607422 346.6761779785156 190.7517547607422
345.66876220703125 131.68698120117188 379.4037399291992 131.68698120117188 379.4037399291992 191.62894821166992 345.66876220703125 191.62894821166992
347.2994689941406 129.67398071289062 380.5079574584961 129.67398071289062 380.5079574584961 191.61225128173828 347.2994689941406 191.61225128173828
347.5874938964844 131.7273712158203 381.5247993469238 131.7273712158203 381.5247993469238 192.16186904907227 347.5874938964844 192.16186904907227
348.5535583496094 131.3021240234375 383.32329177856445 131.3021240234375 383.32329177856445 192.47880935668945 348.5535583496094 192.47880935668945
349.2613220214844 130.65240478515625 384.0578193664551 130.65240478515625 384.0578193664551 193.24063110351562 349.2613220214844 193.24063110351562
351.0667419433594 130.44656372070312 385.9585990905762 130.44656372070312 385.9585990905762 194.60494232177734 351.0667419433594 194.60494232177734
353.4541015625 131.4857635498047 386.4057083129883 131.4857635498047 386.4057083129883 194.0166244506836 353.4541015625 194.0166244506836
354.0466613769531 132.32403564453125 388.17912673950195 132.32403564453125 388.17912673950195 191.95646286010742 354.0466613769531 191.95646286010742
354.7840881347656 131.40301513671875 389.2102279663086 131.40301513671875 389.2102279663086 191.56415939331055 354.7840881347656 191.56415939331055
356.423828125 130.26181030273438 391.4661331176758 130.26181030273438 391.4661331176758 191.96919631958008 356.423828125 191.96919631958008
356.84735107421875 130.30844116210938 392.070556640625 130.30844116210938 392.070556640625 192.0997314453125 356.84735107421875 192.0997314453125
358.7539978027344 130.21340942382812 391.4110908508301 130.21340942382812 391.4110908508301 193.5872573852539 358.7539978027344 193.5872573852539
359.0143737792969 129.3813018798828 392.1836051940918 129.3813018798828 392.1836051940918 194.9292755126953 359.0143737792969 194.9292755126953
360.4340515136719 132.01431274414062 394.93224334716797 132.01431274414062 394.93224334716797 193.96791458129883 360.4340515136719 193.96791458129883
361.81195068359375 133.3769989013672 396.23659896850586 133.3769989013672 396.23659896850586 196.00374603271484 361.81195068359375 196.00374603271484
361.40380859375 134.36483764648438 396.9905776977539 134.36483764648438 396.9905776977539 195.2566909790039 361.40380859375 195.2566909790039
363.47540283203125 134.9111328125 397.6990661621094 134.9111328125 397.6990661621094 195.01143646240234 363.47540283203125 195.01143646240234
364.64654541015625 133.61094665527344 397.7598991394043 133.61094665527344 397.7598991394043 195.5754737854004 364.64654541015625 195.5754737854004
364.5675354003906 133.48013305664062 401.3276786804199 133.48013305664062 401.3276786804199 195.08354568481445 364.5675354003906 195.08354568481445
364.7967834472656 133.6313018798828 401.1880226135254 133.6313018798828 401.1880226135254 195.7767677307129 364.7967834472656 195.7767677307129
366.84326171875 135.30804443359375 402.0693473815918 135.30804443359375 402.0693473815918 194.82221603393555 366.84326171875 194.82221603393555
367.0638732910156 134.49203491210938 402.1805992126465 134.49203491210938 402.1805992126465 196.0471076965332 367.0638732910156 196.0471076965332
369.38836669921875 134.63644409179688 402.7081604003906 134.63644409179688 402.7081604003906 196.72345733642578 369.38836669921875 196.72345733642578
369.4178771972656 135.29693603515625 403.92664337158203 135.29693603515625 403.92664337158203 196.7286148071289 369.4178771972656 196.7286148071289
370.1573791503906 135.42665100097656 404.0879898071289 135.42665100097656 404.0879898071289 196.8915138244629 370.1573791503906 196.8915138244629
371.57958984375 133.99472045898438 404.05062103271484 133.99472045898438 404.05062103271484 195.94640350341797 371.57958984375 195.94640350341797
372.0502624511719 133.127685546875 404.89499282836914 133.127685546875 404.89499282836914 196.64017486572266 372.0502624511719 196.64017486572266
372.15570068359375 132.5674285888672 406.0454788208008 132.5674285888672 406.0454788208008 195.8489761352539 372.15570068359375 195.8489761352539
372.93719482421875 133.03262329101562 405.7840576171875 133.03262329101562 405.7840576171875 197.56150817871094 372.93719482421875 197.56150817871094
373.13079833984375 132.5465087890625 404.96290588378906 132.5465087890625 404.96290588378906 195.68572998046875 373.13079833984375 195.68572998046875
373.58831787109375 133.13308715820312 405.85898208618164 133.13308715820312 405.85898208618164 198.88294982910156 373.58831787109375 198.88294982910156
374.58856201171875 132.55946350097656 406.29819679260254 132.55946350097656 406.29819679260254 199.64743041992188 374.58856201171875 199.64743041992188
374.4047546386719 131.80697631835938 406.5606575012207 131.80697631835938 406.5606575012207 200.64034271240234 374.4047546386719 200.64034271240234
375.0846862792969 134.19052124023438 407.0324649810791 134.19052124023438 407.0324649810791 199.23070526123047 375.0846862792969 199.23070526123047
374.96405029296875 135.2088165283203 407.67849349975586 135.2088165283203 407.67849349975586 200.71099090576172 374.96405029296875 200.71099090576172
376.5865478515625 135.83306884765625 408.3909091949463 135.83306884765625 408.3909091949463 201.21051025390625 376.5865478515625 201.21051025390625
376.1072692871094 134.165771484375 409.5672836303711 134.165771484375 409.5672836303711 200.1828155517578 376.1072692871094 200.1828155517578
377.3206481933594 133.38211059570312 409.800594329834 133.38211059570312 409.800594329834 201.17811584472656 377.3206481933594 201.17811584472656
376.57159423828125 134.37692260742188 410.65180587768555 134.37692260742188 410.65180587768555 201.52207946777344 376.57159423828125 201.52207946777344
378.0664978027344 134.81312561035156 411.62636947631836 134.81312561035156 411.62636947631836 202.5706787109375 378.0664978027344 202.5706787109375
377.77801513671875 136.48606872558594 413.2572135925293 136.48606872558594 413.2572135925293 206.27731323242188 377.77801513671875 206.27731323242188
378.27691650390625 135.61215209960938 414.2753601074219 135.61215209960938 414.2753601074219 205.68577575683594 378.27691650390625 205.68577575683594
378.9424133300781 135.0944366455078 414.8559913635254 135.0944366455078 414.8559913635254 204.39371490478516 378.9424133300781 204.39371490478516
380.45684814453125 135.16253662109375 414.80233001708984 135.16253662109375 414.80233001708984 201.59263610839844 380.45684814453125 201.59263610839844
381.3447570800781 133.69863891601562 415.30391693115234 133.69863891601562 415.30391693115234 202.33473205566406 381.3447570800781 202.33473205566406
381.06103515625 134.97352600097656 416.02197647094727 134.97352600097656 416.02197647094727 202.38072204589844 381.06103515625 202.38072204589844
381.47113037109375 135.05165100097656 416.2801704406738 135.05165100097656 416.2801704406738 203.2596206665039 381.47113037109375 203.2596206665039
382.29144287109375 136.34605407714844 416.2645797729492 136.34605407714844 416.2645797729492 205.00765991210938 382.29144287109375 205.00765991210938
383.76885986328125 136.96444702148438 416.19065856933594 136.96444702148438 416.19065856933594 204.9985580444336 383.76885986328125 204.9985580444336
383.6702880859375 138.7504425048828 416.1543502807617 138.7504425048828 416.1543502807617 204.42018127441406 383.6702880859375 204.42018127441406
384.03253173828125 139.66476440429688 415.7815971374512 139.66476440429688 415.7815971374512 203.48573684692383 384.03253173828125 203.48573684692383
384.57220458984375 139.06332397460938 416.1240348815918 139.06332397460938 416.1240348815918 204.17503356933594 384.57220458984375 204.17503356933594
383.9803161621094 139.89089965820312 416.9400291442871 139.89089965820312 416.9400291442871 202.8282699584961 383.9803161621094 202.8282699584961
383.7048645019531 139.7655487060547 417.23619842529297 139.7655487060547 417.23619842529297 204.2942657470703 383.7048645019531 204.2942657470703
384.1148986816406 139.18052673339844 416.821964263916 139.18052673339844 416.821964263916 202.25679779052734 384.1148986816406 202.25679779052734
379.9310607910156 144.40353393554688 411.93285751342773 144.40353393554688 411.93285751342773 204.92931365966797 379.9310607910156 204.92931365966797
380.52142333984375 149.02725219726562 411.39621353149414 149.02725219726562 411.39621353149414 206.57234573364258 380.52142333984375 206.57234573364258
382.8861389160156 142.55532836914062 421.31716537475586 142.55532836914062 421.31716537475586 212.79127502441406 382.8861389160156 212.79127502441406
385.8605041503906 148.50247192382812 416.0219669342041 148.50247192382812 416.0219669342041 205.67465209960938 385.8605041503906 205.67465209960938
389.4415588378906 144.428466796875 418.11050033569336 144.428466796875 418.11050033569336 203.8995246887207 389.4415588378906 203.8995246887207
392.078125 143.1717529296875 421.0358638763428 143.1717529296875 421.0358638763428 201.46818161010742 392.078125 201.46818161010742
388.714111328125 136.20846557617188 425.8503875732422 136.20846557617188 425.8503875732422 204.078125 388.714111328125 204.078125
396.69329833984375 141.65554809570312 427.6403388977051 141.65554809570312 427.6403388977051 200.83625030517578 396.69329833984375 200.83625030517578
397.11480712890625 138.64089965820312 428.6097164154053 138.64089965820312 428.6097164154053 199.17271041870117 397.11480712890625 199.17271041870117
398.67327880859375 144.53675842285156 426.3766689300537 144.53675842285156 426.3766689300537 199.71405792236328 398.67327880859375 199.71405792236328
406.48065185546875 139.2215576171875 442.89388275146484 139.2215576171875 442.89388275146484 205.76979064941406 406.48065185546875 205.76979064941406
398.4905700683594 141.40586853027344 427.66082763671875 141.40586853027344 427.66082763671875 197.87741470336914 398.4905700683594 197.87741470336914
399.50177001953125 143.20803833007812 429.08842849731445 143.20803833007812 429.08842849731445 198.91647338867188 399.50177001953125 198.91647338867188
398.4142150878906 138.25872802734375 430.09787368774414 138.25872802734375 430.09787368774414 196.81572723388672 398.4142150878906 196.81572723388672
411.3014221191406 141.7455291748047 440.73398208618164 141.7455291748047 440.73398208618164 201.1002426147461 411.3014221191406 201.1002426147461
400.31207275390625 136.2472381591797 430.6663627624512 136.2472381591797 430.6663627624512 199.10265350341797 400.31207275390625 199.10265350341797
403.0903015136719 135.75045776367188 432.75112533569336 135.75045776367188 432.75112533569336 195.5043830871582 403.0903015136719 195.5043830871582
401.40948486328125 136.4284210205078 432.56824684143066 136.4284210205078 432.56824684143066 201.66983795166016 401.40948486328125 201.66983795166016
402.3033752441406 134.3939208984375 433.1402702331543 134.3939208984375 433.1402702331543 200.4920425415039 402.3033752441406 200.4920425415039
404.3431701660156 138.6071319580078 435.34009742736816 138.6071319580078 435.34009742736816 204.56503295898438 404.3431701660156 204.56503295898438
404.7896423339844 139.59197998046875 435.8695430755615 139.59197998046875 435.8695430755615 208.61427307128906 404.7896423339844 208.61427307128906
407.5264892578125 142.85012817382812 442.2566719055176 142.85012817382812 442.2566719055176 206.32246017456055 407.5264892578125 206.32246017456055
402.4358825683594 149.42559814453125 436.6328887939453 149.42559814453125 436.6328887939453 211.92350387573242 402.4358825683594 211.92350387573242
406.31817626953125 146.8553466796875 439.1356773376465 146.8553466796875 439.1356773376465 212.3376693725586 406.31817626953125 212.3376693725586
401.7513732910156 146.52304077148438 437.3018989562988 146.52304077148438 437.3018989562988 211.49462127685547 401.7513732910156 211.49462127685547
403.40277099609375 144.82363891601562 439.8932075500488 144.82363891601562 439.8932075500488 211.5129852294922 403.40277099609375 211.5129852294922
401.79742431640625 144.7700958251953 438.7485542297363 144.7700958251953 438.7485542297363 212.3013916015625 401.79742431640625 212.3013916015625
407.7498474121094 139.93112182617188 442.0425109863281 139.93112182617188 442.0425109863281 211.92979431152344 407.7498474121094 211.92979431152344
408.24554443359375 141.06680297851562 441.2781181335449 141.06680297851562 441.2781181335449 211.96582794189453 408.24554443359375 211.96582794189453
405.59130859375 146.9488983154297 441.8897514343262 146.9488983154297 441.8897514343262 215.19692993164062 405.59130859375 215.19692993164062
409.79718017578125 141.87026977539062 444.4891891479492 141.87026977539062 444.4891891479492 212.4362030029297 409.79718017578125 212.4362030029297
412.1986389160156 141.58204650878906 445.3224563598633 141.58204650878906 445.3224563598633 210.79249572753906 412.1986389160156 210.79249572753906
415.18035888671875 139.3264923095703 449.5098876953125 139.3264923095703 449.5098876953125 211.13106536865234 415.18035888671875 211.13106536865234
429.3409118652344 141.4711456298828 460.1920051574707 141.4711456298828 460.1920051574707 207.90005493164062 429.3409118652344 207.90005493164062
419.95654296875 137.96665954589844 450.6656188964844 137.96665954589844 450.6656188964844 210.32427215576172 419.95654296875 210.32427215576172
423.6166076660156 137.20936584472656 452.01977920532227 137.20936584472656 452.01977920532227 203.97537994384766 423.6166076660156 203.97537994384766
425.30877685546875 135.60671997070312 452.8393096923828 135.60671997070312 452.8393096923828 204.7308349609375 425.30877685546875 204.7308349609375
426.3999938964844 136.42578125 454.6053352355957 136.42578125 454.6053352355957 200.63516235351562 426.3999938964844 200.63516235351562
426.5185546875 138.99330139160156 456.7280158996582 138.99330139160156 456.7280158996582 202.91649627685547 426.5185546875 202.91649627685547
427.5308532714844 142.7316436767578 457.8490238189697 142.7316436767578 457.8490238189697 209.10018920898438 427.5308532714844 209.10018920898438
428.389404296875 143.1785888671875 458.3375663757324 143.1785888671875 458.3375663757324 208.65077209472656 428.389404296875 208.65077209472656
430.504638671875 144.96153259277344 461.1453037261963 144.96153259277344 461.1453037261963 211.52781677246094 430.504638671875 211.52781677246094
430.9835510253906 143.36782836914062 462.1564025878906 143.36782836914062 462.1564025878906 213.1931610107422 430.9835510253906 213.1931610107422
430.3570251464844 146.8246612548828 463.82608795166016 146.8246612548828 463.82608795166016 213.53075408935547 430.3570251464844 213.53075408935547
431.71490478515625 148.25558471679688 464.4246292114258 148.25558471679688 464.4246292114258 216.03126525878906 431.71490478515625 216.03126525878906
433.30010986328125 147.05909729003906 464.6728572845459 147.05909729003906 464.6728572845459 213.46812438964844 433.30010986328125 213.46812438964844
435.34228515625 149.50857543945312 467.55201721191406 149.50857543945312 467.55201721191406 216.2613983154297 435.34228515625 216.2613983154297
437.0513610839844 149.1370086669922 468.9525947570801 149.1370086669922 468.9525947570801 214.90164184570312 437.0513610839844 214.90164184570312
436.6031799316406 148.92050170898438 470.3180160522461 148.92050170898438 470.3180160522461 216.47015380859375 436.6031799316406 216.47015380859375
439.0975036621094 151.3195037841797 473.1374397277832 151.3195037841797 473.1374397277832 217.21358489990234 439.0975036621094 217.21358489990234
440.2704162597656 151.6250457763672 474.29097747802734 151.6250457763672 474.29097747802734 220.99199676513672 440.2704162597656 220.99199676513672
441.9862365722656 152.158935546875 475.7978286743164 152.158935546875 475.7978286743164 217.8264923095703 441.9862365722656 217.8264923095703
443.6246643066406 151.91734313964844 475.44451332092285 151.91734313964844 475.44451332092285 215.5307273864746 443.6246643066406 215.5307273864746
444.278076171875 152.09030151367188 476.2199287414551 152.09030151367188 476.2199287414551 217.52593994140625 444.278076171875 217.52593994140625
446.4662170410156 151.5743408203125 477.7601318359375 151.5743408203125 477.7601318359375 209.0334587097168 446.4662170410156 209.0334587097168
447.7535095214844 144.66448974609375 484.5502624511719 144.66448974609375 484.5502624511719 211.91366577148438 447.7535095214844 211.91366577148438
451.5528259277344 155.98611450195312 481.5105381011963 155.98611450195312 481.5105381011963 219.70113372802734 451.5528259277344 219.70113372802734
453.6795349121094 156.75033569335938 483.8051357269287 156.75033569335938 483.8051357269287 219.90726470947266 453.6795349121094 219.90726470947266
454.40924072265625 152.02359008789062 485.5228786468506 152.02359008789062 485.5228786468506 219.82646942138672 454.40924072265625 219.82646942138672
454.41131591796875 151.23550415039062 486.5381278991699 151.23550415039062 486.5381278991699 220.8876724243164 454.41131591796875 220.8876724243164
457.3115234375 153.27670288085938 490.25647735595703 153.27670288085938 490.25647735595703 220.2480010986328 457.3115234375 220.2480010986328
459.80584716796875 151.5131072998047 492.1736755371094 151.5131072998047 492.1736755371094 219.87117767333984 459.80584716796875 219.87117767333984
460.2881774902344 153.2328338623047 492.2676811218262 153.2328338623047 492.2676811218262 222.5545654296875 460.2881774902344 222.5545654296875
465.4671936035156 156.3286895751953 496.8782768249512 156.3286895751953 496.8782768249512 223.74819946289062 465.4671936035156 223.74819946289062
466.55877685546875 156.05552673339844 497.18788146972656 156.05552673339844 497.18788146972656 224.24215698242188 466.55877685546875 224.24215698242188
467.29095458984375 157.0867919921875 500.89248275756836 157.0867919921875 500.89248275756836 226.09718322753906 467.29095458984375 226.09718322753906
468.1192321777344 157.34609985351562 500.6576690673828 157.34609985351562 500.6576690673828 227.21334838867188 468.1192321777344 227.21334838867188
469.7516174316406 155.2165985107422 501.660608291626 155.2165985107422 501.660608291626 224.6639175415039 469.7516174316406 224.6639175415039
471.5232849121094 152.79190063476562 503.7458953857422 152.79190063476562 503.7458953857422 227.04149627685547 471.5232849121094 227.04149627685547
472.5911560058594 154.38662719726562 504.82886505126953 154.38662719726562 504.82886505126953 228.09993743896484 472.5911560058594 228.09993743896484
473.2393493652344 158.0626983642578 508.5115089416504 158.0626983642578 508.5115089416504 226.57572174072266 473.2393493652344 226.57572174072266
475.210205078125 158.0572509765625 508.97088623046875 158.0572509765625 508.97088623046875 227.8164291381836 475.210205078125 227.8164291381836
476.47943115234375 161.4004669189453 510.48525619506836 161.4004669189453 510.48525619506836 228.55093383789062 476.47943115234375 228.55093383789062
480.6390686035156 162.58233642578125 513.728889465332 162.58233642578125 513.728889465332 228.98397064208984 480.6390686035156 228.98397064208984
482.6640625 156.7238311767578 514.1235694885254 156.7238311767578 514.1235694885254 223.77645874023438 482.6640625 223.77645874023438
486.9651794433594 162.12045288085938 517.627025604248 162.12045288085938 517.627025604248 226.71896362304688 486.9651794433594 226.71896362304688
487.75335693359375 160.28770446777344 518.6177558898926 160.28770446777344 518.6177558898926 228.46630859375 487.75335693359375 228.46630859375
488.2626953125 159.88015747070312 519.7356567382812 159.88015747070312 519.7356567382812 228.99658966064453 488.2626953125 228.99658966064453
488.927734375 157.35012817382812 521.3246192932129 157.35012817382812 521.3246192932129 230.8864517211914 488.927734375 230.8864517211914
489.45416259765625 159.84226989746094 521.8232536315918 159.84226989746094 521.8232536315918 227.2333526611328 489.45416259765625 227.2333526611328
490.99237060546875 159.99301147460938 523.2215576171875 159.99301147460938 523.2215576171875 228.7355194091797 490.99237060546875 228.7355194091797
494.5289001464844 161.6922607421875 526.0981597900391 161.6922607421875 526.0981597900391 229.66686248779297 494.5289001464844 229.66686248779297
495.8108825683594 165.40774536132812 527.8887138366699 165.40774536132812 527.8887138366699 232.32362365722656 495.8108825683594 232.32362365722656
497.9173278808594 160.92294311523438 530.8112602233887 160.92294311523438 530.8112602233887 229.42379760742188 497.9173278808594 229.42379760742188
497.97772216796875 161.308349609375 530.4851989746094 161.308349609375 530.4851989746094 230.9930877685547 497.97772216796875 230.9930877685547
499.4715881347656 162.37637329101562 532.4498176574707 162.37637329101562 532.4498176574707 232.16948699951172 499.4715881347656 232.16948699951172
502.29168701171875 163.8524932861328 533.9261741638184 163.8524932861328 533.9261741638184 234.3547134399414 502.29168701171875 234.3547134399414
503.251953125 159.2646484375 536.6952133178711 159.2646484375 536.6952133178711 230.1141357421875 503.251953125 230.1141357421875
503.7681579589844 159.9450225830078 538.2435531616211 159.9450225830078 538.2435531616211 230.10459899902344 503.7681579589844 230.10459899902344
504.38458251953125 164.86782836914062 538.9358139038086 164.86782836914062 538.9358139038086 234.16555786132812 504.38458251953125 234.16555786132812
505.33648681640625 160.114990234375 540.0520629882812 160.114990234375 540.0520629882812 231.922119140625 505.33648681640625 231.922119140625
507.4124450683594 160.99844360351562 542.6854934692383 160.99844360351562 542.6854934692383 230.4551239013672 507.4124450683594 230.4551239013672
509.5284729003906 161.27230834960938 546.6961860656738 161.27230834960938 546.6961860656738 230.0379180908203 509.5284729003906 230.0379180908203
511.7823791503906 159.96246337890625 548.9904899597168 159.96246337890625 548.9904899597168 231.72727966308594 511.7823791503906 231.72727966308594
515.7493896484375 157.63589477539062 551.226146697998 157.63589477539062 551.226146697998 228.42953491210938 515.7493896484375 228.42953491210938
517.109375 163.54788208007812 552.8159713745117 163.54788208007812 552.8159713745117 234.07774353027344 517.109375 234.07774353027344
517.3048095703125 161.4442901611328 553.365795135498 161.4442901611328 553.365795135498 235.36669921875 517.3048095703125 235.36669921875
521.121337890625 163.50314331054688 556.8102607727051 163.50314331054688 556.8102607727051 238.63288116455078 521.121337890625 238.63288116455078
521.198974609375 163.45223999023438 557.4478225708008 163.45223999023438 557.4478225708008 233.4416275024414 521.198974609375 233.4416275024414
522.8511352539062 162.58694458007812 558.6220283508301 162.58694458007812 558.6220283508301 233.24046325683594 522.8511352539062 233.24046325683594
524.7941284179688 166.11656188964844 561.3920135498047 166.11656188964844 561.3920135498047 236.20809936523438 524.7941284179688 236.20809936523438
526.3973999023438 166.8623809814453 563.5878944396973 166.8623809814453 563.5878944396973 238.54410552978516 526.3973999023438 238.54410552978516
526.6482543945312 165.05694580078125 562.3127021789551 165.05694580078125 562.3127021789551 237.40853881835938 526.6482543945312 237.40853881835938
527.8211059570312 166.32464599609375 566.892749786377 166.32464599609375 566.892749786377 239.37073516845703 527.8211059570312 239.37073516845703
527.6087646484375 165.978759765625 565.6482620239258 165.978759765625 565.6482620239258 240.10861206054688 527.6087646484375 240.10861206054688
528.1104736328125 165.06686401367188 567.0104141235352 165.06686401367188 567.0104141235352 243.52936553955078 528.1104736328125 243.52936553955078
530.2935791015625 167.13336181640625 567.2687225341797 167.13336181640625 567.2687225341797 242.15283203125 530.2935791015625 242.15283203125
530.2916870117188 167.1552276611328 570.1192016601562 167.1552276611328 570.1192016601562 241.5447998046875 530.2916870117188 241.5447998046875
533.6146240234375 167.18994140625 571.6045951843262 167.18994140625 571.6045951843262 238.64481353759766 533.6146240234375 238.64481353759766
536.3323974609375 163.52828979492188 574.4119148254395 163.52828979492188 574.4119148254395 234.8730926513672 536.3323974609375 234.8730926513672
536.7093505859375 164.02084350585938 576.7210998535156 164.02084350585938 576.7210998535156 234.17164611816406 536.7093505859375 234.17164611816406
536.9306640625 164.12088012695312 576.5307922363281 164.12088012695312 576.5307922363281 236.1923065185547 536.9306640625 236.1923065185547
539.4544677734375 162.62599182128906 578.0229377746582 162.62599182128906 578.0229377746582 234.05490112304688 539.4544677734375 234.05490112304688
542.0459594726562 163.59291076660156 580.1410179138184 163.59291076660156 580.1410179138184 235.52813720703125 542.0459594726562 235.52813720703125
543.8419189453125 165.10577392578125 581.356761932373 165.10577392578125 581.356761932373 236.3794174194336 543.8419189453125 236.3794174194336
543.7058715820312 163.17086791992188 582.3613510131836 163.17086791992188 582.3613510131836 236.3320770263672 543.7058715820312 236.3320770263672
542.8306884765625 165.35055541992188 583.5300979614258 165.35055541992188 583.5300979614258 237.8738555908203 542.8306884765625 237.8738555908203
543.6719360351562 165.31307983398438 584.5783882141113 165.31307983398438 584.5783882141113 238.1728973388672 543.6719360351562 238.1728973388672
546.15185546875 166.2583770751953 584.9436874389648 166.2583770751953 584.9436874389648 235.05335998535156 546.15185546875 235.05335998535156
548.568115234375 163.18740844726562 586.9853477478027 163.18740844726562 586.9853477478027 232.74656677246094 548.568115234375 232.74656677246094
550.607177734375 160.7329864501953 586.6314735412598 160.7329864501953 586.6314735412598 232.14128875732422 550.607177734375 232.14128875732422
552.8956298828125 162.9688262939453 588.2946929931641 162.9688262939453 588.2946929931641 232.6170425415039 552.8956298828125 232.6170425415039
549.863525390625 159.32220458984375 593.8882217407227 159.32220458984375 593.8882217407227 239.7810287475586 549.863525390625 239.7810287475586
558.9617919921875 166.22901916503906 595.7659912109375 166.22901916503906 595.7659912109375 237.5126953125 558.9617919921875 237.5126953125
555.0452270507812 161.0408172607422 599.3775634765625 161.0408172607422 599.3775634765625 242.0618896484375 555.0452270507812 242.0618896484375
563.334228515625 170.0939178466797 601.3302001953125 170.0939178466797 601.3302001953125 236.6531982421875 563.334228515625 236.6531982421875
562.3343505859375 168.29037475585938 601.4102668762207 168.29037475585938 601.4102668762207 236.86656188964844 562.3343505859375 236.86656188964844
567.3577270507812 172.64588928222656 605.0657424926758 172.64588928222656 605.0657424926758 241.03282165527344 567.3577270507812 241.03282165527344
565.821044921875 167.6953125 607.139217376709 167.6953125 607.139217376709 243.43009185791016 565.821044921875 243.43009185791016
566.0391845703125 167.0792236328125 608.6845779418945 167.0792236328125 608.6845779418945 245.7830352783203 566.0391845703125 245.7830352783203
565.8735961914062 165.63137817382812 610.603458404541 165.63137817382812 610.603458404541 248.00330352783203 565.8735961914062 248.00330352783203
567.8856201171875 167.97201538085938 612.3181266784668 167.97201538085938 612.3181266784668 249.5375518798828 567.8856201171875 249.5375518798828
575.6467895507812 173.6453857421875 612.5552101135254 173.6453857421875 612.5552101135254 242.9011993408203 575.6467895507812 242.9011993408203
575.47607421875 174.2238311767578 614.1006851196289 174.2238311767578 614.1006851196289 244.50018310546875 575.47607421875 244.50018310546875
575.544677734375 172.9362335205078 614.7795791625977 172.9362335205078 614.7795791625977 246.0245132446289 575.544677734375 246.0245132446289
576.3722534179688 172.46275329589844 615.2611885070801 172.46275329589844 615.2611885070801 241.536865234375 576.3722534179688 241.536865234375
575.4915771484375 170.97720336914062 614.1107864379883 170.97720336914062 614.1107864379883 242.55459594726562 575.4915771484375 242.55459594726562
577.60888671875 172.95413208007812 615.6616287231445 172.95413208007812 615.6616287231445 242.44215393066406 577.60888671875 242.44215393066406
578.6331787109375 173.1696014404297 617.4466247558594 173.1696014404297 617.4466247558594 243.32518768310547 578.6331787109375 243.32518768310547
580.7028198242188 173.1916961669922 619.6547431945801 173.1916961669922 619.6547431945801 245.15172576904297 580.7028198242188 245.15172576904297
579.57177734375 171.656982421875 619.1650390625 171.656982421875 619.1650390625 245.00941467285156 579.57177734375 245.00941467285156
581.4117431640625 175.04391479492188 622.68017578125 175.04391479492188 622.68017578125 249.48265075683594 581.4117431640625 249.48265075683594
582.4852294921875 174.65634155273438 624.106876373291 174.65634155273438 624.106876373291 249.5516815185547 582.4852294921875 249.5516815185547
585.1712646484375 173.93911743164062 623.5255546569824 173.93911743164062 623.5255546569824 245.60617065429688 585.1712646484375 245.60617065429688
588.174072265625 173.03457641601562 627.4423904418945 173.03457641601562 627.4423904418945 250.57225036621094 588.174072265625 250.57225036621094
588.3314208984375 172.58912658691406 629.4826774597168 172.58912658691406 629.4826774597168 248.6212921142578 588.3314208984375 248.6212921142578
588.4566650390625 173.1692352294922 629.4967575073242 173.1692352294922 629.4967575073242 249.37071228027344 588.4566650390625 249.37071228027344
589.3223876953125 174.43618774414062 629.3354263305664 174.43618774414062 629.3354263305664 248.49358367919922 589.3223876953125 248.49358367919922
