375.0 197.0 394.0 197.0 394.0 229.0 375.0 229.0
373.7281799316406 199.12210083007812 392.4744472503662 199.12210083007812 392.4744472503662 228.7842311859131 373.7281799316406 228.7842311859131
373.1139221191406 198.1192626953125 391.7970161437988 198.1192626953125 391.7970161437988 229.58552932739258 373.1139221191406 229.58552932739258
373.40960693359375 199.04493713378906 392.12133407592773 199.04493713378906 392.12133407592773 230.55942726135254 373.40960693359375 230.55942726135254
371.18475341796875 198.17294311523438 389.762393951416 198.17294311523438 389.762393951416 229.46160316467285 371.18475341796875 229.46160316467285
370.67742919921875 198.83444213867188 389.4597473144531 198.83444213867188 389.4597473144531 230.4678249359131 370.67742919921875 230.4678249359131
371.1672668457031 198.8777313232422 389.85925674438477 198.8777313232422 389.85925674438477 230.3875732421875 371.1672668457031 230.3875732421875
367.907958984375 199.46157836914062 386.58735275268555 199.46157836914062 386.58735275268555 230.92161178588867 367.907958984375 230.92161178588867
369.10589599609375 200.17933654785156 387.251163482666 200.17933654785156 387.251163482666 233.39888763427734 369.10589599609375 233.39888763427734
366.2262268066406 199.58970642089844 385.6921501159668 199.58970642089844 385.6921501159668 232.3744239807129 366.2262268066406 232.3744239807129
366.03021240234375 201.3597412109375 385.17687606811523 201.3597412109375 385.17687606811523 233.96343994140625 366.03021240234375 233.96343994140625
365.2244567871094 200.7253875732422 384.83320236206055 200.7253875732422 384.83320236206055 233.78380584716797 365.2244567871094 233.78380584716797
363.1765441894531 200.56483459472656 383.6299457550049 200.56483459472656 383.6299457550049 231.7449493408203 363.1765441894531 231.7449493408203
362.84759521484375 200.57693481445312 382.876127243042 200.57693481445312 382.876127243042 233.10930633544922 362.84759521484375 233.10930633544922
361.98883056640625 201.24026489257812 382.11869621276855 201.24026489257812 382.11869621276855 234.52442169189453 361.98883056640625 234.52442169189453
360.3376159667969 201.60609436035156 380.7233695983887 201.60609436035156 380.7233695983887 233.99831771850586 360.3376159667969 233.99831771850586
360.1041564941406 201.66921997070312 380.00718116760254 201.66921997070312 380.00718116760254 235.62848663330078 360.1041564941406 235.62848663330078
358.5851135253906 201.1527099609375 378.20765113830566 201.1527099609375 378.20765113830566 233.92034149169922 358.5851135253906 233.92034149169922
357.77984619140625 201.3250732421875 377.6526679992676 201.3250732421875 377.6526679992676 234.19552993774414 357.77984619140625 234.19552993774414
357.7774658203125 201.90176391601562 378.0301628112793 201.90176391601562 378.0301628112793 236.2639503479004 357.7774658203125 236.2639503479004
356.464599609375 201.06051635742188 376.6669864654541 201.06051635742188 376.6669864654541 234.5553092956543 356.464599609375 234.5553092956543
355.89495849609375 200.94140625 376.8867721557617 200.94140625 376.8867721557617 235.87953567504883 355.89495849609375 235.87953567504883
355.12811279296875 201.40670776367188 375.42275619506836 201.40670776367188 375.42275619506836 235.69129180908203 355.12811279296875 235.69129180908203
354.77532958984375 201.7133026123047 375.75712966918945 201.7133026123047 375.75712966918945 236.64711380004883 354.77532958984375 236.64711380004883
353.9897155761719 201.60549926757812 374.8281078338623 201.60549926757812 374.8281078338623 235.55477142333984 353.9897155761719 235.55477142333984
353.1485290527344 200.6927032470703 373.81019020080566 200.6927032470703 373.81019020080566 235.33253860473633 353.1485290527344 235.33253860473633
352.2030334472656 201.6845245361328 372.7316780090332 201.6845245361328 372.7316780090332 235.43345642089844 352.2030334472656 235.43345642089844
350.95806884765625 201.83163452148438 371.64476013183594 201.83163452148438 371.64476013183594 236.44738006591797 350.95806884765625 236.44738006591797
350.6903381347656 200.84494018554688 371.62382888793945 200.84494018554688 371.62382888793945 235.77838897705078 350.6903381347656 235.77838897705078
348.5719909667969 203.13760375976562 369.3018379211426 203.13760375976562 369.3018379211426 236.15097045898438 348.5719909667969 236.15097045898438
347.9020080566406 204.05282592773438 368.6136665344238 204.05282592773438 368.6136665344238 235.7183380126953 347.9020080566406 235.7183380126953
346.59423828125 201.5801544189453 368.31938552856445 201.5801544189453 368.31938552856445 234.91147232055664 346.59423828125 234.91147232055664
346.05621337890625 200.14920043945312 367.18334197998047 200.14920043945312 367.18334197998047 235.73175811767578 346.05621337890625 235.73175811767578
345.01611328125 200.0683135986328 366.61377334594727 200.0683135986328 366.61377334594727 236.4433479309082 345.01611328125 236.4433479309082
343.314453125 200.14881896972656 365.0803470611572 200.14881896972656 365.0803470611572 236.80719757080078 343.314453125 236.80719757080078
341.5373229980469 199.92636108398438 363.7427635192871 199.92636108398438 363.7427635192871 237.3250274658203 341.5373229980469 237.3250274658203
340.85247802734375 199.9194793701172 362.9698734283447 199.9194793701172 362.9698734283447 237.16985702514648 340.85247802734375 237.16985702514648
339.092041015625 201.3500213623047 361.7467803955078 201.3500213623047 361.7467803955078 238.78012466430664 339.092041015625 238.78012466430664
338.3590393066406 201.3406219482422 360.8353843688965 201.3406219482422 360.8353843688965 238.3615837097168 338.3590393066406 238.3615837097168
336.2939758300781 202.00045776367188 359.27814865112305 202.00045776367188 359.27814865112305 237.83343887329102 336.2939758300781 237.83343887329102
335.6344299316406 202.7409210205078 358.7508125305176 202.7409210205078 358.7508125305176 239.79934310913086 335.6344299316406 239.79934310913086
334.7040100097656 203.85069274902344 358.1047554016113 203.85069274902344 358.1047554016113 237.8148193359375 334.7040100097656 237.8148193359375
334.2626037597656 202.71929931640625 357.3496971130371 202.71929931640625 357.3496971130371 238.24077987670898 334.2626037597656 238.24077987670898
333.5518798828125 202.56036376953125 357.22480392456055 202.56036376953125 357.22480392456055 238.86431121826172 333.5518798828125 238.86431121826172
333.18316650390625 203.8001708984375 356.94111251831055 203.8001708984375 356.94111251831055 239.29508209228516 333.18316650390625 239.29508209228516
334.30914306640625 198.14968872070312 356.87488174438477 198.14968872070312 356.87488174438477 236.15517044067383 334.30914306640625 236.15517044067383
333.07659912109375 200.1122589111328 355.8736686706543 200.1122589111328 355.8736686706543 237.02538681030273 333.07659912109375 237.02538681030273
332.77734375 197.5084991455078 354.9678039550781 197.5084991455078 354.9678039550781 234.88193130493164 332.77734375 234.88193130493164
332.06103515625 200.58445739746094 354.3348026275635 200.58445739746094 354.3348026275635 236.46662521362305 332.06103515625 236.46662521362305
331.735107421875 198.31703186035156 354.147985458374 198.31703186035156 354.147985458374 235.23607635498047 331.735107421875 235.23607635498047
331.7963562011719 199.04742431640625 354.0017833709717 199.04742431640625 354.0017833709717 236.4460678100586 331.7963562011719 236.4460678100586
329.5196228027344 202.29843139648438 354.0970802307129 202.29843139648438 354.0970802307129 235.9473991394043 329.5196228027344 235.9473991394043
330.0634460449219 199.4026336669922 352.88103103637695 199.4026336669922 352.88103103637695 236.78035736083984 330.0634460449219 236.78035736083984
330.28570556640625 197.8046112060547 352.40442276000977 197.8046112060547 352.40442276000977 235.05721282958984 330.28570556640625 235.05721282958984
327.9364318847656 204.13638305664062 351.4065589904785 204.13638305664062 351.4065589904785 236.8896598815918 327.9364318847656 236.8896598815918
328.46978759765625 201.93582153320312 351.2284049987793 201.93582153320312 351.2284049987793 237.83417510986328 328.46978759765625 237.83417510986328
327.77294921875 200.42236328125 350.9955863952637 200.42236328125 350.9955863952637 237.04209518432617 327.77294921875 237.04209518432617
326.85797119140625 201.04525756835938 349.80031394958496 201.04525756835938 349.80031394958496 237.53668975830078 326.85797119140625 237.53668975830078
326.74139404296875 201.9242706298828 349.8762397766113 201.9242706298828 349.8762397766113 237.56462860107422 326.74139404296875 237.56462860107422
326.4491271972656 200.1077423095703 348.611780166626 200.1077423095703 348.611780166626 237.43434524536133 326.4491271972656 237.43434524536133
324.91448974609375 202.75836181640625 347.9660301208496 202.75836181640625 347.9660301208496 236.4726448059082 324.91448974609375 236.4726448059082
324.75335693359375 202.05307006835938 347.6556568145752 202.05307006835938 347.6556568145752 236.92326736450195 324.75335693359375 236.92326736450195
324.3563537597656 202.0909423828125 346.7692470550537 202.0909423828125 346.7692470550537 236.2914695739746 324.3563537597656 236.2914695739746
323.1554870605469 202.0452880859375 345.3070583343506 202.0452880859375 345.3070583343506 235.7674789428711 323.1554870605469 235.7674789428711
323.43597412109375 201.2631072998047 343.8641109466553 201.2631072998047 343.8641109466553 235.80764389038086 323.43597412109375 235.80764389038086
322.6983337402344 201.8331756591797 344.2266044616699 201.8331756591797 344.2266044616699 235.30175399780273 322.6983337402344 235.30175399780273
322.7901916503906 199.7147674560547 343.7102527618408 199.7147674560547 343.7102527618408 233.45854949951172 322.7901916503906 233.45854949951172
321.63909912109375 201.68601989746094 341.53685188293457 201.68601989746094 341.53685188293457 235.35308456420898 321.63909912109375 235.35308456420898
320.82403564453125 202.018310546875 341.0997676849365 202.018310546875 341.0997676849365 235.58004760742188 320.82403564453125 235.58004760742188
320.9124450683594 200.94070434570312 341.3688316345215 200.94070434570312 341.3688316345215 234.6152458190918 320.9124450683594 234.6152458190918
320.62603759765625 200.97384643554688 341.07531356811523 200.97384643554688 341.07531356811523 233.77382278442383 320.62603759765625 233.77382278442383
320.38812255859375 200.22369384765625 340.9178867340088 200.22369384765625 340.9178867340088 232.73725509643555 320.38812255859375 232.73725509643555
320.021728515625 199.80972290039062 340.4299373626709 199.80972290039062 340.4299373626709 232.85091400146484 320.021728515625 232.85091400146484
319.3831481933594 198.56793212890625 339.762508392334 198.56793212890625 339.762508392334 232.93926620483398 319.3831481933594 232.93926620483398
318.5328063964844 200.601806640625 339.4151039123535 200.601806640625 339.4151039123535 233.5248031616211 318.5328063964844 233.5248031616211
317.67449951171875 198.70919799804688 338.3373546600342 198.70919799804688 338.3373546600342 233.88542938232422 317.67449951171875 233.88542938232422
317.2402038574219 198.2179412841797 337.7504768371582 198.2179412841797 337.7504768371582 234.85726165771484 317.2402038574219 234.85726165771484
316.85772705078125 195.0447998046875 338.2325744628906 195.0447998046875 338.2325744628906 231.04458236694336 316.85772705078125 231.04458236694336
315.40411376953125 197.2304229736328 336.4815254211426 197.2304229736328 336.4815254211426 233.71808624267578 315.40411376953125 233.71808624267578
315.196044921875 196.4430694580078 336.9511260986328 196.4430694580078 336.9511260986328 232.17736053466797 315.196044921875 232.17736053466797
313.22833251953125 195.04916381835938 335.0377559661865 195.04916381835938 335.0377559661865 231.7808723449707 313.22833251953125 231.7808723449707
312.6075744628906 194.32212829589844 334.7324924468994 194.32212829589844 334.7324924468994 231.9764633178711 312.6075744628906 231.9764633178711
312.62017822265625 196.5620880126953 333.79651069641113 196.5620880126953 333.79651069641113 233.91427993774414 312.62017822265625 233.91427993774414
311.85455322265625 192.33065795898438 334.4800777435303 192.33065795898438 334.4800777435303 230.43685913085938 311.85455322265625 230.43685913085938
311.446044921875 195.16481018066406 333.5742530822754 195.16481018066406 333.5742530822754 232.14561080932617 311.446044921875 232.14561080932617
311.25823974609375 192.98330688476562 333.4622917175293 192.98330688476562 333.4622917175293 230.37965774536133 311.25823974609375 230.37965774536133
310.23638916015625 193.55819702148438 332.35597801208496 193.55819702148438 332.35597801208496 231.18421173095703 310.23638916015625 231.18421173095703
310.53582763671875 194.01779174804688 332.84149169921875 194.01779174804688 332.84149169921875 231.58527755737305 310.53582763671875 231.58527755737305
309.3804931640625 196.27493286132812 331.02098274230957 196.27493286132812 331.02098274230957 232.58582305908203 309.3804931640625 232.58582305908203
309.73236083984375 194.83090209960938 331.98583793640137 194.83090209960938 331.98583793640137 231.69166564941406 309.73236083984375 231.69166564941406
309.0284423828125 195.0076141357422 331.30481338500977 195.0076141357422 331.30481338500977 232.22579956054688 309.0284423828125 232.22579956054688
309.3253173828125 194.69802856445312 331.12885665893555 194.69802856445312 331.12885665893555 232.17096710205078 309.3253173828125 232.17096710205078
308.671875 196.45687866210938 331.0402412414551 196.45687866210938 331.0402412414551 232.70282745361328 308.671875 232.70282745361328
309.6209411621094 196.8045196533203 331.644832611084 196.8045196533203 331.644832611084 232.3360137939453 309.6209411621094 232.3360137939453
308.901123046875 195.72547912597656 331.502405166626 195.72547912597656 331.502405166626 231.91339492797852 308.901123046875 231.91339492797852
310.0228576660156 194.7393798828125 332.19129180908203 194.7393798828125 332.19129180908203 232.38208389282227 310.0228576660156 232.38208389282227
309.9604797363281 195.23924255371094 332.1291923522949 195.23924255371094 332.1291923522949 232.96834564208984 309.9604797363281 232.96834564208984
310.48992919921875 195.6631317138672 332.9502983093262 195.6631317138672 332.9502983093262 232.7441635131836 310.48992919921875 232.7441635131836
312.42816162109375 194.24459838867188 334.6148796081543 194.24459838867188 334.6148796081543 231.61175918579102 312.42816162109375 231.61175918579102
311.68218994140625 196.8209228515625 334.0023994445801 196.8209228515625 334.0023994445801 233.78180313110352 311.68218994140625 233.78180313110352
312.5841979980469 196.93795776367188 334.6283206939697 196.93795776367188 334.6283206939697 234.45674896240234 312.5841979980469 234.45674896240234
312.86767578125 195.514892578125 335.497465133667 195.514892578125 335.497465133667 234.12177658081055 312.86767578125 234.12177658081055
313.4599914550781 193.96206665039062 336.2608070373535 193.96206665039062 336.2608070373535 232.36349868774414 313.4599914550781 232.36349868774414
312.85394287109375 195.34439086914062 335.6230354309082 195.34439086914062 335.6230354309082 233.2659034729004 312.85394287109375 233.2659034729004
314.13690185546875 193.59849548339844 337.37399101257324 193.59849548339844 337.37399101257324 232.73470306396484 314.13690185546875 232.73470306396484
313.8538818359375 194.42372131347656 336.92669677734375 194.42372131347656 336.92669677734375 233.29908752441406 313.8538818359375 233.29908752441406
313.8085632324219 195.0092315673828 337.9291572570801 195.0092315673828 337.9291572570801 233.26715087890625 313.8085632324219 233.26715087890625
314.4714660644531 195.57266235351562 338.0024604797363 195.57266235351562 338.0024604797363 233.61328125 314.4714660644531 233.61328125
313.3682556152344 198.3226776123047 336.8845863342285 198.3226776123047 336.8845863342285 234.76989364624023 313.3682556152344 234.76989364624023
315.0564270019531 196.5493621826172 337.90968894958496 196.5493621826172 337.90968894958496 235.2049102783203 315.0564270019531 235.2049102783203
314.26580810546875 195.31297302246094 337.76108741760254 195.31297302246094 337.76108741760254 233.80289840698242 314.26580810546875 233.80289840698242
314.76763916015625 198.31971740722656 337.4316825866699 198.31971740722656 337.4316825866699 235.03367233276367 314.76763916015625 235.03367233276367
315.2021484375 195.94564819335938 338.2422676086426 195.94564819335938 338.2422676086426 233.75666427612305 315.2021484375 233.75666427612305
315.21124267578125 197.67813110351562 337.1309394836426 197.67813110351562 337.1309394836426 236.1148452758789 315.21124267578125 236.1148452758789
315.75 196.84271240234375 338.34529304504395 196.84271240234375 338.34529304504395 234.86928176879883 315.75 234.86928176879883
315.38067626953125 199.71275329589844 337.363676071167 199.71275329589844 337.363676071167 235.58398818969727 315.38067626953125 235.58398818969727
315.4013671875 198.56675720214844 337.57202339172363 198.56675720214844 337.57202339172363 236.2512435913086 315.4013671875 236.2512435913086
315.21142578125 198.67909240722656 338.0744342803955 198.67909240722656 338.0744342803955 235.34929656982422 315.21142578125 235.34929656982422
315.5442810058594 198.1938018798828 337.5596103668213 198.1938018798828 337.5596103668213 235.22772598266602 315.5442810058594 235.22772598266602
315.65313720703125 195.26541137695312 338.2015037536621 195.26541137695312 338.2015037536621 232.58252716064453 315.65313720703125 232.58252716064453
315.16973876953125 197.37075805664062 338.0769786834717 197.37075805664062 338.0769786834717 234.58952713012695 315.16973876953125 234.58952713012695
315.50634765625 197.41783142089844 337.7491912841797 197.41783142089844 337.7491912841797 234.39716339111328 315.50634765625 234.39716339111328
315.57476806640625 193.96249389648438 337.9738712310791 193.96249389648438 337.9738712310791 231.97245025634766 315.57476806640625 231.97245025634766
315.15716552734375 195.28582763671875 337.5644226074219 195.28582763671875 337.5644226074219 233.0443000793457 315.15716552734375 233.0443000793457
316.23236083984375 192.9478759765625 338.3354034423828 192.9478759765625 338.3354034423828 230.17412185668945 316.23236083984375 230.17412185668945
316.35479736328125 192.961181640625 338.5453586578369 192.961181640625 338.5453586578369 230.3348274230957 316.35479736328125 230.3348274230957
315.51263427734375 196.70382690429688 337.5253715515137 196.70382690429688 337.5253715515137 233.7090721130371 315.51263427734375 233.7090721130371
315.7299499511719 195.0070343017578 338.2723636627197 195.0070343017578 338.2723636627197 232.26298904418945 315.7299499511719 232.26298904418945
315.6133728027344 193.21975708007812 338.42152404785156 193.21975708007812 338.42152404785156 231.63407516479492 315.6133728027344 231.63407516479492
315.76593017578125 193.2559051513672 338.143346786499 193.2559051513672 338.143346786499 230.93636322021484 315.76593017578125 230.93636322021484
315.81298828125 195.5819854736328 338.47878646850586 195.5819854736328 338.47878646850586 231.82251739501953 315.81298828125 231.82251739501953
316.0498046875 193.9216766357422 338.4825668334961 193.9216766357422 338.4825668334961 231.23792266845703 316.0498046875 231.23792266845703
315.67547607421875 196.32460021972656 338.60264587402344 196.32460021972656 338.60264587402344 233.23944091796875 315.67547607421875 233.23944091796875
316.44647216796875 193.3429412841797 338.8102912902832 193.3429412841797 338.8102912902832 231.00839614868164 316.44647216796875 231.00839614868164
316.0835876464844 196.74351501464844 338.77941513061523 196.74351501464844 338.77941513061523 233.18484115600586 316.0835876464844 233.18484115600586
317.3910217285156 194.15817260742188 339.9615135192871 194.15817260742188 339.9615135192871 232.17171478271484 317.3910217285156 232.17171478271484
317.99261474609375 194.02183532714844 340.9165802001953 194.02183532714844 340.9165802001953 232.6307029724121 317.99261474609375 232.6307029724121
316.1012878417969 197.4522247314453 340.06570053100586 197.4522247314453 340.06570053100586 235.13594818115234 316.1012878417969 235.13594818115234
316.0827941894531 198.03443908691406 341.50354194641113 198.03443908691406 341.50354194641113 235.7264633178711 316.0827941894531 235.7264633178711
316.4353942871094 198.34207153320312 340.9091091156006 198.34207153320312 340.9091091156006 236.17155838012695 316.4353942871094 236.17155838012695
317.2438049316406 198.96896362304688 340.9486961364746 198.96896362304688 340.9486961364746 236.4173927307129 317.2438049316406 236.4173927307129
317.8602294921875 198.5652618408203 340.93631172180176 198.5652618408203 340.93631172180176 236.31586074829102 317.8602294921875 236.31586074829102
318.0718688964844 198.75367736816406 341.2152214050293 198.75367736816406 341.2152214050293 235.81830215454102 318.0718688964844 235.81830215454102
318.35015869140625 198.8986358642578 342.2901668548584 198.8986358642578 342.2901668548584 235.7283058166504 318.35015869140625 235.7283058166504
319.2186584472656 199.203369140625 342.3181209564209 199.203369140625 342.3181209564209 235.41125106811523 319.2186584472656 235.41125106811523
319.7143249511719 199.20046997070312 343.15455055236816 199.20046997070312 343.15455055236816 236.7132110595703 319.7143249511719 236.7132110595703
319.6849670410156 198.8188934326172 343.4264335632324 198.8188934326172 343.4264335632324 237.88482284545898 319.6849670410156 237.88482284545898
320.54962158203125 199.29244995117188 343.36888694763184 199.29244995117188 343.36888694763184 236.80535125732422 320.54962158203125 236.80535125732422
320.04644775390625 200.52029418945312 344.21282958984375 200.52029418945312 344.21282958984375 238.91428756713867 320.04644775390625 238.91428756713867
319.837890625 200.25955200195312 343.8854274749756 200.25955200195312 343.8854274749756 238.1183090209961 319.837890625 238.1183090209961
319.7604675292969 199.4833526611328 344.44035720825195 199.4833526611328 344.44035720825195 237.2922248840332 319.7604675292969 237.2922248840332
320.2332458496094 199.7679901123047 344.91684913635254 199.7679901123047 344.91684913635254 238.12206649780273 320.2332458496094 238.12206649780273
320.41522216796875 199.38345336914062 344.50660705566406 199.38345336914062 344.50660705566406 237.14569091796875 320.41522216796875 237.14569091796875
320.5870361328125 199.6260986328125 344.3462886810303 199.6260986328125 344.3462886810303 237.39623260498047 320.5870361328125 237.39623260498047
319.99078369140625 199.64431762695312 343.74322509765625 199.64431762695312 343.74322509765625 237.99932479858398 319.99078369140625 237.99932479858398
320.58721923828125 200.55137634277344 344.4829978942871 200.55137634277344 344.4829978942871 238.57093048095703 320.58721923828125 238.57093048095703
319.7196350097656 200.40769958496094 344.2960605621338 200.40769958496094 344.2960605621338 237.99990844726562 319.7196350097656 237.99990844726562
319.66424560546875 200.4456329345703 343.51277351379395 200.4456329345703 343.51277351379395 241.2030372619629 319.66424560546875 241.2030372619629
319.9809265136719 199.52584838867188 344.21867752075195 199.52584838867188 344.21867752075195 238.7061538696289 319.9809265136719 238.7061538696289
319.3404846191406 201.1865234375 343.7035675048828 201.1865234375 343.7035675048828 237.65948867797852 319.3404846191406 237.65948867797852
318.7844543457031 200.6102752685547 343.45310401916504 200.6102752685547 343.45310401916504 240.2576446533203 318.7844543457031 240.2576446533203
319.52288818359375 200.8863067626953 342.0323886871338 200.8863067626953 342.0323886871338 235.16417694091797 319.52288818359375 235.16417694091797
318.52337646484375 200.91575622558594 342.81816482543945 200.91575622558594 342.81816482543945 237.25821685791016 318.52337646484375 237.25821685791016
318.28021240234375 200.5510711669922 341.37108993530273 200.5510711669922 341.37108993530273 236.65689849853516 318.28021240234375 236.65689849853516
316.373046875 201.23049926757812 340.1921634674072 201.23049926757812 340.1921634674072 237.34469985961914 316.373046875 237.34469985961914
315.6975402832031 201.1868133544922 340.36186599731445 201.1868133544922 340.36186599731445 237.88272857666016 315.6975402832031 237.88272857666016
313.9526672363281 200.34588623046875 340.2443199157715 200.34588623046875 340.2443199157715 237.75377655029297 313.9526672363281 237.75377655029297
313.0331115722656 201.42623901367188 338.46474838256836 201.42623901367188 338.46474838256836 238.2303810119629 313.0331115722656 238.2303810119629
312.0768737792969 202.37051391601562 335.3129119873047 202.37051391601562 335.3129119873047 238.14127731323242 312.0768737792969 238.14127731323242
312.463623046875 203.62159729003906 334.52939796447754 203.62159729003906 334.52939796447754 238.16307067871094 312.463623046875 238.16307067871094
312.1170349121094 201.6690673828125 334.9490032196045 201.6690673828125 334.9490032196045 238.11954498291016 312.1170349121094 238.11954498291016
312.00958251953125 201.1289825439453 333.98736572265625 201.1289825439453 333.98736572265625 237.2047996520996 312.00958251953125 237.2047996520996
311.75396728515625 200.2965850830078 334.6006278991699 200.2965850830078 334.6006278991699 235.8509521484375 311.75396728515625 235.8509521484375
310.7247619628906 199.67489624023438 333.9150924682617 199.67489624023438 333.9150924682617 236.68479919433594 310.7247619628906 236.68479919433594
310.70538330078125 199.80966186523438 332.5802879333496 199.80966186523438 332.5802879333496 237.94182205200195 310.70538330078125 237.94182205200195
309.33892822265625 197.6117706298828 332.2008647918701 197.6117706298828 332.2008647918701 235.01065826416016 309.33892822265625 235.01065826416016
308.32550048828125 198.17300415039062 332.2398567199707 198.17300415039062 332.2398567199707 235.0542221069336 308.32550048828125 235.0542221069336
308.6856384277344 198.6949920654297 331.508975982666 198.6949920654297 331.508975982666 236.5273895263672 308.6856384277344 236.5273895263672
307.86688232421875 199.13876342773438 331.4476680755615 199.13876342773438 331.4476680755615 234.11360931396484 307.86688232421875 234.11360931396484
307.10235595703125 199.57772827148438 331.1380138397217 199.57772827148438 331.1380138397217 235.68889617919922 307.10235595703125 235.68889617919922
306.81304931640625 197.54000854492188 330.6620101928711 197.54000854492188 330.6620101928711 235.35001754760742 306.81304931640625 235.35001754760742
305.52581787109375 200.10076904296875 330.2201499938965 200.10076904296875 330.2201499938965 235.58079147338867 305.52581787109375 235.58079147338867
305.78271484375 200.04898071289062 330.08555030822754 200.04898071289062 330.08555030822754 234.77809524536133 305.78271484375 234.77809524536133
304.97271728515625 200.19485473632812 329.5884132385254 200.19485473632812 329.5884132385254 234.2356948852539 304.97271728515625 234.2356948852539
304.33160400390625 199.18344116210938 328.8164939880371 199.18344116210938 328.8164939880371 233.9803810119629 304.33160400390625 233.9803810119629
303.92120361328125 197.96383666992188 328.2677345275879 197.96383666992188 328.2677345275879 232.21408462524414 303.92120361328125 232.21408462524414
304.2853698730469 197.63796997070312 327.9425468444824 197.63796997070312 327.9425468444824 231.89230346679688 304.2853698730469 231.89230346679688
303.97479248046875 197.35458374023438 326.9427032470703 197.35458374023438 326.9427032470703 230.90545654296875 303.97479248046875 230.90545654296875
303.51507568359375 196.19668579101562 325.6949272155762 196.19668579101562 325.6949272155762 232.2693977355957 303.51507568359375 232.2693977355957
303.03521728515625 197.30484008789062 325.5116024017334 197.30484008789062 325.5116024017334 231.26830291748047 303.03521728515625 231.26830291748047
301.7639465332031 196.1773681640625 325.3365879058838 196.1773681640625 325.3365879058838 232.0911979675293 301.7639465332031 232.0911979675293
300.9222106933594 195.39956665039062 324.52536392211914 195.39956665039062 324.52536392211914 232.47454071044922 300.9222106933594 232.47454071044922
299.76751708984375 196.0731201171875 323.7588653564453 196.0731201171875 323.7588653564453 231.72540664672852 299.76751708984375 231.72540664672852
299.2967224121094 196.14849853515625 321.71447372436523 196.14849853515625 321.71447372436523 230.73537063598633 299.2967224121094 230.73537063598633
298.0177307128906 190.36093139648438 322.14722633361816 190.36093139648438 322.14722633361816 229.29010772705078 298.0177307128906 229.29010772705078
295.580078125 194.8306884765625 320.5161781311035 194.8306884765625 320.5161781311035 232.28726196289062 295.580078125 232.28726196289062
294.90521240234375 195.6310272216797 319.3211269378662 195.6310272216797 319.3211269378662 232.484619140625 294.90521240234375 232.484619140625
294.08270263671875 195.20030212402344 318.3111000061035 195.20030212402344 318.3111000061035 230.99715423583984 294.08270263671875 230.99715423583984
291.91973876953125 194.85848999023438 317.0582752227783 194.85848999023438 317.0582752227783 232.4430160522461 291.91973876953125 232.4430160522461
290.9099426269531 194.292724609375 315.854455947876 194.292724609375 315.854455947876 231.81021881103516 290.9099426269531 231.81021881103516
290.3787536621094 194.5510711669922 315.5307025909424 194.5510711669922 315.5307025909424 231.48781967163086 290.3787536621094 231.48781967163086
288.732666015625 192.78329467773438 314.6138973236084 192.78329467773438 314.6138973236084 229.77516555786133 288.732666015625 229.77516555786133
288.9222106933594 191.12586975097656 314.4075984954834 191.12586975097656 314.4075984954834 231.46436309814453 288.9222106933594 231.46436309814453
288.2846984863281 193.06228637695312 313.13526344299316 193.06228637695312 313.13526344299316 229.04491806030273 288.2846984863281 229.04491806030273
287.0838317871094 192.67501831054688 312.06542015075684 192.67501831054688 312.06542015075684 230.52810287475586 287.0838317871094 230.52810287475586
287.55865478515625 189.38311767578125 312.9697570800781 189.38311767578125 312.9697570800781 229.77278900146484 287.55865478515625 229.77278900146484
285.5506896972656 192.28182983398438 310.7948341369629 192.28182983398438 310.7948341369629 231.75599670410156 285.5506896972656 231.75599670410156
285.5747985839844 192.3971405029297 309.752534866333 192.3971405029297 309.752534866333 230.48447036743164 285.5747985839844 230.48447036743164
284.5391845703125 190.5478515625 310.0174961090088 190.5478515625 310.0174961090088 231.3252067565918 284.5391845703125 231.3252067565918
283.57769775390625 192.60984802246094 309.041805267334 192.60984802246094 309.041805267334 231.7714614868164 283.57769775390625 231.7714614868164
284.5371398925781 187.1243896484375 309.78489112854004 187.1243896484375 309.78489112854004 228.84612274169922 284.5371398925781 228.84612274169922
283.7956848144531 191.59849548339844 309.3313865661621 191.59849548339844 309.3313865661621 231.79791259765625 283.7956848144531 231.79791259765625
282.37823486328125 193.6303253173828 307.85218811035156 193.6303253173828 307.85218811035156 231.27295684814453 282.37823486328125 231.27295684814453
282.2043151855469 192.20962524414062 307.06676864624023 192.20962524414062 307.06676864624023 229.7398567199707 282.2043151855469 229.7398567199707
281.68182373046875 190.3480682373047 306.78467750549316 190.3480682373047 306.78467750549316 231.55321502685547 281.68182373046875 231.55321502685547
282.0540771484375 185.52279663085938 306.9144802093506 185.52279663085938 306.9144802093506 227.39307403564453 282.0540771484375 227.39307403564453
280.5254821777344 189.42056274414062 305.86392402648926 189.42056274414062 305.86392402648926 230.56002044677734 280.5254821777344 230.56002044677734
280.44561767578125 186.85000610351562 305.8919429779053 186.85000610351562 305.8919429779053 229.70710372924805 280.44561767578125 229.70710372924805
278.71221923828125 187.7464141845703 305.06780433654785 187.7464141845703 305.06780433654785 230.50741958618164 278.71221923828125 230.50741958618164
277.78131103515625 190.1445770263672 303.90565490722656 190.1445770263672 303.90565490722656 232.01781463623047 277.78131103515625 232.01781463623047
276.9810485839844 189.96072387695312 303.72582054138184 189.96072387695312 303.72582054138184 232.99729919433594 276.9810485839844 232.99729919433594
276.549560546875 191.9305419921875 302.8621520996094 191.9305419921875 302.8621520996094 233.04085540771484 276.549560546875 233.04085540771484
276.21575927734375 191.5417022705078 301.4139976501465 191.5417022705078 301.4139976501465 233.28332901000977 276.21575927734375 233.28332901000977
274.90557861328125 190.95111083984375 300.09478187561035 190.95111083984375 300.09478187561035 231.13109588623047 274.90557861328125 231.13109588623047
274.2061462402344 192.7749481201172 299.8209533691406 192.7749481201172 299.8209533691406 233.38401794433594 274.2061462402344 233.38401794433594
272.5561828613281 194.19430541992188 297.8729934692383 194.19430541992188 297.8729934692383 232.43815231323242 272.5561828613281 232.43815231323242
271.2804260253906 193.63668823242188 297.29867935180664 193.63668823242188 297.29867935180664 232.22943496704102 271.2804260253906 232.22943496704102
268.98333740234375 192.0611572265625 295.1180419921875 192.0611572265625 295.1180419921875 232.47234725952148 268.98333740234375 232.47234725952148
268.02386474609375 192.49560546875 295.28087425231934 192.49560546875 295.28087425231934 232.16741180419922 268.02386474609375 232.16741180419922
265.9333190917969 193.01284790039062 292.9166679382324 193.01284790039062 292.9166679382324 232.10286331176758 265.9333190917969 232.10286331176758
264.56243896484375 191.90802001953125 291.81672286987305 191.90802001953125 291.81672286987305 232.36671447753906 264.56243896484375 232.36671447753906
262.85443115234375 192.59518432617188 288.96349716186523 192.59518432617188 288.96349716186523 231.73685455322266 262.85443115234375 231.73685455322266
262.62945556640625 192.0802459716797 288.5625915527344 192.0802459716797 288.5625915527344 232.23376083374023 262.62945556640625 232.23376083374023
259.5319519042969 191.56576538085938 286.357421875 191.56576538085938 286.357421875 232.91776275634766 259.5319519042969 232.91776275634766
257.3847351074219 192.0194549560547 283.699405670166 192.0194549560547 283.699405670166 231.5942611694336 257.3847351074219 231.5942611694336
256.11932373046875 192.88406372070312 282.9148807525635 192.88406372070312 282.9148807525635 231.12645721435547 256.11932373046875 231.12645721435547
255.8601837158203 192.8593292236328 281.4687309265137 192.8593292236328 281.4687309265137 230.21615600585938 255.8601837158203 230.21615600585938
253.9867706298828 191.372802734375 279.4837532043457 191.372802734375 279.4837532043457 229.47920608520508 253.9867706298828 229.47920608520508
253.2937469482422 190.5531005859375 279.5125160217285 190.5531005859375 279.5125160217285 228.58735275268555 253.2937469482422 228.58735275268555
252.0792999267578 190.74913024902344 277.0077476501465 190.74913024902344 277.0077476501465 228.5538787841797 252.0792999267578 228.5538787841797
249.3318634033203 190.33648681640625 275.49730491638184 190.33648681640625 275.49730491638184 231.56647109985352 249.3318634033203 231.56647109985352
247.84542846679688 190.70831298828125 273.5431308746338 190.70831298828125 273.5431308746338 229.60927200317383 247.84542846679688 229.60927200317383
246.88058471679688 191.19419860839844 272.3839282989502 191.19419860839844 272.3839282989502 231.91556549072266 246.88058471679688 231.91556549072266
245.19921875 190.57119750976562 270.65729904174805 190.57119750976562 270.65729904174805 230.23824310302734 245.19921875 230.23824310302734
243.34469604492188 191.52645874023438 268.2771625518799 191.52645874023438 268.2771625518799 230.45270919799805 243.34469604492188 230.45270919799805
241.7493896484375 193.12582397460938 268.26519775390625 193.12582397460938 268.26519775390625 232.47332000732422 241.7493896484375 232.47332000732422
240.4785919189453 191.0509796142578 267.27471923828125 191.0509796142578 267.27471923828125 233.1559715270996 240.4785919189453 233.1559715270996
238.32052612304688 191.26319885253906 264.02939796447754 191.26319885253906 264.02939796447754 231.69086837768555 238.32052612304688 231.69086837768555
237.723876953125 193.85848999023438 262.51793098449707 193.85848999023438 262.51793098449707 231.24019622802734 237.723876953125 231.24019622802734
235.51473999023438 192.101806640625 259.8368911743164 192.101806640625 259.8368911743164 228.0743522644043 235.51473999023438 228.0743522644043
232.6592559814453 190.88320922851562 257.95168685913086 190.88320922851562 257.95168685913086 230.40618133544922 232.6592559814453 230.40618133544922
231.9363250732422 191.8734893798828 256.5811958312988 191.8734893798828 256.5811958312988 230.3208465576172 231.9363250732422 230.3208465576172
229.9429168701172 192.0944061279297 254.44191360473633 192.0944061279297 254.44191360473633 228.0919952392578 229.9429168701172 228.0919952392578
226.71157836914062 190.25799560546875 252.07810020446777 190.25799560546875 252.07810020446777 228.72722244262695 226.71157836914062 228.72722244262695
223.43551635742188 189.46002197265625 247.75010871887207 189.46002197265625 247.75010871887207 226.27336502075195 223.43551635742188 226.27336502075195
221.1092529296875 190.8680419921875 245.83135604858398 190.8680419921875 245.83135604858398 228.94694900512695 221.1092529296875 228.94694900512695
218.8268585205078 192.13540649414062 243.91704177856445 192.13540649414062 243.91704177856445 228.6711540222168 218.8268585205078 228.6711540222168
216.63528442382812 190.77561950683594 240.40916061401367 190.77561950683594 240.40916061401367 228.26848602294922 216.63528442382812 228.26848602294922
213.6039276123047 190.14486694335938 238.78968238830566 190.14486694335938 238.78968238830566 228.08732223510742 213.6039276123047 228.08732223510742
210.9873504638672 189.2413787841797 235.18572998046875 189.2413787841797 235.18572998046875 227.38419342041016 210.9873504638672 227.38419342041016
207.60702514648438 186.90139770507812 233.69942092895508 186.90139770507812 233.69942092895508 225.60895538330078 207.60702514648438 225.60895538330078
204.28762817382812 186.54588317871094 229.4554672241211 186.54588317871094 229.4554672241211 224.27188110351562 204.28762817382812 224.27188110351562
202.85255432128906 186.6793670654297 226.54239082336426 186.6793670654297 226.54239082336426 221.59635162353516 202.85255432128906 221.59635162353516
199.69024658203125 185.55368041992188 223.8486499786377 185.55368041992188 223.8486499786377 224.5416259765625 199.69024658203125 224.5416259765625
196.6483154296875 186.80166625976562 220.83060455322266 186.80166625976562 220.83060455322266 222.35823440551758 196.6483154296875 222.35823440551758
193.31137084960938 186.22177124023438 216.96589851379395 186.22177124023438 216.96589851379395 222.0383071899414 193.31137084960938 222.0383071899414
191.4875030517578 184.8839111328125 215.3262119293213 184.8839111328125 215.3262119293213 224.09033203125 191.4875030517578 224.09033203125
188.2676544189453 187.3065948486328 212.89705276489258 187.3065948486328 212.89705276489258 224.59475708007812 188.2676544189453 224.59475708007812
185.5810546875 185.67544555664062 208.82539749145508 185.67544555664062 208.82539749145508 222.6379508972168 185.5810546875 222.6379508972168
182.9051513671875 183.13497924804688 208.32750129699707 183.13497924804688 208.32750129699707 226.27422332763672 182.9051513671875 226.27422332763672
177.01161193847656 180.455322265625 203.33770370483398 180.455322265625 203.33770370483398 218.80379486083984 177.01161193847656 218.80379486083984
172.88002014160156 180.39544677734375 198.7322235107422 180.39544677734375 198.7322235107422 218.4734230041504 172.88002014160156 218.4734230041504
169.29510498046875 180.75637817382812 194.98097229003906 180.75637817382812 194.98097229003906 216.82331085205078 169.29510498046875 216.82331085205078
168.59317016601562 182.082763671875 193.39780616760254 182.082763671875 193.39780616760254 220.07211685180664 168.59317016601562 220.07211685180664
161.06980895996094 179.76528930664062 187.13496017456055 179.76528930664062 187.13496017456055 213.76943969726562 161.06980895996094 213.76943969726562
158.68722534179688 178.55494689941406 182.6149959564209 178.55494689941406 182.6149959564209 212.25081634521484 158.68722534179688 212.25081634521484
154.4267578125 178.994384765625 178.1701602935791 178.994384765625 178.1701602935791 212.34264755249023 154.4267578125 212.34264755249023
151.11544799804688 178.68008422851562 174.55453491210938 178.68008422851562 174.55453491210938 210.92757034301758 151.11544799804688 210.92757034301758
147.35427856445312 176.31240844726562 170.45351791381836 176.31240844726562 170.45351791381836 209.73311614990234 147.35427856445312 209.73311614990234
142.18431091308594 176.5760498046875 165.62074279785156 176.5760498046875 165.62074279785156 208.15687561035156 142.18431091308594 208.15687561035156
139.1527099609375 176.67184448242188 160.08061599731445 176.67184448242188 160.08061599731445 213.34786987304688 139.1527099609375 213.34786987304688
138.90536499023438 177.19107055664062 160.38086700439453 177.19107055664062 160.38086700439453 213.00282287597656 138.90536499023438 213.00282287597656
138.00857543945312 175.35696411132812 160.1704158782959 175.35696411132812 160.1704158782959 212.8000717163086 138.00857543945312 212.8000717163086
138.7283935546875 175.44345092773438 158.92660903930664 175.44345092773438 158.92660903930664 209.65120697021484 138.7283935546875 209.65120697021484
138.38552856445312 173.8820343017578 159.40757751464844 173.8820343017578 159.40757751464844 206.1856460571289 138.38552856445312 206.1856460571289
138.68736267089844 171.1326904296875 160.17467880249023 171.1326904296875 160.17467880249023 207.04595184326172 138.68736267089844 207.04595184326172
140.03623962402344 172.2191162109375 162.9300994873047 172.2191162109375 162.9300994873047 210.15008544921875 140.03623962402344 210.15008544921875
139.75558471679688 170.3847198486328 161.9832592010498 170.3847198486328 161.9832592010498 209.73503875732422 139.75558471679688 209.73503875732422
138.8361358642578 169.82797241210938 162.61838150024414 169.82797241210938 162.61838150024414 209.43305206298828 138.8361358642578 209.43305206298828
138.735595703125 169.2669677734375 163.07445907592773 169.2669677734375 163.07445907592773 209.69720458984375 138.735595703125 209.69720458984375
139.09768676757812 170.1421356201172 162.9950656890869 170.1421356201172 162.9950656890869 209.19062042236328 139.09768676757812 209.19062042236328
137.1249542236328 169.01931762695312 160.3724765777588 169.01931762695312 160.3724765777588 206.04352188110352 137.1249542236328 206.04352188110352
138.72579956054688 167.4254913330078 162.00473976135254 167.4254913330078 162.00473976135254 204.6738052368164 138.72579956054688 204.6738052368164
138.26341247558594 165.96414184570312 161.79314041137695 165.96414184570312 161.79314041137695 205.11165618896484 138.26341247558594 205.11165618896484
137.7936553955078 164.85800170898438 161.0814666748047 164.85800170898438 161.0814666748047 204.69209671020508 137.7936553955078 204.69209671020508
137.19985961914062 163.95033264160156 161.64871978759766 163.95033264160156 161.64871978759766 204.17217636108398 137.19985961914062 204.17217636108398
136.73513793945312 163.72097778320312 160.85746383666992 163.72097778320312 160.85746383666992 202.44805526733398 136.73513793945312 202.44805526733398
137.08795166015625 164.15518188476562 161.08842277526855 164.15518188476562 161.08842277526855 201.35737228393555 137.08795166015625 201.35737228393555
136.3140869140625 162.87281799316406 160.25864791870117 162.87281799316406 160.25864791870117 197.7842674255371 136.3140869140625 197.7842674255371
136.017333984375 161.55543518066406 160.1174259185791 161.55543518066406 160.1174259185791 198.42383575439453 136.017333984375 198.42383575439453
135.84866333007812 161.14096069335938 160.50214385986328 161.14096069335938 160.50214385986328 197.6592254638672 135.84866333007812 197.6592254638672
135.92584228515625 161.0452117919922 160.67586517333984 161.0452117919922 160.67586517333984 197.11054229736328 135.92584228515625 197.11054229736328
136.0067901611328 157.19461059570312 159.90591049194336 157.19461059570312 159.90591049194336 193.54249572753906 136.0067901611328 193.54249572753906
134.9869384765625 155.82647705078125 159.8500156402588 155.82647705078125 159.8500156402588 193.99674224853516 134.9869384765625 193.99674224853516
136.1908416748047 155.8751678466797 159.83746528625488 155.8751678466797 159.83746528625488 191.2836685180664 136.1908416748047 191.2836685180664
137.1196746826172 154.79014587402344 160.9640598297119 154.79014587402344 160.9640598297119 193.55562591552734 137.1196746826172 193.55562591552734
136.6044921875 154.67025756835938 160.43889999389648 154.67025756835938 160.43889999389648 192.70659637451172 136.6044921875 192.70659637451172
136.20489501953125 154.73915100097656 160.41072273254395 154.73915100097656 160.41072273254395 191.54624557495117 136.20489501953125 191.54624557495117
136.09010314941406 154.42578125 160.3386402130127 154.42578125 160.3386402130127 191.58494186401367 136.09010314941406 191.58494186401367
136.6287078857422 152.95718383789062 160.2151985168457 152.95718383789062 160.2151985168457 192.14118194580078 136.6287078857422 192.14118194580078
137.5152587890625 153.07669067382812 160.5148811340332 153.07669067382812 160.5148811340332 188.08348846435547 137.5152587890625 188.08348846435547
137.88607788085938 150.44113159179688 160.67633247375488 150.44113159179688 160.67633247375488 188.48851013183594 137.88607788085938 188.48851013183594
137.8543243408203 149.15008544921875 160.51745223999023 149.15008544921875 160.51745223999023 187.5366439819336 137.8543243408203 187.5366439819336
139.08554077148438 147.92129516601562 160.0627899169922 147.92129516601562 160.0627899169922 185.87491607666016 139.08554077148438 185.87491607666016
138.34063720703125 146.0302276611328 160.6177749633789 146.0302276611328 160.6177749633789 184.88126754760742 138.34063720703125 184.88126754760742
138.17283630371094 146.95819091796875 159.6410369873047 146.95819091796875 159.6410369873047 183.18043518066406 138.17283630371094 183.18043518066406
137.94003295898438 146.6227264404297 159.4689540863037 146.6227264404297 159.4689540863037 183.65706634521484 137.94003295898438 183.65706634521484
138.1392364501953 147.19876098632812 160.88313102722168 147.19876098632812 160.88313102722168 184.1336898803711 138.1392364501953 184.1336898803711
139.2827911376953 146.4871063232422 160.58039093017578 146.4871063232422 160.58039093017578 182.13956451416016 139.2827911376953 182.13956451416016
140.08273315429688 146.6448516845703 160.05819702148438 146.6448516845703 160.05819702148438 178.96809768676758 140.08273315429688 178.96809768676758
138.4341278076172 145.13943481445312 160.0346164703369 145.13943481445312 160.0346164703369 177.62788772583008 138.4341278076172 177.62788772583008
138.50411987304688 142.83990478515625 159.5107479095459 142.83990478515625 159.5107479095459 176.20642471313477 138.50411987304688 176.20642471313477
137.65432739257812 141.72500610351562 159.06124114990234 141.72500610351562 159.06124114990234 175.5904884338379 137.65432739257812 175.5904884338379
138.5317840576172 142.5292510986328 159.47717666625977 142.5292510986328 159.47717666625977 177.44647598266602 138.5317840576172 177.44647598266602
139.06495666503906 141.19752502441406 159.30784034729004 141.19752502441406 159.30784034729004 176.30268096923828 139.06495666503906 176.30268096923828
137.9834747314453 140.9893035888672 159.8039894104004 140.9893035888672 159.8039894104004 175.4619483947754 137.9834747314453 175.4619483947754
137.67138671875 140.41725158691406 159.4422550201416 140.41725158691406 159.4422550201416 174.26143646240234 137.67138671875 174.26143646240234
138.0501251220703 138.73709106445312 160.84712600708008 138.73709106445312 160.84712600708008 174.7574691772461 138.0501251220703 174.7574691772461
138.11827087402344 140.10678100585938 161.10109329223633 140.10678100585938 161.10109329223633 174.050537109375 138.11827087402344 174.050537109375
137.5442352294922 138.1821746826172 160.86696243286133 138.1821746826172 160.86696243286133 171.22838592529297 137.5442352294922 171.22838592529297
139.973388671875 134.87710571289062 163.03361129760742 134.87710571289062 163.03361129760742 170.6214485168457 139.973388671875 170.6214485168457
140.22073364257812 134.57479858398438 163.23895263671875 134.57479858398438 163.23895263671875 168.6388702392578 140.22073364257812 168.6388702392578
140.4960479736328 135.46466064453125 162.4050121307373 135.46466064453125 162.4050121307373 169.15514755249023 140.4960479736328 169.15514755249023
140.6655731201172 134.91946411132812 163.0373935699463 134.91946411132812 163.0373935699463 170.08839797973633 140.6655731201172 170.08839797973633
