212.0 305.0 512.0 305.0 512.0 441.0 212.0 441.0
214.11593627929688 303.30517578125 511.4115295410156 303.30517578125 511.4115295410156 437.88819885253906 214.11593627929688 437.88819885253906
222.5171356201172 306.4266357421875 521.2791900634766 306.4266357421875 521.2791900634766 441.1297149658203 222.5171356201172 441.1297149658203
225.21240234375 307.2955017089844 523.7180786132812 307.2955017089844 523.7180786132812 441.1609344482422 225.21240234375 441.1609344482422
229.88064575195312 306.37481689453125 526.8599243164062 306.37481689453125 526.8599243164062 440.49432373046875 229.88064575195312 440.49432373046875
237.11648559570312 305.8222351074219 536.3905944824219 305.8222351074219 536.3905944824219 440.2121887207031 237.11648559570312 440.2121887207031
239.17929077148438 307.8084716796875 536.5289916992188 307.8084716796875 536.5289916992188 442.4388427734375 239.17929077148438 442.4388427734375
243.78683471679688 305.0732421875 541.8275146484375 305.0732421875 541.8275146484375 440.2060241699219 243.78683471679688 440.2060241699219
251.6898651123047 305.3888854980469 545.9754180908203 305.3888854980469 545.9754180908203 440.26763916015625 251.6898651123047 440.26763916015625
253.3975067138672 304.9332580566406 549.7424163818359 304.9332580566406 549.7424163818359 440.2475280761719 253.3975067138672 440.2475280761719
258.4044189453125 306.36358642578125 555.8851928710938 306.36358642578125 555.8851928710938 441.26353454589844 258.4044189453125 441.26353454589844
265.59442138671875 307.0538635253906 559.8128967285156 307.0538635253906 559.8128967285156 441.5242004394531 265.59442138671875 441.5242004394531
271.4405822753906 305.91650390625 565.3019104003906 305.91650390625 565.3019104003906 441.64390563964844 271.4405822753906 441.64390563964844
272.50128173828125 304.1091003417969 565.5572814941406 304.1091003417969 565.5572814941406 439.567626953125 272.50128173828125 439.567626953125
283.27032470703125 306.0869445800781 575.4384765625 306.0869445800781 575.4384765625 439.5469970703125 283.27032470703125 439.5469970703125
285.9066162109375 304.51458740234375 579.0500793457031 304.51458740234375 579.0500793457031 439.0633239746094 285.9066162109375 439.0633239746094
288.457275390625 303.47515869140625 583.2970886230469 303.47515869140625 583.2970886230469 438.49462890625 288.457275390625 438.49462890625
295.4580993652344 302.2810363769531 584.8668823242188 302.2810363769531 584.8668823242188 436.65013122558594 295.4580993652344 436.65013122558594
296.6201171875 300.80389404296875 591.8128051757812 300.80389404296875 591.8128051757812 436.87384033203125 296.6201171875 436.87384033203125
299.7261657714844 300.4650573730469 586.7073059082031 300.4650573730469 586.7073059082031 436.4888916015625 299.7261657714844 436.4888916015625
294.8547668457031 302.4819030761719 581.5584716796875 302.4819030761719 581.5584716796875 436.8445281982422 294.8547668457031 436.8445281982422
297.7084045410156 301.35906982421875 581.9454040527344 301.35906982421875 581.9454040527344 434.73155212402344 297.7084045410156 434.73155212402344
296.1670837402344 300.16253662109375 581.3656311035156 300.16253662109375 581.3656311035156 434.76910400390625 296.1670837402344 434.76910400390625
294.5170593261719 300.4632873535156 578.8486633300781 300.4632873535156 578.8486633300781 434.75828552246094 294.5170593261719 434.75828552246094
295.26019287109375 299.8438720703125 578.0388488769531 299.8438720703125 578.0388488769531 434.4983825683594 295.26019287109375 434.4983825683594
292.8060607910156 299.50177001953125 574.5792236328125 299.50177001953125 574.5792236328125 433.8804626464844 292.8060607910156 433.8804626464844
293.1143493652344 302.0631408691406 575.9729614257812 302.0631408691406 575.9729614257812 436.23370361328125 293.1143493652344 436.23370361328125
287.8573913574219 302.77325439453125 572.1402893066406 302.77325439453125 572.1402893066406 436.4797058105469 287.8573913574219 436.4797058105469
290.593017578125 298.83465576171875 573.2770080566406 298.83465576171875 573.2770080566406 433.1599426269531 290.593017578125 433.1599426269531
288.6063537597656 298.6220703125 573.8040771484375 298.6220703125 573.8040771484375 433.5624084472656 288.6063537597656 433.5624084472656
286.81842041015625 300.22894287109375 569.8846435546875 300.22894287109375 569.8846435546875 433.5686950683594 286.81842041015625 433.5686950683594
284.11041259765625 302.77362060546875 567.0758666992188 302.77362060546875 567.0758666992188 434.34869384765625 284.11041259765625 434.34869384765625
287.077880859375 298.66668701171875 571.1227722167969 298.66668701171875 571.1227722167969 432.3042907714844 287.077880859375 432.3042907714844
287.411865234375 297.53668212890625 569.710693359375 297.53668212890625 569.710693359375 431.5075988769531 287.411865234375 431.5075988769531
283.96630859375 299.6815185546875 566.0245056152344 299.6815185546875 566.0245056152344 432.9169616699219 283.96630859375 432.9169616699219
283.88299560546875 300.3172912597656 566.282470703125 300.3172912597656 566.282470703125 433.3351593017578 283.88299560546875 433.3351593017578
280.1570129394531 300.620849609375 565.6259155273438 300.620849609375 565.6259155273438 433.5174560546875 280.1570129394531 433.5174560546875
283.83941650390625 301.1004943847656 568.1644287109375 301.1004943847656 568.1644287109375 434.43023681640625 283.83941650390625 434.43023681640625
279.2504577636719 302.60552978515625 565.6166076660156 302.60552978515625 565.6166076660156 433.3926239013672 279.2504577636719 433.3926239013672
286.8522033691406 298.9267578125 568.38427734375 298.9267578125 568.38427734375 429.8059387207031 286.8522033691406 429.8059387207031
284.44183349609375 299.961181640625 564.8636779785156 299.961181640625 564.8636779785156 428.52178955078125 284.44183349609375 428.52178955078125
289.28057861328125 300.61212158203125 571.3649291992188 300.61212158203125 571.3649291992188 430.7162780761719 289.28057861328125 430.7162780761719
285.451171875 298.9418029785156 564.3107299804688 298.9418029785156 564.3107299804688 428.41314697265625 285.451171875 428.41314697265625
288.4049072265625 300.35101318359375 570.3590087890625 300.35101318359375 570.3590087890625 429.3444519042969 288.4049072265625 429.3444519042969
290.5917663574219 300.36822509765625 570.2394104003906 300.36822509765625 570.2394104003906 429.5137481689453 290.5917663574219 429.5137481689453
287.6775817871094 297.74774169921875 565.44970703125 297.74774169921875 565.44970703125 427.2200012207031 287.6775817871094 427.2200012207031
287.8277893066406 301.26513671875 568.2355041503906 301.26513671875 568.2355041503906 428.38330078125 287.8277893066406 428.38330078125
286.9909362792969 297.2572937011719 566.0229187011719 297.2572937011719 566.0229187011719 425.46226501464844 286.9909362792969 425.46226501464844
291.9315185546875 300.17987060546875 565.7589111328125 300.17987060546875 565.7589111328125 424.31494140625 291.9315185546875 424.31494140625
298.35687255859375 299.044189453125 573.7337036132812 299.044189453125 573.7337036132812 423.8816680908203 298.35687255859375 423.8816680908203
297.32611083984375 297.9371337890625 571.7130737304688 297.9371337890625 571.7130737304688 422.3258819580078 297.32611083984375 422.3258819580078
293.8558044433594 296.19097900390625 568.7738342285156 296.19097900390625 568.7738342285156 420.82047271728516 293.8558044433594 420.82047271728516
301.5314025878906 296.7757263183594 577.5549621582031 296.7757263183594 577.5549621582031 421.90638732910156 301.5314025878906 421.90638732910156
299.816162109375 295.3724365234375 571.5484313964844 295.3724365234375 571.5484313964844 420.8759307861328 299.816162109375 420.8759307861328
307.2857971191406 292.9608154296875 578.3510437011719 292.9608154296875 578.3510437011719 418.1870880126953 307.2857971191406 418.1870880126953
315.109619140625 293.75469970703125 579.7359008789062 293.75469970703125 579.7359008789062 415.9355697631836 315.109619140625 415.9355697631836
315.0189514160156 292.50799560546875 578.9693908691406 292.50799560546875 578.9693908691406 414.7255096435547 315.0189514160156 414.7255096435547
321.6456604003906 289.7149353027344 584.4782104492188 289.7149353027344 584.4782104492188 412.1497268676758 321.6456604003906 412.1497268676758
322.723876953125 289.9058837890625 584.4375915527344 289.9058837890625 584.4375915527344 411.90885162353516 322.723876953125 411.90885162353516
325.5653991699219 293.177978515625 585.5976867675781 293.177978515625 585.5976867675781 411.05928802490234 325.5653991699219 411.05928802490234
325.0355529785156 285.36395263671875 580.9378051757812 285.36395263671875 580.9378051757812 409.1692352294922 325.0355529785156 409.1692352294922
331.8328552246094 279.05194091796875 582.4426879882812 279.05194091796875 582.4426879882812 408.73748779296875 331.8328552246094 408.73748779296875
340.91009521484375 277.88958740234375 580.1746520996094 277.88958740234375 580.1746520996094 406.6049499511719 340.91009521484375 406.6049499511719
345.4494323730469 276.63067626953125 578.0711669921875 276.63067626953125 578.0711669921875 405.65106201171875 345.4494323730469 405.65106201171875
346.9582214355469 276.29400634765625 579.2602691650391 276.29400634765625 579.2602691650391 405.4577331542969 346.9582214355469 405.4577331542969
346.07452392578125 278.29803466796875 583.1862182617188 278.29803466796875 583.1862182617188 400.83177185058594 346.07452392578125 400.83177185058594
352.74090576171875 274.3919372558594 579.3735046386719 274.3919372558594 579.3735046386719 398.2497100830078 352.74090576171875 398.2497100830078
358.0859375 273.58251953125 577.6886291503906 273.58251953125 577.6886291503906 397.3963851928711 358.0859375 397.3963851928711
364.7154846191406 272.96685791015625 577.7240753173828 272.96685791015625 577.7240753173828 395.91458892822266 364.7154846191406 395.91458892822266
362.2785339355469 272.3724670410156 577.0248718261719 272.3724670410156 577.0248718261719 396.0164337158203 362.2785339355469 396.0164337158203
367.0680236816406 271.17205810546875 578.0313110351562 271.17205810546875 578.0313110351562 392.86094665527344 367.0680236816406 392.86094665527344
366.6012268066406 271.21563720703125 578.5644836425781 271.21563720703125 578.5644836425781 391.4914779663086 366.6012268066406 391.4914779663086
367.7675476074219 270.13165283203125 578.3475341796875 270.13165283203125 578.3475341796875 391.53524017333984 367.7675476074219 391.53524017333984
361.69122314453125 271.4024353027344 577.0260314941406 271.4024353027344 577.0260314941406 388.2122116088867 361.69122314453125 388.2122116088867
371.01446533203125 269.1143493652344 576.7937164306641 269.1143493652344 576.7937164306641 388.0684509277344 371.01446533203125 388.0684509277344
370.4870300292969 268.55560302734375 577.4385223388672 268.55560302734375 577.4385223388672 386.86859130859375 370.4870300292969 386.86859130859375
368.119140625 268.43206787109375 573.7574005126953 268.43206787109375 573.7574005126953 386.33248138427734 368.119140625 386.33248138427734
366.45623779296875 266.82147216796875 572.1384582519531 266.82147216796875 572.1384582519531 385.39534759521484 366.45623779296875 385.39534759521484
367.92669677734375 266.5013122558594 572.8551177978516 266.5013122558594 572.8551177978516 385.7572708129883 367.92669677734375 385.7572708129883
363.0300598144531 265.50860595703125 571.1553497314453 265.50860595703125 571.1553497314453 384.8061981201172 363.0300598144531 384.8061981201172
358.04266357421875 266.1306457519531 566.1460571289062 266.1306457519531 566.1460571289062 383.33934783935547 358.04266357421875 383.33934783935547
357.2049560546875 265.3424072265625 566.3558654785156 265.3424072265625 566.3558654785156 382.7571258544922 357.2049560546875 382.7571258544922
354.1003723144531 264.5226745605469 563.6848907470703 264.5226745605469 563.6848907470703 384.13746643066406 354.1003723144531 384.13746643066406
350.2547912597656 265.3629455566406 559.9556732177734 265.3629455566406 559.9556732177734 383.36327362060547 350.2547912597656 383.36327362060547
353.13519287109375 264.8993225097656 559.0955657958984 264.8993225097656 559.0955657958984 381.83949279785156 353.13519287109375 381.83949279785156
351.3103332519531 263.70257568359375 557.759521484375 263.70257568359375 557.759521484375 380.57568359375 351.3103332519531 380.57568359375
352.848388671875 264.64715576171875 557.0708923339844 264.64715576171875 557.0708923339844 378.45213317871094 352.848388671875 378.45213317871094
351.8419189453125 264.67974853515625 551.7369689941406 264.67974853515625 551.7369689941406 376.1710662841797 351.8419189453125 376.1710662841797
351.6529235839844 264.87030029296875 549.7592926025391 264.87030029296875 549.7592926025391 374.4655532836914 351.6529235839844 374.4655532836914
350.8611755371094 262.38433837890625 551.2248077392578 262.38433837890625 551.2248077392578 371.55381774902344 350.8611755371094 371.55381774902344
351.93218994140625 264.9169921875 549.6670684814453 264.9169921875 549.6670684814453 370.7744369506836 351.93218994140625 370.7744369506836
355.5252380371094 266.42059326171875 552.6381988525391 266.42059326171875 552.6381988525391 368.9746322631836 355.5252380371094 368.9746322631836
360.55328369140625 266.0143737792969 552.7046966552734 266.0143737792969 552.7046966552734 366.53490447998047 360.55328369140625 366.53490447998047
358.59771728515625 265.2843322753906 548.1220855712891 265.2843322753906 548.1220855712891 363.1513137817383 358.59771728515625 363.1513137817383
357.8086853027344 266.3338317871094 547.1042022705078 266.3338317871094 547.1042022705078 363.1296615600586 357.8086853027344 363.1296615600586
357.56475830078125 264.635498046875 546.6061553955078 264.635498046875 546.6061553955078 361.78070068359375 357.56475830078125 361.78070068359375
356.50079345703125 268.3629455566406 548.0519866943359 268.3629455566406 548.0519866943359 365.69200134277344 356.50079345703125 365.69200134277344
351.3985290527344 265.9183044433594 538.4799041748047 265.9183044433594 538.4799041748047 361.66085052490234 351.3985290527344 361.66085052490234
338.89398193359375 239.15768432617188 512.7751007080078 239.15768432617188 512.7751007080078 342.8518981933594 338.89398193359375 342.8518981933594
337.7194519042969 237.423095703125 507.4939880371094 237.423095703125 507.4939880371094 341.42623138427734 337.7194519042969 341.42623138427734
331.97314453125 240.6852569580078 501.0551452636719 240.6852569580078 501.0551452636719 339.2322311401367 331.97314453125 339.2322311401367
326.3561096191406 240.24072265625 498.4779052734375 240.24072265625 498.4779052734375 336.92921447753906 326.3561096191406 336.92921447753906
327.3077697753906 238.93551635742188 494.19651794433594 238.93551635742188 494.19651794433594 336.0964660644531 327.3077697753906 336.0964660644531
318.8357238769531 237.82882690429688 487.0692443847656 237.82882690429688 487.0692443847656 333.2153625488281 318.8357238769531 333.2153625488281
316.32867431640625 237.0082244873047 482.97108459472656 237.0082244873047 482.97108459472656 331.88607025146484 316.32867431640625 331.88607025146484
311.12152099609375 237.54452514648438 476.75762939453125 237.54452514648438 476.75762939453125 329.09767150878906 311.12152099609375 329.09767150878906
306.84857177734375 238.4507293701172 470.18531799316406 238.4507293701172 470.18531799316406 328.1971435546875 306.84857177734375 328.1971435546875
303.0842590332031 238.36654663085938 468.0214080810547 238.36654663085938 468.0214080810547 327.2646179199219 303.0842590332031 327.2646179199219
302.23187255859375 233.108154296875 462.6900329589844 233.108154296875 462.6900329589844 323.55027770996094 302.23187255859375 323.55027770996094
292.188720703125 233.72085571289062 457.5497741699219 233.72085571289062 457.5497741699219 322.0623092651367 292.188720703125 322.0623092651367
290.287109375 230.465576171875 452.2491760253906 230.465576171875 452.2491760253906 319.44641876220703 290.287109375 319.44641876220703
287.10479736328125 230.074462890625 450.02581787109375 230.074462890625 450.02581787109375 318.6143035888672 287.10479736328125 318.6143035888672
279.6062927246094 230.52700805664062 444.35809326171875 230.52700805664062 444.35809326171875 317.7421112060547 279.6062927246094 317.7421112060547
277.8844909667969 227.6246337890625 438.79627990722656 227.6246337890625 438.79627990722656 314.8404083251953 277.8844909667969 314.8404083251953
269.36187744140625 225.90499877929688 434.22792053222656 225.90499877929688 434.22792053222656 313.60260009765625 269.36187744140625 313.60260009765625
264.8009948730469 224.11227416992188 423.95616149902344 224.11227416992188 423.95616149902344 310.8926239013672 264.8009948730469 310.8926239013672
258.0840759277344 223.53012084960938 421.4322814941406 223.53012084960938 421.4322814941406 309.8035430908203 258.0840759277344 309.8035430908203
252.61331176757812 223.70547485351562 412.06187438964844 223.70547485351562 412.06187438964844 307.8401565551758 252.61331176757812 307.8401565551758
248.03298950195312 220.90380859375 409.28155517578125 220.90380859375 409.28155517578125 305.6748809814453 248.03298950195312 305.6748809814453
242.70462036132812 220.58828735351562 403.1282958984375 220.58828735351562 403.1282958984375 303.85437774658203 242.70462036132812 303.85437774658203
238.260009765625 218.13858032226562 393.5430450439453 218.13858032226562 393.5430450439453 301.5181198120117 238.260009765625 301.5181198120117
239.4757080078125 215.42355346679688 385.00599670410156 215.42355346679688 385.00599670410156 298.2159957885742 239.4757080078125 298.2159957885742
240.0917510986328 215.7045440673828 386.60777282714844 215.7045440673828 386.60777282714844 296.48223876953125 240.0917510986328 296.48223876953125
240.1146697998047 213.98770141601562 383.62733459472656 213.98770141601562 383.62733459472656 294.68213653564453 240.1146697998047 294.68213653564453
238.76416015625 212.12210083007812 384.6382598876953 212.12210083007812 384.6382598876953 292.97474670410156 238.76416015625 292.97474670410156
240.476806640625 210.8515625 384.5680389404297 210.8515625 384.5680389404297 291.4140396118164 240.476806640625 291.4140396118164
237.5867156982422 207.30252075195312 378.98272705078125 207.30252075195312 378.98272705078125 288.1487579345703 237.5867156982422 288.1487579345703
238.78060913085938 205.39633178710938 377.64356994628906 205.39633178710938 377.64356994628906 285.9575958251953 238.78060913085938 285.9575958251953
238.0688934326172 204.9165802001953 374.0824737548828 204.9165802001953 374.0824737548828 283.72267150878906 238.0688934326172 283.72267150878906
239.7953643798828 201.379150390625 372.80149841308594 201.379150390625 372.80149841308594 280.51502990722656 239.7953643798828 280.51502990722656
239.8392791748047 201.98765563964844 369.55604553222656 201.98765563964844 369.55604553222656 278.9510726928711 239.8392791748047 278.9510726928711
239.596923828125 202.47512817382812 372.01800537109375 202.47512817382812 372.01800537109375 277.9827194213867 239.596923828125 277.9827194213867
240.552001953125 201.6448974609375 372.40476989746094 201.6448974609375 372.40476989746094 277.0968246459961 240.552001953125 277.0968246459961
237.818359375 197.3768768310547 367.7744903564453 197.3768768310547 367.7744903564453 273.7392883300781 237.818359375 273.7392883300781
237.988037109375 194.29257202148438 365.87252044677734 194.29257202148438 365.87252044677734 271.9400939941406 237.988037109375 271.9400939941406
236.82418823242188 194.56375122070312 367.1705017089844 194.56375122070312 367.1705017089844 271.5492630004883 236.82418823242188 271.5492630004883
236.50039672851562 190.2891387939453 363.1628723144531 190.2891387939453 363.1628723144531 268.3508605957031 236.50039672851562 268.3508605957031
234.90341186523438 190.9458465576172 364.3249969482422 190.9458465576172 364.3249969482422 266.9272155761719 234.90341186523438 266.9272155761719
234.6431121826172 190.62667846679688 362.0637512207031 190.62667846679688 362.0637512207031 266.0672149658203 234.6431121826172 266.0672149658203
233.63681030273438 189.70797729492188 359.1539001464844 189.70797729492188 359.1539001464844 265.0021209716797 233.63681030273438 265.0021209716797
230.98892211914062 185.40579223632812 362.04029846191406 185.40579223632812 362.04029846191406 261.68003845214844 230.98892211914062 261.68003845214844
235.69009399414062 183.75570678710938 368.51910400390625 183.75570678710938 368.51910400390625 259.2433776855469 235.69009399414062 259.2433776855469
240.6907196044922 184.86575317382812 369.82289123535156 184.86575317382812 369.82289123535156 258.6150360107422 240.6907196044922 258.6150360107422
247.2379608154297 185.2386474609375 377.4445037841797 185.2386474609375 377.4445037841797 259.12784576416016 247.2379608154297 259.12784576416016
251.4818878173828 182.95889282226562 378.1473693847656 182.95889282226562 378.1473693847656 256.1570587158203 251.4818878173828 256.1570587158203
254.5362548828125 183.4630584716797 382.02693939208984 183.4630584716797 382.02693939208984 254.44357299804688 254.5362548828125 254.44357299804688
258.6525573730469 180.69461059570312 387.997314453125 180.69461059570312 387.997314453125 254.08412170410156 258.6525573730469 254.08412170410156
262.42578125 180.92984008789062 394.5359191894531 180.92984008789062 394.5359191894531 252.56723022460938 262.42578125 252.56723022460938
269.8372802734375 179.39810180664062 396.4337921142578 179.39810180664062 396.4337921142578 250.21271514892578 269.8372802734375 250.21271514892578
272.8212890625 177.41903686523438 399.7470474243164 177.41903686523438 399.7470474243164 248.08458709716797 272.8212890625 248.08458709716797
276.16229248046875 174.86752319335938 402.7074432373047 174.86752319335938 402.7074432373047 246.7427520751953 276.16229248046875 246.7427520751953
278.448974609375 173.90504455566406 409.5179748535156 173.90504455566406 409.5179748535156 244.77322387695312 278.448974609375 244.77322387695312
287.1743469238281 174.2399444580078 415.09263610839844 174.2399444580078 415.09263610839844 244.81719970703125 287.1743469238281 244.81719970703125
291.79217529296875 172.87454223632812 420.3240051269531 172.87454223632812 420.3240051269531 244.34902954101562 291.79217529296875 244.34902954101562
294.5982360839844 169.74252319335938 424.3131408691406 169.74252319335938 424.3131408691406 242.99365997314453 294.5982360839844 242.99365997314453
298.29034423828125 168.97579956054688 428.5078582763672 168.97579956054688 428.5078582763672 241.03640747070312 298.29034423828125 241.03640747070312
301.13372802734375 167.51791381835938 429.09368896484375 167.51791381835938 429.09368896484375 239.99633026123047 301.13372802734375 239.99633026123047
310.0107421875 168.24380493164062 435.3189926147461 168.24380493164062 435.3189926147461 237.42886352539062 310.0107421875 237.42886352539062
316.29119873046875 166.8907012939453 440.98387145996094 166.8907012939453 440.98387145996094 236.76754760742188 316.29119873046875 236.76754760742188
320.0604553222656 166.48497009277344 444.88172149658203 166.48497009277344 444.88172149658203 234.2020721435547 320.0604553222656 234.2020721435547
324.9256896972656 164.8748779296875 445.1433563232422 164.8748779296875 445.1433563232422 233.1072235107422 324.9256896972656 233.1072235107422
325.97869873046875 164.51559448242188 444.64249420166016 164.51559448242188 444.64249420166016 232.1321029663086 325.97869873046875 232.1321029663086
326.95831298828125 163.1744842529297 439.22779846191406 163.1744842529297 439.22779846191406 229.5517807006836 326.95831298828125 229.5517807006836
325.5353698730469 162.54067993164062 438.99293518066406 162.54067993164062 438.99293518066406 228.88307189941406 325.5353698730469 228.88307189941406
321.2854919433594 161.49636840820312 440.0618438720703 161.49636840820312 440.0618438720703 226.22626495361328 321.2854919433594 226.22626495361328
322.648193359375 161.05160522460938 442.0068588256836 161.05160522460938 442.0068588256836 225.65602111816406 322.648193359375 225.65602111816406
319.34368896484375 160.08538818359375 449.6640930175781 160.08538818359375 449.6640930175781 223.84475708007812 319.34368896484375 223.84475708007812
331.80926513671875 156.7584991455078 455.75340270996094 156.7584991455078 455.75340270996094 223.45067596435547 331.80926513671875 223.45067596435547
335.3524169921875 155.72586059570312 458.4623565673828 155.72586059570312 458.4623565673828 223.42884063720703 335.3524169921875 223.42884063720703
338.47296142578125 152.4292449951172 463.5920867919922 152.4292449951172 463.5920867919922 220.76575469970703 338.47296142578125 220.76575469970703
344.366943359375 154.83103942871094 469.97672271728516 154.83103942871094 469.97672271728516 222.1880111694336 344.366943359375 222.1880111694336
351.144775390625 150.67697143554688 472.6135711669922 150.67697143554688 472.6135711669922 219.36260223388672 351.144775390625 219.36260223388672
352.2605285644531 151.73330688476562 475.5994415283203 151.73330688476562 475.5994415283203 219.9635467529297 352.2605285644531 219.9635467529297
353.930908203125 149.81930541992188 472.2779998779297 149.81930541992188 472.2779998779297 218.1764678955078 353.930908203125 218.1764678955078
351.7970886230469 148.27554321289062 473.1576614379883 148.27554321289062 473.1576614379883 217.29177856445312 351.7970886230469 217.29177856445312
351.162109375 146.49392700195312 470.4491958618164 146.49392700195312 470.4491958618164 215.25920867919922 351.162109375 215.25920867919922
350.1753845214844 143.69180297851562 471.2162551879883 143.69180297851562 471.2162551879883 214.50151824951172 350.1753845214844 214.50151824951172
349.85015869140625 143.73651123046875 471.5511016845703 143.73651123046875 471.5511016845703 215.8633575439453 349.85015869140625 215.8633575439453
347.6344299316406 139.6416778564453 468.8306121826172 139.6416778564453 468.8306121826172 211.68675231933594 347.6344299316406 211.68675231933594
347.79278564453125 140.09146118164062 468.3779754638672 140.09146118164062 468.3779754638672 212.49275970458984 347.79278564453125 212.49275970458984
349.54644775390625 140.2714080810547 469.26444244384766 140.2714080810547 469.26444244384766 210.69424438476562 349.54644775390625 210.69424438476562
347.44305419921875 137.9542236328125 461.2203369140625 137.9542236328125 461.2203369140625 207.4782257080078 347.44305419921875 207.4782257080078
347.8271179199219 135.99609375 461.8677444458008 135.99609375 461.8677444458008 205.06219482421875 347.8271179199219 205.06219482421875
345.6600341796875 134.54452514648438 457.7309112548828 134.54452514648438 457.7309112548828 204.1814727783203 345.6600341796875 204.1814727783203
342.10003662109375 133.35667419433594 453.29127502441406 133.35667419433594 453.29127502441406 202.5316390991211 342.10003662109375 202.5316390991211
344.19134521484375 132.74697875976562 458.22698974609375 132.74697875976562 458.22698974609375 201.2240753173828 344.19134521484375 201.2240753173828
343.1605224609375 130.44241333007812 461.4845199584961 130.44241333007812 461.4845199584961 197.27930450439453 343.1605224609375 197.27930450439453
344.2347106933594 132.30702209472656 463.38684844970703 132.30702209472656 463.38684844970703 197.90716552734375 344.2347106933594 197.90716552734375
354.54779052734375 128.79946899414062 469.9453125 128.79946899414062 469.9453125 194.9649429321289 354.54779052734375 194.9649429321289
358.64007568359375 129.15475463867188 467.25799560546875 129.15475463867188 467.25799560546875 194.60169982910156 358.64007568359375 194.60169982910156
367.9559631347656 129.38504028320312 474.13600158691406 129.38504028320312 474.13600158691406 196.93106079101562 367.9559631347656 196.93106079101562
366.3008728027344 129.46701049804688 473.31727600097656 129.46701049804688 473.31727600097656 198.05116271972656 366.3008728027344 198.05116271972656
371.90435791015625 126.7455062866211 478.5301513671875 126.7455062866211 478.5301513671875 195.24317169189453 371.90435791015625 195.24317169189453
352.8587646484375 133.4242401123047 487.5063781738281 133.4242401123047 487.5063781738281 194.46448135375977 352.8587646484375 194.46448135375977
372.3354797363281 127.8225326538086 477.9857940673828 127.8225326538086 477.9857940673828 196.0865249633789 372.3354797363281 196.0865249633789
369.5067138671875 128.551513671875 478.28861236572266 128.551513671875 478.28861236572266 197.32273864746094 369.5067138671875 197.32273864746094
370.5641784667969 128.500732421875 480.8274612426758 128.500732421875 480.8274612426758 197.0299072265625 370.5641784667969 197.0299072265625
357.9132080078125 137.18545532226562 488.1441345214844 137.18545532226562 488.1441345214844 196.22346115112305 357.9132080078125 196.22346115112305
360.45703125 135.92161560058594 491.75927734375 135.92161560058594 491.75927734375 195.4452896118164 360.45703125 195.4452896118164
360.8936462402344 136.20193481445312 491.6083984375 136.20193481445312 491.6083984375 195.45927810668945 360.8936462402344 195.45927810668945
362.8731384277344 147.37928771972656 494.5592803955078 147.37928771972656 494.5592803955078 207.0769920349121 362.8731384277344 207.0769920349121
367.66680908203125 143.86358642578125 503.3295593261719 143.86358642578125 503.3295593261719 205.364013671875 367.66680908203125 205.364013671875
371.9723815917969 157.99388122558594 508.7264709472656 157.99388122558594 508.7264709472656 219.9890480041504 371.9723815917969 219.9890480041504
378.06304931640625 155.11569213867188 516.8583984375 155.11569213867188 516.8583984375 218.03623580932617 378.06304931640625 218.03623580932617
381.1548767089844 153.59817504882812 519.716796875 153.59817504882812 519.716796875 216.41289520263672 381.1548767089844 216.41289520263672
384.2281188964844 172.262939453125 522.9571685791016 172.262939453125 522.9571685791016 235.15342330932617 384.2281188964844 235.15342330932617
385.43701171875 163.0287628173828 524.2993774414062 163.0287628173828 524.2993774414062 225.97968292236328 385.43701171875 225.97968292236328
393.9200134277344 167.9808349609375 535.8543090820312 167.9808349609375 535.8543090820312 232.32435607910156 393.9200134277344 232.32435607910156
404.20404052734375 180.5855712890625 545.8105773925781 180.5855712890625 545.8105773925781 244.78050231933594 404.20404052734375 244.78050231933594
399.74456787109375 155.6361846923828 539.4833526611328 155.6361846923828 539.4833526611328 218.9843978881836 399.74456787109375 218.9843978881836
408.72491455078125 157.0347137451172 549.1087493896484 157.0347137451172 549.1087493896484 220.67535018920898 408.72491455078125 220.67535018920898
409.57354736328125 171.4766845703125 550.2059020996094 171.4766845703125 550.2059020996094 235.22998046875 409.57354736328125 235.22998046875
419.4681701660156 185.36441040039062 559.0910491943359 185.36441040039062 559.0910491943359 248.66007614135742 419.4681701660156 248.66007614135742
430.07037353515625 175.674072265625 572.0591125488281 175.674072265625 572.0591125488281 240.04225158691406 430.07037353515625 240.04225158691406
433.91436767578125 185.8556365966797 576.3595581054688 185.8556365966797 576.3595581054688 250.4307403564453 433.91436767578125 250.4307403564453
442.0381774902344 192.49563598632812 584.9109497070312 192.49563598632812 584.9109497070312 257.2645721435547 442.0381774902344 257.2645721435547
450.7081604003906 180.22970581054688 595.1380615234375 180.22970581054688 595.1380615234375 245.7045440673828 450.7081604003906 245.7045440673828
450.4034118652344 189.90283203125 593.1759796142578 189.90283203125 593.1759796142578 254.6263427734375 450.4034118652344 254.6263427734375
456.2796325683594 179.12159729003906 598.3970794677734 179.12159729003906 598.3970794677734 243.5481185913086 456.2796325683594 243.5481185913086
464.1996154785156 187.42630004882812 605.8597412109375 187.42630004882812 605.8597412109375 251.64549255371094 464.1996154785156 251.64549255371094
472.471923828125 187.5044403076172 615.934814453125 187.5044403076172 615.934814453125 252.5408935546875 472.471923828125 252.5408935546875
479.7901916503906 185.9828338623047 624.2802886962891 185.9828338623047 624.2802886962891 251.48495483398438 479.7901916503906 251.48495483398438
482.88360595703125 189.42288208007812 627.3863220214844 189.42288208007812 627.3863220214844 254.93071746826172 482.88360595703125 254.93071746826172
485.67889404296875 187.7433319091797 628.9999694824219 187.7433319091797 628.9999694824219 252.71548461914062 485.67889404296875 252.71548461914062
488.37139892578125 190.1035614013672 628.9999847412109 190.1035614013672 628.9999847412109 253.85512924194336 488.37139892578125 253.85512924194336
488.8599548339844 190.21234130859375 628.9999694824219 190.21234130859375 628.9999694824219 253.7424201965332 488.8599548339844 253.7424201965332
491.4292907714844 221.1422576904297 629.0000305175781 221.1422576904297 629.0000305175781 283.5076026916504 491.4292907714844 283.5076026916504
490.1380920410156 229.24734497070312 629.0000152587891 229.24734497070312 629.0000152587891 292.1980209350586 490.1380920410156 292.1980209350586
409.8104553222656 197.8858184814453 546.4231262207031 197.8858184814453 546.4231262207031 259.8168296813965 409.8104553222656 259.8168296813965
316.0552673339844 227.0519256591797 452.50677490234375 227.0519256591797 452.50677490234375 288.90987396240234 316.0552673339844 288.90987396240234
194.7853240966797 205.2617645263672 330.78919982910156 205.2617645263672 330.78919982910156 266.9167823791504 194.7853240966797 266.9167823791504
181.51193237304688 200.7041473388672 317.95562744140625 200.7041473388672 317.95562744140625 262.5585479736328 181.51193237304688 262.5585479736328
180.0745849609375 210.80099487304688 314.59629821777344 210.80099487304688 314.59629821777344 271.7840995788574 180.0745849609375 271.7840995788574
185.93975830078125 206.9234161376953 319.7557067871094 206.9234161376953 319.7557067871094 267.58657455444336 185.93975830078125 267.58657455444336
171.718994140625 101.17274475097656 305.5314025878906 101.17274475097656 305.5314025878906 161.83429718017578 171.718994140625 161.83429718017578
155.3876953125 164.59881591796875 291.4447479248047 164.59881591796875 291.4447479248047 226.2779426574707 155.3876953125 226.2779426574707
101.58301544189453 188.86941528320312 236.9349136352539 188.86941528320312 236.9349136352539 250.22887420654297 101.58301544189453 250.22887420654297
164.71435546875 171.9193115234375 299.9902801513672 171.9193115234375 299.9902801513672 233.24433135986328 164.71435546875 233.24433135986328
170.65284729003906 181.98638916015625 305.41819763183594 181.98638916015625 305.41819763183594 243.0799560546875 170.65284729003906 243.0799560546875
196.452880859375 247.3238067626953 333.1074676513672 247.3238067626953 333.1074676513672 309.27383041381836 196.452880859375 309.27383041381836
201.10836791992188 259.1626892089844 335.52552795410156 259.1626892089844 335.52552795410156 320.0984191894531 201.10836791992188 320.0984191894531
222.0854949951172 248.48233032226562 334.3596878051758 248.48233032226562 334.3596878051758 315.19654083251953 222.0854949951172 315.19654083251953
222.37924194335938 256.74969482421875 332.31446838378906 256.74969482421875 332.31446838378906 326.5237731933594 222.37924194335938 326.5237731933594
