186.0 271.0 204.0 271.0 204.0 313.0 186.0 313.0
187.9085235595703 271.63311767578125 206.02512168884277 271.63311767578125 206.02512168884277 313.9051818847656 187.9085235595703 313.9051818847656
191.2089080810547 272.51007080078125 209.1776885986328 272.51007080078125 209.1776885986328 314.34947967529297 191.2089080810547 314.34947967529297
192.61488342285156 273.3992919921875 210.4835090637207 273.3992919921875 210.4835090637207 315.0927619934082 192.61488342285156 315.0927619934082
193.9738311767578 272.7143859863281 211.9273624420166 272.7143859863281 211.9273624420166 314.1446304321289 193.9738311767578 314.1446304321289
197.5028533935547 271.8793640136719 215.87090682983398 271.8793640136719 215.87090682983398 313.49174880981445 197.5028533935547 313.49174880981445
200.47023010253906 273.34521484375 219.1174087524414 273.34521484375 219.1174087524414 316.8553047180176 200.47023010253906 316.8553047180176
203.42074584960938 273.2620544433594 223.03814315795898 273.2620544433594 223.03814315795898 315.11712646484375 203.42074584960938 315.11712646484375
205.02978515625 271.81842041015625 224.01637649536133 271.81842041015625 224.01637649536133 316.01863861083984 205.02978515625 316.01863861083984
207.5975799560547 272.02044677734375 226.4884967803955 272.02044677734375 226.4884967803955 314.91295623779297 207.5975799560547 314.91295623779297
209.3447265625 269.7408142089844 228.48426628112793 269.7408142089844 228.48426628112793 314.3997573852539 209.3447265625 314.3997573852539
211.544677734375 266.70428466796875 230.20444107055664 266.70428466796875 230.20444107055664 311.9766845703125 211.544677734375 311.9766845703125
214.8399658203125 270.9830322265625 234.03398513793945 270.9830322265625 234.03398513793945 315.7098274230957 214.8399658203125 315.7098274230957
217.8231201171875 270.5672912597656 236.77021026611328 270.5672912597656 236.77021026611328 314.55517196655273 217.8231201171875 314.55517196655273
221.37490844726562 270.12359619140625 240.4231719970703 270.12359619140625 240.4231719970703 314.56957244873047 221.37490844726562 314.56957244873047
223.48074340820312 269.9151306152344 242.1719570159912 269.9151306152344 242.1719570159912 311.5282173156738 223.48074340820312 311.5282173156738
225.5641632080078 269.31219482421875 245.06808853149414 269.31219482421875 245.06808853149414 313.4407730102539 225.5641632080078 313.4407730102539
228.18844604492188 269.455322265625 247.9517822265625 269.455322265625 247.9517822265625 314.908203125 228.18844604492188 314.908203125
231.3819580078125 270.5400695800781 251.1168613433838 270.5400695800781 251.1168613433838 316.26463317871094 231.3819580078125 316.26463317871094
235.77401733398438 267.97882080078125 255.26628303527832 267.97882080078125 255.26628303527832 314.3810501098633 235.77401733398438 314.3810501098633
235.879150390625 268.13372802734375 255.7431297302246 268.13372802734375 255.7431297302246 314.7000541687012 235.879150390625 314.7000541687012
237.2798309326172 266.1417541503906 257.25033950805664 266.1417541503906 257.25033950805664 313.4792022705078 237.2798309326172 313.4792022705078
239.5324249267578 266.50653076171875 259.05452156066895 266.50653076171875 259.05452156066895 313.1800079345703 239.5324249267578 313.1800079345703
241.3020782470703 265.61834716796875 260.65110969543457 265.61834716796875 260.65110969543457 315.7479591369629 241.3020782470703 315.7479591369629
244.82870483398438 267.71173095703125 263.03074645996094 267.71173095703125 263.03074645996094 315.63801193237305 244.82870483398438 315.63801193237305
246.82052612304688 268.3809509277344 265.5026741027832 268.3809509277344 265.5026741027832 316.6007080078125 246.82052612304688 316.6007080078125
247.71682739257812 267.90521240234375 268.27988624572754 267.90521240234375 268.27988624572754 315.88570404052734 247.71682739257812 315.88570404052734
248.74893188476562 268.12310791015625 269.3999214172363 268.12310791015625 269.3999214172363 316.30877685546875 248.74893188476562 316.30877685546875
251.27944946289062 266.51165771484375 271.9562168121338 266.51165771484375 271.9562168121338 315.81336212158203 251.27944946289062 315.81336212158203
252.39016723632812 266.14776611328125 273.2360725402832 266.14776611328125 273.2360725402832 315.30065536499023 252.39016723632812 315.30065536499023
256.3943786621094 265.6850891113281 277.3607425689697 265.6850891113281 277.3607425689697 316.10520935058594 256.3943786621094 316.10520935058594
256.24224853515625 266.64227294921875 277.5466117858887 266.64227294921875 277.5466117858887 317.3207588195801 256.24224853515625 317.3207588195801
258.6394958496094 267.48956298828125 280.27741050720215 267.48956298828125 280.27741050720215 317.9780502319336 258.6394958496094 317.9780502319336
261.46356201171875 266.6426696777344 282.7006378173828 266.6426696777344 282.7006378173828 317.78386306762695 261.46356201171875 317.78386306762695
264.6648864746094 267.4805603027344 286.12120246887207 267.4805603027344 286.12120246887207 318.6989631652832 264.6648864746094 318.6989631652832
267.16949462890625 269.6236267089844 289.365047454834 269.6236267089844 289.365047454834 321.41326904296875 267.16949462890625 321.41326904296875
270.2486877441406 266.1191101074219 292.245849609375 266.1191101074219 292.245849609375 317.5929489135742 270.2486877441406 317.5929489135742
270.4096984863281 265.89666748046875 293.10471534729004 265.89666748046875 293.10471534729004 318.8517265319824 270.4096984863281 318.8517265319824
273.6420593261719 262.976318359375 295.4543342590332 262.976318359375 295.4543342590332 317.7713203430176 273.6420593261719 317.7713203430176
277.1605529785156 264.22137451171875 298.34086418151855 264.22137451171875 298.34086418151855 314.10135650634766 277.1605529785156 314.10135650634766
278.5622253417969 261.7066955566406 300.16652488708496 261.7066955566406 300.16652488708496 314.8779296875 278.5622253417969 314.8779296875
280.944580078125 263.97430419921875 303.32052421569824 263.97430419921875 303.32052421569824 316.18486404418945 280.944580078125 316.18486404418945
282.119384765625 260.67279052734375 303.2806701660156 260.67279052734375 303.2806701660156 315.6948013305664 282.119384765625 315.6948013305664
285.7451477050781 263.40020751953125 307.54033279418945 263.40020751953125 307.54033279418945 314.8023567199707 285.7451477050781 314.8023567199707
286.4463806152344 263.45220947265625 308.7784996032715 263.45220947265625 308.7784996032715 316.19782638549805 286.4463806152344 316.19782638549805
289.99346923828125 264.86676025390625 312.1742057800293 264.86676025390625 312.1742057800293 317.25902557373047 289.99346923828125 317.25902557373047
291.98309326171875 262.84393310546875 312.8331871032715 262.84393310546875 312.8331871032715 313.79589080810547 291.98309326171875 313.79589080810547
293.1244201660156 267.56597900390625 315.29744148254395 267.56597900390625 315.29744148254395 319.3030471801758 293.1244201660156 319.3030471801758
295.79693603515625 263.94781494140625 317.27934646606445 263.94781494140625 317.27934646606445 315.9529914855957 295.79693603515625 315.9529914855957
298.0079040527344 263.73004150390625 320.1842727661133 263.73004150390625 320.1842727661133 315.47491455078125 298.0079040527344 315.47491455078125
298.81488037109375 263.84588623046875 320.9366989135742 263.84588623046875 320.9366989135742 315.4634780883789 298.81488037109375 315.4634780883789
301.4710388183594 260.98443603515625 323.4095268249512 260.98443603515625 323.4095268249512 312.17425537109375 301.4710388183594 312.17425537109375
303.57110595703125 262.7064208984375 325.27035903930664 262.7064208984375 325.27035903930664 313.33802032470703 303.57110595703125 313.33802032470703
305.6219177246094 262.7198486328125 327.57048416137695 262.7198486328125 327.57048416137695 313.93317794799805 305.6219177246094 313.93317794799805
307.93341064453125 261.7835693359375 330.4022750854492 261.7835693359375 330.4022750854492 312.94976806640625 307.93341064453125 312.94976806640625
311.98370361328125 260.7939147949219 334.5969753265381 260.7939147949219 334.5969753265381 313.5582275390625 311.98370361328125 313.5582275390625
313.7477111816406 262.72845458984375 336.2412967681885 262.72845458984375 336.2412967681885 315.2135009765625 313.7477111816406 315.2135009765625
315.7507629394531 261.3006896972656 337.97443199157715 261.3006896972656 337.97443199157715 313.15593338012695 315.7507629394531 313.15593338012695
317.3778991699219 260.86370849609375 339.6521244049072 260.86370849609375 339.6521244049072 312.83692169189453 317.3778991699219 312.83692169189453
320.49542236328125 260.8534851074219 342.59756660461426 260.8534851074219 342.59756660461426 312.4251708984375 320.49542236328125 312.4251708984375
321.4610595703125 261.58428955078125 343.1601371765137 261.58428955078125 343.1601371765137 312.2154884338379 321.4610595703125 312.2154884338379
323.64837646484375 263.0572814941406 345.3628406524658 263.0572814941406 345.3628406524658 313.72438049316406 323.64837646484375 313.72438049316406
325.20404052734375 262.95904541015625 346.800443649292 262.95904541015625 346.800443649292 313.35066986083984 325.20404052734375 313.35066986083984
328.57025146484375 262.8405456542969 350.0501289367676 262.8405456542969 350.0501289367676 312.9602737426758 328.57025146484375 312.9602737426758
329.8218688964844 263.61895751953125 350.8497009277344 263.61895751953125 350.8497009277344 312.6839065551758 329.8218688964844 312.6839065551758
332.54315185546875 264.99237060546875 353.53760719299316 264.99237060546875 353.53760719299316 313.9794387817383 332.54315185546875 313.9794387817383
334.1406555175781 263.6019287109375 354.77281761169434 263.6019287109375 354.77281761169434 311.74364852905273 334.1406555175781 311.74364852905273
336.0362243652344 263.1408386230469 356.67163848876953 263.1408386230469 356.67163848876953 311.2901420593262 336.0362243652344 311.2901420593262
337.27593994140625 264.73443603515625 357.50444984436035 264.73443603515625 357.50444984436035 311.93429946899414 337.27593994140625 311.93429946899414
339.11932373046875 263.7108459472656 359.5054016113281 263.7108459472656 359.5054016113281 311.2783737182617 339.11932373046875 311.2783737182617
340.56231689453125 264.09356689453125 361.0001163482666 264.09356689453125 361.0001163482666 311.78177642822266 340.56231689453125 311.78177642822266
343.721435546875 264.3167419433594 363.9579372406006 264.3167419433594 363.9579372406006 311.5352592468262 343.721435546875 311.5352592468262
345.1244812011719 265.68878173828125 365.30458068847656 265.68878173828125 365.30458068847656 312.775691986084 345.1244812011719 312.775691986084
347.9959411621094 263.2657165527344 368.3784999847412 263.2657165527344 368.3784999847412 310.82503509521484 347.9959411621094 310.82503509521484
352.175537109375 264.55267333984375 372.58896255493164 264.55267333984375 372.58896255493164 312.1840171813965 352.175537109375 312.1840171813965
352.87615966796875 263.30859375 373.0890007019043 263.30859375 373.0890007019043 310.4719123840332 352.87615966796875 310.4719123840332
356.01416015625 263.72381591796875 376.143798828125 263.72381591796875 376.143798828125 310.6929931640625 356.01416015625 310.6929931640625
357.1921691894531 262.452392578125 377.4901714324951 262.452392578125 377.4901714324951 309.8144187927246 357.1921691894531 309.8144187927246
359.69793701171875 261.94342041015625 380.11528396606445 261.94342041015625 380.11528396606445 309.5839157104492 359.69793701171875 309.5839157104492
360.8863830566406 262.08245849609375 381.1236152648926 262.08245849609375 381.1236152648926 309.3026809692383 360.8863830566406 309.3026809692383
362.70843505859375 262.17681884765625 382.9011631011963 262.17681884765625 382.9011631011963 309.29319763183594 362.70843505859375 309.29319763183594
364.710205078125 263.2337341308594 384.95018577575684 263.2337341308594 384.95018577575684 310.4603691101074 364.710205078125 310.4603691101074
367.41278076171875 263.8852844238281 387.6947612762451 263.8852844238281 387.6947612762451 311.2099151611328 367.41278076171875 311.2099151611328
370.87774658203125 263.5042419433594 391.13311767578125 263.5042419433594 391.13311767578125 310.76678466796875 370.87774658203125 310.76678466796875
371.04656982421875 262.54815673828125 390.97882652282715 262.54815673828125 390.97882652282715 309.0567626953125 371.04656982421875 309.0567626953125
371.6063537597656 261.67388916015625 391.4976615905762 261.67388916015625 391.4976615905762 308.08695220947266 371.6063537597656 308.08695220947266
373.70318603515625 262.968017578125 393.5236930847168 262.968017578125 393.5236930847168 309.21588134765625 373.70318603515625 309.21588134765625
373.7351989746094 262.09661865234375 393.5436840057373 262.09661865234375 393.5436840057373 308.3164291381836 373.7351989746094 308.3164291381836
377.24365234375 262.2402038574219 397.3910140991211 262.2402038574219 397.3910140991211 309.25072860717773 377.24365234375 309.25072860717773
379.5960998535156 261.78424072265625 399.53296852111816 261.78424072265625 399.53296852111816 310.25072479248047 379.5960998535156 310.25072479248047
382.798828125 260.6831359863281 401.1954402923584 260.6831359863281 401.1954402923584 311.2088623046875 382.798828125 311.2088623046875
383.3719787597656 263.8573913574219 403.200984954834 263.8573913574219 403.200984954834 310.12508392333984 383.3719787597656 310.12508392333984
385.0542907714844 264.3534240722656 405.1010684967041 264.3534240722656 405.1010684967041 311.1292495727539 385.0542907714844 311.1292495727539
386.4234924316406 262.717529296875 406.5887794494629 262.717529296875 406.5887794494629 309.7698745727539 386.4234924316406 309.7698745727539
386.9013671875 264.6430358886719 406.815465927124 264.6430358886719 406.815465927124 311.10927963256836 386.9013671875 311.10927963256836
387.8878173828125 263.9009704589844 407.47643661499023 263.9009704589844 407.47643661499023 309.6077651977539 387.8878173828125 309.6077651977539
390.8341369628906 266.34149169921875 410.68638801574707 266.34149169921875 410.68638801574707 312.6634292602539 390.8341369628906 312.6634292602539
390.0467224121094 263.82208251953125 409.8016777038574 263.82208251953125 409.8016777038574 309.91699981689453 390.0467224121094 309.91699981689453
387.34326171875 267.29095458984375 407.04612159729004 267.29095458984375 407.04612159729004 313.2643165588379 387.34326171875 313.2643165588379
399.9658203125 270.93841552734375 419.4278392791748 270.93841552734375 419.4278392791748 316.34981536865234 399.9658203125 316.34981536865234
396.41741943359375 262.9463195800781 415.41818618774414 262.9463195800781 415.41818618774414 307.28146743774414 396.41741943359375 307.28146743774414
410.39508056640625 263.6257019042969 429.1582794189453 263.6257019042969 429.1582794189453 307.40652084350586 410.39508056640625 307.40652084350586
409.3011474609375 258.1361389160156 426.14379119873047 258.1361389160156 426.14379119873047 303.2234687805176 409.3011474609375 303.2234687805176
408.6827087402344 260.38372802734375 425.73131942749023 260.38372802734375 425.73131942749023 307.5398292541504 408.6827087402344 307.5398292541504
409.5614929199219 259.12994384765625 426.79896545410156 259.12994384765625 426.79896545410156 306.6068649291992 409.5614929199219 306.6068649291992
410.24365234375 259.58172607421875 429.21084213256836 259.58172607421875 429.21084213256836 303.8385200500488 410.24365234375 303.8385200500488
411.0259704589844 261.630859375 429.7714424133301 261.630859375 429.7714424133301 305.3703079223633 411.0259704589844 305.3703079223633
411.4471740722656 257.2092590332031 430.1198616027832 257.2092590332031 430.1198616027832 300.7788772583008 411.4471740722656 300.7788772583008
412.5188903808594 260.1990051269531 431.21532821655273 260.1990051269531 431.21532821655273 303.8240432739258 412.5188903808594 303.8240432739258
413.5770568847656 258.9551696777344 432.6951484680176 258.9551696777344 432.6951484680176 303.5640640258789 413.5770568847656 303.5640640258789
415.8414001464844 258.06109619140625 435.0846538543701 258.06109619140625 435.0846538543701 302.96203231811523 415.8414001464844 302.96203231811523
417.2848205566406 257.8463134765625 436.7527675628662 257.8463134765625 436.7527675628662 303.27153396606445 417.2848205566406 303.27153396606445
419.42230224609375 258.7327575683594 438.88853454589844 258.7327575683594 438.88853454589844 304.1539726257324 419.42230224609375 304.1539726257324
422.2123107910156 258.7088928222656 441.76637840270996 258.7088928222656 441.76637840270996 304.3350639343262 422.2123107910156 304.3350639343262
424.15484619140625 258.39495849609375 443.8783416748047 258.39495849609375 443.8783416748047 304.4164619445801 424.15484619140625 304.4164619445801
427.707275390625 258.6530456542969 447.4161891937256 258.6530456542969 447.4161891937256 305.67371368408203 427.707275390625 305.67371368408203
428.96600341796875 257.91259765625 448.8964080810547 257.91259765625 448.8964080810547 304.4168891906738 428.96600341796875 304.4168891906738
431.0575256347656 256.4886779785156 450.9917182922363 256.4886779785156 450.9917182922363 303.0018081665039 431.0575256347656 303.0018081665039
432.02239990234375 257.4888610839844 452.0709857940674 257.4888610839844 452.0709857940674 304.2689094543457 432.02239990234375 304.2689094543457
433.98651123046875 256.7613830566406 454.1745300292969 256.7613830566406 454.1745300292969 303.8667793273926 433.98651123046875 303.8667793273926
435.46820068359375 255.5972137451172 456.26213455200195 255.5972137451172 456.26213455200195 304.1164093017578 435.46820068359375 304.1164093017578
439.2870178222656 255.85507202148438 460.30419540405273 255.85507202148438 460.30419540405273 304.8951644897461 439.2870178222656 304.8951644897461
441.45843505859375 256.02374267578125 462.85309410095215 256.02374267578125 462.85309410095215 305.94462966918945 441.45843505859375 305.94462966918945
444.122314453125 258.05926513671875 465.70175552368164 258.05926513671875 465.70175552368164 308.41131591796875 444.122314453125 308.41131591796875
445.97991943359375 255.227783203125 467.5592956542969 255.227783203125 467.5592956542969 305.57968521118164 445.97991943359375 305.57968521118164
446.75579833984375 254.457275390625 468.65162467956543 254.457275390625 468.65162467956543 305.5475654602051 446.75579833984375 305.5475654602051
447.9895935058594 255.3498077392578 470.2759819030762 255.3498077392578 470.2759819030762 307.3514060974121 447.9895935058594 307.3514060974121
450.0853576660156 253.06747436523438 472.2815570831299 253.06747436523438 472.2815570831299 304.85863494873047 450.0853576660156 304.85863494873047
449.2740783691406 253.8969268798828 471.81467056274414 253.8969268798828 471.81467056274414 306.49167251586914 449.2740783691406 306.49167251586914
452.421142578125 254.54452514648438 474.6994972229004 254.54452514648438 474.6994972229004 306.5273857116699 452.421142578125 306.5273857116699
455.1385803222656 252.48672485351562 477.4477787017822 252.48672485351562 477.4477787017822 304.5415458679199 455.1385803222656 304.5415458679199
456.7265625 253.6153564453125 479.274227142334 253.6153564453125 479.274227142334 306.22660064697266 456.7265625 306.22660064697266
459.5367736816406 250.9105987548828 481.5864543914795 250.9105987548828 481.5864543914795 302.9033432006836 459.5367736816406 302.9033432006836
461.2296447753906 254.67733764648438 483.82840728759766 254.67733764648438 483.82840728759766 308.0913314819336 461.2296447753906 308.0913314819336
463.815673828125 255.3365936279297 486.6444969177246 255.3365936279297 486.6444969177246 308.60387802124023 463.815673828125 308.60387802124023
468.2057189941406 253.7172393798828 490.865442276001 253.7172393798828 490.865442276001 306.58995819091797 468.2057189941406 306.58995819091797
470.703125 253.0404510498047 493.13377952575684 253.0404510498047 493.13377952575684 305.3786849975586 470.703125 305.3786849975586
474.3985900878906 253.5501708984375 496.6774711608887 253.5501708984375 496.6774711608887 305.53426361083984 474.3985900878906 305.53426361083984
476.0877380371094 254.0083465576172 498.36976432800293 254.0083465576172 498.36976432800293 305.99978256225586 476.0877380371094 305.99978256225586
479.265625 255.29013061523438 501.49426460266113 255.29013061523438 501.49426460266113 307.1569938659668 479.265625 307.1569938659668
481.0999450683594 256.8191833496094 503.37216567993164 256.8191833496094 503.37216567993164 308.7877311706543 481.0999450683594 308.7877311706543
483.467041015625 256.3426818847656 505.77429389953613 256.3426818847656 505.77429389953613 308.3929672241211 483.467041015625 308.3929672241211
484.78643798828125 256.6466979980469 506.92720794677734 256.6466979980469 506.92720794677734 308.30852127075195 484.78643798828125 308.30852127075195
490.20367431640625 256.8805236816406 511.5806121826172 256.8805236816406 511.5806121826172 306.760066986084 490.20367431640625 306.760066986084
490.5035705566406 258.16424560546875 511.49891662597656 258.16424560546875 511.49891662597656 307.1534080505371 490.5035705566406 307.1534080505371
491.7947692871094 259.05841064453125 513.1054344177246 259.05841064453125 513.1054344177246 308.7833137512207 491.7947692871094 308.7833137512207
493.4593200683594 256.88232421875 514.4911842346191 256.88232421875 514.4911842346191 305.9566879272461 493.4593200683594 305.9566879272461
497.91632080078125 256.94549560546875 518.4210090637207 256.94549560546875 518.4210090637207 304.7897834777832 497.91632080078125 304.7897834777832
502.83892822265625 255.77978515625 523.4492607116699 255.77978515625 523.4492607116699 303.8705825805664 502.83892822265625 303.8705825805664
504.2091369628906 253.62887573242188 525.2289943695068 253.62887573242188 525.2289943695068 302.67523193359375 504.2091369628906 302.67523193359375
507.0931701660156 249.27206420898438 527.8763027191162 249.27206420898438 527.8763027191162 297.7660598754883 507.0931701660156 297.7660598754883
508.84136962890625 249.17074584960938 529.6931915283203 249.17074584960938 529.6931915283203 297.8250198364258 508.84136962890625 297.8250198364258
511.47308349609375 245.5033721923828 532.2855033874512 245.5033721923828 532.2855033874512 294.0657081604004 511.47308349609375 294.0657081604004
512.9257202148438 243.74826049804688 532.5675163269043 243.74826049804688 532.5675163269043 293.2644577026367 512.9257202148438 293.2644577026367
515.8342895507812 247.8490447998047 536.2171821594238 247.8490447998047 536.2171821594238 295.40915298461914 515.8342895507812 295.40915298461914
518.430419921875 244.7342987060547 539.1513614654541 244.7342987060547 539.1513614654541 293.0831871032715 518.430419921875 293.0831871032715
521.1431884765625 242.1846160888672 542.1572303771973 242.1846160888672 542.1572303771973 291.2174072265625 521.1431884765625 291.2174072265625
522.6614990234375 240.02392578125 543.678747177124 240.02392578125 543.678747177124 289.06420135498047 522.6614990234375 289.06420135498047
523.9671630859375 239.27206420898438 544.8246231079102 239.27206420898438 544.8246231079102 287.93950271606445 523.9671630859375 287.93950271606445
527.5472412109375 241.9491424560547 548.6536636352539 241.9491424560547 548.6536636352539 291.1974983215332 527.5472412109375 291.1974983215332
526.7567138671875 241.5782012939453 548.1281929016113 241.5782012939453 548.1281929016113 291.44501876831055 526.7567138671875 291.44501876831055
528.7788696289062 240.48751831054688 550.4209327697754 240.48751831054688 550.4209327697754 290.9856986999512 528.7788696289062 290.9856986999512
529.4503173828125 237.81295776367188 550.9672698974609 237.81295776367188 550.9672698974609 289.7525749206543 529.4503173828125 289.7525749206543
532.3141479492188 238.0035400390625 554.083911895752 238.0035400390625 554.083911895752 290.84765625 532.3141479492188 290.84765625
533.7028198242188 239.9122314453125 555.8191547393799 239.9122314453125 555.8191547393799 291.5170478820801 533.7028198242188 291.5170478820801
535.7233276367188 239.61764526367188 557.9731731414795 239.61764526367188 557.9731731414795 291.53398513793945 535.7233276367188 291.53398513793945
537.077880859375 237.5334930419922 559.7817497253418 237.5334930419922 559.7817497253418 290.5092239379883 537.077880859375 290.5092239379883
538.3530883789062 236.71432495117188 560.5496234893799 236.71432495117188 560.5496234893799 289.2787094116211 538.3530883789062 289.2787094116211
541.0446166992188 234.355712890625 561.8327922821045 234.355712890625 561.8327922821045 288.1859359741211 541.0446166992188 288.1859359741211
542.3851928710938 235.08432006835938 564.9198226928711 235.08432006835938 564.9198226928711 288.8785514831543 542.3851928710938 288.8785514831543
543.9248046875 230.7611541748047 565.3167533874512 230.7611541748047 565.3167533874512 285.1968116760254 543.9248046875 285.1968116760254
547.6809692382812 229.6634979248047 568.1415615081787 229.6634979248047 568.1415615081787 286.14994049072266 547.6809692382812 286.14994049072266
547.8646240234375 230.72647094726562 570.1737747192383 230.72647094726562 570.1737747192383 282.7811965942383 547.8646240234375 282.7811965942383
550.8212890625 231.3423309326172 572.96510887146 231.3423309326172 572.96510887146 283.0112838745117 550.8212890625 283.0112838745117
551.8008422851562 230.9500732421875 574.3491020202637 230.9500732421875 574.3491020202637 283.5627212524414 551.8008422851562 283.5627212524414
552.987060546875 230.77951049804688 575.7152633666992 230.77951049804688 575.7152633666992 283.8120307922363 552.987060546875 283.8120307922363
555.7091064453125 229.9630889892578 578.2696437835693 229.9630889892578 578.2696437835693 282.60438537597656 555.7091064453125 282.60438537597656
556.4241333007812 230.158935546875 578.8210945129395 230.158935546875 578.8210945129395 282.4185562133789 556.4241333007812 282.4185562133789
558.0783081054688 227.26748657226562 580.3062400817871 227.26748657226562 580.3062400817871 279.1327095031738 558.0783081054688 279.1327095031738
559.1337280273438 228.41952514648438 581.1258907318115 228.41952514648438 581.1258907318115 279.73462677001953 559.1337280273438 279.73462677001953
560.5170288085938 232.37826538085938 582.1533470153809 232.37826538085938 582.1533470153809 282.8630599975586 560.5170288085938 282.8630599975586
561.40185546875 230.1517791748047 583.0205554962158 230.1517791748047 583.0205554962158 280.59546279907227 561.40185546875 280.59546279907227
563.7527465820312 231.20230102539062 585.2702331542969 231.20230102539062 585.2702331542969 281.40981674194336 563.7527465820312 281.40981674194336
564.0768432617188 231.1875457763672 585.446210861206 231.1875457763672 585.446210861206 281.04944610595703 564.0768432617188 281.04944610595703
564.3134765625 229.86044311523438 585.569803237915 229.86044311523438 585.569803237915 279.45858001708984 564.3134765625 279.45858001708984
564.5842895507812 228.9215850830078 586.2949409484863 228.9215850830078 586.2949409484863 279.5798149108887 564.5842895507812 279.5798149108887
568.7193603515625 229.0286865234375 590.6518478393555 229.0286865234375 590.6518478393555 280.2045364379883 568.7193603515625 280.2045364379883
565.3399047851562 225.98239135742188 587.2364559173584 225.98239135742188 587.2364559173584 277.0743942260742 565.3399047851562 277.0743942260742
568.77734375 227.4208984375 590.959659576416 227.4208984375 590.959659576416 279.1796875 568.77734375 279.1796875
569.8753662109375 229.7468719482422 591.5004730224609 229.7468719482422 591.5004730224609 280.205509185791 569.8753662109375 280.205509185791
571.9191284179688 231.0595703125 593.1061840057373 231.0595703125 593.1061840057373 280.49608612060547 571.9191284179688 280.49608612060547
571.1604614257812 228.85107421875 592.5234069824219 228.85107421875 592.5234069824219 278.697998046875 571.1604614257812 278.697998046875
569.8762817382812 228.43832397460938 591.2936534881592 228.43832397460938 591.2936534881592 278.4122428894043 569.8762817382812 278.4122428894043
574.099853515625 233.01382446289062 595.5686740875244 233.01382446289062 595.5686740875244 283.1077880859375 574.099853515625 283.1077880859375
573.7831420898438 232.07815551757812 595.4097843170166 232.07815551757812 595.4097843170166 282.54036712646484 573.7831420898438 282.54036712646484
573.0725708007812 227.58016967773438 594.5255794525146 227.58016967773438 594.5255794525146 277.6372413635254 573.0725708007812 277.6372413635254
569.1807250976562 228.2397918701172 590.781379699707 228.2397918701172 590.781379699707 278.64137268066406 569.1807250976562 278.64137268066406
569.9440307617188 229.46115112304688 591.7160453796387 229.46115112304688 591.7160453796387 280.2625732421875 569.9440307617188 280.2625732421875
569.2173461914062 228.3054656982422 590.8320350646973 228.3054656982422 590.8320350646973 278.7397918701172 569.2173461914062 278.7397918701172
573.1064453125 228.48486328125 594.7698059082031 228.48486328125 594.7698059082031 279.0327568054199 573.1064453125 279.0327568054199
572.0323486328125 228.6384735107422 593.891056060791 228.6384735107422 593.891056060791 279.64217376708984 572.0323486328125 279.64217376708984
569.6092529296875 225.94888305664062 591.9145183563232 225.94888305664062 591.9145183563232 277.99455642700195 569.6092529296875 277.99455642700195
569.8889770507812 226.87728881835938 592.7617492675781 226.87728881835938 592.7617492675781 280.24714279174805 569.8889770507812 280.24714279174805
569.295166015625 228.483154296875 591.9545269012451 228.483154296875 591.9545269012451 281.35505294799805 569.295166015625 281.35505294799805
569.4588623046875 227.1194610595703 592.4936466217041 227.1194610595703 592.4936466217041 280.8673439025879 569.4588623046875 280.8673439025879
569.3090209960938 225.7532958984375 592.590612411499 225.7532958984375 592.590612411499 280.0770683288574 569.3090209960938 280.0770683288574
568.6038208007812 225.5951385498047 592.0759792327881 225.5951385498047 592.0759792327881 280.3635711669922 568.6038208007812 280.3635711669922
568.3634643554688 223.8264617919922 592.2357444763184 223.8264617919922 592.2357444763184 279.5285110473633 568.3634643554688 279.5285110473633
569.6187133789062 225.0131378173828 593.626277923584 225.0131378173828 593.626277923584 281.0308494567871 569.6187133789062 281.0308494567871
568.889404296875 224.993408203125 592.8010368347168 224.993408203125 592.8010368347168 280.78728103637695 568.889404296875 280.78728103637695
568.724609375 225.5840301513672 592.597095489502 225.5840301513672 592.597095489502 281.2865562438965 568.724609375 281.2865562438965
569.0318603515625 227.1446075439453 593.0484561920166 227.1446075439453 593.0484561920166 283.18338775634766 569.0318603515625 283.18338775634766
569.014892578125 226.1785430908203 593.0382194519043 226.1785430908203 593.0382194519043 282.23302841186523 569.014892578125 282.23302841186523
568.7705688476562 225.71823120117188 592.7216644287109 225.71823120117188 592.7216644287109 281.6041793823242 568.7705688476562 281.6041793823242
568.1322021484375 225.86697387695312 591.8474235534668 225.86697387695312 591.8474235534668 281.20255279541016 568.1322021484375 281.20255279541016
569.0802612304688 227.390380859375 592.6422348022461 227.390380859375 592.6422348022461 282.3683776855469 569.0802612304688 282.3683776855469
569.869384765625 229.42642211914062 593.075511932373 229.42642211914062 593.075511932373 283.5741157531738 569.869384765625 283.5741157531738
569.308349609375 228.29977416992188 592.6509208679199 228.29977416992188 592.6509208679199 282.7658386230469 569.308349609375 282.7658386230469
569.3763427734375 227.5347442626953 592.8032703399658 227.5347442626953 592.8032703399658 282.19763565063477 569.3763427734375 282.19763565063477
