141.0 196.0 183.0 196.0 183.0 252.0 141.0 252.0
142.64752197265625 194.66778564453125 184.82825469970703 194.66778564453125 184.82825469970703 250.7049789428711 142.64752197265625 250.7049789428711
144.1656494140625 195.4503631591797 185.32610321044922 195.4503631591797 185.32610321044922 251.71556091308594 144.1656494140625 251.71556091308594
143.31777954101562 196.52276611328125 185.46257400512695 196.52276611328125 185.46257400512695 250.511962890625 143.31777954101562 250.511962890625
143.4249267578125 198.23086547851562 184.61348724365234 198.23086547851562 184.61348724365234 249.3328742980957 143.4249267578125 249.3328742980957
145.2382049560547 198.14102172851562 185.6131362915039 198.14102172851562 185.6131362915039 247.64789199829102 145.2382049560547 247.64789199829102
146.56521606445312 196.95968627929688 187.37444305419922 196.95968627929688 187.37444305419922 245.8317985534668 146.56521606445312 245.8317985534668
149.14492797851562 197.2790985107422 188.1215362548828 197.2790985107422 188.1215362548828 244.4336929321289 149.14492797851562 244.4336929321289
152.92132568359375 200.10415649414062 191.69388580322266 200.10415649414062 191.69388580322266 247.37225723266602 152.92132568359375 247.37225723266602
156.7349395751953 192.3893280029297 198.73877334594727 192.3893280029297 198.73877334594727 247.55270767211914 156.7349395751953 247.55270767211914
158.58706665039062 194.3874053955078 200.7877197265625 194.3874053955078 200.7877197265625 248.36304473876953 158.58706665039062 248.36304473876953
159.17079162597656 194.13156127929688 202.34839248657227 194.13156127929688 202.34839248657227 247.80355834960938 159.17079162597656 247.80355834960938
157.37234497070312 191.61207580566406 199.83965682983398 191.61207580566406 199.83965682983398 248.23516082763672 157.37234497070312 248.23516082763672
159.112060546875 191.8731231689453 201.50308227539062 191.8731231689453 201.50308227539062 248.3944854736328 159.112060546875 248.3944854736328
158.60031127929688 190.5595703125 201.2538833618164 190.5595703125 201.2538833618164 247.63671875 158.60031127929688 247.63671875
158.83033752441406 190.49203491210938 200.53622817993164 190.49203491210938 200.53622817993164 246.09989166259766 158.83033752441406 246.09989166259766
156.9680633544922 191.61448669433594 199.13629913330078 191.61448669433594 199.13629913330078 247.83880996704102 156.9680633544922 247.83880996704102
157.222412109375 189.18508911132812 199.55656814575195 189.18508911132812 199.55656814575195 245.6306381225586 157.222412109375 245.6306381225586
157.88748168945312 189.10009765625 200.72416305541992 189.10009765625 200.72416305541992 246.21567916870117 157.88748168945312 246.21567916870117
158.38026428222656 190.01121520996094 200.99076080322266 190.01121520996094 200.99076080322266 246.8252182006836 158.38026428222656 246.8252182006836
157.51710510253906 192.76084899902344 199.5332145690918 192.76084899902344 199.5332145690918 248.78233337402344 157.51710510253906 248.78233337402344
159.9596710205078 190.75204467773438 202.63684844970703 190.75204467773438 202.63684844970703 247.65495681762695 159.9596710205078 247.65495681762695
159.92367553710938 191.68539428710938 202.51542282104492 191.68539428710938 202.51542282104492 248.47440338134766 159.92367553710938 248.47440338134766
158.09146118164062 191.8188018798828 200.98341751098633 191.8188018798828 200.98341751098633 249.0080909729004 158.09146118164062 249.0080909729004
157.13650512695312 191.72622680664062 200.00466918945312 191.72622680664062 200.00466918945312 248.8837890625 157.13650512695312 248.8837890625
159.52798461914062 190.7602081298828 202.96975708007812 190.7602081298828 202.96975708007812 248.6825828552246 159.52798461914062 248.6825828552246
158.57894897460938 189.86190795898438 202.1194076538086 189.86190795898438 202.1194076538086 247.9158706665039 158.57894897460938 247.9158706665039
159.19149780273438 190.041015625 202.62833786010742 190.041015625 202.62833786010742 247.95682907104492 159.19149780273438 247.95682907104492
159.35226440429688 189.08172607421875 202.37531280517578 189.08172607421875 202.37531280517578 246.44581985473633 159.35226440429688 246.44581985473633
160.8756103515625 189.1017303466797 203.37499618530273 189.1017303466797 203.37499618530273 245.7676124572754 160.8756103515625 245.7676124572754
162.18020629882812 190.9496612548828 203.85222244262695 190.9496612548828 203.85222244262695 246.51238250732422 162.18020629882812 246.51238250732422
160.962158203125 191.22291564941406 201.86425018310547 191.22291564941406 201.86425018310547 245.7590675354004 160.962158203125 245.7590675354004
161.8916015625 189.1001739501953 203.2005844116211 189.1001739501953 203.2005844116211 243.9906997680664 161.8916015625 243.9906997680664
160.22793579101562 189.57699584960938 202.08527374267578 189.57699584960938 202.08527374267578 245.3868179321289 160.22793579101562 245.3868179321289
160.40371704101562 189.46356201171875 202.93718338012695 189.46356201171875 202.93718338012695 246.17488479614258 160.40371704101562 246.17488479614258
159.415771484375 188.8365936279297 203.09310913085938 188.8365936279297 203.09310913085938 247.07308197021484 159.415771484375 247.07308197021484
158.9429931640625 189.0096435546875 203.26850509643555 189.0096435546875 203.26850509643555 248.11037063598633 158.9429931640625 248.11037063598633
159.48068237304688 188.22201538085938 204.0014419555664 188.22201538085938 204.0014419555664 248.2215461730957 159.48068237304688 248.2215461730957
159.31100463867188 186.40859985351562 204.4600601196289 186.40859985351562 204.4600601196289 246.43112182617188 159.31100463867188 246.43112182617188
157.75009155273438 189.17877197265625 203.08174514770508 189.17877197265625 203.08174514770508 249.62101364135742 157.75009155273438 249.62101364135742
159.44125366210938 185.91468811035156 204.58245086669922 185.91468811035156 204.58245086669922 246.43178939819336 159.44125366210938 246.43178939819336
158.1958465576172 186.37420654296875 203.83096313476562 186.37420654296875 203.83096313476562 247.57932662963867 158.1958465576172 247.57932662963867
158.3974151611328 186.1453857421875 204.07289505004883 186.1453857421875 204.07289505004883 248.80968475341797 158.3974151611328 248.80968475341797
157.7205810546875 186.78353881835938 204.22490692138672 186.78353881835938 204.22490692138672 249.16617965698242 157.7205810546875 249.16617965698242
158.63287353515625 186.5103759765625 204.30108642578125 186.5103759765625 204.30108642578125 246.9430046081543 158.63287353515625 246.9430046081543
158.0329132080078 185.5576934814453 203.96739959716797 185.5576934814453 203.96739959716797 247.5850486755371 158.0329132080078 247.5850486755371
157.72659301757812 184.9104461669922 204.20011138916016 184.9104461669922 204.20011138916016 247.91217422485352 157.72659301757812 247.91217422485352
158.14988708496094 185.6400146484375 203.77569961547852 185.6400146484375 203.77569961547852 248.4822769165039 158.14988708496094 248.4822769165039
158.95230102539062 185.1815185546875 204.13004302978516 185.1815185546875 204.13004302978516 247.25507736206055 158.95230102539062 247.25507736206055
156.9788360595703 187.07000732421875 202.8703384399414 187.07000732421875 202.8703384399414 248.26724243164062 156.9788360595703 248.26724243164062
157.2542266845703 186.39431762695312 203.0101203918457 186.39431762695312 203.0101203918457 248.7634506225586 157.2542266845703 248.7634506225586
157.9407196044922 186.10826110839844 203.59692764282227 186.10826110839844 203.59692764282227 248.81824493408203 157.9407196044922 248.81824493408203
157.45388793945312 185.32412719726562 202.72367095947266 185.32412719726562 202.72367095947266 248.4008560180664 157.45388793945312 248.4008560180664
158.45657348632812 185.75918579101562 204.59722518920898 185.75918579101562 204.59722518920898 247.64537811279297 158.45657348632812 247.64537811279297
158.2396240234375 186.05018615722656 204.2784881591797 186.05018615722656 204.2784881591797 248.41178131103516 158.2396240234375 248.41178131103516
156.24510192871094 184.32383728027344 200.2583465576172 184.32383728027344 200.2583465576172 247.4962501525879 156.24510192871094 247.4962501525879
155.9100341796875 184.96678161621094 201.2511978149414 184.96678161621094 201.2511978149414 247.72246551513672 155.9100341796875 247.72246551513672
154.8931427001953 185.217529296875 201.20457458496094 185.217529296875 201.20457458496094 248.37738800048828 154.8931427001953 248.37738800048828
155.936767578125 184.23095703125 201.59429550170898 184.23095703125 201.59429550170898 248.01686477661133 155.936767578125 248.01686477661133
155.65457153320312 185.6404266357422 201.6807746887207 185.6404266357422 201.6807746887207 248.81392669677734 155.65457153320312 248.81392669677734
155.0954132080078 185.1796112060547 201.79357528686523 185.1796112060547 201.79357528686523 249.57648468017578 155.0954132080078 249.57648468017578
157.09463500976562 185.00396728515625 202.20458984375 185.00396728515625 202.20458984375 249.2426300048828 157.09463500976562 249.2426300048828
156.22549438476562 183.9109344482422 202.05434036254883 183.9109344482422 202.05434036254883 248.60982513427734 156.22549438476562 248.60982513427734
156.8837432861328 183.48025512695312 201.6454086303711 183.48025512695312 201.6454086303711 248.69266510009766 156.8837432861328 248.69266510009766
157.19918823242188 183.90521240234375 202.9506721496582 183.90521240234375 202.9506721496582 248.5375518798828 157.19918823242188 248.5375518798828
157.0110626220703 184.75222778320312 202.14496612548828 184.75222778320312 202.14496612548828 248.8571014404297 157.0110626220703 248.8571014404297
156.21424865722656 185.3505096435547 201.96879959106445 185.3505096435547 201.96879959106445 249.71353149414062 156.21424865722656 249.71353149414062
155.87234497070312 184.9857177734375 201.57003021240234 184.9857177734375 201.57003021240234 249.7810821533203 155.87234497070312 249.7810821533203
156.4493865966797 184.3047332763672 202.39301300048828 184.3047332763672 202.39301300048828 249.21348571777344 156.4493865966797 249.21348571777344
156.2766876220703 183.78013610839844 201.76727676391602 183.78013610839844 201.76727676391602 248.31109619140625 156.2766876220703 248.31109619140625
156.0651397705078 184.7733154296875 201.2274627685547 184.7733154296875 201.2274627685547 248.5235710144043 156.0651397705078 248.5235710144043
155.7842559814453 183.75933837890625 200.9446678161621 183.75933837890625 200.9446678161621 246.8642807006836 155.7842559814453 246.8642807006836
156.74459838867188 184.34661865234375 201.0151252746582 184.34661865234375 201.0151252746582 248.4545669555664 156.74459838867188 248.4545669555664
155.66543579101562 183.82638549804688 199.7284278869629 183.82638549804688 199.7284278869629 247.90544891357422 155.66543579101562 247.90544891357422
156.1424560546875 184.62538146972656 200.21961975097656 184.62538146972656 200.21961975097656 247.0724868774414 156.1424560546875 247.0724868774414
155.4438018798828 186.5486602783203 200.8621063232422 186.5486602783203 200.8621063232422 248.12417221069336 155.4438018798828 248.12417221069336
155.879150390625 186.55172729492188 201.26733779907227 186.55172729492188 201.26733779907227 248.96785354614258 155.879150390625 248.96785354614258
155.55044555664062 185.83847045898438 201.7896728515625 185.83847045898438 201.7896728515625 249.02397918701172 155.55044555664062 249.02397918701172
155.2535858154297 185.469970703125 201.38697052001953 185.469970703125 201.38697052001953 248.48641967773438 155.2535858154297 248.48641967773438
154.58937072753906 184.70001220703125 201.02475357055664 184.70001220703125 201.02475357055664 250.32221221923828 154.58937072753906 250.32221221923828
155.81690979003906 183.4693145751953 201.7841567993164 183.4693145751953 201.7841567993164 249.19638061523438 155.81690979003906 249.19638061523438
156.32345581054688 184.8673858642578 202.06744003295898 184.8673858642578 202.06744003295898 249.05509185791016 156.32345581054688 249.05509185791016
155.65951538085938 184.44790649414062 201.92902374267578 184.44790649414062 201.92902374267578 249.77056121826172 155.65951538085938 249.77056121826172
154.77780151367188 183.36166381835938 201.2015609741211 183.36166381835938 201.2015609741211 248.6073989868164 154.77780151367188 248.6073989868164
156.3193817138672 182.63088989257812 201.76863861083984 182.63088989257812 201.76863861083984 249.08985900878906 156.3193817138672 249.08985900878906
157.47372436523438 183.93417358398438 203.15457916259766 183.93417358398438 203.15457916259766 249.1207504272461 157.47372436523438 249.1207504272461
156.7808837890625 182.9232177734375 203.02507781982422 182.9232177734375 203.02507781982422 247.66395568847656 156.7808837890625 247.66395568847656
156.47299194335938 185.33358764648438 202.87125396728516 185.33358764648438 202.87125396728516 249.02816009521484 156.47299194335938 249.02816009521484
157.2793426513672 183.02481079101562 202.8466567993164 183.02481079101562 202.8466567993164 248.22093200683594 157.2793426513672 248.22093200683594
157.50912475585938 183.68637084960938 203.01464080810547 183.68637084960938 203.01464080810547 249.07866668701172 157.50912475585938 249.07866668701172
156.51309204101562 185.37387084960938 202.43172073364258 185.37387084960938 202.43172073364258 249.65126037597656 156.51309204101562 249.65126037597656
156.73013305664062 183.77752685546875 202.35054397583008 183.77752685546875 202.35054397583008 247.9174575805664 156.73013305664062 247.9174575805664
157.06642150878906 182.9011993408203 202.00640106201172 182.9011993408203 202.00640106201172 248.64198303222656 157.06642150878906 248.64198303222656
157.98312377929688 183.90396118164062 203.40447235107422 183.90396118164062 203.40447235107422 247.79135131835938 157.98312377929688 247.79135131835938
162.139892578125 186.63099670410156 206.17854690551758 186.63099670410156 206.17854690551758 249.42340850830078 162.139892578125 249.42340850830078
160.82473754882812 186.6390380859375 205.61835479736328 186.6390380859375 205.61835479736328 249.43476104736328 160.82473754882812 249.43476104736328
160.6981964111328 190.74154663085938 206.5042953491211 190.74154663085938 206.5042953491211 247.6563606262207 160.6981964111328 247.6563606262207
168.453369140625 189.59762573242188 212.31266021728516 189.59762573242188 212.31266021728516 248.56694412231445 168.453369140625 248.56694412231445
166.7926788330078 192.3582763671875 211.90680694580078 192.3582763671875 211.90680694580078 248.8017807006836 166.7926788330078 248.8017807006836
170.8897705078125 195.1698455810547 216.53313446044922 195.1698455810547 216.53313446044922 250.4515609741211 170.8897705078125 250.4515609741211
184.19676208496094 193.29611206054688 231.21422958374023 193.29611206054688 231.21422958374023 255.12909698486328 184.19676208496094 255.12909698486328
202.5666046142578 192.32659912109375 249.03196716308594 192.32659912109375 249.03196716308594 258.6196517944336 202.5666046142578 258.6196517944336
202.08193969726562 212.39114379882812 250.30347442626953 212.39114379882812 250.30347442626953 276.68663024902344 202.08193969726562 276.68663024902344
255.9873809814453 207.6916046142578 305.2440414428711 207.6916046142578 305.2440414428711 263.16246032714844 255.9873809814453 263.16246032714844
272.9819641113281 207.8354034423828 317.4622611999512 207.8354034423828 317.4622611999512 259.21265411376953 272.9819641113281 259.21265411376953
290.9888000488281 206.699951171875 338.0238151550293 206.699951171875 338.0238151550293 259.47493743896484 290.9888000488281 259.47493743896484
299.86968994140625 208.41860961914062 344.83679962158203 208.41860961914062 344.83679962158203 261.7313423156738 299.86968994140625 261.7313423156738
309.9627685546875 208.4334716796875 355.6529312133789 208.4334716796875 355.6529312133789 262.3505172729492 309.9627685546875 262.3505172729492
323.7813720703125 205.4226531982422 369.08731842041016 205.4226531982422 369.08731842041016 262.2284698486328 323.7813720703125 262.2284698486328
336.6730651855469 203.1904296875 381.7596969604492 203.1904296875 381.7596969604492 265.46378326416016 336.6730651855469 265.46378326416016
341.3287658691406 205.4664764404297 386.20641326904297 205.4664764404297 386.20641326904297 263.16158294677734 341.3287658691406 263.16158294677734
351.6831970214844 207.44210815429688 397.96617889404297 207.44210815429688 397.96617889404297 263.96455001831055 351.6831970214844 263.96455001831055
361.0944519042969 207.8160400390625 406.9103775024414 207.8160400390625 406.9103775024414 265.0085220336914 361.0944519042969 265.0085220336914
364.8868408203125 209.0279541015625 408.2810974121094 209.0279541015625 408.2810974121094 263.8926696777344 364.8868408203125 263.8926696777344
367.4847106933594 209.001708984375 414.8384780883789 209.001708984375 414.8384780883789 266.8101387023926 367.4847106933594 266.8101387023926
371.912841796875 210.8540802001953 418.1332702636719 210.8540802001953 418.1332702636719 270.2661666870117 371.912841796875 270.2661666870117
375.0735778808594 211.2490997314453 422.3273582458496 211.2490997314453 422.3273582458496 272.7877769470215 375.0735778808594 272.7877769470215
382.4462585449219 212.62789916992188 428.8395576477051 212.62789916992188 428.8395576477051 273.0234260559082 382.4462585449219 273.0234260559082
401.42767333984375 210.9185791015625 445.6810531616211 210.9185791015625 445.6810531616211 272.00043869018555 401.42767333984375 272.00043869018555
402.5205383300781 213.6467742919922 447.0058288574219 213.6467742919922 447.0058288574219 271.4933395385742 402.5205383300781 271.4933395385742
403.99517822265625 214.47055053710938 449.4324722290039 214.47055053710938 449.4324722290039 274.66753005981445 403.99517822265625 274.66753005981445
408.1992492675781 211.93954467773438 456.26995849609375 211.93954467773438 456.26995849609375 274.2480697631836 408.1992492675781 274.2480697631836
416.21392822265625 214.693359375 462.8178901672363 214.693359375 462.8178901672363 276.4355049133301 416.21392822265625 276.4355049133301
421.65606689453125 216.4984588623047 463.64085388183594 216.4984588623047 463.64085388183594 271.24953842163086 421.65606689453125 271.24953842163086
429.30938720703125 220.4886016845703 473.3372268676758 220.4886016845703 473.3372268676758 277.4629440307617 429.30938720703125 277.4629440307617
437.03253173828125 217.7131805419922 481.6277732849121 217.7131805419922 481.6277732849121 279.97729110717773 437.03253173828125 279.97729110717773
462.38116455078125 223.94790649414062 509.10548400878906 223.94790649414062 509.10548400878906 282.9170150756836 462.38116455078125 282.9170150756836
463.8050842285156 223.4977264404297 510.9727096557617 223.4977264404297 510.9727096557617 283.7041893005371 463.8050842285156 283.7041893005371
470.738037109375 223.7057342529297 517.9056663513184 223.7057342529297 517.9056663513184 283.7671432495117 470.738037109375 283.7671432495117
479.74542236328125 223.0384521484375 524.4771919250488 223.0384521484375 524.4771919250488 283.8287124633789 479.74542236328125 283.8287124633789
491.115478515625 223.02536010742188 537.9733581542969 223.02536010742188 537.9733581542969 284.2327651977539 491.115478515625 284.2327651977539
500.2159118652344 226.732177734375 548.5224113464355 226.732177734375 548.5224113464355 288.7432670593262 500.2159118652344 288.7432670593262
505.21649169921875 230.56735229492188 552.3683547973633 230.56735229492188 552.3683547973633 288.2687568664551 505.21649169921875 288.2687568664551
517.24365234375 230.1481170654297 563.1285820007324 230.1481170654297 563.1285820007324 287.7757339477539 517.24365234375 287.7757339477539
531.1905517578125 228.2863311767578 580.0189590454102 228.2863311767578 580.0189590454102 290.1384963989258 531.1905517578125 290.1384963989258
544.3699951171875 228.6282501220703 592.2616500854492 228.6282501220703 592.2616500854492 292.3728370666504 544.3699951171875 292.3728370666504
555.0960083007812 234.5056915283203 603.8996162414551 234.5056915283203 603.8996162414551 294.90579986572266 555.0960083007812 294.90579986572266
