431.0 127.0 495.0 127.0 495.0 176.0 431.0 176.0
431.5154724121094 127.89786529541016 496.28065490722656 127.89786529541016 496.28065490722656 176.71851348876953 431.5154724121094 176.71851348876953
432.37908935546875 128.71603393554688 496.5035858154297 128.71603393554688 496.5035858154297 177.23038864135742 432.37908935546875 177.23038864135742
431.88299560546875 128.8013458251953 496.62306213378906 128.8013458251953 496.62306213378906 178.0357208251953 431.88299560546875 178.0357208251953
434.8719177246094 129.61502075195312 498.9053497314453 129.61502075195312 498.9053497314453 178.82593154907227 434.8719177246094 178.82593154907227
435.3031311035156 129.64662170410156 500.2812805175781 129.64662170410156 500.2812805175781 179.1972427368164 435.3031311035156 179.1972427368164
434.60333251953125 132.1692657470703 500.1501159667969 132.1692657470703 500.1501159667969 180.72685623168945 434.60333251953125 180.72685623168945
436.09063720703125 132.5822296142578 501.1907196044922 132.5822296142578 501.1907196044922 182.26952362060547 436.09063720703125 182.26952362060547
436.65936279296875 133.26797485351562 501.95062255859375 133.26797485351562 501.95062255859375 183.13421249389648 436.65936279296875 183.13421249389648
437.15850830078125 134.04383850097656 500.9900016784668 134.04383850097656 500.9900016784668 183.60550689697266 437.15850830078125 183.60550689697266
439.1175231933594 135.35092163085938 502.8404655456543 135.35092163085938 502.8404655456543 184.1387825012207 439.1175231933594 184.1387825012207
439.23040771484375 136.7638397216797 501.9520149230957 136.7638397216797 501.9520149230957 184.7850570678711 439.23040771484375 184.7850570678711
439.1490173339844 136.9738311767578 502.87114334106445 136.9738311767578 502.87114334106445 185.76107025146484 439.1490173339844 185.76107025146484
439.5719299316406 138.83934020996094 503.2607002258301 138.83934020996094 503.2607002258301 188.58290100097656 439.5719299316406 188.58290100097656
439.5613708496094 139.8377685546875 503.5136604309082 139.8377685546875 503.5136604309082 188.80122756958008 439.5613708496094 188.80122756958008
440.3636779785156 140.82008361816406 505.06616973876953 140.82008361816406 505.06616973876953 190.35791778564453 440.3636779785156 190.35791778564453
441.09014892578125 142.17974853515625 505.10374450683594 142.17974853515625 505.10374450683594 191.19014358520508 441.09014892578125 191.19014358520508
440.1905822753906 142.35072326660156 504.96888732910156 142.35072326660156 504.96888732910156 191.94660186767578 440.1905822753906 191.94660186767578
441.33038330078125 144.29098510742188 506.5028533935547 144.29098510742188 506.5028533935547 194.18864059448242 441.33038330078125 194.18864059448242
440.744873046875 145.02297973632812 507.0169677734375 145.02297973632812 507.0169677734375 195.76253509521484 440.744873046875 195.76253509521484
440.419189453125 146.2718505859375 507.34934997558594 146.2718505859375 507.34934997558594 197.51523971557617 440.419189453125 197.51523971557617
442.15447998046875 145.40469360351562 506.74375915527344 145.40469360351562 506.74375915527344 196.2464828491211 442.15447998046875 196.2464828491211
440.4781799316406 149.40786743164062 506.9045944213867 149.40786743164062 506.9045944213867 200.26558685302734 440.4781799316406 200.26558685302734
439.77471923828125 149.08987426757812 505.17547607421875 149.08987426757812 505.17547607421875 201.7789421081543 439.77471923828125 201.7789421081543
441.9598693847656 150.8402557373047 507.28675842285156 150.8402557373047 507.28675842285156 202.5721778869629 441.9598693847656 202.5721778869629
441.369384765625 151.59341430664062 507.95281982421875 151.59341430664062 507.95281982421875 203.65950393676758 441.369384765625 203.65950393676758
440.0696716308594 150.3454132080078 506.4790267944336 150.3454132080078 506.4790267944336 201.1900634765625 440.0696716308594 201.1900634765625
440.2151794433594 150.70663452148438 507.1706314086914 150.70663452148438 507.1706314086914 201.96939086914062 440.2151794433594 201.96939086914062
439.56390380859375 154.6814422607422 506.97999572753906 154.6814422607422 506.97999572753906 206.29687881469727 439.56390380859375 206.29687881469727
439.6080017089844 154.31898498535156 506.6553726196289 154.31898498535156 506.6553726196289 207.09015274047852 439.6080017089844 207.09015274047852
436.810302734375 155.81393432617188 504.52545166015625 155.81393432617188 504.52545166015625 208.63421630859375 436.810302734375 208.63421630859375
440.49359130859375 156.8388214111328 506.2914810180664 156.8388214111328 506.2914810180664 211.73657989501953 440.49359130859375 211.73657989501953
440.9342346191406 159.8885040283203 506.2100372314453 159.8885040283203 506.2100372314453 216.8119773864746 440.9342346191406 216.8119773864746
439.18402099609375 161.20852661132812 506.83209228515625 161.20852661132812 506.83209228515625 217.72034454345703 439.18402099609375 217.72034454345703
438.61883544921875 163.63674926757812 506.3839111328125 163.63674926757812 506.3839111328125 218.17205047607422 438.61883544921875 218.17205047607422
437.96453857421875 164.44900512695312 505.9187469482422 164.44900512695312 505.9187469482422 220.6343879699707 437.96453857421875 220.6343879699707
438.2710876464844 165.15304565429688 505.1350555419922 165.15304565429688 505.1350555419922 220.8031997680664 438.2710876464844 220.8031997680664
436.25067138671875 169.20455932617188 502.9848861694336 169.20455932617188 502.9848861694336 222.87255859375 436.25067138671875 222.87255859375
434.2176818847656 166.76931762695312 505.50423431396484 166.76931762695312 505.50423431396484 222.21957397460938 434.2176818847656 222.21957397460938
433.1185607910156 169.5711669921875 504.72643280029297 169.5711669921875 504.72643280029297 225.977783203125 433.1185607910156 225.977783203125
430.6168518066406 173.7270050048828 502.6241989135742 173.7270050048828 502.6241989135742 228.48719787597656 430.6168518066406 228.48719787597656
431.53692626953125 174.69642639160156 504.25450134277344 174.69642639160156 504.25450134277344 229.76357650756836 431.53692626953125 229.76357650756836
429.7533264160156 177.2208251953125 502.9336700439453 177.2208251953125 502.9336700439453 232.04723358154297 429.7533264160156 232.04723358154297
429.1904296875 177.43527221679688 503.37245178222656 177.43527221679688 503.37245178222656 233.68181228637695 429.1904296875 233.68181228637695
426.8818359375 181.0972900390625 500.64522552490234 181.0972900390625 500.64522552490234 234.48521041870117 426.8818359375 234.48521041870117
424.6168518066406 181.00576782226562 499.6811218261719 181.00576782226562 499.6811218261719 237.51780319213867 424.6168518066406 237.51780319213867
423.0626525878906 184.60662841796875 499.80342864990234 184.60662841796875 499.80342864990234 239.56680297851562 423.0626525878906 239.56680297851562
421.99261474609375 186.08261108398438 498.5256652832031 186.08261108398438 498.5256652832031 241.6361083984375 421.99261474609375 241.6361083984375
418.3251953125 187.27914428710938 496.3562927246094 187.27914428710938 496.3562927246094 243.91510009765625 418.3251953125 243.91510009765625
416.87841796875 187.66964721679688 496.3699264526367 187.66964721679688 496.3699264526367 244.9673843383789 416.87841796875 244.9673843383789
415.88140869140625 190.68222045898438 494.8302230834961 190.68222045898438 494.8302230834961 246.77941131591797 415.88140869140625 246.77941131591797
412.109375 192.03546142578125 492.1071014404297 192.03546142578125 492.1071014404297 251.64574432373047 412.109375 251.64574432373047
409.0237731933594 195.0411376953125 488.92516326904297 195.0411376953125 488.92516326904297 252.70633697509766 409.0237731933594 252.70633697509766
407.48492431640625 196.7592010498047 487.9496383666992 196.7592010498047 487.9496383666992 253.7370834350586 407.48492431640625 253.7370834350586
405.72479248046875 198.09344482421875 487.2384948730469 198.09344482421875 487.2384948730469 254.32041549682617 405.72479248046875 254.32041549682617
402.19720458984375 199.76333618164062 482.86190032958984 199.76333618164062 482.86190032958984 259.4167785644531 402.19720458984375 259.4167785644531
400.4068908691406 202.3985137939453 482.4527359008789 202.3985137939453 482.4527359008789 260.8582305908203 400.4068908691406 260.8582305908203
397.95416259765625 204.33401489257812 479.45811462402344 204.33401489257812 479.45811462402344 262.56086349487305 397.95416259765625 262.56086349487305
393.577392578125 206.2159881591797 477.90171813964844 206.2159881591797 477.90171813964844 266.629093170166 393.577392578125 266.629093170166
392.6473083496094 208.45254516601562 475.6520767211914 208.45254516601562 475.6520767211914 267.8254089355469 392.6473083496094 267.8254089355469
387.36566162109375 212.2244415283203 472.35164642333984 212.2244415283203 472.35164642333984 271.666202545166 387.36566162109375 271.666202545166
383.0973815917969 211.48776245117188 470.19388580322266 211.48776245117188 470.19388580322266 276.7002258300781 383.0973815917969 276.7002258300781
379.517578125 213.0269775390625 467.34737396240234 213.0269775390625 467.34737396240234 280.08306884765625 379.517578125 280.08306884765625
373.34088134765625 215.66796875 464.1094512939453 215.66796875 464.1094512939453 283.55506896972656 373.34088134765625 283.55506896972656
370.98602294921875 216.49954223632812 461.81192779541016 216.49954223632812 461.81192779541016 285.19264221191406 370.98602294921875 285.19264221191406
368.5721130371094 220.55441284179688 456.1412811279297 220.55441284179688 456.1412811279297 288.7996139526367 368.5721130371094 288.7996139526367
363.94635009765625 221.6246337890625 454.38829040527344 221.6246337890625 454.38829040527344 292.2555236816406 363.94635009765625 292.2555236816406
358.03240966796875 224.7410888671875 449.1825408935547 224.7410888671875 449.1825408935547 295.6634216308594 358.03240966796875 295.6634216308594
355.0323181152344 223.9651336669922 448.83909606933594 223.9651336669922 448.83909606933594 296.19593811035156 355.0323181152344 296.19593811035156
350.62542724609375 229.1260528564453 444.1656951904297 229.1260528564453 444.1656951904297 300.4474563598633 350.62542724609375 300.4474563598633
345.9394226074219 231.06301879882812 438.82740783691406 231.06301879882812 438.82740783691406 302.91268157958984 345.9394226074219 302.91268157958984
339.40814208984375 232.13412475585938 434.59349822998047 232.13412475585938 434.59349822998047 304.70191192626953 339.40814208984375 304.70191192626953
337.17254638671875 238.877197265625 430.2215881347656 238.877197265625 430.2215881347656 310.88623046875 337.17254638671875 310.88623046875
332.92584228515625 239.72787475585938 424.8800277709961 239.72787475585938 424.8800277709961 311.43263244628906 332.92584228515625 311.43263244628906
325.6459045410156 246.3189239501953 416.6737365722656 246.3189239501953 416.6737365722656 317.7557067871094 325.6459045410156 317.7557067871094
321.2364501953125 245.481689453125 413.4716033935547 245.481689453125 413.4716033935547 317.88990783691406 321.2364501953125 317.88990783691406
316.30255126953125 251.2414093017578 404.68328857421875 251.2414093017578 404.68328857421875 320.89324951171875 316.30255126953125 320.89324951171875
311.8257751464844 253.5194549560547 402.9068145751953 253.5194549560547 402.9068145751953 323.4095764160156 311.8257751464844 323.4095764160156
299.52642822265625 259.59967041015625 391.7712707519531 259.59967041015625 391.7712707519531 329.5698547363281 299.52642822265625 329.5698547363281
296.30242919921875 260.4930725097656 391.9392623901367 260.4930725097656 391.9392623901367 334.41426849365234 296.30242919921875 334.41426849365234
287.06536865234375 254.4351806640625 387.1692657470703 254.4351806640625 387.1692657470703 331.7873077392578 287.06536865234375 331.7873077392578
278.3876037597656 261.097900390625 378.3754119873047 261.097900390625 378.3754119873047 338.19705963134766 278.3876037597656 338.19705963134766
274.54876708984375 265.9009704589844 374.2101287841797 265.9009704589844 374.2101287841797 344.59046936035156 274.54876708984375 344.59046936035156
263.2867126464844 265.39764404296875 366.94300842285156 265.39764404296875 366.94300842285156 344.7595520019531 263.2867126464844 344.7595520019531
252.31533813476562 272.9431457519531 355.9597625732422 272.9431457519531 355.9597625732422 354.52796936035156 252.31533813476562 354.52796936035156
247.1728515625 274.1566162109375 352.09867095947266 274.1566162109375 352.09867095947266 357.21449279785156 247.1728515625 357.21449279785156
226.2327117919922 278.4329528808594 334.00755310058594 278.4329528808594 334.00755310058594 360.94810485839844 226.2327117919922 360.94810485839844
224.4931182861328 280.9498291015625 333.8971252441406 280.9498291015625 333.8971252441406 365.67724609375 224.4931182861328 365.67724609375
209.26876831054688 285.6411437988281 319.9494171142578 285.6411437988281 319.9494171142578 370.3810501098633 209.26876831054688 370.3810501098633
201.01351928710938 288.3731384277344 312.88939666748047 288.3731384277344 312.88939666748047 374.0281448364258 201.01351928710938 374.0281448364258
184.41726684570312 297.14129638671875 297.81764221191406 297.14129638671875 297.81764221191406 383.96349334716797 184.41726684570312 383.96349334716797
170.0681610107422 302.69873046875 284.3457336425781 302.69873046875 284.3457336425781 391.6984329223633 170.0681610107422 391.6984329223633
158.8312530517578 302.1200256347656 279.6643829345703 302.1200256347656 279.6643829345703 394.63292694091797 158.8312530517578 394.63292694091797
147.5399932861328 312.8959045410156 266.7616958618164 312.8959045410156 266.7616958618164 404.9158630371094 147.5399932861328 404.9158630371094
134.10720825195312 313.39019775390625 256.9927444458008 313.39019775390625 256.9927444458008 407.70611572265625 134.10720825195312 407.70611572265625
120.11737060546875 329.0612487792969 242.7497100830078 329.0612487792969 242.7497100830078 419.46221923828125 120.11737060546875 419.46221923828125
104.928466796875 337.9048767089844 229.56431579589844 337.9048767089844 229.56431579589844 429.05113220214844 104.928466796875 429.05113220214844
81.53790283203125 345.0915832519531 212.77099609375 345.0915832519531 212.77099609375 438.3675537109375 81.53790283203125 438.3675537109375
63.20460891723633 354.11260986328125 191.55635452270508 354.11260986328125 191.55635452270508 445.95143127441406 63.20460891723633 445.95143127441406
51.51103591918945 359.29803466796875 185.08205032348633 359.29803466796875 185.08205032348633 451.62332916259766 51.51103591918945 451.62332916259766
37.201812744140625 367.98370361328125 173.4432373046875 367.98370361328125 173.4432373046875 460.14756774902344 37.201812744140625 460.14756774902344
23.45584487915039 368.65960693359375 165.13835525512695 368.65960693359375 165.13835525512695 462.1715621948242 23.45584487915039 462.1715621948242
20.710948944091797 366.7449951171875 157.74802780151367 366.7449951171875 157.74802780151367 461.75704193115234 20.710948944091797 461.75704193115234
3.072981357574463 360.7873840332031 131.35061502456665 360.7873840332031 131.35061502456665 458.99999237060547 3.072981357574463 458.99999237060547
0.0 365.01568603515625 122.75495910644531 365.01568603515625 122.75495910644531 458.99999237060547 0.0 458.99999237060547
80.46913146972656 363.7842712402344 204.83245849609375 363.7842712402344 204.83245849609375 458.99998474121094 80.46913146972656 458.99998474121094
52.63606643676758 365.408935546875 174.87744522094727 365.408935546875 174.87744522094727 459.0000305175781 52.63606643676758 459.0000305175781
44.11516571044922 366.6282653808594 164.76392364501953 366.6282653808594 164.76392364501953 459.00000762939453 44.11516571044922 459.00000762939453
25.579418182373047 367.4686279296875 145.13056564331055 367.4686279296875 145.13056564331055 459.0000228881836 25.579418182373047 459.0000228881836
