541.0 165.0 606.0 165.0 606.0 373.0 541.0 373.0
540.9376831054688 156.54257202148438 604.6862602233887 156.54257202148438 604.6862602233887 361.8962860107422 540.9376831054688 361.8962860107422
539.12158203125 155.56954956054688 600.2562446594238 155.56954956054688 600.2562446594238 360.4884033203125 539.12158203125 360.4884033203125
537.5650634765625 159.3961639404297 598.5695381164551 159.3961639404297 598.5695381164551 363.8854675292969 537.5650634765625 363.8854675292969
536.0814208984375 155.7308807373047 596.0036201477051 155.7308807373047 596.0036201477051 358.4007263183594 536.0814208984375 358.4007263183594
536.1257934570312 148.67648315429688 592.8976249694824 148.67648315429688 592.8976249694824 350.22715759277344 536.1257934570312 350.22715759277344
533.18017578125 141.646728515625 590.5060234069824 141.646728515625 590.5060234069824 345.7030029296875 533.18017578125 345.7030029296875
530.757568359375 141.72879028320312 589.3065605163574 141.72879028320312 589.3065605163574 342.29620361328125 530.757568359375 342.29620361328125
527.9818115234375 143.8170928955078 588.405933380127 143.8170928955078 588.405933380127 342.0137939453125 527.9818115234375 342.0137939453125
527.5706787109375 145.84373474121094 586.5531616210938 145.84373474121094 586.5531616210938 337.09161376953125 527.5706787109375 337.09161376953125
525.2037353515625 143.32431030273438 583.4863662719727 143.32431030273438 583.4863662719727 335.0724639892578 525.2037353515625 335.0724639892578
522.77197265625 139.04800415039062 581.4494438171387 139.04800415039062 581.4494438171387 330.74267578125 522.77197265625 330.74267578125
520.6573486328125 128.9375 578.0004348754883 128.9375 578.0004348754883 319.8356018066406 520.6573486328125 319.8356018066406
514.9642333984375 128.4440155029297 574.6720199584961 128.4440155029297 574.6720199584961 317.7975769042969 514.9642333984375 317.7975769042969
509.289306640625 130.94703674316406 570.6805534362793 130.94703674316406 570.6805534362793 318.152587890625 509.289306640625 318.152587890625
504.296142578125 131.86264038085938 565.4187622070312 131.86264038085938 565.4187622070312 319.23143005371094 504.296142578125 319.23143005371094
498.16729736328125 124.60833740234375 558.9101257324219 124.60833740234375 558.9101257324219 310.60475158691406 498.16729736328125 310.60475158691406
492.4523010253906 117.59248352050781 551.0780448913574 117.59248352050781 551.0780448913574 301.4019317626953 492.4523010253906 301.4019317626953
485.709228515625 111.86116027832031 544.089973449707 111.86116027832031 544.089973449707 294.4385528564453 485.709228515625 294.4385528564453
481.8426818847656 111.37479400634766 540.1402282714844 111.37479400634766 540.1402282714844 291.58255767822266 481.8426818847656 291.58255767822266
477.3360900878906 111.87889099121094 534.2885856628418 111.87889099121094 534.2885856628418 290.74908447265625 477.3360900878906 290.74908447265625
473.89947509765625 112.22541809082031 532.6681747436523 112.22541809082031 532.6681747436523 291.8329315185547 473.89947509765625 291.8329315185547
469.2899475097656 109.63963317871094 527.047492980957 109.63963317871094 527.047492980957 288.56011962890625 469.2899475097656 288.56011962890625
465.5690002441406 107.98170471191406 523.9964981079102 107.98170471191406 523.9964981079102 286.6116485595703 465.5690002441406 286.6116485595703
460.9767150878906 101.92601013183594 518.7862968444824 101.92601013183594 518.7862968444824 284.64881896972656 460.9767150878906 284.64881896972656
455.36590576171875 100.32756042480469 511.7418746948242 100.32756042480469 511.7418746948242 273.8118133544922 455.36590576171875 273.8118133544922
450.17095947265625 97.49311065673828 505.3850212097168 97.49311065673828 505.3850212097168 268.4511032104492 450.17095947265625 268.4511032104492
442.09735107421875 99.17233276367188 498.8958549499512 99.17233276367188 498.8958549499512 269.3880157470703 442.09735107421875 269.3880157470703
432.5484313964844 97.78395080566406 491.1899108886719 97.78395080566406 491.1899108886719 273.6213836669922 432.5484313964844 273.6213836669922
419.546875 94.47367858886719 478.7390823364258 94.47367858886719 478.7390823364258 270.3354187011719 419.546875 270.3354187011719
412.12445068359375 93.25639343261719 472.0899543762207 93.25639343261719 472.0899543762207 266.8028259277344 412.12445068359375 266.8028259277344
405.0809020996094 88.9076156616211 465.2784118652344 88.9076156616211 465.2784118652344 255.2324447631836 405.0809020996094 255.2324447631836
399.49102783203125 83.4509506225586 459.94657135009766 83.4509506225586 459.94657135009766 254.43859100341797 399.49102783203125 254.43859100341797
387.82073974609375 84.55270385742188 449.9884338378906 84.55270385742188 449.9884338378906 253.31227111816406 387.82073974609375 253.31227111816406
381.21087646484375 83.10023498535156 441.78228759765625 83.10023498535156 441.78228759765625 252.2259521484375 381.21087646484375 252.2259521484375
375.63671875 78.7308120727539 434.9499702453613 78.7308120727539 434.9499702453613 248.53524017333984 375.63671875 248.53524017333984
371.9314880371094 75.74290466308594 430.69573974609375 75.74290466308594 430.69573974609375 247.2477569580078 371.9314880371094 247.2477569580078
366.971923828125 73.85044860839844 424.9192199707031 73.85044860839844 424.9192199707031 240.7260284423828 366.971923828125 240.7260284423828
361.95941162109375 69.80400085449219 419.6493911743164 69.80400085449219 419.6493911743164 237.24093627929688 361.95941162109375 237.24093627929688
356.8298034667969 67.95992279052734 414.8952522277832 67.95992279052734 414.8952522277832 235.88311004638672 356.8298034667969 235.88311004638672
352.74981689453125 67.80904388427734 410.3321952819824 67.80904388427734 410.3321952819824 236.57779693603516 352.74981689453125 236.57779693603516
347.5216369628906 70.0781478881836 403.91852951049805 70.0781478881836 403.91852951049805 236.98979949951172 347.5216369628906 236.98979949951172
341.7714538574219 69.72541046142578 400.0875778198242 69.72541046142578 400.0875778198242 236.71019744873047 341.7714538574219 236.71019744873047
335.46826171875 68.19735717773438 391.5824775695801 68.19735717773438 391.5824775695801 233.19532775878906 335.46826171875 233.19532775878906
330.19989013671875 66.56272888183594 386.7924995422363 66.56272888183594 386.7924995422363 231.3461151123047 330.19989013671875 231.3461151123047
324.7009582519531 62.53400421142578 379.4286422729492 62.53400421142578 379.4286422729492 221.25846099853516 324.7009582519531 221.25846099853516
319.4248352050781 58.842529296875 374.6230583190918 58.842529296875 374.6230583190918 216.345458984375 319.4248352050781 216.345458984375
313.46099853515625 58.54425811767578 368.88170623779297 58.54425811767578 368.88170623779297 213.02153778076172 313.46099853515625 213.02153778076172
309.9814147949219 59.7171630859375 365.4493637084961 59.7171630859375 365.4493637084961 211.7757110595703 309.9814147949219 211.7757110595703
304.8985290527344 59.4161376953125 360.2721939086914 59.4161376953125 360.2721939086914 210.19459533691406 304.8985290527344 210.19459533691406
299.3717346191406 55.5882453918457 354.64313888549805 55.5882453918457 354.64313888549805 209.3116798400879 299.3717346191406 209.3116798400879
291.1781311035156 52.780311584472656 346.37964630126953 52.780311584472656 346.37964630126953 206.02025604248047 291.1781311035156 206.02025604248047
285.3761901855469 50.522216796875 339.6539993286133 50.522216796875 339.6539993286133 204.67337036132812 285.3761901855469 204.67337036132812
282.08502197265625 46.65305709838867 335.45922088623047 46.65305709838867 335.45922088623047 197.7793846130371 282.08502197265625 197.7793846130371
275.6653747558594 43.5796012878418 330.36009979248047 43.5796012878418 330.36009979248047 196.6960563659668 275.6653747558594 196.6960563659668
269.876220703125 42.508907318115234 326.25399017333984 42.508907318115234 326.25399017333984 197.68130111694336 269.876220703125 197.68130111694336
264.61676025390625 44.921234130859375 321.6475715637207 44.921234130859375 321.6475715637207 203.32308959960938 264.61676025390625 203.32308959960938
257.3445739746094 43.62029266357422 314.2851333618164 43.62029266357422 314.2851333618164 204.8052749633789 257.3445739746094 204.8052749633789
250.76455688476562 42.16273880004883 305.8223991394043 42.16273880004883 305.8223991394043 198.62080764770508 250.76455688476562 198.62080764770508
246.022216796875 41.36494827270508 301.12271881103516 41.36494827270508 301.12271881103516 194.0531349182129 246.022216796875 194.0531349182129
242.14254760742188 40.259666442871094 296.04354095458984 40.259666442871094 296.04354095458984 188.4629135131836 242.14254760742188 188.4629135131836
236.72799682617188 34.817115783691406 291.34166717529297 34.817115783691406 291.34166717529297 184.03594207763672 236.72799682617188 184.03594207763672
231.4505157470703 33.96554946899414 286.7486228942871 33.96554946899414 286.7486228942871 181.9017677307129 231.4505157470703 181.9017677307129
227.10818481445312 33.06256866455078 281.95490646362305 33.06256866455078 281.95490646362305 181.04985809326172 227.10818481445312 181.04985809326172
234.4993896484375 30.146663665771484 284.8451042175293 30.146663665771484 284.8451042175293 191.2528953552246 234.4993896484375 191.2528953552246
262.64520263671875 16.24114418029785 313.0204162597656 16.24114418029785 313.0204162597656 177.4417667388916 262.64520263671875 177.4417667388916
222.46920776367188 8.07030200958252 277.55944061279297 8.07030200958252 277.55944061279297 147.8680009841919 222.46920776367188 147.8680009841919
230.1605987548828 17.184423446655273 281.5363311767578 17.184423446655273 281.5363311767578 181.5866756439209 230.1605987548828 181.5866756439209
213.3567657470703 5.681295871734619 267.3890609741211 5.681295871734619 267.3890609741211 143.77382516860962 213.3567657470703 143.77382516860962
190.1134490966797 0.06946563720703125 240.24665451049805 0.06946563720703125 240.24665451049805 160.49561309814453 190.1134490966797 160.49561309814453
189.49876403808594 0.0 238.53076934814453 0.0 238.53076934814453 156.90231323242188 189.49876403808594 156.90231323242188
183.84127807617188 0.0 232.1626968383789 0.0 232.1626968383789 154.62841796875 183.84127807617188 154.62841796875
168.83111572265625 0.0 216.8559341430664 0.0 216.8559341430664 153.67929077148438 168.83111572265625 153.67929077148438
157.96446228027344 0.0 205.03292083740234 0.0 205.03292083740234 150.61892700195312 157.96446228027344 150.61892700195312
153.08261108398438 0.0 200.05815887451172 0.0 200.05815887451172 150.32162475585938 153.08261108398438 150.32162475585938
145.89154052734375 0.38917237520217896 193.02733993530273 0.38917237520217896 193.02733993530273 146.69932252168655 145.89154052734375 146.69932252168655
145.02603149414062 0.0 192.33116912841797 0.0 192.33116912841797 151.37631225585938 145.02603149414062 151.37631225585938
136.28286743164062 0.0 181.8577995300293 0.0 181.8577995300293 145.8396759033203 136.28286743164062 145.8396759033203
131.44842529296875 0.0 176.36497116088867 0.0 176.36497116088867 143.73284912109375 131.44842529296875 143.73284912109375
127.96812438964844 1.8579574823379517 172.93928909301758 1.8579574823379517 172.93928909301758 145.76558077335358 127.96812438964844 145.76558077335358
119.74898529052734 0.541516125202179 165.14102935791016 0.541516125202179 165.14102935791016 145.79595643281937 119.74898529052734 145.79595643281937
125.00386810302734 0.45763319730758667 170.75091934204102 0.45763319730758667 170.75091934204102 136.8851234316826 125.00386810302734 136.8851234316826
122.2197036743164 0.317422479391098 169.26141357421875 0.317422479391098 169.26141357421875 123.75805053114891 122.2197036743164 123.75805053114891
121.3209457397461 0.1304977387189865 168.75158309936523 0.1304977387189865 168.75158309936523 121.76705627143383 121.3209457397461 121.76705627143383
125.64825439453125 0.0 168.0552215576172 0.0 168.0552215576172 135.7021942138672 125.64825439453125 135.7021942138672
125.68856048583984 0.0 168.48141479492188 0.0 168.48141479492188 132.61447143554688 125.68856048583984 132.61447143554688
128.7367706298828 0.0 170.57068252563477 0.0 170.57068252563477 133.868408203125 128.7367706298828 133.868408203125
128.20233154296875 1.9629570245742798 170.77767944335938 1.9629570245742798 170.77767944335938 129.9743400812149 128.20233154296875 129.9743400812149
127.89350891113281 1.4181907176971436 171.92449188232422 1.4181907176971436 171.92449188232422 117.81196665763855 127.89350891113281 117.81196665763855
126.35450744628906 2.2185120582580566 169.03348922729492 2.2185120582580566 169.03348922729492 116.9920563697815 126.35450744628906 116.9920563697815
127.0324935913086 0.44907912611961365 167.58428955078125 0.44907912611961365 167.58428955078125 130.2147499024868 127.0324935913086 130.2147499024868
128.45651245117188 0.34963226318359375 170.1812744140625 0.34963226318359375 170.1812744140625 129.07347869873047 128.45651245117188 129.07347869873047
129.02139282226562 4.158291816711426 173.21944046020508 4.158291816711426 173.21944046020508 123.21224689483643 129.02139282226562 123.21224689483643
129.73324584960938 4.784550666809082 172.75251388549805 4.784550666809082 172.75251388549805 124.92118549346924 129.73324584960938 124.92118549346924
