370.0 113.0 387.0 113.0 387.0 144.0 370.0 144.0
369.415771484375 113.02427673339844 384.3918581008911 113.02427673339844 384.3918581008911 144.94971084594727 369.415771484375 144.94971084594727
366.51544189453125 113.83186340332031 382.15019512176514 113.83186340332031 382.15019512176514 145.15688133239746 366.51544189453125 145.15688133239746
365.13458251953125 113.76302337646484 381.1565055847168 113.76302337646484 381.1565055847168 145.70203399658203 365.13458251953125 145.70203399658203
363.72637939453125 113.0892105102539 378.37039947509766 113.0892105102539 378.37039947509766 146.15867614746094 363.72637939453125 146.15867614746094
360.05303955078125 113.83084869384766 376.0610809326172 113.83084869384766 376.0610809326172 145.91293334960938 360.05303955078125 145.91293334960938
358.35064697265625 114.25505065917969 374.7318115234375 114.25505065917969 374.7318115234375 145.91100692749023 358.35064697265625 145.91100692749023
356.57708740234375 115.60872650146484 372.6061668395996 115.60872650146484 372.6061668395996 145.52819442749023 356.57708740234375 145.52819442749023
353.6324768066406 114.47184753417969 370.78686141967773 114.47184753417969 370.78686141967773 145.85741233825684 353.6324768066406 145.85741233825684
352.52032470703125 115.47564697265625 369.87228775024414 115.47564697265625 369.87228775024414 147.11745643615723 352.52032470703125 147.11745643615723
347.7029113769531 116.419189453125 364.5953140258789 116.419189453125 364.5953140258789 145.81401443481445 347.7029113769531 145.81401443481445
346.42669677734375 115.38948822021484 363.5888671875 115.38948822021484 363.5888671875 146.00255012512207 346.42669677734375 146.00255012512207
342.5861511230469 115.89273834228516 359.41904067993164 115.89273834228516 359.41904067993164 147.67852020263672 342.5861511230469 147.67852020263672
340.91461181640625 115.60194396972656 358.34886169433594 115.60194396972656 358.34886169433594 146.6005344390869 340.91461181640625 146.6005344390869
338.5110778808594 115.53292083740234 355.1103038787842 115.53292083740234 355.1103038787842 146.7124309539795 338.5110778808594 146.7124309539795
334.5207824707031 117.33665466308594 352.3644561767578 117.33665466308594 352.3644561767578 147.65073776245117 334.5207824707031 147.65073776245117
332.83160400390625 116.28446960449219 350.55704498291016 116.28446960449219 350.55704498291016 148.77777099609375 332.83160400390625 148.77777099609375
329.5448303222656 118.73905181884766 346.88977813720703 118.73905181884766 346.88977813720703 148.77057647705078 329.5448303222656 148.77057647705078
326.1278381347656 118.12910461425781 344.67380714416504 118.12910461425781 344.67380714416504 149.43276405334473 326.1278381347656 149.43276405334473
321.8541564941406 117.27229309082031 339.54359436035156 117.27229309082031 339.54359436035156 150.14419174194336 321.8541564941406 150.14419174194336
320.9754333496094 117.71369934082031 338.9739818572998 117.71369934082031 338.9739818572998 150.3746681213379 320.9754333496094 150.3746681213379
317.57366943359375 118.69718933105469 334.12046813964844 118.69718933105469 334.12046813964844 151.7496109008789 317.57366943359375 151.7496109008789
313.53155517578125 117.25434875488281 331.5005474090576 117.25434875488281 331.5005474090576 150.90828704833984 313.53155517578125 150.90828704833984
311.6995849609375 118.61720275878906 329.6047706604004 118.61720275878906 329.6047706604004 151.95281219482422 311.6995849609375 151.95281219482422
306.9829406738281 118.74092864990234 325.56591796875 118.74092864990234 325.56591796875 152.87712478637695 306.9829406738281 152.87712478637695
305.2623291015625 118.26176452636719 324.0461769104004 118.26176452636719 324.0461769104004 153.01705169677734 305.2623291015625 153.01705169677734
303.30908203125 118.8082504272461 321.1285991668701 118.8082504272461 321.1285991668701 154.0889015197754 303.30908203125 154.0889015197754
299.62884521484375 119.53761291503906 318.05963134765625 119.53761291503906 318.05963134765625 153.24159622192383 299.62884521484375 153.24159622192383
297.0373840332031 120.85813903808594 315.3560199737549 120.85813903808594 315.3560199737549 154.1596336364746 297.0373840332031 154.1596336364746
295.2571716308594 120.61268615722656 312.5711917877197 120.61268615722656 312.5711917877197 154.76597595214844 295.2571716308594 154.76597595214844
291.8494873046875 120.57118225097656 309.69140243530273 120.57118225097656 309.69140243530273 154.2899284362793 291.8494873046875 154.2899284362793
291.71258544921875 122.48348236083984 309.3581962585449 122.48348236083984 309.3581962585449 155.44981384277344 291.71258544921875 155.44981384277344
284.70147705078125 127.02122497558594 302.8484764099121 127.02122497558594 302.8484764099121 160.1128158569336 284.70147705078125 160.1128158569336
284.1114501953125 123.45072937011719 301.2358570098877 123.45072937011719 301.2358570098877 155.06858253479004 284.1114501953125 155.06858253479004
283.3606872558594 122.57881927490234 301.658260345459 122.57881927490234 301.658260345459 155.9449806213379 283.3606872558594 155.9449806213379
279.9991760253906 118.89851379394531 298.3433036804199 118.89851379394531 298.3433036804199 152.3495750427246 279.9991760253906 152.3495750427246
277.41119384765625 117.09749603271484 295.76793479919434 117.09749603271484 295.76793479919434 150.57155990600586 277.41119384765625 150.57155990600586
276.7757873535156 118.5011215209961 295.4561405181885 118.5011215209961 295.4561405181885 152.56529998779297 276.7757873535156 152.56529998779297
268.46832275390625 124.55891418457031 286.92481803894043 124.55891418457031 286.92481803894043 158.21488189697266 268.46832275390625 158.21488189697266
265.838623046875 127.0833740234375 284.3888969421387 127.0833740234375 284.3888969421387 160.91034698486328 265.838623046875 160.91034698486328
265.0843811035156 127.555419921875 282.9078674316406 127.555419921875 282.9078674316406 160.93743133544922 265.0843811035156 160.93743133544922
259.7978515625 128.48031616210938 279.0036869049072 128.48031616210938 279.0036869049072 161.0109519958496 259.7978515625 161.0109519958496
258.9143371582031 127.1821517944336 277.6586627960205 127.1821517944336 277.6586627960205 161.18983459472656 258.9143371582031 161.18983459472656
256.1643981933594 128.98995971679688 274.99509620666504 128.98995971679688 274.99509620666504 162.8363037109375 256.1643981933594 162.8363037109375
252.8062744140625 128.34548950195312 271.69136810302734 128.34548950195312 271.69136810302734 161.56997680664062 252.8062744140625 161.56997680664062
250.10983276367188 128.63711547851562 269.657772064209 128.63711547851562 269.657772064209 162.68935012817383 250.10983276367188 162.68935012817383
245.87295532226562 128.82534790039062 265.5719413757324 128.82534790039062 265.5719413757324 162.8671112060547 245.87295532226562 162.8671112060547
243.943359375 129.90847778320312 263.60144996643066 129.90847778320312 263.60144996643066 163.11702728271484 243.943359375 163.11702728271484
241.2923583984375 131.14755249023438 261.098913192749 131.14755249023438 261.098913192749 164.02264022827148 241.2923583984375 164.02264022827148
238.89285278320312 130.25486755371094 258.138765335083 130.25486755371094 258.138765335083 165.11639022827148 238.89285278320312 165.11639022827148
236.42800903320312 131.73489379882812 254.9093074798584 131.73489379882812 254.9093074798584 165.40303802490234 236.42800903320312 165.40303802490234
232.35354614257812 132.4843292236328 250.9539279937744 132.4843292236328 250.9539279937744 165.28325271606445 232.35354614257812 165.28325271606445
231.6964569091797 132.8166046142578 250.6246337890625 132.8166046142578 250.6246337890625 167.0439453125 231.6964569091797 167.0439453125
229.2538604736328 132.92144775390625 248.41022872924805 132.92144775390625 248.41022872924805 167.8536491394043 229.2538604736328 167.8536491394043
225.970458984375 133.41604614257812 244.88393783569336 133.41604614257812 244.88393783569336 167.64405059814453 225.970458984375 167.64405059814453
223.45108032226562 133.02029418945312 242.57755661010742 133.02029418945312 242.57755661010742 166.37773513793945 223.45108032226562 166.37773513793945
222.63388061523438 133.39437866210938 242.12563133239746 133.39437866210938 242.12563133239746 167.9251480102539 222.63388061523438 167.9251480102539
219.22341918945312 133.94113159179688 239.03370094299316 133.94113159179688 239.03370094299316 168.32744216918945 219.22341918945312 168.32744216918945
217.49472045898438 135.66542053222656 235.82876586914062 135.66542053222656 235.82876586914062 168.84190368652344 217.49472045898438 168.84190368652344
213.6896209716797 135.64059448242188 233.00260734558105 135.64059448242188 233.00260734558105 168.7484130859375 213.6896209716797 168.7484130859375
213.357666015625 135.15261840820312 231.34413528442383 135.15261840820312 231.34413528442383 170.34012985229492 213.357666015625 170.34012985229492
210.53564453125 136.58937072753906 229.7696304321289 136.58937072753906 229.7696304321289 171.32623672485352 210.53564453125 171.32623672485352
207.46511840820312 137.54196166992188 226.74920082092285 137.54196166992188 226.74920082092285 172.29960250854492 207.46511840820312 172.29960250854492
206.6422882080078 136.68417358398438 225.5157470703125 136.68417358398438 225.5157470703125 170.95832061767578 206.6422882080078 170.95832061767578
205.3380889892578 137.0107421875 224.39579391479492 137.0107421875 224.39579391479492 171.71791076660156 205.3380889892578 171.71791076660156
201.9154815673828 139.0050811767578 220.6126651763916 139.0050811767578 220.6126651763916 172.4398422241211 201.9154815673828 172.4398422241211
200.94015502929688 139.52435302734375 218.70999717712402 139.52435302734375 218.70999717712402 172.06273651123047 200.94015502929688 172.06273651123047
199.07028198242188 139.31045532226562 217.4140224456787 139.31045532226562 217.4140224456787 174.07612228393555 199.07028198242188 174.07612228393555
195.87066650390625 141.57928466796875 214.78944778442383 141.57928466796875 214.78944778442383 175.9769630432129 195.87066650390625 175.9769630432129
193.8558349609375 141.29934692382812 212.20820236206055 141.29934692382812 212.20820236206055 175.9347038269043 193.8558349609375 175.9347038269043
192.16928100585938 141.47305297851562 210.47608184814453 141.47305297851562 210.47608184814453 175.22652435302734 192.16928100585938 175.22652435302734
191.19796752929688 141.3852996826172 210.04908180236816 141.3852996826172 210.04908180236816 176.5847282409668 191.19796752929688 176.5847282409668
189.59849548339844 141.690673828125 208.4605598449707 141.690673828125 208.4605598449707 176.79671478271484 189.59849548339844 176.79671478271484
188.19125366210938 142.30552673339844 204.88795852661133 142.30552673339844 204.88795852661133 176.9460792541504 188.19125366210938 176.9460792541504
185.77003479003906 141.60910034179688 203.3475112915039 141.60910034179688 203.3475112915039 178.03482055664062 185.77003479003906 178.03482055664062
184.41201782226562 142.10755920410156 202.16253662109375 142.10755920410156 202.16253662109375 179.3521957397461 184.41201782226562 179.3521957397461
184.40306091308594 144.54200744628906 200.81589889526367 144.54200744628906 200.81589889526367 179.15827178955078 184.40306091308594 179.15827178955078
181.77413940429688 143.90707397460938 198.65554237365723 143.90707397460938 198.65554237365723 179.44094848632812 181.77413940429688 179.44094848632812
179.96435546875 145.82095336914062 198.6789836883545 145.82095336914062 198.6789836883545 181.13176345825195 179.96435546875 181.13176345825195
179.2449951171875 147.07235717773438 196.9929313659668 147.07235717773438 196.9929313659668 180.94915771484375 179.2449951171875 180.94915771484375
177.23403930664062 145.93997192382812 195.98777389526367 145.93997192382812 195.98777389526367 181.08428192138672 177.23403930664062 181.08428192138672
175.21005249023438 146.1119384765625 193.71472930908203 146.1119384765625 193.71472930908203 183.14296340942383 175.21005249023438 183.14296340942383
174.07412719726562 146.2559814453125 192.3068084716797 146.2559814453125 192.3068084716797 183.4058609008789 174.07412719726562 183.4058609008789
172.90185546875 148.54537963867188 191.7088737487793 148.54537963867188 191.7088737487793 184.58588409423828 172.90185546875 184.58588409423828
171.13455200195312 148.3863525390625 189.3306770324707 148.3863525390625 189.3306770324707 184.37257766723633 171.13455200195312 184.37257766723633
170.47451782226562 148.5141143798828 187.5528907775879 148.5141143798828 187.5528907775879 184.9693603515625 170.47451782226562 184.9693603515625
169.0998077392578 149.3472900390625 186.58029556274414 149.3472900390625 186.58029556274414 185.94045639038086 169.0998077392578 185.94045639038086
167.04971313476562 151.884033203125 184.97551345825195 151.884033203125 184.97551345825195 186.77798461914062 167.04971313476562 186.77798461914062
166.94386291503906 151.2695770263672 184.8847370147705 151.2695770263672 184.8847370147705 188.0811767578125 166.94386291503906 188.0811767578125
164.89527893066406 152.1742401123047 182.5127296447754 152.1742401123047 182.5127296447754 187.78583526611328 164.89527893066406 187.78583526611328
163.43511962890625 151.47561645507812 181.61845016479492 151.47561645507812 181.61845016479492 188.29283142089844 163.43511962890625 188.29283142089844
162.76107788085938 153.1201629638672 181.61849212646484 153.1201629638672 181.61849212646484 188.7160987854004 162.76107788085938 188.7160987854004
161.25613403320312 153.84182739257812 178.5813694000244 153.84182739257812 178.5813694000244 190.73707580566406 161.25613403320312 190.73707580566406
160.51675415039062 154.42861938476562 178.25886154174805 154.42861938476562 178.25886154174805 191.2972412109375 160.51675415039062 191.2972412109375
157.28372192382812 154.89486694335938 176.5347900390625 154.89486694335938 176.5347900390625 191.5404281616211 157.28372192382812 191.5404281616211
156.63845825195312 156.23654174804688 175.19474411010742 156.23654174804688 175.19474411010742 192.82230377197266 156.63845825195312 192.82230377197266
156.523193359375 156.53736877441406 174.63087463378906 156.53736877441406 174.63087463378906 192.1515655517578 156.523193359375 192.1515655517578
155.28085327148438 156.86795043945312 173.19331741333008 156.86795043945312 173.19331741333008 193.4376106262207 155.28085327148438 193.4376106262207
153.95431518554688 157.89651489257812 172.43662452697754 157.89651489257812 172.43662452697754 194.76967239379883 153.95431518554688 194.76967239379883
153.0557861328125 159.77981567382812 171.62848281860352 159.77981567382812 171.62848281860352 195.92742538452148 153.0557861328125 195.92742538452148
151.86227416992188 159.76480102539062 170.33371353149414 159.76480102539062 170.33371353149414 196.74450302124023 151.86227416992188 196.74450302124023
151.81663513183594 159.4085693359375 170.21946334838867 159.4085693359375 170.21946334838867 197.0509262084961 151.81663513183594 197.0509262084961
150.3278350830078 160.04061889648438 168.82849502563477 160.04061889648438 168.82849502563477 197.03913497924805 150.3278350830078 197.03913497924805
148.69149780273438 160.17242431640625 167.42789840698242 160.17242431640625 167.42789840698242 198.5369873046875 148.69149780273438 198.5369873046875
147.8146514892578 160.4683380126953 166.87597465515137 160.4683380126953 166.87597465515137 199.57368087768555 147.8146514892578 199.57368087768555
147.13778686523438 161.19529724121094 166.05078125 161.19529724121094 166.05078125 199.48093032836914 147.13778686523438 199.48093032836914
147.6341552734375 161.67251586914062 166.2790184020996 161.67251586914062 166.2790184020996 201.83362579345703 147.6341552734375 201.83362579345703
147.05958557128906 161.29156494140625 166.20867156982422 161.29156494140625 166.20867156982422 201.7092514038086 147.05958557128906 201.7092514038086
147.02264404296875 163.0178680419922 166.18597984313965 163.0178680419922 166.18597984313965 202.41105270385742 147.02264404296875 202.41105270385742
146.1387939453125 163.47325134277344 164.31176376342773 163.47325134277344 164.31176376342773 203.6158905029297 146.1387939453125 203.6158905029297
145.65457153320312 162.6820526123047 163.99570655822754 162.6820526123047 163.99570655822754 203.63722229003906 145.65457153320312 203.63722229003906
145.6603546142578 164.09530639648438 164.98236656188965 164.09530639648438 164.98236656188965 205.17134857177734 145.6603546142578 205.17134857177734
144.24044799804688 163.8875274658203 163.52097129821777 163.8875274658203 163.52097129821777 205.91721725463867 144.24044799804688 205.91721725463867
145.04722595214844 166.13473510742188 163.5920238494873 166.13473510742188 163.5920238494873 206.9227523803711 145.04722595214844 206.9227523803711
143.8415069580078 167.0763702392578 162.45925521850586 167.0763702392578 162.45925521850586 208.34703826904297 143.8415069580078 208.34703826904297
143.7748565673828 167.9204864501953 162.28704261779785 167.9204864501953 162.28704261779785 208.66771697998047 143.7748565673828 208.66771697998047
141.33181762695312 166.88671875 160.41941261291504 166.88671875 160.41941261291504 209.31719589233398 141.33181762695312 209.31719589233398
141.38694763183594 168.24215698242188 160.47192573547363 168.24215698242188 160.47192573547363 211.2691192626953 141.38694763183594 211.2691192626953
141.88623046875 170.36727905273438 159.9390754699707 170.36727905273438 159.9390754699707 213.45745086669922 141.88623046875 213.45745086669922
140.54196166992188 169.68438720703125 159.06454277038574 169.68438720703125 159.06454277038574 212.69510650634766 140.54196166992188 212.69510650634766
140.08758544921875 170.5955047607422 158.44962310791016 170.5955047607422 158.44962310791016 213.2840805053711 140.08758544921875 213.2840805053711
139.28536987304688 171.306884765625 157.99769973754883 171.306884765625 157.99769973754883 214.44342803955078 139.28536987304688 214.44342803955078
138.6705322265625 171.197265625 158.9836769104004 171.197265625 158.9836769104004 216.28103637695312 138.6705322265625 216.28103637695312
138.04234313964844 174.96829223632812 158.30547714233398 174.96829223632812 158.30547714233398 216.6578598022461 138.04234313964844 216.6578598022461
137.67881774902344 174.62130737304688 158.3856544494629 174.62130737304688 158.3856544494629 216.8819465637207 137.67881774902344 216.8819465637207
137.249267578125 175.15322875976562 157.6678810119629 175.15322875976562 157.6678810119629 217.6004753112793 137.249267578125 217.6004753112793
136.9644012451172 173.70115661621094 158.90448379516602 173.70115661621094 158.90448379516602 217.81536102294922 136.9644012451172 217.81536102294922
136.0933380126953 174.8980255126953 158.35286331176758 174.8980255126953 158.35286331176758 219.40116500854492 136.0933380126953 219.40116500854492
136.55276489257812 174.77099609375 157.4351749420166 174.77099609375 157.4351749420166 221.70699310302734 136.55276489257812 221.70699310302734
136.2655487060547 178.2689971923828 157.41030311584473 178.2689971923828 157.41030311584473 222.46018600463867 136.2655487060547 222.46018600463867
135.2919464111328 177.91415405273438 155.91050720214844 177.91415405273438 155.91050720214844 222.57950592041016 135.2919464111328 222.57950592041016
133.89212036132812 177.02748107910156 155.58763694763184 177.02748107910156 155.58763694763184 224.05984115600586 133.89212036132812 224.05984115600586
133.71279907226562 180.34913635253906 155.81350708007812 180.34913635253906 155.81350708007812 224.82730865478516 133.71279907226562 224.82730865478516
134.73849487304688 179.03457641601562 155.26644897460938 179.03457641601562 155.26644897460938 225.4299087524414 134.73849487304688 225.4299087524414
135.01077270507812 180.5474395751953 155.64221954345703 180.5474395751953 155.64221954345703 227.65806579589844 135.01077270507812 227.65806579589844
134.23806762695312 181.86453247070312 154.99117279052734 181.86453247070312 154.99117279052734 227.73577499389648 134.23806762695312 227.73577499389648
134.87823486328125 181.529052734375 156.74214553833008 181.529052734375 156.74214553833008 228.11343383789062 134.87823486328125 228.11343383789062
132.25302124023438 182.2849884033203 154.83760452270508 182.2849884033203 154.83760452270508 228.46962356567383 132.25302124023438 228.46962356567383
132.70486450195312 181.88421630859375 155.55485916137695 181.88421630859375 155.55485916137695 228.40737915039062 132.70486450195312 228.40737915039062
132.06332397460938 182.4840545654297 155.5526123046875 182.4840545654297 155.5526123046875 228.47612762451172 132.06332397460938 228.47612762451172
131.8417205810547 183.64230346679688 155.07212448120117 183.64230346679688 155.07212448120117 230.66909408569336 131.8417205810547 230.66909408569336
132.13040161132812 185.9516143798828 155.23149871826172 185.9516143798828 155.23149871826172 232.9677963256836 132.13040161132812 232.9677963256836
131.462646484375 187.8406524658203 153.1586036682129 187.8406524658203 153.1586036682129 233.47697067260742 131.462646484375 233.47697067260742
131.2492218017578 189.736572265625 152.31893920898438 189.736572265625 152.31893920898438 235.43543243408203 131.2492218017578 235.43543243408203
130.53695678710938 191.61509704589844 151.62051010131836 191.61509704589844 151.62051010131836 236.52204513549805 130.53695678710938 236.52204513549805
129.4617156982422 191.11944580078125 152.14290809631348 191.11944580078125 152.14290809631348 237.68661499023438 129.4617156982422 237.68661499023438
128.9278106689453 192.26974487304688 150.69076919555664 192.26974487304688 150.69076919555664 236.80487060546875 128.9278106689453 236.80487060546875
129.29986572265625 192.3542938232422 150.60776138305664 192.3542938232422 150.60776138305664 238.43168258666992 129.29986572265625 238.43168258666992
127.2630844116211 192.57589721679688 149.95490646362305 192.57589721679688 149.95490646362305 239.71294021606445 127.2630844116211 239.71294021606445
127.56893157958984 193.7670440673828 150.4763412475586 193.7670440673828 150.4763412475586 240.5630874633789 127.56893157958984 240.5630874633789
126.82415771484375 196.399658203125 148.7068691253662 196.399658203125 148.7068691253662 241.77651977539062 126.82415771484375 241.77651977539062
126.41987609863281 197.66635131835938 148.46526527404785 197.66635131835938 148.46526527404785 244.53357696533203 126.41987609863281 244.53357696533203
124.29197692871094 198.03759765625 147.31077194213867 198.03759765625 147.31077194213867 244.1421356201172 124.29197692871094 244.1421356201172
124.82763671875 199.70278930664062 147.75680923461914 199.70278930664062 147.75680923461914 245.64423370361328 124.82763671875 245.64423370361328
126.16361999511719 199.2333221435547 147.18062782287598 199.2333221435547 147.18062782287598 247.04116439819336 126.16361999511719 247.04116439819336
125.6713638305664 200.3022003173828 146.75402450561523 200.3022003173828 146.75402450561523 247.68819427490234 125.6713638305664 247.68819427490234
125.35240173339844 199.4281005859375 146.08923721313477 199.4281005859375 146.08923721313477 247.02171325683594 125.35240173339844 247.02171325683594
124.69746398925781 202.6387939453125 146.7554111480713 202.6387939453125 146.7554111480713 249.10240936279297 124.69746398925781 249.10240936279297
123.78459167480469 203.6123809814453 144.9391689300537 203.6123809814453 144.9391689300537 250.1839714050293 123.78459167480469 250.1839714050293
123.6244888305664 202.47921752929688 145.43332862854004 202.47921752929688 145.43332862854004 249.93839263916016 123.6244888305664 249.93839263916016
121.9650650024414 204.7566680908203 143.65124130249023 204.7566680908203 143.65124130249023 251.65030670166016 121.9650650024414 251.65030670166016
123.46260070800781 206.8144989013672 144.48787307739258 206.8144989013672 144.48787307739258 253.8069953918457 123.46260070800781 253.8069953918457
123.93269348144531 207.0867156982422 144.89023971557617 207.0867156982422 144.89023971557617 254.49678421020508 123.93269348144531 254.49678421020508
122.48075866699219 208.353271484375 144.91009902954102 208.353271484375 144.91009902954102 257.0149154663086 122.48075866699219 257.0149154663086
124.16267395019531 211.4703826904297 148.05669784545898 211.4703826904297 148.05669784545898 261.40160369873047 124.16267395019531 261.40160369873047
124.28108978271484 211.4437255859375 146.2024803161621 211.4437255859375 146.2024803161621 260.2054214477539 124.28108978271484 260.2054214477539
122.3148422241211 212.0221405029297 144.9432201385498 212.0221405029297 144.9432201385498 260.02848052978516 122.3148422241211 260.02848052978516
123.2398681640625 214.7890167236328 145.2378387451172 214.7890167236328 145.2378387451172 264.3643989562988 123.2398681640625 264.3643989562988
122.2664794921875 215.32943725585938 144.77566528320312 215.32943725585938 144.77566528320312 263.6754722595215 122.2664794921875 263.6754722595215
122.68217468261719 217.09811401367188 144.4804573059082 217.09811401367188 144.4804573059082 265.1989517211914 122.68217468261719 265.1989517211914
122.9256362915039 216.78457641601562 145.69185638427734 216.78457641601562 145.69185638427734 266.78272247314453 122.9256362915039 266.78272247314453
122.68891906738281 217.8925018310547 144.43405532836914 217.8925018310547 144.43405532836914 265.5683822631836 122.68891906738281 265.5683822631836
122.7292251586914 217.98220825195312 145.85025787353516 217.98220825195312 145.85025787353516 268.0351676940918 122.7292251586914 268.0351676940918
123.32474517822266 220.8081817626953 145.58475494384766 220.8081817626953 145.58475494384766 269.646053314209 123.32474517822266 269.646053314209
124.7510757446289 205.15756225585938 151.69797134399414 205.15756225585938 151.69797134399414 254.29598999023438 124.7510757446289 254.29598999023438
121.92051696777344 177.3291778564453 144.5998592376709 177.3291778564453 144.5998592376709 221.03091049194336 121.92051696777344 221.03091049194336
122.98258209228516 179.77072143554688 146.8570671081543 179.77072143554688 146.8570671081543 227.40419387817383 122.98258209228516 227.40419387817383
122.3847427368164 187.57752990722656 144.55943489074707 187.57752990722656 144.55943489074707 230.49538803100586 122.3847427368164 230.49538803100586
123.45621490478516 185.91555786132812 147.15431594848633 185.91555786132812 147.15431594848633 231.6021728515625 123.45621490478516 231.6021728515625
125.2569808959961 187.4445343017578 147.11184310913086 187.4445343017578 147.11184310913086 234.6691551208496 125.2569808959961 234.6691551208496
124.7809829711914 188.21649169921875 147.01930618286133 188.21649169921875 147.01930618286133 234.92851638793945 124.7809829711914 234.92851638793945
124.49932861328125 183.8335723876953 148.3855266571045 183.8335723876953 148.3855266571045 230.357177734375 124.49932861328125 230.357177734375
125.2052230834961 188.2781524658203 151.03057479858398 188.2781524658203 151.03057479858398 237.41554641723633 125.2052230834961 237.41554641723633
125.7141342163086 189.1462860107422 151.7905502319336 189.1462860107422 151.7905502319336 237.2588348388672 125.7141342163086 237.2588348388672
128.2557373046875 189.8575897216797 154.5688362121582 189.8575897216797 154.5688362121582 240.32545471191406 128.2557373046875 240.32545471191406
128.49818420410156 193.34884643554688 154.4169101715088 193.34884643554688 154.4169101715088 240.75370407104492 128.49818420410156 240.75370407104492
131.51461791992188 197.56298828125 156.3769760131836 197.56298828125 156.3769760131836 246.31240844726562 131.51461791992188 246.31240844726562
133.14334106445312 202.42227172851562 158.56091690063477 202.42227172851562 158.56091690063477 250.82054138183594 133.14334106445312 250.82054138183594
134.49273681640625 200.97447204589844 160.4444065093994 200.97447204589844 160.4444065093994 248.17395782470703 134.49273681640625 248.17395782470703
137.1392059326172 204.1005401611328 163.43466567993164 204.1005401611328 163.43466567993164 252.2700538635254 137.1392059326172 252.2700538635254
138.68594360351562 203.94342041015625 164.82945823669434 203.94342041015625 164.82945823669434 252.1283721923828 138.68594360351562 252.1283721923828
142.54481506347656 207.3285369873047 168.73102378845215 207.3285369873047 168.73102378845215 253.8781509399414 142.54481506347656 253.8781509399414
143.92340087890625 204.89517211914062 169.97863388061523 204.89517211914062 169.97863388061523 255.51679229736328 143.92340087890625 255.51679229736328
145.49517822265625 207.88333129882812 169.39298820495605 207.88333129882812 169.39298820495605 255.91622161865234 145.49517822265625 255.91622161865234
146.85890197753906 209.47494506835938 173.56362533569336 209.47494506835938 173.56362533569336 259.2603759765625 146.85890197753906 259.2603759765625
147.8419647216797 208.24386596679688 173.85269165039062 208.24386596679688 173.85269165039062 255.9907569885254 147.8419647216797 255.9907569885254
151.1326904296875 213.47354125976562 178.99313354492188 213.47354125976562 178.99313354492188 263.4531135559082 151.1326904296875 263.4531135559082
152.64096069335938 216.36672973632812 179.21853637695312 216.36672973632812 179.21853637695312 266.25513458251953 152.64096069335938 266.25513458251953
155.3647003173828 215.85153198242188 182.2143497467041 215.85153198242188 182.2143497467041 265.6849822998047 155.3647003173828 265.6849822998047
157.0920867919922 220.4767303466797 183.1768398284912 220.4767303466797 183.1768398284912 270.2446060180664 157.0920867919922 270.2446060180664
158.13186645507812 219.90341186523438 183.3120822906494 219.90341186523438 183.3120822906494 269.67778396606445 158.13186645507812 269.67778396606445
160.03482055664062 223.2655487060547 185.74001502990723 223.2655487060547 185.74001502990723 272.5681610107422 160.03482055664062 272.5681610107422
159.0814208984375 222.54385375976562 181.76416015625 222.54385375976562 181.76416015625 271.715518951416 159.0814208984375 271.715518951416
161.81442260742188 224.6031036376953 186.87044143676758 224.6031036376953 186.87044143676758 273.5976333618164 161.81442260742188 273.5976333618164
159.42904663085938 224.74594116210938 183.8211612701416 224.74594116210938 183.8211612701416 275.2783737182617 159.42904663085938 275.2783737182617
160.92608642578125 226.3019256591797 184.01104736328125 226.3019256591797 184.01104736328125 278.88195037841797 160.92608642578125 278.88195037841797
162.3022918701172 229.4369659423828 185.38373565673828 229.4369659423828 185.38373565673828 280.1639747619629 162.3022918701172 280.1639747619629
161.71620178222656 231.67977905273438 187.73189163208008 231.67977905273438 187.73189163208008 282.07069396972656 161.71620178222656 282.07069396972656
161.2868194580078 211.55722045898438 188.09437561035156 211.55722045898438 188.09437561035156 260.44153594970703 161.2868194580078 260.44153594970703
158.38998413085938 186.68215942382812 182.59835624694824 186.68215942382812 182.59835624694824 233.09066772460938 158.38998413085938 233.09066772460938
160.30831909179688 193.0133056640625 183.44608306884766 193.0133056640625 183.44608306884766 240.47239685058594 160.30831909179688 240.47239685058594
157.4738006591797 191.9554443359375 181.36993598937988 191.9554443359375 181.36993598937988 238.7436408996582 157.4738006591797 238.7436408996582
156.29025268554688 194.16355895996094 181.23154067993164 194.16355895996094 181.23154067993164 247.15710067749023 156.29025268554688 247.15710067749023
154.1912841796875 195.7921600341797 178.86855697631836 195.7921600341797 178.86855697631836 246.43636322021484 154.1912841796875 246.43636322021484
152.06668090820312 203.57235717773438 177.526123046875 203.57235717773438 177.526123046875 252.18685913085938 152.06668090820312 252.18685913085938
149.24697875976562 201.8802032470703 173.02268028259277 201.8802032470703 173.02268028259277 250.2669906616211 149.24697875976562 250.2669906616211
148.08749389648438 203.42556762695312 171.39082717895508 203.42556762695312 171.39082717895508 252.8008918762207 148.08749389648438 252.8008918762207
142.0660400390625 210.7932891845703 166.74325561523438 210.7932891845703 166.74325561523438 258.30870819091797 142.0660400390625 258.30870819091797
139.287353515625 207.3520965576172 163.95363426208496 207.3520965576172 163.95363426208496 255.92825317382812 139.287353515625 255.92825317382812
137.84239196777344 209.37686157226562 162.78306007385254 209.37686157226562 162.78306007385254 256.20655059814453 137.84239196777344 256.20655059814453
134.02932739257812 208.24862670898438 160.50315475463867 208.24862670898438 160.50315475463867 263.16597747802734 134.02932739257812 263.16597747802734
129.9796905517578 213.8954315185547 157.32748985290527 213.8954315185547 157.32748985290527 263.7240219116211 129.9796905517578 263.7240219116211
127.3187026977539 217.38998413085938 153.33166694641113 217.38998413085938 153.33166694641113 268.9421806335449 127.3187026977539 268.9421806335449
120.7072982788086 217.2040252685547 146.29866409301758 217.2040252685547 146.29866409301758 267.0149612426758 120.7072982788086 267.0149612426758
118.72871398925781 213.3397674560547 143.9392795562744 213.3397674560547 143.9392795562744 262.9578628540039 118.72871398925781 262.9578628540039
108.57049560546875 221.5430908203125 134.10517501831055 221.5430908203125 134.10517501831055 270.6291694641113 108.57049560546875 270.6291694641113
103.48741149902344 226.8800506591797 130.944580078125 226.8800506591797 130.944580078125 275.11059188842773 103.48741149902344 275.11059188842773
93.28089904785156 229.0770263671875 120.67377853393555 229.0770263671875 120.67377853393555 279.540828704834 93.28089904785156 279.540828704834
89.38179779052734 229.10012817382812 116.56587028503418 229.10012817382812 116.56587028503418 280.83544921875 89.38179779052734 280.83544921875
85.71717834472656 229.5205841064453 111.98437118530273 229.5205841064453 111.98437118530273 281.88220596313477 85.71717834472656 281.88220596313477
78.7916488647461 235.3696746826172 105.53644943237305 235.3696746826172 105.53644943237305 284.31423568725586 78.7916488647461 284.31423568725586
72.37646484375 237.8057403564453 98.83441734313965 237.8057403564453 98.83441734313965 285.34106826782227 72.37646484375 285.34106826782227
58.621826171875 208.84994506835938 89.5859432220459 208.84994506835938 89.5859432220459 265.3138618469238 58.621826171875 265.3138618469238
55.030181884765625 199.6505584716797 79.44252014160156 199.6505584716797 79.44252014160156 245.70726776123047 55.030181884765625 245.70726776123047
41.410518646240234 206.3098602294922 67.79823875427246 206.3098602294922 67.79823875427246 250.83617782592773 41.410518646240234 250.83617782592773
35.40264129638672 206.40396118164062 60.92610740661621 206.40396118164062 60.92610740661621 250.2804298400879 35.40264129638672 250.2804298400879
20.056011199951172 210.24172973632812 48.22136116027832 210.24172973632812 48.22136116027832 256.3879852294922 20.056011199951172 256.3879852294922
13.995475769042969 207.49185180664062 41.96615409851074 207.49185180664062 41.96615409851074 257.2067527770996 13.995475769042969 257.2067527770996
