170.0 179.0 207.0 179.0 207.0 234.0 170.0 234.0
174.63082885742188 178.22549438476562 211.18286895751953 178.22549438476562 211.18286895751953 232.0831413269043 174.63082885742188 232.0831413269043
186.809326171875 176.45956420898438 221.95236587524414 176.45956420898438 221.95236587524414 229.94552612304688 186.809326171875 229.94552612304688
191.5286407470703 175.71128845214844 226.17702865600586 175.71128845214844 226.17702865600586 228.72002792358398 191.5286407470703 228.72002792358398
195.07888793945312 174.625 230.77217483520508 174.625 230.77217483520508 229.09865188598633 195.07888793945312 229.09865188598633
198.8793487548828 174.35275268554688 232.9385223388672 174.35275268554688 232.9385223388672 228.27562713623047 198.8793487548828 228.27562713623047
202.36422729492188 174.0693359375 236.65515899658203 174.0693359375 236.65515899658203 227.1563606262207 202.36422729492188 227.1563606262207
205.4885711669922 173.7961883544922 238.99236679077148 173.7961883544922 238.99236679077148 228.28639221191406 205.4885711669922 228.28639221191406
208.4125213623047 173.10008239746094 241.15317153930664 173.10008239746094 241.15317153930664 228.27182388305664 208.4125213623047 228.27182388305664
211.5841522216797 172.7828826904297 245.48300170898438 172.7828826904297 245.48300170898438 225.65066146850586 211.5841522216797 225.65066146850586
213.829833984375 172.13204956054688 247.0556869506836 172.13204956054688 247.0556869506836 226.06859588623047 213.829833984375 226.06859588623047
215.2702178955078 173.22718811035156 248.73705291748047 173.22718811035156 248.73705291748047 225.82117462158203 215.2702178955078 225.82117462158203
217.00051879882812 173.3295440673828 250.3558120727539 173.3295440673828 250.3558120727539 223.96427536010742 217.00051879882812 223.96427536010742
218.47030639648438 173.0213165283203 251.46043014526367 173.0213165283203 251.46043014526367 224.07694244384766 218.47030639648438 224.07694244384766
219.8782958984375 174.1878662109375 252.81929397583008 174.1878662109375 252.81929397583008 225.5661849975586 219.8782958984375 225.5661849975586
220.1363983154297 174.41140747070312 252.30595016479492 174.41140747070312 252.30595016479492 225.218994140625 220.1363983154297 225.218994140625
221.27774047851562 173.79150390625 253.61670684814453 173.79150390625 253.61670684814453 225.02814483642578 221.27774047851562 225.02814483642578
222.8035125732422 173.3748016357422 254.60694313049316 173.3748016357422 254.60694313049316 224.41380310058594 222.8035125732422 224.41380310058594
222.3416290283203 173.35643005371094 255.22953033447266 173.35643005371094 255.22953033447266 223.16836166381836 222.3416290283203 223.16836166381836
223.30126953125 171.8621063232422 256.4316635131836 171.8621063232422 256.4316635131836 224.01453018188477 223.30126953125 224.01453018188477
223.5027618408203 173.89694213867188 256.2131805419922 173.89694213867188 256.2131805419922 222.98120498657227 223.5027618408203 222.98120498657227
223.62692260742188 173.84475708007812 255.5813446044922 173.84475708007812 255.5813446044922 222.06745529174805 223.62692260742188 222.06745529174805
224.0922088623047 172.40467834472656 256.30163192749023 172.40467834472656 256.30163192749023 222.61578750610352 224.0922088623047 222.61578750610352
224.16650390625 173.11878967285156 256.7045364379883 173.11878967285156 256.7045364379883 223.1995735168457 224.16650390625 223.1995735168457
224.35360717773438 172.09730529785156 255.76037216186523 172.09730529785156 255.76037216186523 221.96625900268555 224.35360717773438 221.96625900268555
223.06460571289062 172.73548889160156 255.03939247131348 172.73548889160156 255.03939247131348 222.59445190429688 223.06460571289062 222.59445190429688
223.1815185546875 172.52554321289062 254.59423446655273 172.52554321289062 254.59423446655273 222.8632698059082 223.1815185546875 222.8632698059082
223.4584197998047 174.00106811523438 254.9318733215332 174.00106811523438 254.9318733215332 222.2504768371582 223.4584197998047 222.2504768371582
222.6556854248047 172.33763122558594 255.40569686889648 172.33763122558594 255.40569686889648 222.72297286987305 222.6556854248047 222.72297286987305
220.81570434570312 173.87936401367188 252.27443313598633 173.87936401367188 252.27443313598633 222.3335952758789 220.81570434570312 222.3335952758789
221.2061309814453 174.21255493164062 252.10432052612305 174.21255493164062 252.10432052612305 221.7850227355957 221.2061309814453 221.7850227355957
220.3863983154297 172.8623504638672 252.03077697753906 172.8623504638672 252.03077697753906 222.34196090698242 220.3863983154297 222.34196090698242
219.60153198242188 175.49954223632812 250.50164413452148 175.49954223632812 250.50164413452148 220.99188995361328 219.60153198242188 220.99188995361328
219.20095825195312 173.86996459960938 249.6767520904541 173.86996459960938 249.6767520904541 220.14823532104492 219.20095825195312 220.14823532104492
217.51174926757812 172.1343994140625 248.3461856842041 172.1343994140625 248.3461856842041 220.0294189453125 217.51174926757812 220.0294189453125
217.115966796875 171.56594848632812 248.1403694152832 171.56594848632812 248.1403694152832 221.46620559692383 217.115966796875 221.46620559692383
215.72378540039062 172.02377319335938 247.33063316345215 172.02377319335938 247.33063316345215 220.65680694580078 215.72378540039062 220.65680694580078
215.1228790283203 170.48452758789062 246.54818725585938 170.48452758789062 246.54818725585938 219.4487190246582 215.1228790283203 219.4487190246582
213.8561248779297 171.50692749023438 244.1809539794922 171.50692749023438 244.1809539794922 220.0596580505371 213.8561248779297 220.0596580505371
213.13272094726562 169.7853240966797 244.4974822998047 169.7853240966797 244.4974822998047 220.6513442993164 213.13272094726562 220.6513442993164
212.08871459960938 171.834228515625 244.01992797851562 171.834228515625 244.01992797851562 219.49063873291016 212.08871459960938 219.49063873291016
211.72891235351562 169.92111206054688 242.66234397888184 169.92111206054688 242.66234397888184 218.55535125732422 211.72891235351562 218.55535125732422
210.23153686523438 171.08192443847656 241.8179817199707 171.08192443847656 241.8179817199707 218.4326400756836 210.23153686523438 218.4326400756836
210.4740753173828 171.9151153564453 241.34341049194336 171.9151153564453 241.34341049194336 218.36407852172852 210.4740753173828 218.36407852172852
209.7388916015625 170.1912841796875 240.88265419006348 170.1912841796875 240.88265419006348 218.6373062133789 209.7388916015625 218.6373062133789
209.7620849609375 171.81246948242188 240.49914932250977 171.81246948242188 240.49914932250977 218.3378143310547 209.7620849609375 218.3378143310547
209.6191864013672 172.48446655273438 239.21649742126465 172.48446655273438 239.21649742126465 216.35601043701172 209.6191864013672 216.35601043701172
209.52163696289062 172.33871459960938 238.02174949645996 172.33871459960938 238.02174949645996 217.68133544921875 209.52163696289062 217.68133544921875
209.09652709960938 172.9409942626953 237.0470676422119 172.9409942626953 237.0470676422119 216.73480224609375 209.09652709960938 216.73480224609375
209.15304565429688 172.85777282714844 236.73764991760254 172.85777282714844 236.73764991760254 216.13689804077148 209.15304565429688 216.13689804077148
208.4069061279297 172.31033325195312 237.10565757751465 172.31033325195312 237.10565757751465 216.42236709594727 208.4069061279297 216.42236709594727
208.9352569580078 171.70143127441406 238.0316276550293 171.70143127441406 238.0316276550293 215.94761657714844 208.9352569580078 215.94761657714844
208.0261688232422 172.5237274169922 235.36386108398438 172.5237274169922 235.36386108398438 215.64344024658203 208.0261688232422 215.64344024658203
209.52493286132812 172.44052124023438 237.79498672485352 172.44052124023438 237.79498672485352 215.8493881225586 209.52493286132812 215.8493881225586
209.74169921875 172.58309936523438 238.497802734375 172.58309936523438 238.497802734375 216.2013168334961 209.74169921875 216.2013168334961
208.8105010986328 170.81851196289062 235.8728790283203 170.81851196289062 235.8728790283203 214.8647689819336 208.8105010986328 214.8647689819336
210.1621856689453 172.03424072265625 238.96573448181152 172.03424072265625 238.96573448181152 215.13350677490234 210.1621856689453 215.13350677490234
210.22903442382812 172.77865600585938 238.68478393554688 172.77865600585938 238.68478393554688 215.07775497436523 210.22903442382812 215.07775497436523
209.3863525390625 171.8103485107422 237.73603439331055 171.8103485107422 237.73603439331055 213.95177841186523 209.3863525390625 213.95177841186523
210.0744171142578 172.8068389892578 238.12658309936523 172.8068389892578 238.12658309936523 214.5060157775879 210.0744171142578 214.5060157775879
211.976318359375 173.0621795654297 239.9823055267334 173.0621795654297 239.9823055267334 214.69271087646484 211.976318359375 214.69271087646484
211.21533203125 171.4623565673828 239.17686462402344 171.4623565673828 239.17686462402344 213.02680206298828 211.21533203125 213.02680206298828
212.5498809814453 173.444580078125 240.08063316345215 173.444580078125 240.08063316345215 214.36867904663086 212.5498809814453 214.36867904663086
211.9540252685547 172.73680114746094 239.3219814300537 172.73680114746094 239.3219814300537 213.41890335083008 211.9540252685547 213.41890335083008
212.842529296875 172.7458953857422 239.76115036010742 172.7458953857422 239.76115036010742 212.76006698608398 212.842529296875 212.76006698608398
213.9215087890625 172.54856872558594 240.66725158691406 172.54856872558594 240.66725158691406 212.30575561523438 213.9215087890625 212.30575561523438
214.7181396484375 172.2981719970703 241.81972694396973 172.2981719970703 241.81972694396973 212.58431243896484 214.7181396484375 212.58431243896484
214.9560089111328 172.39324951171875 241.24193954467773 172.39324951171875 241.24193954467773 212.26488494873047 214.9560089111328 212.26488494873047
215.9698486328125 173.6215057373047 242.5014133453369 173.6215057373047 242.5014133453369 213.06031036376953 215.9698486328125 213.06031036376953
216.386474609375 172.3728790283203 242.98236656188965 172.3728790283203 242.98236656188965 211.9073028564453 216.386474609375 211.9073028564453
217.18478393554688 173.1396942138672 243.0166130065918 173.1396942138672 243.0166130065918 212.9112777709961 217.18478393554688 212.9112777709961
219.14297485351562 174.47650146484375 244.7543067932129 174.47650146484375 244.7543067932129 213.2227668762207 219.14297485351562 213.2227668762207
218.88418579101562 174.15139770507812 244.15536308288574 174.15139770507812 244.15536308288574 211.71664810180664 218.88418579101562 211.71664810180664
220.02706909179688 173.91751098632812 245.15595245361328 173.91751098632812 245.15595245361328 211.27124786376953 220.02706909179688 211.27124786376953
219.4303436279297 174.9951629638672 244.11245727539062 174.9951629638672 244.11245727539062 212.24298858642578 219.4303436279297 212.24298858642578
221.6164093017578 174.7310791015625 247.09598922729492 174.7310791015625 247.09598922729492 212.6061248779297 221.6164093017578 212.6061248779297
222.30331420898438 172.27015686035156 248.27165603637695 172.27015686035156 248.27165603637695 211.71897506713867 222.30331420898438 211.71897506713867
222.6187286376953 173.04855346679688 249.14162635803223 173.04855346679688 249.14162635803223 212.47446823120117 222.6187286376953 212.47446823120117
222.5133819580078 172.249267578125 248.55546188354492 172.249267578125 248.55546188354492 211.7421417236328 222.5133819580078 211.7421417236328
222.23605346679688 172.14559936523438 247.9213409423828 172.14559936523438 247.9213409423828 211.67351150512695 222.23605346679688 211.67351150512695
221.901611328125 171.7327880859375 247.49077033996582 171.7327880859375 247.49077033996582 211.00726699829102 221.901611328125 211.00726699829102
223.29690551757812 171.638671875 249.60779762268066 171.638671875 249.60779762268066 210.74943923950195 223.29690551757812 210.74943923950195
223.20443725585938 172.90475463867188 249.1031951904297 172.90475463867188 249.1031951904297 211.703857421875 223.20443725585938 211.703857421875
223.9242401123047 173.82485961914062 249.9432773590088 173.82485961914062 249.9432773590088 212.50178146362305 223.9242401123047 212.50178146362305
223.2462158203125 172.8629913330078 248.4372215270996 172.8629913330078 248.4372215270996 211.0344467163086 223.2462158203125 211.0344467163086
224.3848114013672 172.73660278320312 249.5592498779297 172.73660278320312 249.5592498779297 210.65819549560547 224.3848114013672 210.65819549560547
224.31637573242188 172.05177307128906 249.37888145446777 172.05177307128906 249.37888145446777 211.07777786254883 224.31637573242188 211.07777786254883
224.16421508789062 171.83026123046875 249.24749374389648 171.83026123046875 249.24749374389648 210.68432235717773 224.16421508789062 210.68432235717773
223.83120727539062 172.65017700195312 249.45766067504883 172.65017700195312 249.45766067504883 211.93425369262695 223.83120727539062 211.93425369262695
224.2934112548828 172.3970947265625 249.99680519104004 172.3970947265625 249.99680519104004 211.57024383544922 224.2934112548828 211.57024383544922
224.2515411376953 171.48806762695312 249.98871994018555 171.48806762695312 249.98871994018555 210.23726654052734 224.2515411376953 210.23726654052734
225.9549102783203 172.34042358398438 252.25997924804688 172.34042358398438 252.25997924804688 211.44252395629883 225.9549102783203 211.44252395629883
226.23886108398438 172.29989624023438 252.57863235473633 172.29989624023438 252.57863235473633 211.4535789489746 226.23886108398438 211.4535789489746
225.21224975585938 171.53724670410156 251.2880916595459 171.53724670410156 251.2880916595459 210.84050369262695 225.21224975585938 210.84050369262695
227.66598510742188 170.6221923828125 253.72866821289062 170.6221923828125 253.72866821289062 209.3639907836914 227.66598510742188 209.3639907836914
227.8494415283203 172.4597625732422 253.4762840270996 172.4597625732422 253.4762840270996 210.5536880493164 227.8494415283203 210.5536880493164
228.8255615234375 172.7259979248047 254.15951919555664 172.7259979248047 254.15951919555664 210.3845558166504 228.8255615234375 210.3845558166504
229.087890625 173.1289520263672 254.0118637084961 173.1289520263672 254.0118637084961 210.17807388305664 229.087890625 210.17807388305664
230.0006103515625 174.52578735351562 254.9774398803711 174.52578735351562 254.9774398803711 211.55315399169922 230.0006103515625 211.55315399169922
229.8370819091797 172.08212280273438 255.08842658996582 172.08212280273438 255.08842658996582 209.6178741455078 229.8370819091797 209.6178741455078
230.6138916015625 171.70263671875 255.87709617614746 171.70263671875 255.87709617614746 209.25601959228516 230.6138916015625 209.25601959228516
230.5775146484375 171.71575927734375 255.68334579467773 171.71575927734375 255.68334579467773 209.03520965576172 230.5775146484375 209.03520965576172
230.8792266845703 171.4795379638672 256.6719264984131 171.4795379638672 256.6719264984131 209.82000732421875 230.8792266845703 209.82000732421875
232.0893096923828 171.0995635986328 258.06257247924805 171.0995635986328 258.06257247924805 209.70844268798828 232.0893096923828 209.70844268798828
232.5021514892578 172.19842529296875 258.24350929260254 172.19842529296875 258.24350929260254 210.46258544921875 232.5021514892578 210.46258544921875
233.49667358398438 170.46067810058594 259.12170028686523 170.46067810058594 259.12170028686523 208.5519142150879 233.49667358398438 208.5519142150879
234.16796875 172.32351684570312 259.9374542236328 172.32351684570312 259.9374542236328 210.62948989868164 234.16796875 210.62948989868164
234.96163940429688 170.88552856445312 260.64760971069336 170.88552856445312 260.64760971069336 209.0673599243164 234.96163940429688 209.0673599243164
235.4633331298828 171.5382537841797 261.02278900146484 171.5382537841797 261.02278900146484 209.53202438354492 235.4633331298828 209.53202438354492
235.6055908203125 172.10545349121094 260.778564453125 172.10545349121094 260.778564453125 209.52472686767578 235.6055908203125 209.52472686767578
236.4447784423828 171.53749084472656 261.31772232055664 171.53749084472656 261.31772232055664 208.51077270507812 236.4447784423828 208.51077270507812
236.8720245361328 171.12876892089844 261.889440536499 171.12876892089844 261.889440536499 208.3168067932129 236.8720245361328 208.3168067932129
238.10342407226562 172.60769653320312 262.9755001068115 172.60769653320312 262.9755001068115 209.5796890258789 238.10342407226562 209.5796890258789
237.79763793945312 170.77200317382812 263.07805824279785 170.77200317382812 263.07805824279785 208.35099411010742 237.79763793945312 208.35099411010742
239.0214080810547 171.11607360839844 264.0259666442871 171.11607360839844 264.0259666442871 208.2849998474121 239.0214080810547 208.2849998474121
239.23208618164062 170.98431396484375 264.08591079711914 170.98431396484375 264.08591079711914 207.9291763305664 239.23208618164062 207.9291763305664
238.63174438476562 171.34678649902344 263.54062843322754 171.34678649902344 263.54062843322754 208.37349319458008 238.63174438476562 208.37349319458008
239.87142944335938 171.8356475830078 264.3933448791504 171.8356475830078 264.3933448791504 208.2871322631836 239.87142944335938 208.2871322631836
240.20529174804688 172.15158081054688 264.7323913574219 172.15158081054688 264.7323913574219 208.61077117919922 240.20529174804688 208.61077117919922
241.970947265625 171.27908325195312 266.4835624694824 171.27908325195312 266.4835624694824 207.71674346923828 241.970947265625 207.71674346923828
240.66879272460938 170.8373565673828 265.29824447631836 170.8373565673828 265.29824447631836 207.44869232177734 240.66879272460938 207.44869232177734
242.6901397705078 172.15634155273438 267.34194564819336 172.15634155273438 267.34194564819336 208.80091094970703 242.6901397705078 208.80091094970703
242.0062713623047 171.8738555908203 266.4419593811035 171.8738555908203 266.4419593811035 208.1971664428711 242.0062713623047 208.1971664428711
244.0725555419922 171.93812561035156 268.3506278991699 171.93812561035156 268.3506278991699 208.0271453857422 244.0725555419922 208.0271453857422
243.82797241210938 171.66464233398438 268.22181701660156 171.66464233398438 268.22181701660156 207.92575073242188 243.82797241210938 207.92575073242188
243.7545928955078 171.52139282226562 267.94755935668945 171.52139282226562 267.94755935668945 207.48389434814453 243.7545928955078 207.48389434814453
244.55020141601562 171.38809204101562 268.4137763977051 171.38809204101562 268.4137763977051 206.86095809936523 244.55020141601562 206.86095809936523
245.0586395263672 171.4016571044922 269.19958877563477 171.4016571044922 269.19958877563477 207.28683471679688 245.0586395263672 207.28683471679688
244.67941284179688 172.3858642578125 268.21522331237793 172.3858642578125 268.21522331237793 207.37151336669922 244.67941284179688 207.37151336669922
246.09750366210938 170.96987915039062 269.6666831970215 170.96987915039062 269.6666831970215 206.09408950805664 246.09750366210938 206.09408950805664
