179.0 163.0 199.0 163.0 199.0 206.0 179.0 206.0
181.16183471679688 164.5599822998047 200.41381454467773 164.5599822998047 200.41381454467773 206.8124008178711 181.16183471679688 206.8124008178711
182.3505859375 162.7657928466797 201.9987678527832 162.7657928466797 201.9987678527832 205.31535720825195 182.3505859375 205.31535720825195
182.88861083984375 161.89901733398438 202.8537197113037 161.89901733398438 202.8537197113037 204.8239974975586 182.88861083984375 204.8239974975586
181.67686462402344 166.45407104492188 201.42860221862793 166.45407104492188 201.42860221862793 206.74887466430664 181.67686462402344 206.74887466430664
181.8252410888672 165.87411499023438 202.38210105895996 165.87411499023438 202.38210105895996 206.04230880737305 181.8252410888672 206.04230880737305
185.2970733642578 162.5146484375 206.39562225341797 162.5146484375 206.39562225341797 205.34470748901367 185.2970733642578 205.34470748901367
184.3582763671875 163.71290588378906 204.90688133239746 163.71290588378906 204.90688133239746 205.61402893066406 184.3582763671875 205.61402893066406
188.0423126220703 164.08908081054688 208.1920108795166 164.08908081054688 208.1920108795166 207.0154914855957 188.0423126220703 207.0154914855957
191.30572509765625 163.14511108398438 211.79680061340332 163.14511108398438 211.79680061340332 206.23495864868164 191.30572509765625 206.23495864868164
191.50196838378906 163.66212463378906 212.26055526733398 163.66212463378906 212.26055526733398 206.46847915649414 191.50196838378906 206.46847915649414
191.2807159423828 164.1621551513672 212.23655319213867 164.1621551513672 212.23655319213867 206.16318130493164 191.2807159423828 206.16318130493164
193.9012451171875 163.74183654785156 213.8922176361084 163.74183654785156 213.8922176361084 205.6611099243164 193.9012451171875 205.6611099243164
194.0083465576172 165.43795776367188 214.19085693359375 165.43795776367188 214.19085693359375 207.05864334106445 194.0083465576172 207.05864334106445
195.51779174804688 163.53396606445312 215.55011367797852 163.53396606445312 215.55011367797852 205.08849334716797 195.51779174804688 205.08849334716797
196.01974487304688 163.6281280517578 215.65163612365723 163.6281280517578 215.65163612365723 204.77257537841797 196.01974487304688 204.77257537841797
197.85317993164062 163.7004852294922 216.8768424987793 163.7004852294922 216.8768424987793 207.32766723632812 197.85317993164062 207.32766723632812
197.99913024902344 163.2703857421875 216.960054397583 163.2703857421875 216.960054397583 206.80062103271484 197.99913024902344 206.80062103271484
199.9394073486328 165.23501586914062 219.36754417419434 165.23501586914062 219.36754417419434 207.00176239013672 199.9394073486328 207.00176239013672
199.6989288330078 164.14064025878906 218.95412635803223 164.14064025878906 218.95412635803223 205.51472854614258 199.6989288330078 205.51472854614258
201.66415405273438 163.9290771484375 221.51391220092773 163.9290771484375 221.51391220092773 206.32648468017578 201.66415405273438 206.32648468017578
201.89437866210938 164.22012329101562 221.18143844604492 164.22012329101562 221.18143844604492 206.66169357299805 201.89437866210938 206.66169357299805
204.2847442626953 165.3091583251953 222.7965431213379 165.3091583251953 222.7965431213379 208.4509620666504 204.2847442626953 208.4509620666504
204.55072021484375 165.3634033203125 223.15837287902832 165.3634033203125 223.15837287902832 208.2134017944336 204.55072021484375 208.2134017944336
206.05172729492188 164.40911865234375 225.32780265808105 164.40911865234375 225.32780265808105 207.21600723266602 206.05172729492188 207.21600723266602
205.9346160888672 165.02159118652344 224.7629280090332 165.02159118652344 224.7629280090332 207.61434936523438 205.9346160888672 207.61434936523438
208.52975463867188 164.26422119140625 227.7147274017334 164.26422119140625 227.7147274017334 206.3633689880371 208.52975463867188 206.3633689880371
208.3710174560547 163.07188415527344 227.07220458984375 163.07188415527344 227.07220458984375 206.70775604248047 208.3710174560547 206.70775604248047
210.29296875 163.89822387695312 230.24806785583496 163.89822387695312 230.24806785583496 205.7077407836914 210.29296875 205.7077407836914
210.453125 163.0066375732422 230.6083927154541 163.0066375732422 230.6083927154541 206.2079086303711 210.453125 206.2079086303711
213.51248168945312 161.9847869873047 233.33359909057617 161.9847869873047 233.33359909057617 206.37011337280273 213.51248168945312 206.37011337280273
213.23117065429688 162.33316040039062 233.63262748718262 162.33316040039062 233.63262748718262 205.58251953125 213.23117065429688 205.58251953125
215.90097045898438 163.4951629638672 236.9166374206543 163.4951629638672 236.9166374206543 206.7737045288086 215.90097045898438 206.7737045288086
215.77685546875 163.32455444335938 236.8188591003418 163.32455444335938 236.8188591003418 206.44460678100586 215.77685546875 206.44460678100586
218.3406219482422 164.62808227539062 240.03952407836914 164.62808227539062 240.03952407836914 206.97271347045898 218.3406219482422 206.97271347045898
218.3758087158203 163.08975219726562 239.84969520568848 163.08975219726562 239.84969520568848 206.72739791870117 218.3758087158203 206.72739791870117
220.48471069335938 163.5543212890625 242.36319541931152 163.5543212890625 242.36319541931152 206.43490600585938 220.48471069335938 206.43490600585938
221.180908203125 164.3749542236328 242.2678279876709 164.3749542236328 242.2678279876709 207.19807052612305 221.180908203125 207.19807052612305
221.1221923828125 162.9143829345703 243.16347122192383 162.9143829345703 243.16347122192383 205.9613914489746 221.1221923828125 205.9613914489746
223.16586303710938 162.9677276611328 244.29986953735352 162.9677276611328 244.29986953735352 206.31018829345703 223.16586303710938 206.31018829345703
223.46078491210938 163.1829071044922 244.56249046325684 163.1829071044922 244.56249046325684 206.52519989013672 223.46078491210938 206.52519989013672
225.6859893798828 160.3999786376953 246.39625549316406 160.3999786376953 246.39625549316406 205.7354736328125 225.6859893798828 205.7354736328125
228.5818328857422 161.7794952392578 249.38331413269043 161.7794952392578 249.38331413269043 205.67704010009766 228.5818328857422 205.67704010009766
227.94522094726562 160.49752807617188 248.6960048675537 160.49752807617188 248.6960048675537 204.85544967651367 227.94522094726562 204.85544967651367
228.50918579101562 162.80247497558594 249.0543975830078 162.80247497558594 249.0543975830078 205.75865936279297 228.50918579101562 205.75865936279297
231.062255859375 162.28768920898438 251.59055519104004 162.28768920898438 251.59055519104004 206.03411102294922 231.062255859375 206.03411102294922
231.30575561523438 163.26266479492188 251.66983604431152 163.26266479492188 251.66983604431152 207.26290130615234 231.30575561523438 207.26290130615234
232.599853515625 164.7865447998047 253.79331970214844 164.7865447998047 253.79331970214844 208.4336929321289 232.599853515625 208.4336929321289
233.265625 164.1454315185547 254.44796562194824 164.1454315185547 254.44796562194824 208.28317260742188 233.265625 208.28317260742188
234.7588653564453 161.738525390625 254.43869400024414 161.738525390625 254.43869400024414 208.21204376220703 234.7588653564453 208.21204376220703
234.6572265625 163.5303192138672 254.82139778137207 163.5303192138672 254.82139778137207 209.8199234008789 234.6572265625 209.8199234008789
236.6310577392578 165.67311096191406 256.6284370422363 165.67311096191406 256.6284370422363 209.63885116577148 236.6310577392578 209.63885116577148
236.1666259765625 164.19320678710938 257.12012100219727 164.19320678710938 257.12012100219727 209.38103866577148 236.1666259765625 209.38103866577148
238.03555297851562 164.68099975585938 257.7122993469238 164.68099975585938 257.7122993469238 210.05330657958984 238.03555297851562 210.05330657958984
238.1138916015625 164.4103240966797 258.1293125152588 164.4103240966797 258.1293125152588 210.03135299682617 238.1138916015625 210.03135299682617
239.1886749267578 163.56651306152344 259.5568313598633 163.56651306152344 259.5568313598633 209.80159378051758 239.1886749267578 209.80159378051758
239.439453125 163.6937255859375 259.46463203430176 163.6937255859375 259.46463203430176 208.64807891845703 239.439453125 208.64807891845703
241.08273315429688 164.6644287109375 261.5941963195801 164.6644287109375 261.5941963195801 208.58335876464844 241.08273315429688 208.58335876464844
240.93008422851562 165.05349731445312 261.4906826019287 165.05349731445312 261.4906826019287 209.47898483276367 240.93008422851562 209.47898483276367
243.06228637695312 165.26402282714844 264.1145782470703 165.26402282714844 264.1145782470703 209.4423484802246 243.06228637695312 209.4423484802246
242.68032836914062 163.49954223632812 263.60418128967285 163.49954223632812 263.60418128967285 207.44380950927734 242.68032836914062 207.44380950927734
244.48373413085938 162.70602416992188 265.1472969055176 162.70602416992188 265.1472969055176 206.45947265625 244.48373413085938 206.45947265625
244.8740692138672 163.7147674560547 265.35241317749023 163.7147674560547 265.35241317749023 207.52060317993164 244.8740692138672 207.52060317993164
247.5749969482422 163.723388671875 267.62767601013184 163.723388671875 267.62767601013184 206.45574188232422 247.5749969482422 206.45574188232422
247.45486450195312 161.1118927001953 268.1709671020508 161.1118927001953 268.1709671020508 205.00167083740234 247.45486450195312 205.00167083740234
250.23275756835938 161.7823486328125 271.0847339630127 161.7823486328125 271.0847339630127 205.41940689086914 250.23275756835938 205.41940689086914
250.2295379638672 164.3938751220703 271.5116710662842 164.3938751220703 271.5116710662842 207.2488136291504 250.2295379638672 207.2488136291504
251.33651733398438 159.10275268554688 272.41977310180664 159.10275268554688 272.41977310180664 203.7931365966797 251.33651733398438 203.7931365966797
250.7282257080078 157.4913787841797 272.142391204834 157.4913787841797 272.142391204834 203.5318260192871 250.7282257080078 203.5318260192871
254.08840942382812 161.7946319580078 276.19842529296875 161.7946319580078 276.19842529296875 207.01333236694336 254.08840942382812 207.01333236694336
254.49868774414062 164.84597778320312 277.15771865844727 164.84597778320312 277.15771865844727 207.3180046081543 254.49868774414062 207.3180046081543
258.5860290527344 166.89505004882812 279.7710380554199 166.89505004882812 279.7710380554199 209.8130645751953 258.5860290527344 209.8130645751953
257.9869689941406 165.203369140625 279.2112274169922 165.203369140625 279.2112274169922 209.64974212646484 257.9869689941406 209.64974212646484
259.72662353515625 165.67373657226562 280.6177101135254 165.67373657226562 280.6177101135254 209.51062393188477 259.72662353515625 209.51062393188477
260.13629150390625 166.85922241210938 281.2143898010254 166.85922241210938 281.2143898010254 210.3963279724121 260.13629150390625 210.3963279724121
262.16314697265625 168.8599853515625 284.60729026794434 168.8599853515625 284.60729026794434 211.43462753295898 262.16314697265625 211.43462753295898
262.8702087402344 170.08853149414062 284.3129024505615 170.08853149414062 284.3129024505615 211.50122833251953 262.8702087402344 211.50122833251953
263.6239929199219 167.24642944335938 287.1147117614746 167.24642944335938 287.1147117614746 212.8811264038086 263.6239929199219 212.8811264038086
263.48748779296875 167.3255615234375 286.6867027282715 167.3255615234375 286.6867027282715 212.72235870361328 263.48748779296875 212.72235870361328
265.9526672363281 168.56900024414062 288.05336570739746 168.56900024414062 288.05336570739746 215.3197479248047 265.9526672363281 215.3197479248047
265.69268798828125 167.2465057373047 287.99777030944824 167.2465057373047 287.99777030944824 215.81731033325195 265.69268798828125 215.81731033325195
267.01654052734375 167.34349060058594 289.3013401031494 167.34349060058594 289.3013401031494 213.70025253295898 267.01654052734375 213.70025253295898
267.26641845703125 167.52500915527344 290.35172843933105 167.52500915527344 290.35172843933105 213.43289947509766 267.26641845703125 213.43289947509766
268.55133056640625 167.5612335205078 291.42502212524414 167.5612335205078 291.42502212524414 215.63965225219727 268.55133056640625 215.63965225219727
268.65631103515625 167.50857543945312 291.01131439208984 167.50857543945312 291.01131439208984 215.52115631103516 268.65631103515625 215.52115631103516
269.5332336425781 165.6841278076172 291.908145904541 165.6841278076172 291.908145904541 213.61191177368164 269.5332336425781 213.61191177368164
269.5244445800781 166.19631958007812 292.1422481536865 166.19631958007812 292.1422481536865 214.05847930908203 269.5244445800781 214.05847930908203
270.1829528808594 166.2669677734375 292.58265113830566 166.2669677734375 292.58265113830566 213.84059524536133 270.1829528808594 213.84059524536133
270.6158142089844 164.25161743164062 293.02613830566406 164.25161743164062 293.02613830566406 213.95877838134766 270.6158142089844 213.95877838134766
270.7105407714844 165.0929718017578 293.23791122436523 165.0929718017578 293.23791122436523 215.49548721313477 270.7105407714844 215.49548721313477
272.32550048828125 165.07077026367188 294.7011299133301 165.07077026367188 294.7011299133301 214.05601119995117 272.32550048828125 214.05601119995117
273.4681701660156 164.62503051757812 296.0930480957031 164.62503051757812 296.0930480957031 214.42157745361328 273.4681701660156 214.42157745361328
272.39080810546875 162.50454711914062 296.0379390716553 162.50454711914062 296.0379390716553 213.82478713989258 272.39080810546875 213.82478713989258
272.519775390625 163.13861083984375 294.7845573425293 163.13861083984375 294.7845573425293 213.59052276611328 272.519775390625 213.59052276611328
273.17938232421875 162.099609375 295.9102306365967 162.099609375 295.9102306365967 213.39430618286133 273.17938232421875 213.39430618286133
274.4841613769531 164.40589904785156 297.03679275512695 164.40589904785156 297.03679275512695 215.50687408447266 274.4841613769531 215.50687408447266
275.9566955566406 165.7574920654297 298.16711044311523 165.7574920654297 298.16711044311523 215.26560974121094 275.9566955566406 215.26560974121094
275.8990783691406 166.7493438720703 298.75107192993164 166.7493438720703 298.75107192993164 214.8336410522461 275.8990783691406 214.8336410522461
275.3861389160156 164.03627014160156 298.44420433044434 164.03627014160156 298.44420433044434 212.67754364013672 275.3861389160156 212.67754364013672
276.018310546875 164.8043975830078 299.22388076782227 164.8043975830078 299.22388076782227 213.54536819458008 276.018310546875 213.54536819458008
276.11431884765625 166.0721893310547 299.43104553222656 166.0721893310547 299.43104553222656 215.18373107910156 276.11431884765625 215.18373107910156
276.3808288574219 165.0658416748047 299.7207908630371 165.0658416748047 299.7207908630371 214.98326873779297 276.3808288574219 214.98326873779297
277.14453125 164.54164123535156 300.88848304748535 164.54164123535156 300.88848304748535 214.72832870483398 277.14453125 214.72832870483398
277.08428955078125 167.9832305908203 301.6544589996338 167.9832305908203 301.6544589996338 217.14910125732422 277.08428955078125 217.14910125732422
277.8031311035156 168.05874633789062 301.9423828125 168.05874633789062 301.9423828125 218.1431655883789 277.8031311035156 218.1431655883789
278.33087158203125 165.85560607910156 302.0395088195801 165.85560607910156 302.0395088195801 216.0559959411621 278.33087158203125 216.0559959411621
279.7584533691406 169.27593994140625 302.54093742370605 169.27593994140625 302.54093742370605 218.62212371826172 279.7584533691406 218.62212371826172
279.36932373046875 169.4471435546875 302.2273597717285 169.4471435546875 302.2273597717285 218.65162658691406 279.36932373046875 218.65162658691406
279.422119140625 166.85952758789062 303.2301902770996 166.85952758789062 303.2301902770996 218.39737701416016 279.422119140625 218.39737701416016
279.76251220703125 167.8756866455078 303.3793830871582 167.8756866455078 303.3793830871582 218.76134872436523 279.76251220703125 218.76134872436523
279.63653564453125 166.74246215820312 304.1195411682129 166.74246215820312 304.1195411682129 219.0942611694336 279.63653564453125 219.0942611694336
279.64788818359375 166.0032196044922 304.0205078125 166.0032196044922 304.0205078125 218.6636505126953 279.64788818359375 218.6636505126953
280.23016357421875 166.52877807617188 304.3991050720215 166.52877807617188 304.3991050720215 218.68795776367188 280.23016357421875 218.68795776367188
279.9695129394531 163.873046875 304.6124687194824 163.873046875 304.6124687194824 219.14978790283203 279.9695129394531 219.14978790283203
281.1355285644531 166.38436889648438 306.0378723144531 166.38436889648438 306.0378723144531 218.42327117919922 281.1355285644531 218.42327117919922
281.603271484375 166.0907745361328 306.0499629974365 166.0907745361328 306.0499629974365 217.86087799072266 281.603271484375 217.86087799072266
281.5696716308594 165.80386352539062 306.55053520202637 165.80386352539062 306.55053520202637 218.29729080200195 281.5696716308594 218.29729080200195
281.98016357421875 166.45492553710938 306.6333827972412 166.45492553710938 306.6333827972412 218.53620147705078 281.98016357421875 218.53620147705078
281.9942321777344 167.14608764648438 306.2064971923828 167.14608764648438 306.2064971923828 219.54325485229492 281.9942321777344 219.54325485229492
281.18121337890625 165.6244659423828 306.4977741241455 165.6244659423828 306.4977741241455 217.9334373474121 281.18121337890625 217.9334373474121
282.87347412109375 166.7918701171875 307.1946430206299 166.7918701171875 307.1946430206299 217.98264694213867 282.87347412109375 217.98264694213867
281.9778747558594 164.1880340576172 306.6001319885254 164.1880340576172 306.6001319885254 216.33280181884766 281.9778747558594 216.33280181884766
281.80682373046875 166.091064453125 306.54468154907227 166.091064453125 306.54468154907227 218.6005859375 281.80682373046875 218.6005859375
282.15008544921875 166.1827392578125 306.7923393249512 166.1827392578125 306.7923393249512 219.13506317138672 282.15008544921875 219.13506317138672
281.02685546875 164.62030029296875 306.75525283813477 164.62030029296875 306.75525283813477 220.86894989013672 281.02685546875 220.86894989013672
280.8262023925781 165.20529174804688 306.8580322265625 165.20529174804688 306.8580322265625 220.57958221435547 280.8262023925781 220.57958221435547
281.08404541015625 166.96234130859375 305.4833793640137 166.96234130859375 305.4833793640137 221.22039794921875 281.08404541015625 221.22039794921875
280.77703857421875 166.59579467773438 305.56886100769043 166.59579467773438 305.56886100769043 220.3534927368164 280.77703857421875 220.3534927368164
281.1849060058594 168.06724548339844 305.7810344696045 168.06724548339844 305.7810344696045 221.65272521972656 281.1849060058594 221.65272521972656
281.356201171875 165.4994659423828 307.1204586029053 165.4994659423828 307.1204586029053 220.33495330810547 281.356201171875 220.33495330810547
281.51959228515625 167.02310180664062 305.7822265625 167.02310180664062 305.7822265625 221.34331512451172 281.51959228515625 221.34331512451172
281.72344970703125 166.33132934570312 305.71513748168945 166.33132934570312 305.71513748168945 220.4459228515625 281.72344970703125 220.4459228515625
281.1097412109375 167.42686462402344 305.80595779418945 167.42686462402344 305.80595779418945 220.62859344482422 281.1097412109375 220.62859344482422
280.74560546875 167.218994140625 305.62064361572266 167.218994140625 305.62064361572266 221.77799606323242 280.74560546875 221.77799606323242
281.05902099609375 167.5584259033203 305.51179695129395 167.5584259033203 305.51179695129395 222.88253021240234 281.05902099609375 222.88253021240234
280.58154296875 166.12277221679688 305.6120796203613 166.12277221679688 305.6120796203613 221.62313842773438 280.58154296875 221.62313842773438
281.1505432128906 168.7509002685547 305.0465507507324 168.7509002685547 305.0465507507324 222.7257423400879 281.1505432128906 222.7257423400879
281.2251281738281 171.4938507080078 305.145206451416 171.4938507080078 305.145206451416 224.85161590576172 281.2251281738281 224.85161590576172
281.3846130371094 166.5928192138672 306.1584892272949 166.5928192138672 306.1584892272949 223.97045135498047 281.3846130371094 223.97045135498047
281.775390625 168.575927734375 307.111873626709 168.575927734375 307.111873626709 224.47255325317383 281.775390625 224.47255325317383
282.19757080078125 169.08644104003906 307.75014877319336 169.08644104003906 307.75014877319336 224.15673446655273 282.19757080078125 224.15673446655273
282.43341064453125 168.60679626464844 307.4763832092285 168.60679626464844 307.4763832092285 224.39733123779297 282.43341064453125 224.39733123779297
282.6813049316406 169.19363403320312 308.61451148986816 169.19363403320312 308.61451148986816 223.46337890625 282.6813049316406 223.46337890625
282.68804931640625 171.40635681152344 308.0181083679199 171.40635681152344 308.0181083679199 224.9781723022461 282.68804931640625 224.9781723022461
282.1697692871094 168.6876983642578 307.63962745666504 168.6876983642578 307.63962745666504 223.44835662841797 282.1697692871094 223.44835662841797
281.9976501464844 169.13101196289062 307.52587509155273 169.13101196289062 307.52587509155273 223.44647979736328 281.9976501464844 223.44647979736328
282.0614318847656 169.85789489746094 307.3758907318115 169.85789489746094 307.3758907318115 223.8123321533203 282.0614318847656 223.8123321533203
282.18988037109375 166.56625366210938 308.27343368530273 166.56625366210938 308.27343368530273 223.41935348510742 282.18988037109375 223.41935348510742
282.4588623046875 168.9556121826172 308.7295322418213 168.9556121826172 308.7295322418213 223.43695449829102 282.4588623046875 223.43695449829102
282.71484375 167.7322998046875 308.9303684234619 167.7322998046875 308.9303684234619 223.51002883911133 282.71484375 223.51002883911133
281.65460205078125 165.72152709960938 308.55962562561035 165.72152709960938 308.55962562561035 222.19624710083008 281.65460205078125 222.19624710083008
283.86187744140625 167.5562744140625 309.9332332611084 167.5562744140625 309.9332332611084 224.49732208251953 283.86187744140625 224.49732208251953
284.40301513671875 171.25572204589844 311.0222587585449 171.25572204589844 311.0222587585449 228.04253768920898 284.40301513671875 228.04253768920898
283.3470764160156 170.13687133789062 309.636754989624 170.13687133789062 309.636754989624 226.27173614501953 283.3470764160156 226.27173614501953
283.396240234375 168.03964233398438 309.61143493652344 168.03964233398438 309.61143493652344 224.52897262573242 283.396240234375 224.52897262573242
284.5611877441406 170.32278442382812 310.5059471130371 170.32278442382812 310.5059471130371 226.6462287902832 284.5611877441406 226.6462287902832
282.22650146484375 165.59820556640625 309.52219581604004 165.59820556640625 309.52219581604004 224.68374633789062 282.22650146484375 224.68374633789062
282.52947998046875 169.2215118408203 309.046667098999 169.2215118408203 309.046667098999 226.93624114990234 282.52947998046875 226.93624114990234
282.0018005371094 167.24586486816406 309.21225929260254 167.24586486816406 309.21225929260254 225.81152725219727 282.0018005371094 225.81152725219727
282.23602294921875 165.6407012939453 308.85759353637695 165.6407012939453 308.85759353637695 224.74097442626953 282.23602294921875 224.74097442626953
