348.0 235.0 364.0 235.0 364.0 267.0 348.0 267.0
342.2684326171875 231.13720703125 357.73899269104004 231.13720703125 357.73899269104004 262.5237979888916 342.2684326171875 262.5237979888916
331.4925231933594 223.84091186523438 346.7639846801758 223.84091186523438 346.7639846801758 255.29924392700195 331.4925231933594 255.29924392700195
326.69342041015625 220.0707244873047 341.8738708496094 220.0707244873047 341.8738708496094 252.48308181762695 326.69342041015625 252.48308181762695
317.0040283203125 213.3217010498047 331.960973739624 213.3217010498047 331.960973739624 244.8970546722412 317.0040283203125 244.8970546722412
312.6475830078125 209.79556274414062 327.2623691558838 209.79556274414062 327.2623691558838 241.4777774810791 312.6475830078125 241.4777774810791
303.3865661621094 204.2414093017578 317.64385509490967 204.2414093017578 317.64385509490967 235.99293518066406 303.3865661621094 235.99293518066406
298.07904052734375 200.88998413085938 313.1099166870117 200.88998413085938 313.1099166870117 231.94176864624023 298.07904052734375 231.94176864624023
292.599609375 196.05470275878906 306.2856092453003 196.05470275878906 306.2856092453003 227.23630714416504 292.599609375 227.23630714416504
283.6942443847656 190.73617553710938 298.0068893432617 190.73617553710938 298.0068893432617 221.00723266601562 283.6942443847656 221.00723266601562
279.05010986328125 187.38607788085938 293.8863401412964 187.38607788085938 293.8863401412964 217.41469383239746 279.05010986328125 217.41469383239746
271.99774169921875 182.72024536132812 286.13801860809326 182.72024536132812 286.13801860809326 212.16412925720215 271.99774169921875 212.16412925720215
268.386962890625 179.74020385742188 282.2875461578369 179.74020385742188 282.2875461578369 209.28732872009277 268.386962890625 209.28732872009277
261.0180969238281 175.40380859375 275.410382270813 175.40380859375 275.410382270813 205.37160110473633 261.0180969238281 205.37160110473633
257.28521728515625 173.0648956298828 271.76601696014404 173.0648956298828 271.76601696014404 203.15001487731934 257.28521728515625 203.15001487731934
254.40731811523438 171.03599548339844 267.9741258621216 171.03599548339844 267.9741258621216 201.76597023010254 254.40731811523438 201.76597023010254
247.50674438476562 166.14950561523438 261.5763349533081 166.14950561523438 261.5763349533081 195.4426383972168 247.50674438476562 195.4426383972168
241.25521850585938 161.15731811523438 255.42285633087158 161.15731811523438 255.42285633087158 190.60747718811035 241.25521850585938 190.60747718811035
237.80093383789062 160.6368865966797 252.01759910583496 160.6368865966797 252.01759910583496 189.6788444519043 237.80093383789062 189.6788444519043
232.25497436523438 155.3916015625 246.17941284179688 155.3916015625 246.17941284179688 184.7293300628662 232.25497436523438 184.7293300628662
229.15274047851562 152.6090545654297 242.78811931610107 152.6090545654297 242.78811931610107 181.39349746704102 229.15274047851562 181.39349746704102
222.5335693359375 147.91937255859375 236.32641124725342 147.91937255859375 236.32641124725342 176.795654296875 222.5335693359375 176.795654296875
218.4077606201172 146.17233276367188 232.01265716552734 146.17233276367188 232.01265716552734 174.58958053588867 218.4077606201172 174.58958053588867
212.10659790039062 143.5693359375 226.03011894226074 143.5693359375 226.03011894226074 171.7686309814453 212.10659790039062 171.7686309814453
208.80618286132812 140.72976684570312 222.78510093688965 140.72976684570312 222.78510093688965 168.68760299682617 208.80618286132812 168.68760299682617
206.39663696289062 139.72203063964844 220.09720039367676 139.72203063964844 220.09720039367676 167.1231575012207 206.39663696289062 167.1231575012207
201.59030151367188 135.04898071289062 215.3174343109131 135.04898071289062 215.3174343109131 162.95236206054688 201.59030151367188 162.95236206054688
198.77285766601562 133.70950317382812 212.478178024292 133.70950317382812 212.478178024292 161.12014389038086 198.77285766601562 161.12014389038086
194.2779998779297 131.1905059814453 207.2061939239502 131.1905059814453 207.2061939239502 159.22563552856445 194.2779998779297 159.22563552856445
191.4674835205078 129.4365997314453 204.60165405273438 129.4365997314453 204.60165405273438 156.3911647796631 191.4674835205078 156.3911647796631
186.88145446777344 126.75223541259766 199.83920001983643 126.75223541259766 199.83920001983643 153.1388874053955 186.88145446777344 153.1388874053955
183.9382781982422 125.0011978149414 197.0785369873047 125.0011978149414 197.0785369873047 151.2817153930664 183.9382781982422 151.2817153930664
180.03427124023438 122.6458511352539 193.09042644500732 122.6458511352539 193.09042644500732 148.7581615447998 180.03427124023438 148.7581615447998
177.7238006591797 119.75373840332031 190.51734828948975 119.75373840332031 190.51734828948975 145.8751277923584 177.7238006591797 145.8751277923584
172.9141387939453 116.25089263916016 185.37268829345703 116.25089263916016 185.37268829345703 143.30027389526367 172.9141387939453 143.30027389526367
171.1043243408203 116.40572357177734 183.8669376373291 116.40572357177734 183.8669376373291 141.93095016479492 171.1043243408203 141.93095016479492
166.64991760253906 111.80329895019531 178.52035331726074 111.80329895019531 178.52035331726074 138.25634384155273 166.64991760253906 138.25634384155273
164.34164428710938 110.3582534790039 176.51268196105957 110.3582534790039 176.51268196105957 136.61348152160645 164.34164428710938 136.61348152160645
160.9022674560547 108.57759094238281 173.4850254058838 108.57759094238281 173.4850254058838 133.74310684204102 160.9022674560547 133.74310684204102
159.3791046142578 107.5790786743164 171.5859317779541 107.5790786743164 171.5859317779541 133.0055809020996 159.3791046142578 133.0055809020996
156.1027374267578 106.508056640625 168.2881441116333 106.508056640625 168.2881441116333 131.63603401184082 156.1027374267578 131.63603401184082
154.49400329589844 103.98274993896484 165.97646141052246 103.98274993896484 165.97646141052246 129.77291107177734 154.49400329589844 129.77291107177734
150.8310546875 102.47029876708984 162.98084449768066 102.47029876708984 162.98084449768066 126.86664962768555 150.8310546875 126.86664962768555
149.8814697265625 101.01333618164062 161.94975090026855 101.01333618164062 161.94975090026855 125.62586975097656 149.8814697265625 125.62586975097656
147.66485595703125 100.04683685302734 159.99185466766357 100.04683685302734 159.99185466766357 124.70083427429199 147.66485595703125 124.70083427429199
145.57736206054688 98.15234375 157.89504528045654 98.15234375 157.89504528045654 123.00088691711426 145.57736206054688 123.00088691711426
143.65341186523438 97.04914855957031 156.10576152801514 97.04914855957031 156.10576152801514 121.49563217163086 143.65341186523438 121.49563217163086
142.00741577148438 93.8692855834961 153.84541130065918 93.8692855834961 153.84541130065918 118.48327445983887 142.00741577148438 118.48327445983887
140.01632690429688 92.70335388183594 152.00919342041016 92.70335388183594 152.00919342041016 116.6890869140625 140.01632690429688 116.6890869140625
137.85696411132812 91.01382446289062 149.8499927520752 91.01382446289062 149.8499927520752 115.16064834594727 137.85696411132812 115.16064834594727
136.55320739746094 89.96724700927734 148.2579002380371 89.96724700927734 148.2579002380371 113.84616088867188 136.55320739746094 113.84616088867188
134.0909423828125 88.36527252197266 145.87256813049316 88.36527252197266 145.87256813049316 111.92852401733398 134.0909423828125 111.92852401733398
133.79754638671875 87.21019744873047 145.6474781036377 87.21019744873047 145.6474781036377 110.91006088256836 133.79754638671875 110.91006088256836
132.3056182861328 86.30754089355469 144.323637008667 86.30754089355469 144.323637008667 110.34357833862305 132.3056182861328 110.34357833862305
129.57913208007812 83.2407455444336 141.55465412139893 83.2407455444336 141.55465412139893 107.1917896270752 129.57913208007812 107.1917896270752
127.41412353515625 82.37950134277344 139.14598655700684 82.37950134277344 139.14598655700684 106.25613021850586 127.41412353515625 106.25613021850586
126.2613525390625 80.27604675292969 137.71326351165771 80.27604675292969 137.71326351165771 105.06034851074219 126.2613525390625 105.06034851074219
124.55326080322266 80.16795349121094 136.20288276672363 80.16795349121094 136.20288276672363 104.31332015991211 124.55326080322266 104.31332015991211
122.16206359863281 77.65538024902344 134.13093852996826 77.65538024902344 134.13093852996826 101.99350357055664 122.16206359863281 101.99350357055664
121.24503326416016 75.86225128173828 132.93124675750732 75.86225128173828 132.93124675750732 100.02241516113281 121.24503326416016 100.02241516113281
119.00044250488281 74.87327575683594 130.67945194244385 74.87327575683594 130.67945194244385 99.03249740600586 119.00044250488281 99.03249740600586
118.50445556640625 75.01151275634766 130.41290664672852 75.01151275634766 130.41290664672852 98.82841491699219 118.50445556640625 98.82841491699219
116.16667175292969 73.3255615234375 128.01818752288818 73.3255615234375 128.01818752288818 96.8680534362793 116.16667175292969 96.8680534362793
114.985595703125 72.1563949584961 126.73610877990723 72.1563949584961 126.73610877990723 96.17441940307617 114.985595703125 96.17441940307617
113.04837799072266 69.91761779785156 125.33191967010498 69.91761779785156 125.33191967010498 94.35598373413086 113.04837799072266 94.35598373413086
111.68807220458984 69.18299102783203 123.86738109588623 69.18299102783203 123.86738109588623 93.63320732116699 111.68807220458984 93.63320732116699
109.900634765625 68.17390441894531 122.03152656555176 68.17390441894531 122.03152656555176 92.5326042175293 109.900634765625 92.5326042175293
108.92222595214844 67.10003662109375 120.72572040557861 67.10003662109375 120.72572040557861 91.37115097045898 108.92222595214844 91.37115097045898
107.57496643066406 64.98280334472656 119.2436294555664 64.98280334472656 119.2436294555664 90.06203842163086 107.57496643066406 90.06203842163086
106.8116226196289 65.25300598144531 118.80953407287598 65.25300598144531 118.80953407287598 89.24882888793945 106.8116226196289 89.24882888793945
105.6580810546875 61.973663330078125 117.22785472869873 61.973663330078125 117.22785472869873 86.37503623962402 105.6580810546875 86.37503623962402
103.49656677246094 61.28203582763672 115.50592708587646 61.28203582763672 115.50592708587646 85.30075645446777 103.49656677246094 85.30075645446777
102.6531982421875 61.0095100402832 114.563307762146 61.0095100402832 114.563307762146 84.8297290802002 102.6531982421875 84.8297290802002
101.18143463134766 60.329017639160156 113.00726127624512 60.329017639160156 113.00726127624512 84.31817245483398 101.18143463134766 84.31817245483398
99.34068298339844 57.1240348815918 110.89894390106201 57.1240348815918 110.89894390106201 81.52114295959473 99.34068298339844 81.52114295959473
98.20982360839844 57.818809509277344 109.84537315368652 57.818809509277344 109.84537315368652 81.93951034545898 98.20982360839844 81.93951034545898
97.4246826171875 56.259925842285156 109.52271842956543 56.259925842285156 109.52271842956543 80.45599746704102 97.4246826171875 80.45599746704102
95.79847717285156 55.39612579345703 107.72715473175049 55.39612579345703 107.72715473175049 79.51359367370605 95.79847717285156 79.51359367370605
95.4560775756836 54.32773971557617 107.43250465393066 54.32773971557617 107.43250465393066 78.28059387207031 95.4560775756836 78.28059387207031
93.7342758178711 53.221221923828125 105.40435409545898 53.221221923828125 105.40435409545898 76.30186462402344 93.7342758178711 76.30186462402344
92.63703918457031 52.4142951965332 104.46623516082764 52.4142951965332 104.46623516082764 76.07268714904785 92.63703918457031 76.07268714904785
92.31062316894531 52.120887756347656 104.09733772277832 52.120887756347656 104.09733772277832 75.69431686401367 92.31062316894531 75.69431686401367
90.16719055175781 50.28078079223633 100.95353507995605 50.28078079223633 100.95353507995605 73.30249786376953 90.16719055175781 73.30249786376953
89.15372467041016 49.96595001220703 100.37086009979248 49.96595001220703 100.37086009979248 74.15143203735352 89.15372467041016 74.15143203735352
87.86366271972656 48.38911056518555 99.49240303039551 48.38911056518555 99.49240303039551 72.80357933044434 87.86366271972656 72.80357933044434
86.15320587158203 47.192684173583984 98.29015254974365 47.192684173583984 98.29015254974365 71.56771278381348 86.15320587158203 71.56771278381348
84.47734069824219 45.97199249267578 96.44196510314941 45.97199249267578 96.44196510314941 69.83388328552246 84.47734069824219 69.83388328552246
83.98230743408203 44.02561950683594 96.39130973815918 44.02561950683594 96.39130973815918 68.84362411499023 83.98230743408203 68.84362411499023
83.07197570800781 43.42197799682617 95.60130882263184 43.42197799682617 95.60130882263184 68.48064422607422 83.07197570800781 68.48064422607422
80.6491470336914 43.64075469970703 92.83086585998535 43.64075469970703 92.83086585998535 68.67115020751953 80.6491470336914 68.67115020751953
80.0490951538086 42.408470153808594 91.76726150512695 42.408470153808594 91.76726150512695 67.82050132751465 80.0490951538086 67.82050132751465
79.81954956054688 41.38911819458008 91.79902362823486 41.38911819458008 91.79902362823486 66.30388259887695 79.81954956054688 66.30388259887695
78.23014831542969 39.887847900390625 90.83158111572266 39.887847900390625 90.83158111572266 65.09071350097656 78.23014831542969 65.09071350097656
77.34037017822266 39.24103546142578 89.9988784790039 39.24103546142578 89.9988784790039 64.9394416809082 77.34037017822266 64.9394416809082
75.3482894897461 39.47815704345703 88.00835227966309 39.47815704345703 88.00835227966309 64.8938159942627 75.3482894897461 64.8938159942627
74.75834655761719 39.03169250488281 87.12821769714355 39.03169250488281 87.12821769714355 64.24728202819824 74.75834655761719 64.24728202819824
73.421875 36.99852752685547 85.87549018859863 36.99852752685547 85.87549018859863 61.905757904052734 73.421875 61.905757904052734
72.2332992553711 36.03839111328125 84.61886024475098 36.03839111328125 84.61886024475098 61.0162239074707 72.2332992553711 61.0162239074707
70.30769348144531 36.765052795410156 82.63376808166504 36.765052795410156 82.63376808166504 60.8672981262207 70.30769348144531 60.8672981262207
70.339599609375 35.16956329345703 82.66514301300049 35.16956329345703 82.66514301300049 59.89533615112305 70.339599609375 59.89533615112305
