40.0 90.0 56.0 90.0 56.0 130.0 40.0 130.0
41.832008361816406 90.05045318603516 57.79785346984863 90.05045318603516 57.79785346984863 127.47594833374023 41.832008361816406 127.47594833374023
41.35723876953125 89.64904022216797 57.739999771118164 89.64904022216797 57.739999771118164 128.0733413696289 41.35723876953125 128.0733413696289
43.81389617919922 91.10043334960938 60.542667388916016 91.10043334960938 60.542667388916016 128.14209365844727 43.81389617919922 128.14209365844727
44.09809494018555 90.57308197021484 60.445980072021484 90.57308197021484 60.445980072021484 128.27531814575195 44.09809494018555 128.27531814575195
47.784423828125 88.64715576171875 63.542015075683594 88.64715576171875 63.542015075683594 128.04113388061523 47.784423828125 128.04113388061523
45.78301239013672 88.44679260253906 61.66609764099121 88.44679260253906 61.66609764099121 127.1889877319336 45.78301239013672 127.1889877319336
50.401084899902344 91.3535385131836 66.71989059448242 91.3535385131836 66.71989059448242 130.44438934326172 50.401084899902344 130.44438934326172
49.839805603027344 91.5634536743164 66.08317947387695 91.5634536743164 66.08317947387695 131.3116912841797 49.839805603027344 131.3116912841797
52.21502685546875 91.88249206542969 68.91891098022461 91.88249206542969 68.91891098022461 130.24902725219727 52.21502685546875 130.24902725219727
52.734397888183594 91.0792465209961 69.22287178039551 91.0792465209961 69.22287178039551 130.5447235107422 52.734397888183594 130.5447235107422
53.52388381958008 93.05171203613281 69.94509315490723 93.05171203613281 69.94509315490723 130.14556121826172 53.52388381958008 130.14556121826172
53.313079833984375 90.39118957519531 70.45323181152344 90.39118957519531 70.45323181152344 130.36444854736328 53.313079833984375 130.36444854736328
53.102333068847656 91.6755142211914 69.99776077270508 91.6755142211914 69.99776077270508 129.85693740844727 53.102333068847656 129.85693740844727
71.18901062011719 93.77438354492188 85.90208435058594 93.77438354492188 85.90208435058594 132.7642059326172 71.18901062011719 132.7642059326172
70.30082702636719 93.7880859375 86.86761856079102 93.7880859375 86.86761856079102 135.2050552368164 70.30082702636719 135.2050552368164
72.6268310546875 93.38035583496094 89.30949401855469 93.38035583496094 89.30949401855469 130.94735717773438 72.6268310546875 130.94735717773438
72.9176025390625 93.29945373535156 88.6655912399292 93.29945373535156 88.6655912399292 130.03837203979492 72.9176025390625 130.03837203979492
75.3635025024414 93.8380355834961 91.22436332702637 93.8380355834961 91.22436332702637 130.64164352416992 75.3635025024414 130.64164352416992
75.44256591796875 93.92676544189453 91.3436861038208 93.92676544189453 91.3436861038208 129.8529510498047 75.44256591796875 129.8529510498047
76.22599792480469 94.39876556396484 92.20996856689453 94.39876556396484 92.20996856689453 131.2559051513672 76.22599792480469 131.2559051513672
77.55433654785156 93.91502380371094 93.12890338897705 93.91502380371094 93.12890338897705 130.18128204345703 77.55433654785156 130.18128204345703
79.92277526855469 94.61091613769531 96.500244140625 94.61091613769531 96.500244140625 130.71471786499023 79.92277526855469 130.71471786499023
79.56553649902344 94.22119140625 96.4561710357666 94.22119140625 96.4561710357666 130.44393920898438 79.56553649902344 130.44393920898438
74.60063171386719 93.88607025146484 90.00891876220703 93.88607025146484 90.00891876220703 130.05602645874023 74.60063171386719 130.05602645874023
74.37996673583984 94.45099639892578 90.16004657745361 94.45099639892578 90.16004657745361 130.52345275878906 74.37996673583984 130.52345275878906
73.92268371582031 93.22160339355469 89.91285705566406 93.22160339355469 89.91285705566406 129.3054428100586 73.92268371582031 129.3054428100586
75.97911071777344 93.91405487060547 91.83222961425781 93.91405487060547 91.83222961425781 129.80968856811523 75.97911071777344 129.80968856811523
77.04256439208984 93.65901947021484 92.39366340637207 93.65901947021484 92.39366340637207 130.9715919494629 77.04256439208984 130.9715919494629
79.9587631225586 91.85475158691406 95.70005226135254 91.85475158691406 95.70005226135254 130.78369903564453 79.9587631225586 130.78369903564453
83.01893615722656 92.41710662841797 98.93422508239746 92.41710662841797 98.93422508239746 130.60147094726562 83.01893615722656 130.60147094726562
82.67379760742188 91.21332550048828 98.80688285827637 91.21332550048828 98.80688285827637 130.6400375366211 82.67379760742188 130.6400375366211
82.37325286865234 91.9499282836914 98.44744491577148 91.9499282836914 98.44744491577148 129.82275009155273 82.37325286865234 129.82275009155273
84.485107421875 91.14115905761719 100.68641471862793 91.14115905761719 100.68641471862793 130.68975067138672 84.485107421875 130.68975067138672
84.53279876708984 92.36447143554688 100.99283027648926 92.36447143554688 100.99283027648926 130.6088523864746 84.53279876708984 130.6088523864746
87.7396240234375 93.5335922241211 103.64317035675049 93.5335922241211 103.64317035675049 131.0494384765625 87.7396240234375 131.0494384765625
87.38368225097656 93.28242492675781 103.43026351928711 93.28242492675781 103.43026351928711 131.83307266235352 87.38368225097656 131.83307266235352
91.89612579345703 93.72525024414062 108.04452705383301 93.72525024414062 108.04452705383301 132.82966232299805 91.89612579345703 132.82966232299805
91.54188537597656 93.27081298828125 107.16641426086426 93.27081298828125 107.16641426086426 132.3321075439453 91.54188537597656 132.3321075439453
91.5352783203125 93.14443969726562 107.3425703048706 93.14443969726562 107.3425703048706 132.66263961791992 91.5352783203125 132.66263961791992
94.88507080078125 92.0054702758789 110.63009834289551 92.0054702758789 110.63009834289551 130.13580322265625 94.88507080078125 130.13580322265625
94.46057891845703 92.68461608886719 110.43012523651123 92.68461608886719 110.43012523651123 132.29858016967773 94.46057891845703 132.29858016967773
98.19700622558594 91.30475616455078 113.6558895111084 91.30475616455078 113.6558895111084 130.5704803466797 98.19700622558594 130.5704803466797
100.73588562011719 90.96993255615234 115.89983177185059 90.96993255615234 115.89983177185059 128.34242248535156 100.73588562011719 128.34242248535156
100.90333557128906 90.97761535644531 116.27388954162598 90.97761535644531 116.27388954162598 127.94451904296875 100.90333557128906 127.94451904296875
100.56796264648438 90.60672760009766 115.22734069824219 90.60672760009766 115.22734069824219 128.45824813842773 100.56796264648438 128.45824813842773
103.83888244628906 92.41850280761719 119.2467041015625 92.41850280761719 119.2467041015625 129.56392669677734 103.83888244628906 129.56392669677734
103.96632385253906 92.85857391357422 119.20266723632812 92.85857391357422 119.20266723632812 130.71096420288086 103.96632385253906 130.71096420288086
107.45513916015625 92.73284912109375 123.19548320770264 92.73284912109375 123.19548320770264 131.02399826049805 107.45513916015625 131.02399826049805
107.84355163574219 92.60179138183594 123.42998027801514 92.60179138183594 123.42998027801514 129.84186172485352 107.84355163574219 129.84186172485352
110.2476577758789 92.11387634277344 126.41423416137695 92.11387634277344 126.41423416137695 130.62072372436523 110.2476577758789 130.62072372436523
110.1056137084961 91.89855194091797 127.28621482849121 91.89855194091797 127.28621482849121 129.77820205688477 110.1056137084961 129.77820205688477
113.8349380493164 91.46112060546875 130.45298194885254 91.46112060546875 130.45298194885254 131.15399551391602 113.8349380493164 131.15399551391602
113.86836242675781 91.19630432128906 129.96285247802734 91.19630432128906 129.96285247802734 132.31610870361328 113.86836242675781 132.31610870361328
116.4207534790039 92.03083801269531 133.48121452331543 92.03083801269531 133.48121452331543 131.6433868408203 116.4207534790039 131.6433868408203
116.3370590209961 91.77305603027344 133.15773010253906 91.77305603027344 133.15773010253906 129.7447166442871 116.3370590209961 129.7447166442871
119.18290710449219 91.30525207519531 134.910906791687 91.30525207519531 134.910906791687 130.71853256225586 119.18290710449219 130.71853256225586
118.17533874511719 90.8817138671875 134.91304779052734 90.8817138671875 134.91304779052734 129.7640151977539 118.17533874511719 129.7640151977539
118.93138122558594 91.97207641601562 135.49074172973633 91.97207641601562 135.49074172973633 131.9013557434082 118.93138122558594 131.9013557434082
123.13382720947266 91.89488220214844 139.89867782592773 91.89488220214844 139.89867782592773 132.19672393798828 123.13382720947266 132.19672393798828
123.0281982421875 92.68666076660156 139.9027099609375 92.68666076660156 139.9027099609375 133.09447479248047 123.0281982421875 133.09447479248047
126.52803802490234 93.83082580566406 142.86916732788086 93.83082580566406 142.86916732788086 132.2039566040039 126.52803802490234 132.2039566040039
126.630615234375 92.90689086914062 142.90966033935547 92.90689086914062 142.90966033935547 131.26289749145508 126.630615234375 131.26289749145508
129.54489135742188 91.91761779785156 146.2008457183838 91.91761779785156 146.2008457183838 131.04456329345703 129.54489135742188 131.04456329345703
130.217529296875 93.40298461914062 146.88456535339355 93.40298461914062 146.88456535339355 132.00476455688477 130.217529296875 132.00476455688477
134.0315704345703 92.68763732910156 150.28586769104004 92.68763732910156 150.28586769104004 131.16768646240234 134.0315704345703 131.16768646240234
134.1826934814453 91.3239974975586 149.81600952148438 91.3239974975586 149.81600952148438 131.2183380126953 134.1826934814453 131.2183380126953
137.13693237304688 90.5352554321289 153.18585777282715 90.5352554321289 153.18585777282715 130.5767059326172 137.13693237304688 130.5767059326172
137.10780334472656 88.90568542480469 152.72510528564453 88.90568542480469 152.72510528564453 131.09270477294922 137.10780334472656 131.09270477294922
140.1508331298828 90.15447998046875 156.1020221710205 90.15447998046875 156.1020221710205 130.53784942626953 140.1508331298828 130.53784942626953
140.68838500976562 89.77571105957031 155.97996711730957 89.77571105957031 155.97996711730957 129.87388229370117 140.68838500976562 129.87388229370117
140.7393798828125 90.47915649414062 156.0964937210083 90.47915649414062 156.0964937210083 130.5216827392578 140.7393798828125 130.5216827392578
142.51022338867188 90.17516326904297 158.6901969909668 90.17516326904297 158.6901969909668 131.30824279785156 142.51022338867188 131.30824279785156
142.62811279296875 90.86272430419922 158.93401908874512 90.86272430419922 158.93401908874512 131.98221588134766 142.62811279296875 131.98221588134766
146.12881469726562 93.16127014160156 163.13022232055664 93.16127014160156 163.13022232055664 132.04659271240234 146.12881469726562 132.04659271240234
150.33126831054688 91.22281646728516 166.46261978149414 91.22281646728516 166.46261978149414 130.67250061035156 150.33126831054688 130.67250061035156
149.43643188476562 91.84803771972656 166.89764785766602 91.84803771972656 166.89764785766602 130.5220718383789 149.43643188476562 130.5220718383789
149.69007873535156 91.25261688232422 166.291166305542 91.25261688232422 166.291166305542 129.81066131591797 149.69007873535156 129.81066131591797
152.52963256835938 91.00532531738281 168.878662109375 91.00532531738281 168.878662109375 130.7408676147461 152.52963256835938 130.7408676147461
151.68222045898438 90.61589050292969 168.3787899017334 90.61589050292969 168.3787899017334 131.06628036499023 151.68222045898438 131.06628036499023
155.17942810058594 90.8890151977539 170.49094581604004 90.8890151977539 170.49094581604004 129.9681396484375 155.17942810058594 129.9681396484375
155.1960906982422 90.5374526977539 170.88133811950684 90.5374526977539 170.88133811950684 130.40897750854492 155.1960906982422 130.40897750854492
157.21414184570312 91.69593048095703 170.82568359375 91.69593048095703 170.82568359375 130.15440368652344 157.21414184570312 130.15440368652344
157.53872680664062 92.14622497558594 171.37993335723877 92.14622497558594 171.37993335723877 130.63814544677734 157.53872680664062 130.63814544677734
161.82626342773438 89.5633316040039 177.88422775268555 89.5633316040039 177.88422775268555 130.41187286376953 161.82626342773438 130.41187286376953
161.7093963623047 91.2708511352539 177.97771644592285 91.2708511352539 177.97771644592285 132.23092651367188 161.7093963623047 132.23092651367188
164.53184509277344 91.7340316772461 180.5250415802002 91.7340316772461 180.5250415802002 132.6560516357422 164.53184509277344 132.6560516357422
164.2343292236328 92.90150451660156 180.13416576385498 92.90150451660156 180.13416576385498 133.51723861694336 164.2343292236328 133.51723861694336
164.2599639892578 91.29239654541016 180.5220069885254 91.29239654541016 180.5220069885254 132.57265090942383 164.2599639892578 132.57265090942383
167.80801391601562 93.19471740722656 184.46724891662598 93.19471740722656 184.46724891662598 132.5333480834961 167.80801391601562 132.5333480834961
167.8743896484375 93.90943908691406 184.3367691040039 93.90943908691406 184.3367691040039 132.33485794067383 167.8743896484375 132.33485794067383
171.4137420654297 91.65544128417969 188.2541160583496 91.65544128417969 188.2541160583496 133.25085830688477 171.4137420654297 133.25085830688477
171.76512145996094 90.45893859863281 188.9599952697754 90.45893859863281 188.9599952697754 131.3556137084961 171.76512145996094 131.3556137084961
174.79476928710938 89.48640441894531 191.92384719848633 89.48640441894531 191.92384719848633 130.0841941833496 174.79476928710938 130.0841941833496
175.19430541992188 89.12447357177734 192.08844184875488 89.12447357177734 192.08844184875488 130.0648307800293 175.19430541992188 130.0648307800293
178.29832458496094 90.14530944824219 194.3349666595459 90.14530944824219 194.3349666595459 129.7635841369629 178.29832458496094 129.7635841369629
177.6531219482422 89.09278869628906 194.1031093597412 89.09278869628906 194.1031093597412 129.61786651611328 177.6531219482422 129.61786651611328
180.4602813720703 90.31565856933594 197.02430725097656 90.31565856933594 197.02430725097656 130.83747100830078 180.4602813720703 130.83747100830078
180.48670959472656 90.61811065673828 196.5159034729004 90.61811065673828 196.5159034729004 130.42359161376953 180.48670959472656 130.42359161376953
183.7510528564453 91.08634948730469 199.31806182861328 91.08634948730469 199.31806182861328 131.40216827392578 183.7510528564453 131.40216827392578
183.7298126220703 91.25315856933594 198.97700309753418 91.25315856933594 198.97700309753418 130.80092239379883 183.7298126220703 130.80092239379883
186.00424194335938 91.73587799072266 202.47320175170898 91.73587799072266 202.47320175170898 130.89823150634766 186.00424194335938 130.89823150634766
186.3070068359375 91.2991943359375 202.46346473693848 91.2991943359375 202.46346473693848 130.6487045288086 186.3070068359375 130.6487045288086
190.05567932128906 91.52680969238281 205.5664577484131 91.52680969238281 205.5664577484131 131.67392349243164 190.05567932128906 131.67392349243164
190.0726776123047 91.29341888427734 205.9356517791748 91.29341888427734 205.9356517791748 130.54589462280273 190.0726776123047 130.54589462280273
194.22872924804688 88.86070251464844 211.44927597045898 88.86070251464844 211.44927597045898 129.57116317749023 194.22872924804688 129.57116317749023
194.47694396972656 89.1528549194336 211.21829795837402 89.1528549194336 211.21829795837402 130.06138229370117 194.47694396972656 130.06138229370117
194.98294067382812 89.07559967041016 211.14397621154785 89.07559967041016 211.14397621154785 129.4799690246582 194.98294067382812 129.4799690246582
197.04891967773438 90.2133560180664 213.8487606048584 90.2133560180664 213.8487606048584 131.8399200439453 197.04891967773438 131.8399200439453
197.36709594726562 90.18211364746094 214.40620803833008 90.18211364746094 214.40620803833008 132.1794891357422 197.36709594726562 132.1794891357422
200.01730346679688 92.95800018310547 216.92717933654785 92.95800018310547 216.92717933654785 133.2212371826172 200.01730346679688 133.2212371826172
199.64358520507812 92.4488754272461 216.6511402130127 92.4488754272461 216.6511402130127 133.0398406982422 199.64358520507812 133.0398406982422
202.01121520996094 92.86355590820312 220.13895225524902 92.86355590820312 220.13895225524902 132.48170471191406 202.01121520996094 132.48170471191406
201.7335662841797 93.02085876464844 220.00189018249512 93.02085876464844 220.00189018249512 132.50883102416992 201.7335662841797 132.50883102416992
204.7921600341797 94.46588134765625 222.65231323242188 94.46588134765625 222.65231323242188 134.7192497253418 204.7921600341797 134.7192497253418
205.279541015625 94.10062408447266 222.15110397338867 94.10062408447266 222.15110397338867 133.72169494628906 205.279541015625 133.72169494628906
209.2821807861328 92.0888900756836 225.53744506835938 92.0888900756836 225.53744506835938 130.78938674926758 209.2821807861328 130.78938674926758
208.95614624023438 90.79048156738281 226.3217887878418 90.79048156738281 226.3217887878418 129.30905532836914 208.95614624023438 129.30905532836914
211.8646697998047 90.77152252197266 229.70835494995117 90.77152252197266 229.70835494995117 129.955078125 211.8646697998047 129.955078125
212.1929473876953 90.6358413696289 229.3188133239746 90.6358413696289 229.3188133239746 130.3092803955078 212.1929473876953 130.3092803955078
216.9884033203125 89.57907104492188 234.16403007507324 89.57907104492188 234.16403007507324 130.43849182128906 216.9884033203125 130.43849182128906
216.7339324951172 90.06178283691406 234.14238357543945 90.06178283691406 234.14238357543945 130.63816452026367 216.7339324951172 130.63816452026367
216.8243408203125 89.77799987792969 234.00923919677734 89.77799987792969 234.00923919677734 130.14698028564453 216.8243408203125 130.14698028564453
220.1338348388672 89.22026062011719 235.8266725540161 89.22026062011719 235.8266725540161 131.19773864746094 220.1338348388672 131.19773864746094
220.15951538085938 90.1285400390625 235.7687864303589 90.1285400390625 235.7687864303589 130.6939926147461 220.15951538085938 130.6939926147461
221.8787078857422 92.18663024902344 238.72540092468262 92.18663024902344 238.72540092468262 131.5756607055664 221.8787078857422 131.5756607055664
221.38088989257812 91.43040466308594 238.21932220458984 91.43040466308594 238.21932220458984 131.84894180297852 221.38088989257812 131.84894180297852
225.51412963867188 92.53472137451172 242.48447227478027 92.53472137451172 242.48447227478027 132.72599029541016 225.51412963867188 132.72599029541016
225.444091796875 91.33821105957031 242.33794784545898 91.33821105957031 242.33794784545898 131.94480514526367 225.444091796875 131.94480514526367
229.3800506591797 93.43208312988281 246.74522018432617 93.43208312988281 246.74522018432617 132.68657684326172 229.3800506591797 132.68657684326172
228.676025390625 92.61103820800781 245.65034103393555 92.61103820800781 245.65034103393555 131.91042709350586 228.676025390625 131.91042709350586
232.07406616210938 92.12019348144531 249.16820907592773 92.12019348144531 249.16820907592773 132.6078109741211 232.07406616210938 132.6078109741211
231.995849609375 91.95421600341797 249.29851913452148 91.95421600341797 249.29851913452148 132.882568359375 231.995849609375 132.882568359375
236.1406707763672 89.93516540527344 252.76424026489258 89.93516540527344 252.76424026489258 129.82845306396484 236.1406707763672 129.82845306396484
235.9527130126953 90.98658752441406 253.17462348937988 90.98658752441406 253.17462348937988 130.3182144165039 235.9527130126953 130.3182144165039
235.7911376953125 90.29444885253906 252.7774143218994 90.29444885253906 252.7774143218994 130.25858306884766 235.7911376953125 130.25858306884766
237.1004180908203 90.11148834228516 254.35326766967773 90.11148834228516 254.35326766967773 131.30051040649414 237.1004180908203 131.30051040649414
236.67080688476562 89.11881256103516 253.8261547088623 89.11881256103516 253.8261547088623 131.3529815673828 236.67080688476562 131.3529815673828
241.1099090576172 91.23286437988281 258.16247177124023 91.23286437988281 258.16247177124023 130.86518096923828 241.1099090576172 130.86518096923828
240.79061889648438 91.36075592041016 257.2845993041992 91.36075592041016 257.2845993041992 131.2140350341797 240.79061889648438 131.2140350341797
244.0795440673828 93.48374938964844 260.42896270751953 93.48374938964844 260.42896270751953 133.2840919494629 244.0795440673828 133.2840919494629
244.04605102539062 91.75474548339844 260.90172576904297 91.75474548339844 260.90172576904297 132.0879364013672 244.04605102539062 132.0879364013672
243.89572143554688 94.01950073242188 261.25696182250977 94.01950073242188 261.25696182250977 133.9970703125 243.89572143554688 133.9970703125
247.1485137939453 93.6227035522461 263.3334159851074 93.6227035522461 263.3334159851074 131.49121475219727 247.1485137939453 131.49121475219727
247.4607696533203 93.8376693725586 263.32728099823 93.8376693725586 263.32728099823 133.02228927612305 247.4607696533203 133.02228927612305
251.3508758544922 88.97273254394531 268.769380569458 88.97273254394531 268.769380569458 132.51892471313477 251.3508758544922 132.51892471313477
249.70864868164062 89.91068267822266 267.16797637939453 89.91068267822266 267.16797637939453 133.55893325805664 249.70864868164062 133.55893325805664
249.99740600585938 82.95516204833984 267.47052574157715 82.95516204833984 267.47052574157715 126.63789367675781 249.99740600585938 126.63789367675781
257.835693359375 83.82845306396484 275.45093727111816 83.82845306396484 275.45093727111816 127.86649703979492 257.835693359375 127.86649703979492
268.52984619140625 78.35882568359375 286.10619735717773 78.35882568359375 286.10619735717773 122.29963684082031 268.52984619140625 122.29963684082031
267.39990234375 79.21847534179688 284.6512813568115 79.21847534179688 284.6512813568115 122.34685516357422 267.39990234375 122.34685516357422
290.85467529296875 75.31346130371094 307.9144706726074 75.31346130371094 307.9144706726074 117.96288299560547 290.85467529296875 117.96288299560547
293.0862731933594 72.48714447021484 310.23513984680176 72.48714447021484 310.23513984680176 115.3592414855957 293.0862731933594 115.3592414855957
302.7449645996094 69.75358581542969 319.88772773742676 69.75358581542969 319.88772773742676 112.61042785644531 302.7449645996094 112.61042785644531
302.1156311035156 70.1822738647461 318.9517478942871 70.1822738647461 318.9517478942871 112.27249908447266 302.1156311035156 112.27249908447266
307.55072021484375 69.2958755493164 324.401330947876 69.2958755493164 324.401330947876 111.42233276367188 307.55072021484375 111.42233276367188
309.13079833984375 69.33206939697266 325.94342613220215 69.33206939697266 325.94342613220215 111.36357116699219 309.13079833984375 111.36357116699219
289.7220458984375 77.16206359863281 306.89135551452637 77.16206359863281 306.89135551452637 120.08527374267578 289.7220458984375 120.08527374267578
277.34429931640625 86.95721435546875 294.457311630249 86.95721435546875 294.457311630249 129.73967742919922 277.34429931640625 129.73967742919922
272.45391845703125 92.57227325439453 288.6976509094238 92.57227325439453 288.6976509094238 133.08189392089844 272.45391845703125 133.08189392089844
274.94366455078125 92.66275024414062 291.78635025024414 92.66275024414062 291.78635025024414 131.72319793701172 274.94366455078125 131.72319793701172
274.6024169921875 93.23002624511719 291.2245445251465 93.23002624511719 291.2245445251465 131.84386444091797 274.6024169921875 131.84386444091797
280.14874267578125 91.31144714355469 295.9948444366455 91.31144714355469 295.9948444366455 130.63053131103516 280.14874267578125 130.63053131103516
279.65704345703125 91.64192199707031 295.8545379638672 91.64192199707031 295.8545379638672 130.64184951782227 279.65704345703125 130.64184951782227
282.04571533203125 91.8093490600586 298.598669052124 91.8093490600586 298.598669052124 132.58038711547852 282.04571533203125 132.58038711547852
282.31787109375 92.04475402832031 298.6719379425049 92.04475402832031 298.6719379425049 133.02530670166016 282.31787109375 133.02530670166016
285.8091735839844 93.41569519042969 302.40242767333984 93.41569519042969 302.40242767333984 134.12764739990234 285.8091735839844 134.12764739990234
285.48486328125 94.1480941772461 301.55456161499023 94.1480941772461 301.55456161499023 134.7834701538086 285.48486328125 134.7834701538086
288.47979736328125 94.80953216552734 305.6261558532715 94.80953216552734 305.6261558532715 134.35483169555664 288.47979736328125 134.35483169555664
287.7975769042969 94.17781829833984 305.8909664154053 94.17781829833984 305.8909664154053 133.64569091796875 287.7975769042969 133.64569091796875
291.67596435546875 93.4547119140625 308.3446044921875 93.4547119140625 308.3446044921875 134.4985466003418 291.67596435546875 134.4985466003418
292.02752685546875 92.54764556884766 309.16273307800293 92.54764556884766 309.16273307800293 134.78445434570312 292.02752685546875 134.78445434570312
291.44720458984375 92.8009262084961 308.6826515197754 92.8009262084961 308.6826515197754 134.1866912841797 291.44720458984375 134.1866912841797
295.0987243652344 91.90948486328125 311.4927444458008 91.90948486328125 311.4927444458008 133.45627212524414 295.0987243652344 133.45627212524414
295.16455078125 92.10212707519531 311.6289482116699 92.10212707519531 311.6289482116699 132.53595352172852 295.16455078125 132.53595352172852
299.7303771972656 93.50190734863281 315.61313343048096 93.50190734863281 315.61313343048096 133.44396209716797 299.7303771972656 133.44396209716797
299.77435302734375 92.9661865234375 315.2066898345947 92.9661865234375 315.2066898345947 133.34329223632812 299.77435302734375 133.34329223632812
300.31640625 92.40534973144531 315.88173484802246 92.40534973144531 315.88173484802246 133.15701293945312 300.31640625 133.15701293945312
304.13592529296875 91.99992370605469 320.4877471923828 91.99992370605469 320.4877471923828 132.12945938110352 304.13592529296875 132.12945938110352
