209.0 155.0 309.0 155.0 309.0 218.0 209.0 218.0
202.3477783203125 155.28781127929688 298.75431060791016 155.28781127929688 298.75431060791016 216.9305534362793 202.3477783203125 216.9305534362793
192.4697723388672 152.06936645507812 289.34952545166016 152.06936645507812 289.34952545166016 214.96741485595703 192.4697723388672 214.96741485595703
182.89193725585938 153.8534393310547 281.4280242919922 153.8534393310547 281.4280242919922 215.9311752319336 182.89193725585938 215.9311752319336
179.42962646484375 153.01254272460938 273.2381286621094 153.01254272460938 273.2381286621094 215.24448776245117 179.42962646484375 215.24448776245117
172.89749145507812 155.0458221435547 266.0142593383789 155.0458221435547 266.0142593383789 217.0635528564453 172.89749145507812 217.0635528564453
167.94140625 154.72750854492188 257.89390563964844 154.72750854492188 257.89390563964844 215.65978240966797 167.94140625 215.65978240966797
163.98638916015625 154.57769775390625 250.88804626464844 154.57769775390625 250.88804626464844 214.4998779296875 163.98638916015625 214.4998779296875
159.26168823242188 153.95748901367188 245.83226776123047 153.95748901367188 245.83226776123047 214.14870071411133 159.26168823242188 214.14870071411133
155.29820251464844 154.07742309570312 239.61743927001953 154.07742309570312 239.61743927001953 213.29488372802734 155.29820251464844 213.29488372802734
152.18710327148438 154.859375 233.5774688720703 154.859375 233.5774688720703 213.63361358642578 152.18710327148438 213.63361358642578
149.54751586914062 154.5055694580078 227.48827362060547 154.5055694580078 227.48827362060547 212.58588027954102 149.54751586914062 212.58588027954102
149.6609649658203 154.67332458496094 227.5863800048828 154.67332458496094 227.5863800048828 212.4010353088379 149.6609649658203 212.4010353088379
147.06771850585938 154.78128051757812 222.97947692871094 154.78128051757812 222.97947692871094 212.41385650634766 147.06771850585938 212.41385650634766
144.5126495361328 156.05813598632812 218.47647857666016 156.05813598632812 218.47647857666016 211.76868438720703 144.5126495361328 211.76868438720703
142.41384887695312 155.51031494140625 216.07440185546875 155.51031494140625 216.07440185546875 210.60018920898438 142.41384887695312 210.60018920898438
139.84312438964844 156.6383056640625 212.59931182861328 156.6383056640625 212.59931182861328 210.5293960571289 139.84312438964844 210.5293960571289
137.3996124267578 155.63775634765625 209.98772430419922 155.63775634765625 209.98772430419922 209.39293670654297 137.3996124267578 209.39293670654297
135.97305297851562 155.5154266357422 207.52381134033203 155.5154266357422 207.52381134033203 208.0694236755371 135.97305297851562 208.0694236755371
134.25523376464844 157.08529663085938 205.416259765625 157.08529663085938 205.416259765625 208.21664428710938 134.25523376464844 208.21664428710938
133.3190155029297 156.45864868164062 202.8724365234375 156.45864868164062 202.8724365234375 207.19683837890625 133.3190155029297 207.19683837890625
132.19342041015625 157.17364501953125 201.02738189697266 157.17364501953125 201.02738189697266 207.6161651611328 132.19342041015625 207.6161651611328
130.0543975830078 158.96109008789062 194.99681854248047 158.96109008789062 194.99681854248047 205.82222747802734 130.0543975830078 205.82222747802734
129.30072021484375 160.0642852783203 191.32462310791016 160.0642852783203 191.32462310791016 204.85990142822266 129.30072021484375 204.85990142822266
127.3616714477539 161.70977783203125 191.7908706665039 161.70977783203125 191.7908706665039 206.24279403686523 127.3616714477539 206.24279403686523
126.8595962524414 161.46554565429688 190.27631378173828 161.46554565429688 190.27631378173828 204.60053253173828 126.8595962524414 204.60053253173828
127.87013244628906 161.4580841064453 189.7950782775879 161.4580841064453 189.7950782775879 204.28601837158203 127.87013244628906 204.28601837158203
127.22403717041016 161.75827026367188 187.9445343017578 161.75827026367188 187.9445343017578 203.46224212646484 127.22403717041016 203.46224212646484
126.58394622802734 162.42916870117188 187.77087783813477 162.42916870117188 187.77087783813477 204.4623031616211 126.58394622802734 204.4623031616211
127.40987396240234 162.31875610351562 186.88535690307617 162.31875610351562 186.88535690307617 203.93148040771484 127.40987396240234 203.93148040771484
127.384033203125 162.0730438232422 186.99895095825195 162.0730438232422 186.99895095825195 203.55548858642578 127.384033203125 203.55548858642578
127.5531005859375 162.27609252929688 186.52210235595703 162.27609252929688 186.52210235595703 202.76604080200195 127.5531005859375 202.76604080200195
129.56277465820312 161.64544677734375 186.36226272583008 161.64544677734375 186.36226272583008 202.14995956420898 129.56277465820312 202.14995956420898
128.34600830078125 162.0150146484375 186.31146240234375 162.0150146484375 186.31146240234375 202.06232070922852 128.34600830078125 202.06232070922852
129.95712280273438 162.39495849609375 186.14437866210938 162.39495849609375 186.14437866210938 201.7695083618164 129.95712280273438 201.7695083618164
129.87820434570312 162.1260986328125 185.8770980834961 162.1260986328125 185.8770980834961 201.06277465820312 129.87820434570312 201.06277465820312
132.1140899658203 161.67312622070312 186.31795501708984 161.67312622070312 186.31795501708984 201.04465103149414 132.1140899658203 201.04465103149414
133.12509155273438 162.3539581298828 187.64456176757812 162.3539581298828 187.64456176757812 200.5250701904297 133.12509155273438 200.5250701904297
133.62542724609375 162.0189208984375 188.02924346923828 162.0189208984375 188.02924346923828 200.00127410888672 133.62542724609375 200.00127410888672
134.37588500976562 161.9690399169922 189.24735641479492 161.9690399169922 189.24735641479492 199.84589385986328 134.37588500976562 199.84589385986328
135.49642944335938 161.81387329101562 189.54851150512695 161.81387329101562 189.54851150512695 199.75150680541992 135.49642944335938 199.75150680541992
137.1243133544922 161.9442596435547 190.84136581420898 161.9442596435547 190.84136581420898 199.0494613647461 137.1243133544922 199.0494613647461
137.4058837890625 161.8121795654297 191.41951751708984 161.8121795654297 191.41951751708984 198.7674789428711 137.4058837890625 198.7674789428711
139.42691040039062 161.78622436523438 192.88264846801758 161.78622436523438 192.88264846801758 198.6346549987793 139.42691040039062 198.6346549987793
141.86805725097656 162.04550170898438 192.32695770263672 162.04550170898438 192.32695770263672 198.46188735961914 141.86805725097656 198.46188735961914
141.62210083007812 162.1952362060547 193.72270965576172 162.1952362060547 193.72270965576172 198.30191040039062 141.62210083007812 198.30191040039062
143.7174072265625 162.69918823242188 194.15924835205078 162.69918823242188 194.15924835205078 197.89485549926758 143.7174072265625 197.89485549926758
145.45932006835938 160.94985961914062 200.6231918334961 160.94985961914062 200.6231918334961 197.40040969848633 145.45932006835938 197.40040969848633
147.9645233154297 161.87179565429688 202.24704360961914 161.87179565429688 202.24704360961914 197.57221603393555 147.9645233154297 197.57221603393555
149.1193084716797 161.93931579589844 203.5961151123047 161.93931579589844 203.5961151123047 197.6083526611328 149.1193084716797 197.6083526611328
147.7222137451172 161.8432159423828 204.89615631103516 161.8432159423828 204.89615631103516 198.62638092041016 147.7222137451172 198.62638092041016
147.867431640625 160.95932006835938 204.92490768432617 160.95932006835938 204.92490768432617 197.08817672729492 147.867431640625 197.08817672729492
150.4564666748047 161.2362518310547 207.15416717529297 161.2362518310547 207.15416717529297 196.95577239990234 150.4564666748047 196.95577239990234
150.3175506591797 162.30252075195312 206.75048065185547 162.30252075195312 206.75048065185547 197.8552360534668 150.3175506591797 197.8552360534668
150.6150665283203 162.0054931640625 207.22284698486328 162.0054931640625 207.22284698486328 197.66836547851562 150.6150665283203 197.66836547851562
151.01632690429688 161.85885620117188 207.49920654296875 161.85885620117188 207.49920654296875 197.44304275512695 151.01632690429688 197.44304275512695
153.88723754882812 160.5944061279297 209.99109649658203 160.5944061279297 209.99109649658203 195.93981170654297 153.88723754882812 195.93981170654297
153.0702667236328 160.44703674316406 209.82751083374023 160.44703674316406 209.82751083374023 196.20407485961914 153.0702667236328 196.20407485961914
156.6865692138672 160.9672393798828 212.61948013305664 160.9672393798828 212.61948013305664 196.56790924072266 156.6865692138672 196.56790924072266
157.21542358398438 160.71939086914062 213.9250373840332 160.71939086914062 213.9250373840332 196.44641876220703 157.21542358398438 196.44641876220703
159.4395751953125 160.19537353515625 216.08002853393555 160.19537353515625 216.08002853393555 196.44045639038086 159.4395751953125 196.44045639038086
161.3658447265625 160.21449279785156 217.8705825805664 160.21449279785156 217.8705825805664 196.75826263427734 161.3658447265625 196.75826263427734
160.56161499023438 160.83152770996094 218.24606323242188 160.83152770996094 218.24606323242188 197.6732177734375 160.56161499023438 197.6732177734375
159.8535919189453 159.37905883789062 216.96026229858398 159.37905883789062 216.96026229858398 196.2458724975586 159.8535919189453 196.2458724975586
160.6201934814453 160.22657775878906 217.66219329833984 160.22657775878906 217.66219329833984 196.9036979675293 160.6201934814453 196.9036979675293
161.71243286132812 160.60552978515625 217.17609786987305 160.60552978515625 217.17609786987305 197.6081085205078 161.71243286132812 197.6081085205078
162.99728393554688 160.45465087890625 219.15531158447266 160.45465087890625 219.15531158447266 196.8394546508789 162.99728393554688 196.8394546508789
166.21865844726562 162.14657592773438 221.9431037902832 162.14657592773438 221.9431037902832 198.19594192504883 166.21865844726562 198.19594192504883
168.19268798828125 161.2799835205078 221.8644027709961 161.2799835205078 221.8644027709961 197.85046005249023 168.19268798828125 197.85046005249023
171.78955078125 159.00289916992188 223.3031120300293 159.00289916992188 223.3031120300293 196.73528671264648 171.78955078125 196.73528671264648
171.92721557617188 160.0426025390625 224.36489868164062 160.0426025390625 224.36489868164062 196.3717269897461 171.92721557617188 196.3717269897461
170.0271453857422 160.32260131835938 224.8766746520996 160.32260131835938 224.8766746520996 195.96322631835938 170.0271453857422 195.96322631835938
171.0572509765625 160.4507293701172 225.6893081665039 160.4507293701172 225.6893081665039 196.39220809936523 171.0572509765625 196.39220809936523
170.84112548828125 159.11343383789062 225.93027877807617 159.11343383789062 225.93027877807617 194.88060760498047 170.84112548828125 194.88060760498047
173.3385772705078 159.2681121826172 227.5650177001953 159.2681121826172 227.5650177001953 194.52942276000977 173.3385772705078 194.52942276000977
173.75865173339844 159.6730499267578 227.81554412841797 159.6730499267578 227.81554412841797 195.1592140197754 173.75865173339844 195.1592140197754
175.82699584960938 159.2398681640625 228.68054962158203 159.2398681640625 228.68054962158203 194.1991081237793 175.82699584960938 194.1991081237793
176.3412628173828 158.2051544189453 230.08855438232422 158.2051544189453 230.08855438232422 193.9674072265625 176.3412628173828 193.9674072265625
175.03518676757812 158.30715942382812 229.52072143554688 158.30715942382812 229.52072143554688 193.82698440551758 175.03518676757812 193.82698440551758
177.52574157714844 158.61776733398438 230.0439109802246 158.61776733398438 230.0439109802246 194.74402618408203 177.52574157714844 194.74402618408203
178.92453002929688 157.26022338867188 231.74613571166992 157.26022338867188 231.74613571166992 193.9549560546875 178.92453002929688 193.9549560546875
180.12942504882812 157.8246307373047 234.2646369934082 157.8246307373047 234.2646369934082 194.24222564697266 180.12942504882812 194.24222564697266
180.98324584960938 157.81787109375 235.55971145629883 157.81787109375 235.55971145629883 194.11570358276367 180.98324584960938 194.11570358276367
182.87155151367188 158.37478637695312 237.24057006835938 158.37478637695312 237.24057006835938 193.83454132080078 182.87155151367188 193.83454132080078
184.5040283203125 157.93301391601562 237.53353881835938 157.93301391601562 237.53353881835938 192.56540298461914 184.5040283203125 192.56540298461914
186.78744506835938 158.55857849121094 238.91344451904297 158.55857849121094 238.91344451904297 192.47876739501953 186.78744506835938 192.47876739501953
187.54360961914062 158.48880004882812 239.65399932861328 158.48880004882812 239.65399932861328 191.59857940673828 187.54360961914062 191.59857940673828
189.2267608642578 158.32101440429688 240.74917221069336 158.32101440429688 240.74917221069336 191.9845733642578 189.2267608642578 191.9845733642578
190.04649353027344 157.98477172851562 242.22605895996094 157.98477172851562 242.22605895996094 191.23062896728516 190.04649353027344 191.23062896728516
193.9401397705078 158.75656127929688 243.56021881103516 158.75656127929688 243.56021881103516 191.05797958374023 193.9401397705078 191.05797958374023
193.73439025878906 158.70108032226562 243.6455535888672 158.70108032226562 243.6455535888672 190.94402313232422 193.73439025878906 190.94402313232422
196.2207489013672 159.4938201904297 243.87344360351562 159.4938201904297 243.87344360351562 190.90480422973633 196.2207489013672 190.90480422973633
198.03199768066406 159.0008544921875 245.39702606201172 159.0008544921875 245.39702606201172 190.31601524353027 198.03199768066406 190.31601524353027
199.40750122070312 158.69180297851562 246.62468338012695 158.69180297851562 246.62468338012695 189.79124450683594 199.40750122070312 189.79124450683594
201.73861694335938 158.57794189453125 247.78179168701172 158.57794189453125 247.78179168701172 189.2375545501709 201.73861694335938 189.2375545501709
201.80270385742188 158.8642578125 248.61447525024414 158.8642578125 248.61447525024414 189.5226650238037 201.80270385742188 189.5226650238037
202.6183319091797 158.94577026367188 249.30323028564453 158.94577026367188 249.30323028564453 189.2834072113037 202.6183319091797 189.2834072113037
203.61949157714844 158.41275024414062 249.39309310913086 158.41275024414062 249.39309310913086 188.44501304626465 203.61949157714844 188.44501304626465
205.9857177734375 158.93154907226562 250.9777069091797 158.93154907226562 250.9777069091797 188.64224243164062 205.9857177734375 188.64224243164062
207.0153045654297 159.0744171142578 251.52670669555664 159.0744171142578 251.52670669555664 188.44533920288086 207.0153045654297 188.44533920288086
208.57736206054688 159.7239532470703 251.8132095336914 159.7239532470703 251.8132095336914 188.52114486694336 208.57736206054688 188.52114486694336
210.83822631835938 158.65023803710938 253.98574447631836 158.65023803710938 253.98574447631836 187.76355934143066 210.83822631835938 187.76355934143066
211.0945587158203 158.5771026611328 254.68309020996094 158.5771026611328 254.68309020996094 187.31024169921875 211.0945587158203 187.31024169921875
214.10693359375 158.61087036132812 255.77600860595703 158.61087036132812 255.77600860595703 187.27474403381348 214.10693359375 187.27474403381348
214.65670776367188 158.6625213623047 256.7691955566406 158.6625213623047 256.7691955566406 186.9584445953369 214.65670776367188 186.9584445953369
215.19772338867188 159.12002563476562 257.61658477783203 159.12002563476562 257.61658477783203 186.41773414611816 215.19772338867188 186.41773414611816
215.945068359375 159.19338989257812 257.36999893188477 159.19338989257812 257.36999893188477 186.9642448425293 215.945068359375 186.9642448425293
216.60195922851562 158.70584106445312 258.55574798583984 158.70584106445312 258.55574798583984 186.24044799804688 216.60195922851562 186.24044799804688
215.8647003173828 159.47853088378906 258.43763732910156 159.47853088378906 258.43763732910156 186.65077209472656 215.8647003173828 186.65077209472656
217.9936065673828 158.9710235595703 259.771484375 158.9710235595703 259.771484375 186.34456825256348 217.9936065673828 186.34456825256348
220.88546752929688 159.7512664794922 261.6295394897461 159.7512664794922 261.6295394897461 186.44250106811523 220.88546752929688 186.44250106811523
220.9269256591797 159.1551055908203 262.20723724365234 159.1551055908203 262.20723724365234 186.2072696685791 220.9269256591797 186.2072696685791
223.63259887695312 159.2066650390625 263.4562110900879 159.2066650390625 263.4562110900879 186.02862548828125 223.63259887695312 186.02862548828125
226.174072265625 159.28073120117188 265.01720809936523 159.28073120117188 265.01720809936523 185.88256454467773 226.174072265625 185.88256454467773
227.8090362548828 159.29197692871094 267.2255172729492 159.29197692871094 267.2255172729492 185.37526512145996 227.8090362548828 185.37526512145996
