188.0 73.0 200.0 73.0 200.0 96.0 188.0 96.0
192.89608764648438 74.24397277832031 203.80737209320068 74.24397277832031 203.80737209320068 96.88686180114746 192.89608764648438 96.88686180114746
195.35443115234375 73.29216766357422 206.9952049255371 73.29216766357422 206.9952049255371 96.15613555908203 195.35443115234375 96.15613555908203
197.81381225585938 73.38835144042969 208.79773902893066 73.38835144042969 208.79773902893066 94.47297286987305 197.81381225585938 94.47297286987305
201.38723754882812 73.72416687011719 213.11719703674316 73.72416687011719 213.11719703674316 96.4248275756836 201.38723754882812 96.4248275756836
204.8432159423828 73.97032165527344 216.69258880615234 73.97032165527344 216.69258880615234 96.60064697265625 204.8432159423828 96.60064697265625
208.4957275390625 72.15290832519531 219.6177568435669 72.15290832519531 219.6177568435669 94.67122077941895 208.4957275390625 94.67122077941895
207.6655731201172 71.44398498535156 219.601655960083 71.44398498535156 219.601655960083 94.59070777893066 207.6655731201172 94.59070777893066
210.972900390625 72.59522247314453 222.57979583740234 72.59522247314453 222.57979583740234 94.91177940368652 210.972900390625 94.91177940368652
214.6215362548828 72.0748519897461 225.89551448822021 72.0748519897461 225.89551448822021 96.2315502166748 214.6215362548828 96.2315502166748
217.9347686767578 71.29264831542969 229.7739143371582 71.29264831542969 229.7739143371582 94.76902198791504 217.9347686767578 94.76902198791504
219.8943328857422 72.21260833740234 231.78890991210938 72.21260833740234 231.78890991210938 94.17989921569824 219.8943328857422 94.17989921569824
223.6031036376953 71.99266052246094 235.7538070678711 71.99266052246094 235.7538070678711 94.32735061645508 223.6031036376953 94.32735061645508
226.059814453125 72.7339096069336 238.68826484680176 72.7339096069336 238.68826484680176 95.45535278320312 226.059814453125 95.45535278320312
228.92245483398438 73.19593048095703 240.53948211669922 73.19593048095703 240.53948211669922 96.25595283508301 228.92245483398438 96.25595283508301
228.7682342529297 73.05884552001953 240.86589431762695 73.05884552001953 240.86589431762695 94.72644233703613 228.7682342529297 94.72644233703613
233.6680908203125 69.02357482910156 245.50258445739746 69.02357482910156 245.50258445739746 91.72286796569824 233.6680908203125 91.72286796569824
236.263427734375 69.87164306640625 247.60527515411377 69.87164306640625 247.60527515411377 92.80598831176758 236.263427734375 92.80598831176758
237.62948608398438 72.77235412597656 249.48920917510986 72.77235412597656 249.48920917510986 94.83654403686523 237.62948608398438 94.83654403686523
242.27047729492188 67.35233306884766 253.7427158355713 67.35233306884766 253.7427158355713 90.72802925109863 242.27047729492188 90.72802925109863
242.755126953125 65.9750747680664 255.3156337738037 65.9750747680664 255.3156337738037 90.04937934875488 242.755126953125 90.04937934875488
243.93850708007812 67.95967102050781 254.9110813140869 67.95967102050781 254.9110813140869 90.1114559173584 243.93850708007812 90.1114559173584
246.10018920898438 68.01548767089844 258.4068241119385 68.01548767089844 258.4068241119385 91.0712947845459 246.10018920898438 91.0712947845459
248.71798706054688 69.25566101074219 260.61646461486816 69.25566101074219 260.61646461486816 91.9727554321289 248.71798706054688 91.9727554321289
252.05636596679688 66.74930572509766 263.74071884155273 66.74930572509766 263.74071884155273 89.4054069519043 252.05636596679688 89.4054069519043
253.7889404296875 66.89073944091797 266.4637928009033 66.89073944091797 266.4637928009033 89.63235092163086 253.7889404296875 89.63235092163086
255.939453125 67.45471954345703 268.06324005126953 67.45471954345703 268.06324005126953 91.14120101928711 255.939453125 91.14120101928711
258.6354675292969 67.87699890136719 271.3693628311157 67.87699890136719 271.3693628311157 89.92591857910156 258.6354675292969 89.92591857910156
260.08624267578125 66.32780456542969 272.4747266769409 66.32780456542969 272.4747266769409 89.01336669921875 260.08624267578125 89.01336669921875
260.29119873046875 66.4617691040039 272.2948741912842 66.4617691040039 272.2948741912842 90.29530715942383 260.29119873046875 90.29530715942383
262.37701416015625 65.85067749023438 274.0897388458252 65.85067749023438 274.0897388458252 88.12673950195312 262.37701416015625 88.12673950195312
265.72711181640625 64.98789978027344 277.7970790863037 64.98789978027344 277.7970790863037 88.35876083374023 265.72711181640625 88.35876083374023
264.76153564453125 64.6439437866211 276.5348663330078 64.6439437866211 276.5348663330078 88.38349914550781 264.76153564453125 88.38349914550781
266.0289001464844 65.61161804199219 278.59796619415283 65.61161804199219 278.59796619415283 87.88277626037598 266.0289001464844 87.88277626037598
267.26678466796875 64.16719055175781 279.60326194763184 64.16719055175781 279.60326194763184 87.89752006530762 267.26678466796875 87.89752006530762
268.5868225097656 63.36472702026367 280.564245223999 63.36472702026367 280.564245223999 86.53101539611816 268.5868225097656 86.53101539611816
270.1810607910156 63.03235626220703 281.52638053894043 63.03235626220703 281.52638053894043 85.84891319274902 270.1810607910156 85.84891319274902
271.8975524902344 62.8923454284668 283.7517948150635 62.8923454284668 283.7517948150635 87.42079162597656 271.8975524902344 87.42079162597656
272.09619140625 62.84275436401367 283.46592903137207 62.84275436401367 283.46592903137207 86.97562026977539 272.09619140625 86.97562026977539
272.58905029296875 62.70649337768555 284.1291723251343 62.70649337768555 284.1291723251343 85.99507522583008 272.58905029296875 85.99507522583008
273.1137390136719 61.8981819152832 284.9443006515503 61.8981819152832 284.9443006515503 85.44349479675293 273.1137390136719 85.44349479675293
273.90386962890625 62.766761779785156 285.5406131744385 62.766761779785156 285.5406131744385 86.25597763061523 273.90386962890625 86.25597763061523
275.22027587890625 62.7342414855957 287.5525712966919 62.7342414855957 287.5525712966919 86.63778877258301 275.22027587890625 86.63778877258301
274.3831787109375 63.21406173706055 286.6155824661255 63.21406173706055 286.6155824661255 86.93773460388184 274.3831787109375 86.93773460388184
274.19219970703125 63.55736541748047 286.52332496643066 63.55736541748047 286.52332496643066 86.65878486633301 274.19219970703125 86.65878486633301
274.3869323730469 63.2551383972168 286.55906772613525 63.2551383972168 286.55906772613525 86.83467864990234 274.3869323730469 86.83467864990234
274.5138244628906 62.7709846496582 287.17824268341064 62.7709846496582 287.17824268341064 86.95767021179199 274.5138244628906 86.95767021179199
275.169189453125 64.80839538574219 287.9382495880127 64.80839538574219 287.9382495880127 87.9209976196289 275.169189453125 87.9209976196289
274.3777770996094 65.72280883789062 287.3004913330078 65.72280883789062 287.3004913330078 90.48078536987305 274.3777770996094 90.48078536987305
274.2981872558594 66.8485336303711 287.7383213043213 66.8485336303711 287.7383213043213 90.5655288696289 274.2981872558594 90.5655288696289
274.46978759765625 65.35795593261719 286.0446529388428 65.35795593261719 286.0446529388428 88.73534202575684 274.46978759765625 88.73534202575684
273.1258239746094 62.6511116027832 284.7911710739136 62.6511116027832 284.7911710739136 86.05587768554688 273.1258239746094 86.05587768554688
272.60028076171875 62.486167907714844 285.14991569519043 62.486167907714844 285.14991569519043 87.15013313293457 272.60028076171875 87.15013313293457
271.45709228515625 62.7440185546875 283.598840713501 62.7440185546875 283.598840713501 86.39066696166992 271.45709228515625 86.39066696166992
271.7488098144531 62.29644775390625 283.86571311950684 62.29644775390625 283.86571311950684 86.36720275878906 271.7488098144531 86.36720275878906
271.2397155761719 62.287559509277344 283.2941093444824 62.287559509277344 283.2941093444824 87.40655136108398 271.2397155761719 87.40655136108398
268.93316650390625 65.60283660888672 281.56853008270264 65.60283660888672 281.56853008270264 89.06253433227539 268.93316650390625 89.06253433227539
268.1644592285156 66.61751556396484 280.62636852264404 66.61751556396484 280.62636852264404 89.96914291381836 268.1644592285156 89.96914291381836
267.3991394042969 65.78309631347656 279.85316276550293 65.78309631347656 279.85316276550293 88.65056228637695 267.3991394042969 88.65056228637695
265.33935546875 68.27665710449219 278.88636779785156 68.27665710449219 278.88636779785156 91.40146255493164 265.33935546875 91.40146255493164
264.63397216796875 67.86239624023438 277.5332612991333 67.86239624023438 277.5332612991333 91.00785827636719 264.63397216796875 91.00785827636719
263.01177978515625 67.94603729248047 276.0569381713867 67.94603729248047 276.0569381713867 90.72080039978027 263.01177978515625 90.72080039978027
262.96331787109375 67.58949279785156 276.2999801635742 67.58949279785156 276.2999801635742 91.34753036499023 262.96331787109375 91.34753036499023
261.7403259277344 66.65623474121094 274.29523944854736 66.65623474121094 274.29523944854736 91.01117897033691 261.7403259277344 91.01117897033691
260.6675109863281 66.87808227539062 272.8637914657593 66.87808227539062 272.8637914657593 91.16149711608887 260.6675109863281 91.16149711608887
258.1926574707031 66.31133270263672 270.46133613586426 66.31133270263672 270.46133613586426 90.15058898925781 258.1926574707031 90.15058898925781
256.18011474609375 69.75257873535156 269.6468143463135 69.75257873535156 269.6468143463135 93.62104797363281 256.18011474609375 93.62104797363281
253.9716339111328 68.94239807128906 267.8968324661255 68.94239807128906 267.8968324661255 92.22604942321777 253.9716339111328 92.22604942321777
253.1542510986328 67.492431640625 265.7513828277588 67.492431640625 265.7513828277588 90.94295120239258 253.1542510986328 90.94295120239258
250.799560546875 67.54505920410156 263.2973155975342 67.54505920410156 263.2973155975342 91.61231422424316 250.799560546875 91.61231422424316
250.30404663085938 67.78040313720703 263.31313133239746 67.78040313720703 263.31313133239746 90.8223819732666 250.30404663085938 90.8223819732666
247.34085083007812 68.23960876464844 259.98317527770996 68.23960876464844 259.98317527770996 93.3813533782959 247.34085083007812 93.3813533782959
245.6282196044922 69.107177734375 258.55484199523926 69.107177734375 258.55484199523926 93.55778503417969 245.6282196044922 93.55778503417969
243.51611328125 71.107666015625 256.22856998443604 71.107666015625 256.22856998443604 94.5231990814209 243.51611328125 94.5231990814209
240.34237670898438 70.87552642822266 252.50606060028076 70.87552642822266 252.50606060028076 93.7041015625 240.34237670898438 93.7041015625
238.04483032226562 71.15567779541016 249.73518180847168 71.15567779541016 249.73518180847168 94.81453323364258 238.04483032226562 94.81453323364258
236.541748046875 71.2744369506836 248.17100143432617 71.2744369506836 248.17100143432617 94.31305313110352 236.541748046875 94.31305313110352
236.64358520507812 71.75516510009766 247.9521255493164 71.75516510009766 247.9521255493164 93.9404411315918 236.64358520507812 93.9404411315918
234.6625518798828 72.81139373779297 246.7389554977417 72.81139373779297 246.7389554977417 95.08147239685059 234.6625518798828 95.08147239685059
231.94223022460938 71.63749694824219 243.26434898376465 71.63749694824219 243.26434898376465 94.74572372436523 231.94223022460938 94.74572372436523
229.8724822998047 74.28507995605469 241.61591911315918 74.28507995605469 241.61591911315918 96.72977447509766 229.8724822998047 96.72977447509766
227.5829620361328 73.1982650756836 239.07729625701904 73.1982650756836 239.07729625701904 94.7808952331543 227.5829620361328 94.7808952331543
224.2792205810547 72.33055877685547 236.0819215774536 72.33055877685547 236.0819215774536 93.74308967590332 224.2792205810547 93.74308967590332
221.92385864257812 72.95317077636719 233.42416381835938 72.95317077636719 233.42416381835938 95.05010604858398 221.92385864257812 95.05010604858398
219.6173095703125 73.11991119384766 231.91983032226562 73.11991119384766 231.91983032226562 95.94987106323242 219.6173095703125 95.94987106323242
219.90658569335938 74.45468139648438 231.65640449523926 74.45468139648438 231.65640449523926 96.2242431640625 219.90658569335938 96.2242431640625
218.2545928955078 74.08619689941406 229.49139595031738 74.08619689941406 229.49139595031738 96.25309371948242 218.2545928955078 96.25309371948242
214.67373657226562 71.9488525390625 225.64218139648438 71.9488525390625 225.64218139648438 93.91827011108398 214.67373657226562 93.91827011108398
212.4307403564453 73.80294036865234 224.43004035949707 73.80294036865234 224.43004035949707 96.44791603088379 212.4307403564453 96.44791603088379
211.58267211914062 76.8773193359375 222.04419898986816 76.8773193359375 222.04419898986816 98.84499931335449 211.58267211914062 98.84499931335449
207.9453582763672 75.0136947631836 219.2208375930786 75.0136947631836 219.2208375930786 97.16861343383789 207.9453582763672 97.16861343383789
205.94143676757812 75.3257827758789 217.25519847869873 75.3257827758789 217.25519847869873 97.74235153198242 205.94143676757812 97.74235153198242
204.8964080810547 74.4574966430664 215.3646059036255 74.4574966430664 215.3646059036255 97.83957099914551 204.8964080810547 97.83957099914551
202.97683715820312 75.60515594482422 214.15364742279053 75.60515594482422 214.15364742279053 98.44003677368164 202.97683715820312 98.44003677368164
203.38671875 75.4293212890625 213.18098640441895 75.4293212890625 213.18098640441895 99.97760391235352 203.38671875 99.97760391235352
201.20504760742188 75.54670715332031 211.59977436065674 75.54670715332031 211.59977436065674 98.54415130615234 201.20504760742188 98.54415130615234
199.79708862304688 74.3800277709961 210.05056190490723 74.3800277709961 210.05056190490723 97.89484977722168 199.79708862304688 97.89484977722168
197.59820556640625 74.09160614013672 208.32648754119873 74.09160614013672 208.32648754119873 97.23216819763184 197.59820556640625 97.23216819763184
196.6998748779297 74.64408874511719 208.04320240020752 74.64408874511719 208.04320240020752 96.38544845581055 196.6998748779297 96.38544845581055
195.639892578125 74.29732513427734 206.79605293273926 74.29732513427734 206.79605293273926 95.67994499206543 195.639892578125 95.67994499206543
195.8209228515625 74.59880065917969 206.40964031219482 74.59880065917969 206.40964031219482 95.47455596923828 195.8209228515625 95.47455596923828
194.5140838623047 75.1801986694336 205.4528923034668 75.1801986694336 205.4528923034668 96.1462230682373 194.5140838623047 96.1462230682373
193.49502563476562 74.47066497802734 204.06726837158203 74.47066497802734 204.06726837158203 96.05205917358398 193.49502563476562 96.05205917358398
192.07901000976562 73.95356750488281 202.97029876708984 73.95356750488281 202.97029876708984 95.85094833374023 192.07901000976562 95.85094833374023
190.9600830078125 77.7533950805664 202.27426624298096 77.7533950805664 202.27426624298096 99.43889236450195 190.9600830078125 99.43889236450195
190.07028198242188 78.92280578613281 200.7679901123047 78.92280578613281 200.7679901123047 101.4850959777832 190.07028198242188 101.4850959777832
189.08651733398438 79.02913665771484 198.87887001037598 79.02913665771484 198.87887001037598 102.40570831298828 189.08651733398438 102.40570831298828
188.10928344726562 79.47312927246094 198.25162315368652 79.47312927246094 198.25162315368652 101.87101364135742 188.10928344726562 101.87101364135742
188.19461059570312 77.17539978027344 197.6874599456787 77.17539978027344 197.6874599456787 101.35248947143555 188.19461059570312 101.35248947143555
186.89559936523438 78.82528686523438 196.68480396270752 78.82528686523438 196.68480396270752 102.6147632598877 186.89559936523438 102.6147632598877
185.84141540527344 78.44254302978516 195.91882705688477 78.44254302978516 195.91882705688477 101.3032112121582 185.84141540527344 101.3032112121582
185.02085876464844 79.24063873291016 194.83449268341064 79.24063873291016 194.83449268341064 101.85667037963867 185.02085876464844 101.85667037963867
183.4013671875 79.6834945678711 193.5190715789795 79.6834945678711 193.5190715789795 102.04511070251465 183.4013671875 102.04511070251465
181.73135375976562 79.52925109863281 192.00789546966553 79.52925109863281 192.00789546966553 102.49114990234375 181.73135375976562 102.49114990234375
180.4355010986328 78.02883911132812 190.75560474395752 78.02883911132812 190.75560474395752 101.24575805664062 180.4355010986328 101.24575805664062
179.63717651367188 79.37449645996094 190.22737789154053 79.37449645996094 190.22737789154053 101.50178337097168 179.63717651367188 101.50178337097168
178.57077026367188 78.4470443725586 188.4352674484253 78.4470443725586 188.4352674484253 100.12650299072266 178.57077026367188 100.12650299072266
177.898193359375 78.25813293457031 188.07506275177002 78.25813293457031 188.07506275177002 99.96698379516602 177.898193359375 99.96698379516602
176.97183227539062 77.95025634765625 187.96553325653076 77.95025634765625 187.96553325653076 99.02149963378906 176.97183227539062 99.02149963378906
