365.0 211.0 381.0 211.0 381.0 246.0 365.0 246.0
359.7435607910156 207.9031524658203 375.6941328048706 207.9031524658203 375.6941328048706 242.23254776000977 359.7435607910156 242.23254776000977
356.8959045410156 205.26669311523438 373.21080589294434 205.26669311523438 373.21080589294434 240.95553970336914 356.8959045410156 240.95553970336914
351.3574523925781 200.67510986328125 367.8517417907715 200.67510986328125 367.8517417907715 236.75636291503906 351.3574523925781 236.75636291503906
350.66314697265625 199.28921508789062 367.3230285644531 199.28921508789062 367.3230285644531 236.09296798706055 350.66314697265625 236.09296798706055
347.93780517578125 198.9698028564453 364.5894069671631 198.9698028564453 364.5894069671631 235.39517211914062 347.93780517578125 235.39517211914062
344.7084045410156 196.60816955566406 361.29370498657227 196.60816955566406 361.29370498657227 232.88851165771484 344.7084045410156 232.88851165771484
343.04296875 194.5206298828125 359.6085395812988 194.5206298828125 359.6085395812988 230.7578125 343.04296875 230.7578125
340.9603271484375 193.20999145507812 357.59757804870605 193.20999145507812 357.59757804870605 229.60397338867188 340.9603271484375 229.60397338867188
337.8680114746094 191.0932159423828 354.09803771972656 191.0932159423828 354.09803771972656 226.59639358520508 337.8680114746094 226.59639358520508
335.6600036621094 189.86489868164062 351.7164192199707 189.86489868164062 351.7164192199707 224.62690353393555 335.6600036621094 224.62690353393555
333.6819763183594 189.2572021484375 349.6293134689331 189.2572021484375 349.6293134689331 224.14199829101562 333.6819763183594 224.14199829101562
330.11285400390625 186.6193389892578 345.9510908126831 186.6193389892578 345.9510908126831 221.2654800415039 330.11285400390625 221.2654800415039
329.3489990234375 185.5150604248047 344.82902812957764 185.5150604248047 344.82902812957764 219.37761688232422 329.3489990234375 219.37761688232422
327.1572265625 183.1332550048828 342.9579391479492 183.1332550048828 342.9579391479492 217.69730377197266 327.1572265625 217.69730377197266
323.29144287109375 180.13162231445312 339.05819511413574 180.13162231445312 339.05819511413574 214.6213836669922 323.29144287109375 214.6213836669922
321.58587646484375 179.17140197753906 337.4600086212158 179.17140197753906 337.4600086212158 213.89606094360352 321.58587646484375 213.89606094360352
319.9872131347656 178.20852661132812 335.68067359924316 178.20852661132812 335.68067359924316 212.5379638671875 319.9872131347656 212.5379638671875
317.92620849609375 176.97128295898438 333.28605937957764 176.97128295898438 333.28605937957764 210.57094955444336 317.92620849609375 210.57094955444336
314.9002990722656 175.38894653320312 330.21301555633545 175.38894653320312 330.21301555633545 208.8855094909668 314.9002990722656 208.8855094909668
313.4541015625 173.2410125732422 328.7941188812256 173.2410125732422 328.7941188812256 206.79729843139648 313.4541015625 206.79729843139648
310.152587890625 171.4753875732422 325.16398906707764 171.4753875732422 325.16398906707764 204.31282806396484 310.152587890625 204.31282806396484
308.1429138183594 170.2714385986328 323.20345878601074 170.2714385986328 323.20345878601074 203.21638107299805 308.1429138183594 203.21638107299805
306.72137451171875 170.03713989257812 321.6294174194336 170.03713989257812 321.6294174194336 202.64848709106445 306.72137451171875 202.64848709106445
304.15863037109375 167.6977081298828 319.13463306427 167.6977081298828 319.13463306427 200.4577178955078 304.15863037109375 200.4577178955078
302.52874755859375 166.0150146484375 317.3347930908203 166.0150146484375 317.3347930908203 198.40324783325195 302.52874755859375 198.40324783325195
300.63079833984375 164.00408935546875 315.6031551361084 164.00408935546875 315.6031551361084 196.75613021850586 300.63079833984375 196.75613021850586
297.324462890625 161.6385040283203 312.26784229278564 161.6385040283203 312.26784229278564 194.3271598815918 297.324462890625 194.3271598815918
296.39703369140625 162.28216552734375 311.2417392730713 162.28216552734375 311.2417392730713 194.75497436523438 296.39703369140625 194.75497436523438
294.58917236328125 160.1919708251953 309.3058729171753 160.1919708251953 309.3058729171753 192.384765625 294.58917236328125 192.384765625
291.39776611328125 158.9022979736328 306.05342388153076 158.9022979736328 306.05342388153076 190.9615592956543 291.39776611328125 190.9615592956543
290.5108642578125 157.67103576660156 305.29768657684326 157.67103576660156 305.29768657684326 190.01721954345703 290.5108642578125 190.01721954345703
288.7543640136719 156.56167602539062 303.490140914917 156.56167602539062 303.490140914917 188.79619979858398 288.7543640136719 188.79619979858398
286.055908203125 154.979736328125 300.54192543029785 154.979736328125 300.54192543029785 186.66790771484375 286.055908203125 186.66790771484375
284.9197692871094 153.8525390625 299.3531904220581 153.8525390625 299.3531904220581 185.4256591796875 284.9197692871094 185.4256591796875
283.4009704589844 152.69009399414062 297.8107604980469 152.69009399414062 297.8107604980469 184.21152305603027 283.4009704589844 184.21152305603027
281.7420654296875 151.6387176513672 296.0309143066406 151.6387176513672 296.0309143066406 182.89558792114258 281.7420654296875 182.89558792114258
279.0458984375 150.3094482421875 293.1939640045166 150.3094482421875 293.1939640045166 181.2583522796631 279.0458984375 181.2583522796631
277.3275451660156 149.97117614746094 291.3958225250244 149.97117614746094 291.3958225250244 180.74554061889648 277.3275451660156 180.74554061889648
275.447265625 148.13072204589844 289.4790267944336 148.13072204589844 289.4790267944336 178.8252067565918 275.447265625 178.8252067565918
273.34625244140625 146.90090942382812 287.0916624069214 146.90090942382812 287.0916624069214 176.9689998626709 273.34625244140625 176.9689998626709
271.4412536621094 145.8175048828125 284.97528553009033 145.8175048828125 284.97528553009033 175.4232063293457 271.4412536621094 175.4232063293457
270.04217529296875 144.9613494873047 283.52110862731934 144.9613494873047 283.52110862731934 174.4465217590332 270.04217529296875 174.4465217590332
266.6710510253906 142.9044952392578 280.3061981201172 142.9044952392578 280.3061981201172 172.73138427734375 266.6710510253906 172.73138427734375
264.998046875 141.63021850585938 277.9980983734131 141.63021850585938 277.9980983734131 171.56671714782715 264.998046875 171.56671714782715
262.76092529296875 141.47998046875 275.82370471954346 141.47998046875 275.82370471954346 170.05481338500977 262.76092529296875 170.05481338500977
260.27008056640625 139.49679565429688 272.99162006378174 139.49679565429688 272.99162006378174 168.37017822265625 260.27008056640625 168.37017822265625
258.8172607421875 138.5462188720703 271.9605665206909 138.5462188720703 271.9605665206909 167.29720497131348 258.8172607421875 167.29720497131348
256.56317138671875 138.42929077148438 269.4952335357666 138.42929077148438 269.4952335357666 166.7181797027588 256.56317138671875 166.7181797027588
253.8471221923828 136.49667358398438 266.43775749206543 136.49667358398438 266.43775749206543 164.0386905670166 253.8471221923828 164.0386905670166
251.96725463867188 135.71815490722656 264.38049030303955 135.71815490722656 264.38049030303955 162.87210655212402 251.96725463867188 162.87210655212402
251.28860473632812 134.9922637939453 263.7212963104248 134.9922637939453 263.7212963104248 162.1887722015381 251.28860473632812 162.1887722015381
249.46902465820312 134.4595947265625 261.94292640686035 134.4595947265625 261.94292640686035 161.74624633789062 249.46902465820312 161.74624633789062
247.0272216796875 131.78848266601562 259.1106948852539 131.78848266601562 259.1106948852539 159.57828903198242 247.0272216796875 159.57828903198242
245.383056640625 131.94180297851562 257.60243701934814 131.94180297851562 257.60243701934814 158.67169570922852 245.383056640625 158.67169570922852
243.05709838867188 130.59153747558594 255.2299394607544 130.59153747558594 255.2299394607544 157.21962547302246 243.05709838867188 157.21962547302246
241.308837890625 127.20228576660156 252.63483905792236 127.20228576660156 252.63483905792236 155.78585243225098 241.308837890625 155.78585243225098
239.8455047607422 127.04487609863281 250.98448181152344 127.04487609863281 250.98448181152344 154.98824501037598 239.8455047607422 154.98824501037598
239.11166381835938 128.06161499023438 251.10457515716553 128.06161499023438 251.10457515716553 154.2961082458496 239.11166381835938 154.2961082458496
236.5515594482422 126.329833984375 247.93156909942627 126.329833984375 247.93156909942627 152.85422706604004 236.5515594482422 152.85422706604004
235.6068572998047 123.94886779785156 246.1338882446289 123.94886779785156 246.1338882446289 151.37564659118652 235.6068572998047 151.37564659118652
233.6368408203125 122.7551040649414 243.97510623931885 122.7551040649414 243.97510623931885 149.79402923583984 233.6368408203125 149.79402923583984
232.6405487060547 124.81889343261719 244.13840293884277 124.81889343261719 244.13840293884277 149.97044372558594 232.6405487060547 149.97044372558594
231.2395782470703 121.28895568847656 241.10868740081787 121.28895568847656 241.10868740081787 148.24616622924805 231.2395782470703 148.24616622924805
228.83419799804688 122.010009765625 240.16113948822021 122.010009765625 240.16113948822021 146.78768920898438 228.83419799804688 146.78768920898438
228.16494750976562 119.0337905883789 238.0304012298584 119.0337905883789 238.0304012298584 146.1085033416748 228.16494750976562 146.1085033416748
226.84078979492188 121.02037048339844 238.0470848083496 121.02037048339844 238.0470848083496 145.53413772583008 226.84078979492188 145.53413772583008
224.66519165039062 120.0787124633789 235.81002616882324 120.0787124633789 235.81002616882324 144.4580364227295 224.66519165039062 144.4580364227295
223.72314453125 115.92747497558594 233.41049003601074 115.92747497558594 233.41049003601074 143.34475326538086 223.72314453125 143.34475326538086
222.4349365234375 118.53208923339844 233.3560333251953 118.53208923339844 233.3560333251953 142.42198753356934 222.4349365234375 142.42198753356934
220.5651397705078 116.78057861328125 231.34327793121338 116.78057861328125 231.34327793121338 140.3577537536621 220.5651397705078 140.3577537536621
218.7416534423828 117.2177963256836 229.51287651062012 117.2177963256836 229.51287651062012 140.77984428405762 218.7416534423828 140.77984428405762
217.64462280273438 115.3658447265625 228.4597682952881 115.3658447265625 228.4597682952881 139.02397346496582 217.64462280273438 139.02397346496582
217.2085723876953 115.14571380615234 227.97384071350098 115.14571380615234 227.97384071350098 138.6947364807129 217.2085723876953 138.6947364807129
215.30020141601562 114.2481918334961 226.14368438720703 114.2481918334961 226.14368438720703 137.96830940246582 215.30020141601562 137.96830940246582
214.47647094726562 113.57635498046875 225.3601016998291 113.57635498046875 225.3601016998291 137.38429641723633 214.47647094726562 137.38429641723633
214.0403289794922 110.26356506347656 224.07383155822754 110.26356506347656 224.07383155822754 135.34169578552246 214.0403289794922 135.34169578552246
212.92410278320312 110.7037353515625 223.52441310882568 110.7037353515625 223.52441310882568 133.8919162750244 212.92410278320312 133.8919162750244
212.7352294921875 109.12784576416016 222.5386791229248 109.12784576416016 222.5386791229248 133.44506454467773 212.7352294921875 133.44506454467773
212.2545928955078 109.85003662109375 222.7889585494995 109.85003662109375 222.7889585494995 132.89396476745605 212.2545928955078 132.89396476745605
211.3565673828125 106.90708923339844 220.70710468292236 106.90708923339844 220.70710468292236 132.35434341430664 211.3565673828125 132.35434341430664
211.0634307861328 104.48152160644531 219.53391075134277 104.48152160644531 219.53391075134277 131.4352512359619 211.0634307861328 131.4352512359619
209.69070434570312 106.80072021484375 219.88268852233887 106.80072021484375 219.88268852233887 130.62075805664062 209.69070434570312 130.62075805664062
209.08157348632812 106.00177001953125 219.49696350097656 106.00177001953125 219.49696350097656 128.78543853759766 209.08157348632812 128.78543853759766
208.32296752929688 106.3188705444336 218.68658828735352 106.3188705444336 218.68658828735352 128.9892921447754 208.32296752929688 128.9892921447754
208.2248077392578 103.9227066040039 217.9034719467163 103.9227066040039 217.9034719467163 128.43571090698242 208.2248077392578 128.43571090698242
206.48696899414062 102.44091796875 215.48805809020996 102.44091796875 215.48805809020996 127.47403335571289 206.48696899414062 127.47403335571289
205.71511840820312 102.4464111328125 215.06247425079346 102.4464111328125 215.06247425079346 126.58151245117188 205.71511840820312 126.58151245117188
205.5596923828125 103.0116958618164 215.5527639389038 103.0116958618164 215.5527639389038 125.92214775085449 205.5596923828125 125.92214775085449
203.45201110839844 100.90298461914062 212.49631690979004 100.90298461914062 212.49631690979004 125.22141647338867 203.45201110839844 125.22141647338867
202.4330291748047 100.17951965332031 212.09542560577393 100.17951965332031 212.09542560577393 124.38307189941406 202.4330291748047 124.38307189941406
201.6582794189453 100.83729553222656 212.11536979675293 100.83729553222656 212.11536979675293 123.51402854919434 201.6582794189453 123.51402854919434
200.33419799804688 98.62727355957031 210.2937707901001 98.62727355957031 210.2937707901001 122.01131820678711 200.33419799804688 122.01131820678711
199.30523681640625 99.39446258544922 209.5077772140503 99.39446258544922 209.5077772140503 121.5025749206543 199.30523681640625 121.5025749206543
198.35508728027344 98.84675598144531 208.66646575927734 98.84675598144531 208.66646575927734 121.19071197509766 198.35508728027344 121.19071197509766
195.55152893066406 96.47279357910156 205.59369373321533 96.47279357910156 205.59369373321533 118.7370491027832 195.55152893066406 118.7370491027832
195.5375213623047 96.64128112792969 205.73467445373535 96.64128112792969 205.73467445373535 118.50998115539551 195.5375213623047 118.50998115539551
194.59518432617188 96.60213470458984 204.77940845489502 96.60213470458984 204.77940845489502 118.29743766784668 194.59518432617188 118.29743766784668
192.64675903320312 96.26142883300781 202.84464168548584 96.26142883300781 202.84464168548584 117.9858283996582 192.64675903320312 117.9858283996582
192.0306396484375 95.0263442993164 202.1238889694214 95.0263442993164 202.1238889694214 116.36837005615234 192.0306396484375 116.36837005615234
190.9279022216797 94.26475524902344 201.0419397354126 94.26475524902344 201.0419397354126 115.53830337524414 190.9279022216797 115.53830337524414
189.3140106201172 93.03462982177734 199.3140106201172 93.03462982177734 199.3140106201172 113.80127334594727 189.3140106201172 113.80127334594727
189.05128479003906 93.07032775878906 199.1665678024292 93.07032775878906 199.1665678024292 113.79460525512695 189.05128479003906 113.79460525512695
188.3477325439453 92.35581970214844 198.4091386795044 92.35581970214844 198.4091386795044 112.83720779418945 188.3477325439453 112.83720779418945
187.30020141601562 92.40953063964844 197.36997985839844 92.40953063964844 197.36997985839844 112.80024528503418 187.30020141601562 112.80024528503418
186.63693237304688 91.43156433105469 196.81081676483154 91.43156433105469 196.81081676483154 111.92026710510254 186.63693237304688 111.92026710510254
186.18301391601562 90.31674194335938 196.40620231628418 90.31674194335938 196.40620231628418 110.89804267883301 186.18301391601562 110.89804267883301
185.11898803710938 89.46227264404297 195.5812759399414 89.46227264404297 195.5812759399414 110.5249252319336 185.11898803710938 110.5249252319336
184.41439819335938 88.74137878417969 194.77590370178223 88.74137878417969 194.77590370178223 109.60113525390625 184.41439819335938 109.60113525390625
184.8121337890625 88.38736724853516 195.2859010696411 88.38736724853516 195.2859010696411 109.4731273651123 184.8121337890625 109.4731273651123
