38.0 34.0 55.0 34.0 55.0 48.0 38.0 48.0
37.851314544677734 34.731056213378906 55.37090301513672 34.731056213378906 55.37090301513672 47.995140075683594 37.851314544677734 47.995140075683594
38.84596633911133 35.686954498291016 55.219818115234375 35.686954498291016 55.219818115234375 48.811530113220215 38.84596633911133 48.811530113220215
39.59556198120117 35.80048370361328 55.48172950744629 35.80048370361328 55.48172950744629 48.8810977935791 39.59556198120117 48.8810977935791
38.94597244262695 35.602699279785156 55.416316986083984 35.602699279785156 55.416316986083984 48.884185791015625 38.94597244262695 48.884185791015625
39.973148345947266 36.61223602294922 56.266883850097656 36.61223602294922 56.266883850097656 49.81464672088623 39.973148345947266 49.81464672088623
40.79684066772461 36.97993469238281 56.39997482299805 36.97993469238281 56.39997482299805 50.250765800476074 40.79684066772461 50.250765800476074
40.713253021240234 37.45497512817383 56.16250705718994 37.45497512817383 56.16250705718994 50.874085426330566 40.713253021240234 50.874085426330566
40.88502883911133 37.8983268737793 57.47336959838867 37.8983268737793 57.47336959838867 51.21030807495117 40.88502883911133 51.21030807495117
41.36471939086914 38.486717224121094 58.02210235595703 38.486717224121094 58.02210235595703 51.61861228942871 41.36471939086914 51.61861228942871
42.296058654785156 38.3122673034668 57.96712779998779 38.3122673034668 57.96712779998779 52.27238368988037 42.296058654785156 52.27238368988037
42.548057556152344 39.58675003051758 58.90293502807617 39.58675003051758 58.90293502807617 53.01565456390381 42.548057556152344 53.01565456390381
43.42718505859375 39.32611083984375 59.290876388549805 39.32611083984375 59.290876388549805 53.46218681335449 43.42718505859375 53.46218681335449
43.12841033935547 40.999000549316406 59.10638427734375 40.999000549316406 59.10638427734375 54.2636775970459 43.12841033935547 54.2636775970459
43.883609771728516 40.323795318603516 60.82075500488281 40.323795318603516 60.82075500488281 54.09468460083008 43.883609771728516 54.09468460083008
45.04871368408203 41.15973663330078 60.67657947540283 41.15973663330078 60.67657947540283 54.71399688720703 45.04871368408203 54.71399688720703
45.17867660522461 42.57088088989258 61.238189697265625 42.57088088989258 61.238189697265625 56.11091232299805 45.17867660522461 56.11091232299805
45.271583557128906 42.36463165283203 61.6329345703125 42.36463165283203 61.6329345703125 56.025705337524414 45.271583557128906 56.025705337524414
45.59638214111328 43.16792678833008 62.355125427246094 43.16792678833008 62.355125427246094 56.84736728668213 45.59638214111328 56.84736728668213
45.80310821533203 42.32430648803711 62.26054382324219 42.32430648803711 62.26054382324219 56.20827293395996 45.80310821533203 56.20827293395996
46.91358184814453 43.823020935058594 63.705448150634766 43.823020935058594 63.705448150634766 58.04608345031738 46.91358184814453 58.04608345031738
46.96417999267578 43.95100021362305 63.99519920349121 43.95100021362305 63.99519920349121 57.767334938049316 46.96417999267578 57.767334938049316
48.1322021484375 44.946678161621094 64.60256958007812 44.946678161621094 64.60256958007812 58.595919609069824 48.1322021484375 58.595919609069824
48.69012451171875 45.56007385253906 65.07559204101562 45.56007385253906 65.07559204101562 58.98687553405762 48.69012451171875 58.98687553405762
49.03083801269531 46.278045654296875 65.7879581451416 46.278045654296875 65.7879581451416 60.210726737976074 49.03083801269531 60.210726737976074
49.439422607421875 46.279747009277344 66.84594345092773 46.279747009277344 66.84594345092773 60.74628734588623 49.439422607421875 60.74628734588623
50.737327575683594 47.70466232299805 68.36817169189453 47.70466232299805 68.36817169189453 62.45444583892822 50.737327575683594 62.45444583892822
51.4345703125 47.11309051513672 67.85405540466309 47.11309051513672 67.85405540466309 61.18167591094971 51.4345703125 61.18167591094971
52.217193603515625 48.72239303588867 69.6320858001709 48.72239303588867 69.6320858001709 62.78494071960449 52.217193603515625 62.78494071960449
52.495574951171875 48.32559585571289 69.76121711730957 48.32559585571289 69.76121711730957 63.21999549865723 52.495574951171875 63.21999549865723
52.76873016357422 50.41814041137695 70.71831512451172 50.41814041137695 70.71831512451172 65.20015335083008 52.76873016357422 65.20015335083008
53.3763427734375 51.14441680908203 70.67494583129883 51.14441680908203 70.67494583129883 65.76429271697998 53.3763427734375 65.76429271697998
54.076805114746094 51.057655334472656 71.26418876647949 51.057655334472656 71.26418876647949 65.58833885192871 54.076805114746094 65.58833885192871
53.51420974731445 50.89332580566406 70.86096000671387 50.89332580566406 70.86096000671387 65.33746147155762 53.51420974731445 65.33746147155762
55.04384231567383 52.248016357421875 72.01271629333496 52.248016357421875 72.01271629333496 66.26082801818848 55.04384231567383 66.26082801818848
56.07915115356445 53.86138916015625 73.00497817993164 53.86138916015625 73.00497817993164 66.73017311096191 56.07915115356445 66.73017311096191
58.578468322753906 54.71567916870117 74.72786140441895 54.71567916870117 74.72786140441895 67.83903408050537 58.578468322753906 67.83903408050537
58.916160583496094 55.60108184814453 76.46304321289062 55.60108184814453 76.46304321289062 69.24251747131348 58.916160583496094 69.24251747131348
59.548057556152344 56.2946891784668 77.3019790649414 56.2946891784668 77.3019790649414 70.17328262329102 59.548057556152344 70.17328262329102
60.63837432861328 56.77106857299805 77.95637130737305 56.77106857299805 77.95637130737305 70.66307926177979 60.63837432861328 70.66307926177979
61.100318908691406 57.3372688293457 79.12764739990234 57.3372688293457 79.12764739990234 71.48953342437744 61.100318908691406 71.48953342437744
61.623779296875 57.03338623046875 79.34995079040527 57.03338623046875 79.34995079040527 71.5521593093872 61.623779296875 71.5521593093872
63.7988395690918 58.280174255371094 80.08994483947754 58.280174255371094 80.08994483947754 72.14794158935547 63.7988395690918 72.14794158935547
63.623634338378906 58.71449661254883 81.07755470275879 58.71449661254883 81.07755470275879 73.62355899810791 63.623634338378906 73.62355899810791
64.89944458007812 59.49518585205078 82.62886428833008 59.49518585205078 82.62886428833008 73.89931678771973 64.89944458007812 73.89931678771973
65.75118255615234 60.10465621948242 83.5301456451416 60.10465621948242 83.5301456451416 74.74615859985352 65.75118255615234 74.74615859985352
66.2808837890625 61.40630340576172 84.10123062133789 61.40630340576172 84.10123062133789 76.0818862915039 66.2808837890625 76.0818862915039
67.55876922607422 61.4169807434082 85.53952026367188 61.4169807434082 85.53952026367188 76.36030197143555 67.55876922607422 76.36030197143555
69.1349868774414 61.920501708984375 87.11120986938477 61.920501708984375 87.11120986938477 76.20018291473389 69.1349868774414 76.20018291473389
69.37275695800781 62.41875076293945 87.25295639038086 62.41875076293945 87.25295639038086 77.5803337097168 69.37275695800781 77.5803337097168
69.80284118652344 62.71087646484375 87.47097396850586 62.71087646484375 87.47097396850586 77.77224159240723 69.80284118652344 77.77224159240723
70.85145568847656 64.83573913574219 88.9769229888916 64.83573913574219 88.9769229888916 79.7625961303711 70.85145568847656 79.7625961303711
70.88642120361328 64.39132690429688 89.25520706176758 64.39132690429688 89.25520706176758 79.67089080810547 70.88642120361328 79.67089080810547
72.38438415527344 65.73987579345703 91.00712394714355 65.73987579345703 91.00712394714355 80.9847469329834 72.38438415527344 80.9847469329834
73.83341217041016 65.45003509521484 91.76962661743164 65.45003509521484 91.76962661743164 81.26385688781738 73.83341217041016 81.26385688781738
74.77275848388672 66.20832061767578 93.21012496948242 66.20832061767578 93.21012496948242 80.79831886291504 74.77275848388672 80.79831886291504
75.26496887207031 67.0247573852539 94.10902404785156 67.0247573852539 94.10902404785156 82.41814708709717 75.26496887207031 82.41814708709717
76.51546478271484 68.3046646118164 95.40446662902832 68.3046646118164 95.40446662902832 84.14791297912598 76.51546478271484 84.14791297912598
76.58255004882812 67.9302749633789 95.53850746154785 67.9302749633789 95.53850746154785 83.38501262664795 76.58255004882812 83.38501262664795
77.826904296875 68.589599609375 96.36555862426758 68.589599609375 96.36555862426758 84.85831832885742 77.826904296875 84.85831832885742
78.39273071289062 69.88517761230469 97.6731185913086 69.88517761230469 97.6731185913086 86.04035949707031 78.39273071289062 86.04035949707031
79.60881042480469 70.51072692871094 98.70842170715332 70.51072692871094 98.70842170715332 86.79291725158691 79.60881042480469 86.79291725158691
79.8460922241211 70.44111633300781 98.58303451538086 70.44111633300781 98.58303451538086 87.13512420654297 79.8460922241211 87.13512420654297
81.16398620605469 71.42362976074219 100.1174430847168 71.42362976074219 100.1174430847168 87.17228698730469 81.16398620605469 87.17228698730469
82.08158111572266 71.8304214477539 100.85754013061523 71.8304214477539 100.85754013061523 88.62290954589844 82.08158111572266 88.62290954589844
83.2293472290039 71.60740661621094 102.18013381958008 71.60740661621094 102.18013381958008 88.02570343017578 83.2293472290039 88.02570343017578
83.9804916381836 72.9378433227539 103.19327163696289 72.9378433227539 103.19327163696289 89.20359802246094 83.9804916381836 89.20359802246094
83.66374969482422 74.01129150390625 103.30221176147461 74.01129150390625 103.30221176147461 90.30795097351074 83.66374969482422 90.30795097351074
86.23536682128906 73.86273956298828 104.86605262756348 73.86273956298828 104.86605262756348 90.08158493041992 86.23536682128906 90.08158493041992
85.90612030029297 75.67794036865234 105.72396087646484 75.67794036865234 105.72396087646484 91.68579292297363 85.90612030029297 91.68579292297363
87.74552917480469 76.34165954589844 107.10357093811035 76.34165954589844 107.10357093811035 92.93246269226074 87.74552917480469 92.93246269226074
87.81391906738281 76.56322479248047 107.37459182739258 76.56322479248047 107.37459182739258 93.10184097290039 87.81391906738281 93.10184097290039
90.07107543945312 78.40328216552734 108.8702278137207 78.40328216552734 108.8702278137207 94.9190559387207 90.07107543945312 94.9190559387207
90.53193664550781 77.23121643066406 110.47224998474121 77.23121643066406 110.47224998474121 94.0913200378418 90.53193664550781 94.0913200378418
91.43024444580078 78.24080657958984 111.12809562683105 78.24080657958984 111.12809562683105 94.87043762207031 91.43024444580078 94.87043762207031
92.15379333496094 80.6562728881836 112.63104820251465 80.6562728881836 112.63104820251465 96.5358247756958 92.15379333496094 96.5358247756958
92.6796646118164 79.73944091796875 113.42923164367676 79.73944091796875 113.42923164367676 96.8284740447998 92.6796646118164 96.8284740447998
94.70155334472656 80.93318176269531 114.6534423828125 80.93318176269531 114.6534423828125 97.68510055541992 94.70155334472656 97.68510055541992
95.0257339477539 82.19102478027344 114.72838973999023 82.19102478027344 114.72838973999023 98.19931983947754 95.0257339477539 98.19931983947754
96.19880676269531 82.17802429199219 116.39503288269043 82.17802429199219 116.39503288269043 100.18175888061523 96.19880676269531 100.18175888061523
97.20350646972656 82.405029296875 117.72345733642578 82.405029296875 117.72345733642578 100.41904830932617 97.20350646972656 100.41904830932617
98.12435913085938 83.80256652832031 118.67043113708496 83.80256652832031 118.67043113708496 101.51211166381836 98.12435913085938 101.51211166381836
98.57679748535156 85.29563903808594 119.21316146850586 85.29563903808594 119.21316146850586 101.74699592590332 98.57679748535156 101.74699592590332
100.20567321777344 85.5765380859375 120.40433692932129 85.5765380859375 120.40433692932129 103.13628005981445 100.20567321777344 103.13628005981445
100.68095397949219 85.89594268798828 121.12021255493164 85.89594268798828 121.12021255493164 103.34869003295898 100.68095397949219 103.34869003295898
102.5722885131836 86.93742370605469 122.60204124450684 86.93742370605469 122.60204124450684 104.47652053833008 102.5722885131836 104.47652053833008
102.6866226196289 88.38042449951172 123.21236610412598 88.38042449951172 123.21236610412598 105.33562469482422 102.6866226196289 105.33562469482422
103.73439025878906 89.0969467163086 124.23844528198242 89.0969467163086 124.23844528198242 105.85835647583008 103.73439025878906 105.85835647583008
105.2931137084961 89.50950622558594 125.9239387512207 89.50950622558594 125.9239387512207 107.34234428405762 105.2931137084961 107.34234428405762
106.00030517578125 91.57722473144531 127.54717063903809 91.57722473144531 127.54717063903809 109.3290958404541 106.00030517578125 109.3290958404541
106.78787994384766 90.96380615234375 128.333589553833 90.96380615234375 128.333589553833 108.60494232177734 106.78787994384766 108.60494232177734
109.0475082397461 92.20127868652344 129.4753074645996 92.20127868652344 129.4753074645996 110.29459762573242 109.0475082397461 110.29459762573242
108.3833999633789 92.24336242675781 129.9608917236328 92.24336242675781 129.9608917236328 109.89949607849121 108.3833999633789 109.89949607849121
109.7129135131836 94.83384704589844 130.2626609802246 94.83384704589844 130.2626609802246 112.26645469665527 109.7129135131836 112.26645469665527
111.259521484375 93.94944763183594 132.66079139709473 93.94944763183594 132.66079139709473 112.21467971801758 111.259521484375 112.21467971801758
112.17440032958984 93.40129089355469 132.57810401916504 93.40129089355469 132.57810401916504 112.64749145507812 112.17440032958984 112.64749145507812
112.71329498291016 96.07935333251953 133.86302757263184 96.07935333251953 133.86302757263184 113.82712173461914 112.71329498291016 113.82712173461914
112.76995849609375 97.02742767333984 134.75955772399902 97.02742767333984 134.75955772399902 113.66447067260742 112.76995849609375 113.66447067260742
114.6855697631836 97.88916015625 136.07749366760254 97.88916015625 136.07749366760254 115.35533714294434 114.6855697631836 115.35533714294434
115.6588134765625 98.00236511230469 136.53348922729492 98.00236511230469 136.53348922729492 116.26958847045898 115.6588134765625 116.26958847045898
116.81428527832031 100.66499328613281 138.14484024047852 100.66499328613281 138.14484024047852 118.80707740783691 116.81428527832031 118.80707740783691
116.12886810302734 99.85600280761719 137.7831039428711 99.85600280761719 137.7831039428711 117.57292556762695 116.12886810302734 117.57292556762695
117.89149475097656 100.58245849609375 140.12936782836914 100.58245849609375 140.12936782836914 118.30521774291992 117.89149475097656 118.30521774291992
118.90277099609375 102.75724029541016 140.28364944458008 102.75724029541016 140.28364944458008 120.33949661254883 118.90277099609375 120.33949661254883
119.05584716796875 103.05587005615234 140.31837844848633 103.05587005615234 140.31837844848633 122.39236640930176 119.05584716796875 122.39236640930176
120.60026550292969 104.4949722290039 142.18785858154297 104.4949722290039 142.18785858154297 124.21343612670898 120.60026550292969 124.21343612670898
120.7926254272461 105.25495910644531 142.64414596557617 105.25495910644531 142.64414596557617 124.56840896606445 120.7926254272461 124.56840896606445
121.7992935180664 107.23350524902344 144.12807846069336 107.23350524902344 144.12807846069336 125.87365341186523 121.7992935180664 125.87365341186523
123.37471008300781 109.6715316772461 144.70949363708496 109.6715316772461 144.70949363708496 127.19730567932129 123.37471008300781 127.19730567932129
124.71014404296875 110.07341003417969 145.9045295715332 110.07341003417969 145.9045295715332 128.5713291168213 124.71014404296875 128.5713291168213
124.8503189086914 111.33033752441406 146.36407089233398 111.33033752441406 146.36407089233398 129.1908359527588 124.8503189086914 129.1908359527588
125.04170989990234 112.62422180175781 149.27465438842773 112.62422180175781 149.27465438842773 132.52027320861816 125.04170989990234 132.52027320861816
124.69209289550781 112.3495101928711 150.75380897521973 112.3495101928711 150.75380897521973 133.81208992004395 124.69209289550781 133.81208992004395
129.09205627441406 115.81832122802734 150.92518997192383 115.81832122802734 150.92518997192383 132.76329040527344 129.09205627441406 132.76329040527344
128.5608673095703 116.8880386352539 151.86970138549805 116.8880386352539 151.86970138549805 133.12417793273926 128.5608673095703 133.12417793273926
131.59213256835938 118.06181335449219 154.34939575195312 118.06181335449219 154.34939575195312 136.28418922424316 131.59213256835938 136.28418922424316
132.4734649658203 118.922119140625 155.1251277923584 118.922119140625 155.1251277923584 137.8741798400879 132.4734649658203 137.8741798400879
134.1562042236328 120.10060119628906 157.07214736938477 120.10060119628906 157.07214736938477 137.72486305236816 134.1562042236328 137.72486305236816
136.61883544921875 120.6915283203125 159.44593238830566 120.6915283203125 159.44593238830566 139.0754737854004 136.61883544921875 139.0754737854004
137.42404174804688 121.20677185058594 159.60247421264648 121.20677185058594 159.60247421264648 141.02978897094727 137.42404174804688 141.02978897094727
137.86827087402344 122.14192962646484 160.31483268737793 122.14192962646484 160.31483268737793 140.8162384033203 137.86827087402344 140.8162384033203
140.6385040283203 126.1588363647461 163.3856906890869 126.1588363647461 163.3856906890869 144.64323043823242 140.6385040283203 144.64323043823242
140.66043090820312 125.81343841552734 163.89531898498535 125.81343841552734 163.89531898498535 146.04019355773926 140.66043090820312 146.04019355773926
143.88357543945312 128.93309020996094 166.08542251586914 128.93309020996094 166.08542251586914 147.98513412475586 143.88357543945312 147.98513412475586
144.36451721191406 128.9625244140625 167.44679641723633 128.9625244140625 167.44679641723633 149.04483604431152 144.36451721191406 149.04483604431152
147.71640014648438 132.26979064941406 169.73130989074707 132.26979064941406 169.73130989074707 151.25831985473633 147.71640014648438 151.25831985473633
147.8887481689453 132.91348266601562 171.7128734588623 132.91348266601562 171.7128734588623 151.66708946228027 147.8887481689453 151.66708946228027
151.72390747070312 134.20924377441406 174.99313735961914 134.20924377441406 174.99313735961914 153.8544578552246 151.72390747070312 153.8544578552246
153.1141357421875 135.91372680664062 176.97850036621094 135.91372680664062 176.97850036621094 155.98356819152832 153.1141357421875 155.98356819152832
156.29559326171875 139.38888549804688 178.81473922729492 139.38888549804688 178.81473922729492 158.65508651733398 156.29559326171875 158.65508651733398
158.30337524414062 138.97381591796875 179.95061111450195 138.97381591796875 179.95061111450195 157.58673477172852 158.30337524414062 157.58673477172852
160.54481506347656 141.52261352539062 181.77021408081055 141.52261352539062 181.77021408081055 159.62903213500977 160.54481506347656 159.62903213500977
163.01296997070312 142.24465942382812 184.7218132019043 142.24465942382812 184.7218132019043 161.70876693725586 163.01296997070312 161.70876693725586
165.63760375976562 145.8662109375 187.51353073120117 145.8662109375 187.51353073120117 163.85985946655273 165.63760375976562 163.85985946655273
167.34214782714844 148.0283203125 189.66520309448242 148.0283203125 189.66520309448242 166.2030029296875 167.34214782714844 166.2030029296875
167.75698852539062 150.0605010986328 190.3211612701416 150.0605010986328 190.3211612701416 168.3907127380371 167.75698852539062 168.3907127380371
170.25665283203125 152.45755004882812 193.17563438415527 152.45755004882812 193.17563438415527 171.3286952972412 170.25665283203125 171.3286952972412
170.2876739501953 153.6881866455078 192.8080883026123 153.6881866455078 192.8080883026123 171.3648223876953 170.2876739501953 171.3648223876953
173.10787963867188 157.94821166992188 193.94646644592285 157.94821166992188 193.94646644592285 175.9993133544922 173.10787963867188 175.9993133544922
171.63070678710938 157.8720703125 196.84866333007812 157.8720703125 196.84866333007812 178.63978958129883 171.63070678710938 178.63978958129883
174.51748657226562 158.45724487304688 195.69427108764648 158.45724487304688 195.69427108764648 177.27516746520996 174.51748657226562 177.27516746520996
174.0992889404297 157.28836059570312 198.6116008758545 157.28836059570312 198.6116008758545 177.47496223449707 174.0992889404297 177.47496223449707
172.08090209960938 153.5612030029297 196.53819847106934 153.5612030029297 196.53819847106934 173.70249557495117 172.08090209960938 173.70249557495117
168.20596313476562 155.1366729736328 192.82181358337402 155.1366729736328 192.82181358337402 175.408540725708 168.20596313476562 175.408540725708
174.2202606201172 155.93612670898438 198.7456874847412 155.93612670898438 198.7456874847412 176.1335277557373 174.2202606201172 176.1335277557373
168.3680877685547 159.01612854003906 192.8854579925537 159.01612854003906 192.8854579925537 179.20689392089844 168.3680877685547 179.20689392089844
157.5709991455078 153.55563354492188 182.41829872131348 153.55563354492188 182.41829872131348 174.01810264587402 157.5709991455078 174.01810264587402
