196.0 220.0 216.0 220.0 216.0 275.0 196.0 275.0
196.02928161621094 220.9244384765625 215.90973281860352 220.9244384765625 215.90973281860352 275.8621635437012 196.02928161621094 275.8621635437012
195.83656311035156 220.05648803710938 215.73343467712402 220.05648803710938 215.73343467712402 275.0652885437012 195.83656311035156 275.0652885437012
197.1318817138672 220.7082061767578 217.31155014038086 220.7082061767578 217.31155014038086 275.2581024169922 197.1318817138672 275.2581024169922
197.2158203125 220.61978149414062 217.2900791168213 220.61978149414062 217.2900791168213 275.9256896972656 197.2158203125 275.9256896972656
198.28079223632812 220.08840942382812 218.35889625549316 220.08840942382812 218.35889625549316 274.8687973022461 198.28079223632812 274.8687973022461
198.4324493408203 220.462890625 218.34558296203613 220.462890625 218.34558296203613 275.0622253417969 198.4324493408203 275.0622253417969
199.230712890625 220.056396484375 219.24578666687012 220.056396484375 219.24578666687012 275.41724395751953 199.230712890625 275.41724395751953
198.82215881347656 220.4046630859375 218.71942520141602 220.4046630859375 218.71942520141602 275.23448944091797 198.82215881347656 275.23448944091797
198.84957885742188 220.8571319580078 218.8448600769043 220.8571319580078 218.8448600769043 274.7638282775879 198.84957885742188 274.7638282775879
198.8478240966797 220.57022094726562 219.85982131958008 220.57022094726562 219.85982131958008 277.0005989074707 198.8478240966797 277.0005989074707
198.58885192871094 220.59896850585938 219.56747245788574 220.59896850585938 219.56747245788574 276.2629928588867 198.58885192871094 276.2629928588867
198.630615234375 220.84628295898438 219.71013641357422 220.84628295898438 219.71013641357422 276.1444282531738 198.630615234375 276.1444282531738
198.71224975585938 221.0943145751953 219.72342491149902 221.0943145751953 219.72342491149902 276.8412742614746 198.71224975585938 276.8412742614746
198.83499145507812 220.94924926757812 220.03443908691406 220.94924926757812 220.03443908691406 276.86124420166016 198.83499145507812 276.86124420166016
198.95590209960938 221.1835174560547 219.98409843444824 221.1835174560547 219.98409843444824 276.7345428466797 198.95590209960938 276.7345428466797
198.55105590820312 219.8245391845703 219.65594482421875 219.8245391845703 219.65594482421875 277.0184097290039 198.55105590820312 277.0184097290039
198.35787963867188 218.88784790039062 219.83313179016113 218.88784790039062 219.83313179016113 276.7028121948242 198.35787963867188 276.7028121948242
198.4518280029297 218.74813842773438 219.09234237670898 218.74813842773438 219.09234237670898 277.9296455383301 198.4518280029297 277.9296455383301
198.1227569580078 217.98989868164062 218.70530700683594 217.98989868164062 218.70530700683594 276.5879821777344 198.1227569580078 276.5879821777344
198.6962890625 217.9398956298828 219.56505966186523 217.9398956298828 219.56505966186523 277.374568939209 198.6962890625 277.374568939209
197.85305786132812 220.0135040283203 219.3501434326172 220.0135040283203 219.3501434326172 277.9468765258789 197.85305786132812 277.9468765258789
197.81607055664062 219.42807006835938 219.39530563354492 219.42807006835938 219.39530563354492 278.2933769226074 197.81607055664062 278.2933769226074
197.49424743652344 221.1494598388672 218.61501693725586 221.1494598388672 218.61501693725586 279.5728187561035 197.49424743652344 279.5728187561035
197.4374237060547 220.7620086669922 219.10164833068848 220.7620086669922 219.10164833068848 279.152645111084 197.4374237060547 279.152645111084
197.35577392578125 220.87539672851562 218.84415245056152 220.87539672851562 218.84415245056152 279.3714904785156 197.35577392578125 279.3714904785156
197.78880310058594 219.69863891601562 219.25579261779785 219.69863891601562 219.25579261779785 278.6655502319336 197.78880310058594 278.6655502319336
198.0374755859375 219.545654296875 219.41672897338867 219.545654296875 219.41672897338867 278.4674758911133 198.0374755859375 278.4674758911133
198.03347778320312 219.7928924560547 219.4309310913086 219.7928924560547 219.4309310913086 278.8180274963379 198.03347778320312 278.8180274963379
197.5629425048828 218.6072998046875 219.38973808288574 218.6072998046875 219.38973808288574 278.4302291870117 197.5629425048828 278.4302291870117
197.7198028564453 218.74072265625 219.08086776733398 218.74072265625 219.08086776733398 278.2004165649414 197.7198028564453 278.2004165649414
197.91018676757812 218.0333251953125 218.70841217041016 218.0333251953125 218.70841217041016 279.7524185180664 197.91018676757812 279.7524185180664
198.14312744140625 218.00003051757812 218.74392318725586 218.00003051757812 218.74392318725586 279.26822662353516 198.14312744140625 279.26822662353516
197.63937377929688 217.7025146484375 218.53747940063477 217.7025146484375 218.53747940063477 279.0290412902832 197.63937377929688 279.0290412902832
197.56967163085938 217.6214599609375 217.54447555541992 217.6214599609375 217.54447555541992 278.53821563720703 197.56967163085938 278.53821563720703
197.5055389404297 217.9119110107422 217.81653594970703 217.9119110107422 217.81653594970703 278.7048797607422 197.5055389404297 278.7048797607422
197.66038513183594 216.68228149414062 218.29556846618652 216.68228149414062 218.29556846618652 278.26629638671875 197.66038513183594 278.26629638671875
196.88592529296875 217.6717987060547 217.39372634887695 217.6717987060547 217.39372634887695 279.51216888427734 196.88592529296875 279.51216888427734
196.8198699951172 217.789306640625 217.28076934814453 217.789306640625 217.28076934814453 278.7203140258789 196.8198699951172 278.7203140258789
196.49171447753906 217.84970092773438 217.25506782531738 217.84970092773438 217.25506782531738 279.2237854003906 196.49171447753906 279.2237854003906
197.0682373046875 218.09640502929688 217.5827178955078 218.09640502929688 217.5827178955078 279.0149726867676 197.0682373046875 279.0149726867676
196.93545532226562 217.8649444580078 217.48534965515137 217.8649444580078 217.48534965515137 278.3697052001953 196.93545532226562 278.3697052001953
196.0736541748047 216.53915405273438 218.04966354370117 216.53915405273438 218.04966354370117 277.91939544677734 196.0736541748047 277.91939544677734
196.21875 217.06906127929688 218.09165573120117 217.06906127929688 218.09165573120117 278.1169013977051 196.21875 278.1169013977051
196.56655883789062 217.07675170898438 218.21427536010742 217.07675170898438 218.21427536010742 278.7986869812012 196.56655883789062 278.7986869812012
197.1796417236328 216.3865966796875 218.11935806274414 216.3865966796875 218.11935806274414 279.22065353393555 197.1796417236328 279.22065353393555
196.6748504638672 216.5888671875 218.30392456054688 216.5888671875 218.30392456054688 278.6259346008301 196.6748504638672 278.6259346008301
197.28872680664062 219.55410766601562 216.5826015472412 219.55410766601562 216.5826015472412 280.8958625793457 197.28872680664062 280.8958625793457
197.03311157226562 217.67431640625 216.90000534057617 217.67431640625 216.90000534057617 280.62395095825195 197.03311157226562 280.62395095825195
196.9915313720703 218.10269165039062 216.58752059936523 218.10269165039062 216.58752059936523 280.72501373291016 196.9915313720703 280.72501373291016
197.20028686523438 218.038330078125 216.85143280029297 218.038330078125 216.85143280029297 280.5733947753906 197.20028686523438 280.5733947753906
196.48751831054688 216.41342163085938 217.516263961792 216.41342163085938 217.516263961792 280.26644134521484 196.48751831054688 280.26644134521484
196.3782196044922 216.0638885498047 217.74082374572754 216.0638885498047 217.74082374572754 280.29920959472656 196.3782196044922 280.29920959472656
197.35549926757812 217.970947265625 216.66796684265137 217.970947265625 216.66796684265137 280.30738067626953 197.35549926757812 280.30738067626953
197.64956665039062 218.1629638671875 216.80013847351074 218.1629638671875 216.80013847351074 280.49657440185547 197.64956665039062 280.49657440185547
197.6164093017578 217.67068481445312 216.86761093139648 217.67068481445312 216.86761093139648 280.24580001831055 197.6164093017578 280.24580001831055
197.8634033203125 218.3384246826172 218.4690818786621 218.3384246826172 218.4690818786621 280.46030044555664 197.8634033203125 280.46030044555664
197.83445739746094 218.168212890625 218.5199851989746 218.168212890625 218.5199851989746 279.88570404052734 197.83445739746094 279.88570404052734
196.9816436767578 217.24673461914062 216.35065269470215 217.24673461914062 216.35065269470215 279.78618240356445 196.9816436767578 279.78618240356445
197.3090057373047 217.0695037841797 216.70236778259277 217.0695037841797 216.70236778259277 278.88941955566406 197.3090057373047 278.88941955566406
197.2730712890625 217.001708984375 216.7361240386963 217.001708984375 216.7361240386963 278.91439056396484 197.2730712890625 278.91439056396484
196.54803466796875 219.5477752685547 217.37576293945312 219.5477752685547 217.37576293945312 280.72484970092773 196.54803466796875 280.72484970092773
196.61666870117188 218.6333465576172 217.21962547302246 218.6333465576172 217.21962547302246 279.72274017333984 196.61666870117188 279.72274017333984
196.52908325195312 219.74655151367188 216.5194854736328 219.74655151367188 216.5194854736328 280.09879302978516 196.52908325195312 280.09879302978516
196.74302673339844 219.2731170654297 217.13137245178223 219.2731170654297 217.13137245178223 279.7719497680664 196.74302673339844 279.7719497680664
196.54624938964844 218.7421875 217.20338821411133 218.7421875 217.20338821411133 279.70429611206055 196.54624938964844 279.70429611206055
196.42745971679688 216.71279907226562 216.07993125915527 216.71279907226562 216.07993125915527 281.8347625732422 196.42745971679688 281.8347625732422
196.1608428955078 216.3115234375 216.1566925048828 216.3115234375 216.1566925048828 281.4530487060547 196.1608428955078 281.4530487060547
196.18508911132812 216.2728729248047 215.17899131774902 216.2728729248047 215.17899131774902 282.1490020751953 196.18508911132812 282.1490020751953
196.6051788330078 215.8092498779297 215.97564888000488 215.8092498779297 215.97564888000488 281.68316650390625 196.6051788330078 281.68316650390625
196.15756225585938 216.4660186767578 214.9657745361328 216.4660186767578 214.9657745361328 282.0223159790039 196.15756225585938 282.0223159790039
196.11932373046875 218.28335571289062 216.18437004089355 218.28335571289062 216.18437004089355 281.8883857727051 196.11932373046875 281.8883857727051
195.8765411376953 217.75784301757812 216.1969757080078 217.75784301757812 216.1969757080078 281.74162673950195 195.8765411376953 281.74162673950195
195.94888305664062 218.21487426757812 216.12772178649902 218.21487426757812 216.12772178649902 281.87274169921875 195.94888305664062 281.87274169921875
196.0039520263672 218.76223754882812 215.62029457092285 218.76223754882812 215.62029457092285 281.3524284362793 196.0039520263672 281.3524284362793
195.69468688964844 218.7470245361328 215.26674461364746 218.7470245361328 215.26674461364746 281.63222885131836 195.69468688964844 281.63222885131836
194.6993865966797 217.69100952148438 215.35345268249512 217.69100952148438 215.35345268249512 282.1793518066406 194.6993865966797 282.1793518066406
194.61972045898438 216.6862030029297 215.3687915802002 216.6862030029297 215.3687915802002 281.68328857421875 194.61972045898438 281.68328857421875
193.84481811523438 216.49560546875 214.4559211730957 216.49560546875 214.4559211730957 282.1999282836914 193.84481811523438 282.1999282836914
193.6885986328125 216.7587890625 214.2884407043457 216.7587890625 214.2884407043457 282.2391052246094 193.6885986328125 282.2391052246094
193.0545196533203 217.39883422851562 214.85796737670898 217.39883422851562 214.85796737670898 281.5969543457031 193.0545196533203 281.5969543457031
192.5708465576172 217.9261016845703 214.4271011352539 217.9261016845703 214.4271011352539 282.08885955810547 192.5708465576172 282.08885955810547
192.7191925048828 217.93026733398438 212.90823364257812 217.93026733398438 212.90823364257812 283.18370819091797 192.7191925048828 283.18370819091797
192.52322387695312 218.1681671142578 213.07220840454102 218.1681671142578 213.07220840454102 283.0631103515625 192.52322387695312 283.0631103515625
192.43006896972656 217.0654296875 213.04449081420898 217.0654296875 213.04449081420898 282.6651306152344 192.43006896972656 282.6651306152344
192.0911407470703 215.99948120117188 211.8297634124756 215.99948120117188 211.8297634124756 283.6798858642578 192.0911407470703 283.6798858642578
192.26084899902344 215.0630645751953 212.0125331878662 215.0630645751953 212.0125331878662 283.4905014038086 192.26084899902344 283.4905014038086
192.2562255859375 217.1450653076172 212.6683406829834 217.1450653076172 212.6683406829834 283.2649612426758 192.2562255859375 283.2649612426758
192.36904907226562 216.9967498779297 212.9619846343994 216.9967498779297 212.9619846343994 283.2322769165039 192.36904907226562 283.2322769165039
192.0035858154297 218.2881317138672 212.79253387451172 218.2881317138672 212.79253387451172 283.356689453125 192.0035858154297 283.356689453125
191.98556518554688 217.91720581054688 212.7070827484131 217.91720581054688 212.7070827484131 283.5792007446289 191.98556518554688 283.5792007446289
191.97531127929688 218.2086944580078 213.0030002593994 218.2086944580078 213.0030002593994 283.2839660644531 191.97531127929688 283.2839660644531
192.09048461914062 219.1197052001953 212.6084098815918 219.1197052001953 212.6084098815918 283.6295166015625 192.09048461914062 283.6295166015625
191.4981689453125 217.1796417236328 212.49236679077148 217.1796417236328 212.49236679077148 284.4876708984375 191.4981689453125 284.4876708984375
191.78733825683594 218.25668334960938 212.59839820861816 218.25668334960938 212.59839820861816 285.0395812988281 191.78733825683594 285.0395812988281
191.5447998046875 218.3618621826172 212.09752464294434 218.3618621826172 212.09752464294434 283.06431579589844 191.5447998046875 283.06431579589844
191.59109497070312 219.0554962158203 212.12144088745117 219.0554962158203 212.12144088745117 283.5942153930664 191.59109497070312 283.5942153930664
189.10720825195312 218.4669952392578 210.3790283203125 218.4669952392578 210.3790283203125 284.87542724609375 189.10720825195312 284.87542724609375
189.42420959472656 218.95028686523438 210.06878471374512 218.95028686523438 210.06878471374512 285.54840087890625 189.42420959472656 285.54840087890625
189.2461700439453 218.3070068359375 210.22079849243164 218.3070068359375 210.22079849243164 285.0797805786133 189.2461700439453 285.0797805786133
188.6023406982422 217.44467163085938 209.16438674926758 217.44467163085938 209.16438674926758 285.2929458618164 188.6023406982422 285.2929458618164
188.5606689453125 216.9990997314453 209.62439727783203 216.9990997314453 209.62439727783203 284.6109313964844 188.5606689453125 284.6109313964844
188.84637451171875 217.4564666748047 209.65812301635742 217.4564666748047 209.65812301635742 284.68529510498047 188.84637451171875 284.68529510498047
186.83203125 218.2678985595703 208.5396785736084 218.2678985595703 208.5396785736084 284.7910461425781 186.83203125 284.7910461425781
186.63174438476562 217.533203125 208.47451782226562 217.533203125 208.47451782226562 284.6702423095703 186.63174438476562 284.6702423095703
186.52398681640625 217.443359375 208.27777481079102 217.443359375 208.27777481079102 284.73155975341797 186.52398681640625 284.73155975341797
186.34674072265625 219.36203002929688 207.3173828125 219.36203002929688 207.3173828125 285.7112731933594 186.34674072265625 285.7112731933594
186.3162384033203 217.9688720703125 208.03369522094727 217.9688720703125 208.03369522094727 285.04161071777344 186.3162384033203 285.04161071777344
184.55670166015625 218.4002227783203 206.89262008666992 218.4002227783203 206.89262008666992 286.12962341308594 184.55670166015625 286.12962341308594
184.51638793945312 219.2318572998047 206.08594703674316 219.2318572998047 206.08594703674316 285.55648040771484 184.51638793945312 285.55648040771484
184.70729064941406 218.47891235351562 206.42035484313965 218.47891235351562 206.42035484313965 285.45484161376953 184.70729064941406 285.45484161376953
