15.0 36.0 39.0 36.0 39.0 63.0 15.0 63.0
15.949503898620605 36.4986686706543 39.380167961120605 36.4986686706543 39.380167961120605 63.32255172729492 15.949503898620605 63.32255172729492
19.21767807006836 36.180946350097656 41.305564880371094 36.180946350097656 41.305564880371094 63.48008918762207 19.21767807006836 63.48008918762207
21.460329055786133 37.16929244995117 42.73700714111328 37.16929244995117 42.73700714111328 64.39139556884766 21.460329055786133 64.39139556884766
23.403955459594727 36.87792205810547 45.12168312072754 36.87792205810547 45.12168312072754 64.44778823852539 23.403955459594727 64.44778823852539
24.946643829345703 36.80399703979492 46.83209228515625 36.80399703979492 46.83209228515625 63.83012008666992 24.946643829345703 63.83012008666992
27.362071990966797 38.854896545410156 48.77766036987305 38.854896545410156 48.77766036987305 64.98513412475586 27.362071990966797 64.98513412475586
28.229000091552734 38.31713104248047 49.98283767700195 38.31713104248047 49.98283767700195 65.60098457336426 28.229000091552734 65.60098457336426
30.51848793029785 38.37623596191406 51.86552810668945 38.37623596191406 51.86552810668945 65.80924606323242 30.51848793029785 65.80924606323242
31.779159545898438 38.10161209106445 53.04605674743652 38.10161209106445 53.04605674743652 66.30160903930664 31.779159545898438 66.30160903930664
34.18859100341797 40.751068115234375 56.13537406921387 40.751068115234375 56.13537406921387 66.03253936767578 34.18859100341797 66.03253936767578
35.14387893676758 40.13593292236328 57.6342887878418 40.13593292236328 57.6342887878418 65.86856842041016 35.14387893676758 65.86856842041016
37.92393112182617 40.82666778564453 58.784650802612305 40.82666778564453 58.784650802612305 66.11455917358398 37.92393112182617 66.11455917358398
39.17026901245117 40.2288932800293 59.70956039428711 40.2288932800293 59.70956039428711 67.32486534118652 39.17026901245117 67.32486534118652
41.55817413330078 40.51334762573242 62.53030204772949 40.51334762573242 62.53030204772949 68.88414573669434 41.55817413330078 68.88414573669434
43.31147003173828 41.5645637512207 65.73940086364746 41.5645637512207 65.73940086364746 70.48006057739258 43.31147003173828 70.48006057739258
45.85282897949219 40.9970703125 66.21051025390625 40.9970703125 66.21051025390625 70.93758583068848 45.85282897949219 70.93758583068848
47.121124267578125 41.5079231262207 66.88252639770508 41.5079231262207 66.88252639770508 71.15733337402344 47.121124267578125 71.15733337402344
49.819725036621094 42.27704620361328 69.85457801818848 42.27704620361328 69.85457801818848 71.5663948059082 49.819725036621094 71.5663948059082
50.71637725830078 43.060020446777344 71.40882301330566 43.060020446777344 71.40882301330566 71.03241348266602 50.71637725830078 71.03241348266602
53.61553955078125 43.51344299316406 74.38604736328125 43.51344299316406 74.38604736328125 71.68845176696777 53.61553955078125 71.68845176696777
55.77129364013672 43.29194259643555 75.41669845581055 43.29194259643555 75.41669845581055 72.4431381225586 55.77129364013672 72.4431381225586
58.49413299560547 42.671714782714844 78.03897476196289 42.671714782714844 78.03897476196289 72.49945449829102 58.49413299560547 72.49945449829102
58.80522537231445 42.628089904785156 79.97307968139648 42.628089904785156 79.97307968139648 73.75337600708008 58.80522537231445 73.75337600708008
62.1775016784668 43.124183654785156 82.06086921691895 43.124183654785156 82.06086921691895 69.35863494873047 62.1775016784668 69.35863494873047
63.51261520385742 45.17350387573242 83.42278671264648 45.17350387573242 83.42278671264648 68.70506477355957 63.51261520385742 68.70506477355957
66.46711730957031 45.228904724121094 86.91221046447754 45.228904724121094 86.91221046447754 69.25345802307129 66.46711730957031 69.25345802307129
67.7543716430664 44.67433547973633 88.23594284057617 44.67433547973633 88.23594284057617 70.04130935668945 67.7543716430664 70.04130935668945
70.727294921875 45.1820182800293 91.05687522888184 45.1820182800293 91.05687522888184 71.12515258789062 70.727294921875 71.12515258789062
72.77085876464844 44.1122932434082 92.87300300598145 44.1122932434082 92.87300300598145 72.5534496307373 72.77085876464844 72.5534496307373
75.68350219726562 44.80040740966797 94.32203102111816 44.80040740966797 94.32203102111816 72.1291732788086 75.68350219726562 72.1291732788086
77.88121032714844 46.0658073425293 97.2686824798584 46.0658073425293 97.2686824798584 71.58268737792969 77.88121032714844 71.58268737792969
80.51029205322266 46.711158752441406 99.08122062683105 46.711158752441406 99.08122062683105 70.20862007141113 80.51029205322266 70.20862007141113
81.51702880859375 44.97712326049805 101.22697830200195 44.97712326049805 101.22697830200195 71.6768798828125 81.51702880859375 71.6768798828125
84.11387634277344 42.96986770629883 102.47161865234375 42.96986770629883 102.47161865234375 71.79681396484375 84.11387634277344 71.79681396484375
86.0282211303711 44.03901672363281 103.75072860717773 44.03901672363281 103.75072860717773 71.74682235717773 86.0282211303711 71.74682235717773
88.16024017333984 44.419029235839844 105.9000415802002 44.419029235839844 105.9000415802002 70.56204605102539 88.16024017333984 70.56204605102539
90.44750213623047 43.44297409057617 108.62050247192383 43.44297409057617 108.62050247192383 71.13443183898926 90.44750213623047 71.13443183898926
92.30741882324219 44.7329216003418 111.28679084777832 44.7329216003418 111.28679084777832 68.08807754516602 92.30741882324219 68.08807754516602
94.054931640625 43.542503356933594 113.04728126525879 43.542503356933594 113.04728126525879 68.64239883422852 94.054931640625 68.64239883422852
95.45275115966797 41.40320587158203 114.33695602416992 41.40320587158203 114.33695602416992 68.26179122924805 95.45275115966797 68.26179122924805
98.8270034790039 42.032196044921875 115.90861129760742 42.032196044921875 115.90861129760742 68.90288352966309 98.8270034790039 68.90288352966309
100.87152099609375 41.95273971557617 117.64892196655273 41.95273971557617 117.64892196655273 68.66140747070312 100.87152099609375 68.66140747070312
103.13407135009766 40.40130615234375 120.60507583618164 40.40130615234375 120.60507583618164 70.4609489440918 103.13407135009766 70.4609489440918
106.6465835571289 42.317466735839844 123.05478286743164 42.317466735839844 123.05478286743164 68.73132514953613 106.6465835571289 68.73132514953613
107.99995422363281 42.37346267700195 124.62695693969727 42.37346267700195 124.62695693969727 67.82139778137207 107.99995422363281 67.82139778137207
108.38932800292969 42.85599899291992 125.42473220825195 42.85599899291992 125.42473220825195 67.53033065795898 108.38932800292969 67.53033065795898
111.9885482788086 40.50133514404297 128.122220993042 40.50133514404297 128.122220993042 67.93217277526855 111.9885482788086 67.93217277526855
113.24002838134766 41.18387985229492 129.85687065124512 41.18387985229492 129.85687065124512 67.74880599975586 113.24002838134766 67.74880599975586
116.28314208984375 41.14707946777344 132.16501426696777 41.14707946777344 132.16501426696777 66.13794708251953 116.28314208984375 66.13794708251953
119.97911071777344 41.636627197265625 135.63615608215332 41.636627197265625 135.63615608215332 65.37449645996094 119.97911071777344 65.37449645996094
120.36087799072266 40.30220413208008 138.11216163635254 40.30220413208008 138.11216163635254 64.70924377441406 120.36087799072266 64.70924377441406
121.74774169921875 39.665321350097656 140.4248561859131 39.665321350097656 140.4248561859131 64.74421501159668 121.74774169921875 64.74421501159668
124.9239273071289 40.96510696411133 142.80572509765625 40.96510696411133 142.80572509765625 65.26111602783203 124.9239273071289 65.26111602783203
125.49609375 39.88554000854492 143.5250244140625 39.88554000854492 143.5250244140625 66.11455535888672 125.49609375 66.11455535888672
128.4320831298828 40.64402389526367 146.03714179992676 40.64402389526367 146.03714179992676 67.20396041870117 128.4320831298828 67.20396041870117
129.8084259033203 40.26275634765625 148.3097743988037 40.26275634765625 148.3097743988037 67.15855407714844 129.8084259033203 67.15855407714844
132.6368408203125 40.28369903564453 149.98603057861328 40.28369903564453 149.98603057861328 68.23903274536133 132.6368408203125 68.23903274536133
134.23239135742188 41.62369918823242 152.3289852142334 41.62369918823242 152.3289852142334 66.14305305480957 134.23239135742188 66.14305305480957
135.42727661132812 42.09501266479492 153.4759922027588 42.09501266479492 153.4759922027588 65.97454071044922 135.42727661132812 65.97454071044922
137.53182983398438 42.1218147277832 155.36548805236816 42.1218147277832 155.36548805236816 65.8277702331543 137.53182983398438 65.8277702331543
139.49378967285156 41.52052688598633 157.25202560424805 41.52052688598633 157.25202560424805 66.11280632019043 139.49378967285156 66.11280632019043
141.50099182128906 41.693389892578125 158.5377368927002 41.693389892578125 158.5377368927002 66.48234558105469 141.50099182128906 66.48234558105469
144.69021606445312 41.36921310424805 161.61778831481934 41.36921310424805 161.61778831481934 65.84622192382812 144.69021606445312 65.84622192382812
146.17739868164062 40.92005157470703 163.07492637634277 40.92005157470703 163.07492637634277 65.02804756164551 146.17739868164062 65.02804756164551
144.7473907470703 42.8192024230957 164.2458095550537 42.8192024230957 164.2458095550537 65.72003936767578 144.7473907470703 65.72003936767578
147.7125701904297 41.288143157958984 167.6041774749756 41.288143157958984 167.6041774749756 64.25043678283691 147.7125701904297 64.25043678283691
152.5847930908203 41.40106964111328 170.76185989379883 41.40106964111328 170.76185989379883 65.68324661254883 152.5847930908203 65.68324661254883
152.3722381591797 41.85100555419922 171.68069076538086 41.85100555419922 171.68069076538086 65.6083812713623 152.3722381591797 65.6083812713623
155.05877685546875 40.352989196777344 172.10181045532227 40.352989196777344 172.10181045532227 65.89192962646484 155.05877685546875 65.89192962646484
158.16744995117188 41.8103141784668 175.88250350952148 41.8103141784668 175.88250350952148 64.80938720703125 158.16744995117188 64.80938720703125
160.3697509765625 42.11509323120117 177.36757850646973 42.11509323120117 177.36757850646973 64.61236190795898 160.3697509765625 64.61236190795898
160.7487030029297 41.435882568359375 179.70116806030273 41.435882568359375 179.70116806030273 63.96596336364746 160.7487030029297 63.96596336364746
162.7230987548828 41.23442840576172 182.01856422424316 41.23442840576172 182.01856422424316 63.52030944824219 162.7230987548828 63.52030944824219
163.59512329101562 40.72478485107422 182.8739891052246 40.72478485107422 182.8739891052246 63.96543884277344 163.59512329101562 63.96543884277344
165.3807373046875 40.33918762207031 183.96595573425293 40.33918762207031 183.96595573425293 63.9825496673584 165.3807373046875 63.9825496673584
167.8216552734375 39.711509704589844 186.618896484375 39.711509704589844 186.618896484375 63.25243949890137 167.8216552734375 63.25243949890137
168.2476043701172 40.893836975097656 188.214599609375 40.893836975097656 188.214599609375 63.35671043395996 168.2476043701172 63.35671043395996
171.49842834472656 40.67905807495117 191.26420974731445 40.67905807495117 191.26420974731445 62.915565490722656 171.49842834472656 62.915565490722656
172.57363891601562 40.21445846557617 192.5667381286621 40.21445846557617 192.5667381286621 62.70669746398926 172.57363891601562 62.70669746398926
175.01199340820312 40.55021286010742 194.86573600769043 40.55021286010742 194.86573600769043 62.88567543029785 175.01199340820312 62.88567543029785
176.36581420898438 40.41325759887695 196.27600479125977 40.41325759887695 196.27600479125977 62.812225341796875 176.36581420898438 62.812225341796875
179.4331512451172 39.3647346496582 199.10630226135254 39.3647346496582 199.10630226135254 62.1306095123291 179.4331512451172 62.1306095123291
180.89675903320312 39.639373779296875 200.8807888031006 39.639373779296875 200.8807888031006 62.121408462524414 180.89675903320312 62.121408462524414
182.5698699951172 39.36784744262695 202.39506149291992 39.36784744262695 202.39506149291992 61.67118835449219 182.5698699951172 61.67118835449219
183.43418884277344 40.444175720214844 203.29207611083984 40.444175720214844 203.29207611083984 62.78429985046387 183.43418884277344 62.78429985046387
184.8332977294922 40.80229568481445 204.83178329467773 40.80229568481445 204.83178329467773 63.30059242248535 184.8332977294922 63.30059242248535
186.27267456054688 40.70515060424805 206.6641902923584 40.70515060424805 206.6641902923584 63.645606994628906 186.27267456054688 63.645606994628906
189.3159942626953 38.429901123046875 207.3144302368164 38.429901123046875 207.3144302368164 63.53656196594238 189.3159942626953 63.53656196594238
190.87060546875 39.88951873779297 210.41759872436523 39.88951873779297 210.41759872436523 63.30013656616211 190.87060546875 63.30013656616211
191.83065795898438 39.909019470214844 212.0302562713623 39.909019470214844 212.0302562713623 62.63356590270996 191.83065795898438 62.63356590270996
193.00411987304688 39.88593673706055 213.07583045959473 39.88593673706055 213.07583045959473 62.46660804748535 193.00411987304688 62.46660804748535
195.66555786132812 40.009254455566406 215.90842247009277 40.009254455566406 215.90842247009277 62.782474517822266 195.66555786132812 62.782474517822266
196.84866333007812 41.402565002441406 217.4919147491455 41.402565002441406 217.4919147491455 64.626220703125 196.84866333007812 64.626220703125
200.06930541992188 41.4077033996582 220.53536224365234 41.4077033996582 220.53536224365234 64.43201446533203 200.06930541992188 64.43201446533203
202.51812744140625 40.513710021972656 222.6751823425293 40.513710021972656 222.6751823425293 63.19039535522461 202.51812744140625 63.19039535522461
203.0795440673828 40.99174880981445 223.26050186157227 40.99174880981445 223.26050186157227 63.69532585144043 203.0795440673828 63.69532585144043
204.419677734375 41.13623046875 224.85326766967773 41.13623046875 224.85326766967773 64.1240177154541 204.419677734375 64.1240177154541
206.1334991455078 40.88726806640625 226.4413890838623 40.88726806640625 226.4413890838623 63.733642578125 206.1334991455078 63.733642578125
207.0424041748047 41.029327392578125 227.61491775512695 41.029327392578125 227.61491775512695 64.17340469360352 207.0424041748047 64.17340469360352
