148.0 170.0 179.0 170.0 179.0 267.0 148.0 267.0
151.08966064453125 177.3678436279297 182.53379440307617 177.3678436279297 182.53379440307617 264.80540466308594 151.08966064453125 264.80540466308594
150.81515502929688 176.50955200195312 182.55073928833008 176.50955200195312 182.55073928833008 265.1311798095703 150.81515502929688 265.1311798095703
154.56021118164062 176.80404663085938 186.53904151916504 176.80404663085938 186.53904151916504 265.6751480102539 154.56021118164062 265.6751480102539
154.4801483154297 176.33384704589844 186.7084083557129 176.33384704589844 186.7084083557129 264.90765380859375 154.4801483154297 264.90765380859375
157.34669494628906 175.2696533203125 188.97891235351562 175.2696533203125 188.97891235351562 268.18106842041016 157.34669494628906 268.18106842041016
157.51947021484375 176.30746459960938 188.98915100097656 176.30746459960938 188.98915100097656 267.7218322753906 157.51947021484375 267.7218322753906
158.5713653564453 176.33193969726562 189.18190383911133 176.33193969726562 189.18190383911133 270.2801055908203 158.5713653564453 270.2801055908203
159.15658569335938 175.27120971679688 189.88954734802246 175.27120971679688 189.88954734802246 269.7795715332031 159.15658569335938 269.7795715332031
158.87649536132812 175.5604248046875 189.37062644958496 175.5604248046875 189.37062644958496 269.9981231689453 158.87649536132812 269.9981231689453
158.47488403320312 167.15054321289062 190.03309631347656 167.15054321289062 190.03309631347656 265.4536590576172 158.47488403320312 265.4536590576172
159.0648956298828 169.75169372558594 190.93389892578125 169.75169372558594 190.93389892578125 268.90978240966797 159.0648956298828 268.90978240966797
160.9306182861328 170.5148468017578 192.5990753173828 170.5148468017578 192.5990753173828 263.7268753051758 160.9306182861328 263.7268753051758
160.361083984375 169.17074584960938 192.5090103149414 169.17074584960938 192.5090103149414 262.9303970336914 160.361083984375 262.9303970336914
163.82958984375 167.3970947265625 194.8399772644043 167.3970947265625 194.8399772644043 261.2302932739258 163.82958984375 261.2302932739258
164.03359985351562 167.4105987548828 194.7492332458496 167.4105987548828 194.7492332458496 260.3544616699219 164.03359985351562 260.3544616699219
167.0143280029297 167.67491149902344 198.17087173461914 167.67491149902344 198.17087173461914 263.5622863769531 167.0143280029297 263.5622863769531
168.3017120361328 167.8358612060547 199.27553939819336 167.8358612060547 199.27553939819336 263.5407943725586 168.3017120361328 263.5407943725586
167.94601440429688 167.85012817382812 198.43337059020996 167.85012817382812 198.43337059020996 262.9673767089844 167.94601440429688 262.9673767089844
173.99105834960938 164.63638305664062 205.40926551818848 164.63638305664062 205.40926551818848 267.17455291748047 173.99105834960938 267.17455291748047
174.0207977294922 164.71792602539062 205.48093032836914 164.71792602539062 205.48093032836914 267.10852813720703 174.0207977294922 267.10852813720703
173.8751983642578 163.82821655273438 205.6713161468506 163.82821655273438 205.6713161468506 266.71472930908203 173.8751983642578 266.71472930908203
178.9945526123047 163.5401611328125 211.5625762939453 163.5401611328125 211.5625762939453 267.789306640625 178.9945526123047 267.789306640625
178.52749633789062 161.60952758789062 211.47315216064453 161.60952758789062 211.47315216064453 267.09193420410156 178.52749633789062 267.09193420410156
182.25717163085938 164.60032653808594 215.34810256958008 164.60032653808594 215.34810256958008 268.71314239501953 182.25717163085938 268.71314239501953
180.53802490234375 165.7247772216797 213.42341995239258 165.7247772216797 213.42341995239258 269.6908874511719 180.53802490234375 269.6908874511719
181.35565185546875 166.92481994628906 213.95729446411133 166.92481994628906 213.95729446411133 269.9517517089844 181.35565185546875 269.9517517089844
183.28604125976562 164.80792236328125 215.74876022338867 164.80792236328125 215.74876022338867 268.97007751464844 183.28604125976562 268.97007751464844
182.5206298828125 167.3394317626953 215.29848098754883 167.3394317626953 215.29848098754883 269.9023971557617 182.5206298828125 269.9023971557617
184.9911346435547 170.13668823242188 217.64020538330078 170.13668823242188 217.64020538330078 266.6370391845703 184.9911346435547 266.6370391845703
185.0938262939453 169.67373657226562 217.6020622253418 169.67373657226562 217.6020622253418 266.8442687988281 185.0938262939453 266.8442687988281
185.487548828125 168.29844665527344 218.24144744873047 168.29844665527344 218.24144744873047 266.3780517578125 185.487548828125 266.3780517578125
190.8869171142578 165.1381072998047 223.8047752380371 165.1381072998047 223.8047752380371 263.46793365478516 190.8869171142578 263.46793365478516
191.19766235351562 165.25511169433594 224.10266876220703 165.25511169433594 224.10266876220703 263.7201843261719 191.19766235351562 263.7201843261719
190.23085021972656 165.53262329101562 223.36328887939453 165.53262329101562 223.36328887939453 263.1444320678711 190.23085021972656 263.1444320678711
193.4467010498047 166.16580200195312 226.0883560180664 166.16580200195312 226.0883560180664 265.1357879638672 193.4467010498047 265.1357879638672
193.44009399414062 166.16236877441406 226.25200271606445 166.16236877441406 226.25200271606445 265.21697998046875 193.44009399414062 265.21697998046875
193.95416259765625 167.5147705078125 226.7803955078125 167.5147705078125 226.7803955078125 266.48433685302734 193.95416259765625 266.48433685302734
195.67236328125 165.58413696289062 228.78060150146484 165.58413696289062 228.78060150146484 265.76271057128906 195.67236328125 265.76271057128906
194.8178253173828 166.22637939453125 228.5174102783203 166.22637939453125 228.5174102783203 266.42691802978516 194.8178253173828 266.42691802978516
203.35623168945312 167.30703735351562 235.40774536132812 167.30703735351562 235.40774536132812 268.19276428222656 203.35623168945312 268.19276428222656
202.86752319335938 166.8961639404297 235.65546798706055 166.8961639404297 235.65546798706055 268.7606658935547 202.86752319335938 268.7606658935547
202.84133911132812 164.0682373046875 235.84793853759766 164.0682373046875 235.84793853759766 265.3165283203125 202.84133911132812 265.3165283203125
203.0464630126953 165.29037475585938 235.3176155090332 165.29037475585938 235.3176155090332 265.9950408935547 203.0464630126953 265.9950408935547
204.2626953125 166.642333984375 236.00445175170898 166.642333984375 236.00445175170898 265.8156433105469 204.2626953125 265.8156433105469
206.15371704101562 166.34603881835938 237.75840187072754 166.34603881835938 237.75840187072754 265.2381134033203 206.15371704101562 265.2381134033203
206.12765502929688 166.34405517578125 238.1499252319336 166.34405517578125 238.1499252319336 266.54276275634766 206.12765502929688 266.54276275634766
209.88705444335938 167.996826171875 241.6477928161621 167.996826171875 241.6477928161621 267.37718200683594 209.88705444335938 267.37718200683594
209.68496704101562 166.25228881835938 241.9186019897461 166.25228881835938 241.9186019897461 267.1123580932617 209.68496704101562 267.1123580932617
211.22848510742188 168.85720825195312 243.21994400024414 168.85720825195312 243.21994400024414 268.95948791503906 211.22848510742188 268.95948791503906
210.91476440429688 168.564453125 243.1109390258789 168.564453125 243.1109390258789 269.30728912353516 210.91476440429688 269.30728912353516
210.40908813476562 165.8047637939453 243.05743408203125 165.8047637939453 243.05743408203125 267.9624557495117 210.40908813476562 267.9624557495117
216.0672149658203 167.20159912109375 248.45113372802734 167.20159912109375 248.45113372802734 268.5318908691406 216.0672149658203 268.5318908691406
216.1969451904297 166.28390502929688 248.5380973815918 166.28390502929688 248.5380973815918 267.4803695678711 216.1969451904297 267.4803695678711
218.3941192626953 167.1990509033203 250.74322891235352 167.1990509033203 250.74322891235352 268.75238037109375 218.3941192626953 268.75238037109375
219.0358123779297 166.58444213867188 251.81105422973633 166.58444213867188 251.81105422973633 268.50917053222656 219.0358123779297 268.50917053222656
218.78219604492188 164.87318420410156 251.7087516784668 164.87318420410156 251.7087516784668 267.70204162597656 218.78219604492188 267.70204162597656
221.62173461914062 167.5234832763672 254.11149978637695 167.5234832763672 254.11149978637695 269.90513610839844 221.62173461914062 269.90513610839844
221.77352905273438 164.58596801757812 254.2714958190918 164.58596801757812 254.2714958190918 267.81248474121094 221.77352905273438 267.81248474121094
224.41806030273438 165.1524658203125 257.3312568664551 165.1524658203125 257.3312568664551 267.03912353515625 224.41806030273438 267.03912353515625
224.64248657226562 166.36297607421875 257.1586380004883 166.36297607421875 257.1586380004883 267.7283248901367 224.64248657226562 267.7283248901367
226.99160766601562 167.75070190429688 259.0539321899414 167.75070190429688 259.0539321899414 268.4312286376953 226.99160766601562 268.4312286376953
227.4678192138672 168.56826782226562 259.14141273498535 168.56826782226562 259.14141273498535 268.6550750732422 227.4678192138672 268.6550750732422
229.1354217529297 170.734375 261.6028823852539 170.734375 261.6028823852539 266.5130386352539 229.1354217529297 266.5130386352539
229.48794555664062 171.77877807617188 261.5950736999512 171.77877807617188 261.5950736999512 266.6649475097656 229.48794555664062 266.6649475097656
229.6264190673828 171.90541076660156 261.58112144470215 171.90541076660156 261.58112144470215 266.31504821777344 229.6264190673828 266.31504821777344
228.5829620361328 166.7273406982422 261.1464614868164 166.7273406982422 261.1464614868164 268.6195297241211 228.5829620361328 268.6195297241211
228.3172607421875 165.93087768554688 261.41585540771484 165.93087768554688 261.41585540771484 267.6014175415039 228.3172607421875 267.6014175415039
228.4195098876953 166.5922393798828 261.56233978271484 166.5922393798828 261.56233978271484 268.44020080566406 228.4195098876953 268.44020080566406
229.7023162841797 167.74256896972656 262.4078369140625 167.74256896972656 262.4078369140625 270.07913970947266 229.7023162841797 270.07913970947266
230.5385284423828 167.33169555664062 263.06372451782227 167.33169555664062 263.06372451782227 269.1040496826172 230.5385284423828 269.1040496826172
232.4661102294922 168.4113006591797 264.9212760925293 168.4113006591797 264.9212760925293 266.42671966552734 232.4661102294922 266.42671966552734
232.09414672851562 166.57858276367188 264.75361251831055 166.57858276367188 264.75361251831055 265.2081985473633 232.09414672851562 265.2081985473633
234.822265625 169.68504333496094 267.2286682128906 169.68504333496094 267.2286682128906 270.50506591796875 234.822265625 270.50506591796875
234.7604522705078 168.22665405273438 267.4881134033203 168.22665405273438 267.4881134033203 269.2183151245117 234.7604522705078 269.2183151245117
234.48648071289062 167.9949493408203 267.28124237060547 167.9949493408203 267.28124237060547 269.17491149902344 234.48648071289062 269.17491149902344
238.24978637695312 175.46902465820312 269.97144508361816 175.46902465820312 269.97144508361816 272.0453796386719 238.24978637695312 272.0453796386719
238.6337432861328 174.9383087158203 270.41175842285156 174.9383087158203 270.41175842285156 271.91831970214844 238.6337432861328 271.91831970214844
241.47280883789062 175.3598175048828 272.54779624938965 175.3598175048828 272.54779624938965 271.8725280761719 241.47280883789062 271.8725280761719
241.4587860107422 172.97183227539062 273.2700901031494 172.97183227539062 273.2700901031494 271.4362335205078 241.4587860107422 271.4362335205078
241.5127716064453 169.4965362548828 273.2935218811035 169.4965362548828 273.2935218811035 271.7400894165039 241.5127716064453 271.7400894165039
241.04190063476562 168.2497100830078 273.5275993347168 168.2497100830078 273.5275993347168 271.11279296875 241.04190063476562 271.11279296875
241.2151641845703 168.43064880371094 273.4393844604492 168.43064880371094 273.4393844604492 271.55413818359375 241.2151641845703 271.55413818359375
242.78646850585938 168.91909790039062 274.60739517211914 168.91909790039062 274.60739517211914 272.1171417236328 242.78646850585938 272.1171417236328
242.998779296875 168.775146484375 274.67282485961914 168.775146484375 274.67282485961914 271.42127990722656 242.998779296875 271.42127990722656
242.106201171875 167.55484008789062 274.5609245300293 167.55484008789062 274.5609245300293 271.62586212158203 242.106201171875 271.62586212158203
243.732421875 169.3230438232422 275.5510063171387 169.3230438232422 275.5510063171387 271.6532669067383 243.732421875 271.6532669067383
243.91854858398438 170.93417358398438 274.60371017456055 170.93417358398438 274.60371017456055 270.9975891113281 243.91854858398438 270.9975891113281
244.4728546142578 170.28353881835938 275.8841972351074 170.28353881835938 275.8841972351074 270.9834518432617 244.4728546142578 270.9834518432617
243.951416015625 170.3616943359375 275.1594753265381 170.3616943359375 275.1594753265381 270.9849395751953 243.951416015625 270.9849395751953
243.8876953125 169.94528198242188 275.4271297454834 169.94528198242188 275.4271297454834 270.74940490722656 243.8876953125 270.74940490722656
244.30654907226562 171.7930450439453 275.2397766113281 171.7930450439453 275.2397766113281 270.5398483276367 244.30654907226562 270.5398483276367
244.11141967773438 170.79141235351562 275.1140842437744 170.79141235351562 275.1140842437744 270.4134063720703 244.11141967773438 270.4134063720703
243.6571502685547 169.6255645751953 275.9748077392578 169.6255645751953 275.9748077392578 273.5003356933594 243.6571502685547 273.5003356933594
243.35775756835938 169.32493591308594 276.0586624145508 169.32493591308594 276.0586624145508 273.78784942626953 243.35775756835938 273.78784942626953
241.7196502685547 169.0512237548828 275.7381057739258 169.0512237548828 275.7381057739258 273.38995361328125 241.7196502685547 273.38995361328125
242.59280395507812 169.4071044921875 275.87586975097656 169.4071044921875 275.87586975097656 272.3671875 242.59280395507812 272.3671875
241.30850219726562 168.18020629882812 275.6585922241211 168.18020629882812 275.6585922241211 272.5503387451172 241.30850219726562 272.5503387451172
241.48794555664062 169.01547241210938 275.7412338256836 169.01547241210938 275.7412338256836 272.84325408935547 241.48794555664062 272.84325408935547
241.5966033935547 166.4087677001953 275.54785919189453 166.4087677001953 275.54785919189453 270.5445556640625 241.5966033935547 270.5445556640625
240.639892578125 168.534912109375 274.8120346069336 168.534912109375 274.8120346069336 272.43790435791016 240.639892578125 272.43790435791016
241.5805206298828 168.329833984375 275.2970199584961 168.329833984375 275.2970199584961 272.075927734375 241.5805206298828 272.075927734375
241.3334503173828 170.3645782470703 275.15675354003906 170.3645782470703 275.15675354003906 275.8389663696289 241.3334503173828 275.8389663696289
239.27880859375 168.29568481445312 273.68461990356445 168.29568481445312 273.68461990356445 274.9082794189453 239.27880859375 274.9082794189453
241.1217498779297 170.4579315185547 274.4629592895508 170.4579315185547 274.4629592895508 274.7891540527344 241.1217498779297 274.7891540527344
240.9509735107422 173.5887908935547 274.5276679992676 173.5887908935547 274.5276679992676 278.92562103271484 240.9509735107422 278.92562103271484
240.95639038085938 173.27359008789062 274.1271438598633 173.27359008789062 274.1271438598633 276.89732360839844 240.95639038085938 276.89732360839844
243.6508026123047 169.20309448242188 275.84644317626953 169.20309448242188 275.84644317626953 273.6179733276367 243.6508026123047 273.6179733276367
242.7646942138672 172.8501434326172 275.5443305969238 172.8501434326172 275.5443305969238 276.12791442871094 242.7646942138672 276.12791442871094
246.16055297851562 170.19369506835938 278.2985038757324 170.19369506835938 278.2985038757324 274.8324661254883 246.16055297851562 274.8324661254883
245.7134246826172 169.507568359375 277.5802421569824 169.507568359375 277.5802421569824 273.69124603271484 245.7134246826172 273.69124603271484
247.71963500976562 169.779052734375 279.56960105895996 169.779052734375 279.56960105895996 273.4512176513672 247.71963500976562 273.4512176513672
248.20620727539062 169.6702117919922 279.91603660583496 169.6702117919922 279.91603660583496 273.94903564453125 248.20620727539062 273.94903564453125
248.0143280029297 169.6765899658203 279.7336673736572 169.6765899658203 279.7336673736572 273.49462890625 248.0143280029297 273.49462890625
247.425048828125 171.36190795898438 280.3842239379883 171.36190795898438 280.3842239379883 275.23511505126953 247.425048828125 275.23511505126953
247.51370239257812 168.9468994140625 280.41104888916016 168.9468994140625 280.41104888916016 272.6966552734375 247.51370239257812 272.6966552734375
248.4383087158203 168.21817016601562 281.76949310302734 168.21817016601562 281.76949310302734 270.77855682373047 248.4383087158203 270.77855682373047
248.48974609375 166.9765625 281.31966400146484 166.9765625 281.31966400146484 270.9083709716797 248.48974609375 270.9083709716797
247.65567016601562 165.37673950195312 281.0848159790039 165.37673950195312 281.0848159790039 268.3686981201172 247.65567016601562 268.3686981201172
248.13723754882812 165.8708038330078 281.01659393310547 165.8708038330078 281.01659393310547 267.0667495727539 248.13723754882812 267.0667495727539
246.785888671875 166.795166015625 280.00682830810547 166.795166015625 280.00682830810547 270.08451080322266 246.785888671875 270.08451080322266
246.17333984375 166.55728149414062 280.0001754760742 166.55728149414062 280.0001754760742 271.2338333129883 246.17333984375 271.2338333129883
246.43405151367188 167.3984832763672 280.0226135253906 167.3984832763672 280.0226135253906 271.2358093261719 246.43405151367188 271.2358093261719
246.6170654296875 167.5097198486328 281.5534248352051 167.5097198486328 281.5534248352051 269.7129211425781 246.6170654296875 269.7129211425781
245.78311157226562 167.18385314941406 280.0101203918457 167.18385314941406 280.0101203918457 270.86647033691406 245.78311157226562 270.86647033691406
249.4027557373047 171.7561492919922 282.735294342041 171.7561492919922 282.735294342041 268.88633728027344 249.4027557373047 268.88633728027344
249.8114776611328 170.97354125976562 283.4163284301758 170.97354125976562 283.4163284301758 269.0209197998047 249.8114776611328 269.0209197998047
246.2815704345703 166.0111846923828 280.06068420410156 166.0111846923828 280.06068420410156 271.7070617675781 246.2815704345703 271.7070617675781
244.96322631835938 168.14540100097656 278.6785659790039 168.14540100097656 278.6785659790039 273.64171600341797 244.96322631835938 273.64171600341797
245.3223419189453 166.07391357421875 279.06268310546875 166.07391357421875 279.06268310546875 271.6484603881836 245.3223419189453 271.6484603881836
245.3421630859375 166.0661163330078 279.24446868896484 166.0661163330078 279.24446868896484 272.1474609375 245.3421630859375 272.1474609375
246.44863891601562 164.62399291992188 280.2764358520508 164.62399291992188 280.2764358520508 270.4721984863281 246.44863891601562 270.4721984863281
246.33889770507812 163.60140991210938 280.09383392333984 163.60140991210938 280.09383392333984 269.2216262817383 246.33889770507812 269.2216262817383
245.0704803466797 164.73171997070312 278.90781021118164 164.73171997070312 278.90781021118164 270.60974884033203 245.0704803466797 270.60974884033203
244.2423095703125 163.298583984375 278.7057914733887 163.298583984375 278.7057914733887 271.13587951660156 244.2423095703125 271.13587951660156
245.3172149658203 165.3160400390625 279.8432388305664 165.3160400390625 279.8432388305664 273.34903717041016 245.3172149658203 273.34903717041016
244.7271728515625 164.6068572998047 278.78324127197266 164.6068572998047 278.78324127197266 270.42713165283203 244.7271728515625 270.42713165283203
245.6327362060547 165.20574951171875 279.1564521789551 165.20574951171875 279.1564521789551 270.1024932861328 245.6327362060547 270.1024932861328
245.78305053710938 165.3069610595703 280.0065231323242 165.3069610595703 280.0065231323242 270.1998825073242 245.78305053710938 270.1998825073242
244.28817749023438 163.5442657470703 278.3656692504883 163.5442657470703 278.3656692504883 268.13854217529297 244.28817749023438 268.13854217529297
244.1014404296875 165.0099334716797 277.39952850341797 165.0099334716797 277.39952850341797 269.2006530761719 244.1014404296875 269.2006530761719
245.26193237304688 165.23623657226562 278.0907325744629 165.23623657226562 278.0907325744629 267.9585266113281 245.26193237304688 267.9585266113281
243.69638061523438 166.89987182617188 277.0863723754883 166.89987182617188 277.0863723754883 270.7633972167969 243.69638061523438 270.7633972167969
243.3700714111328 164.5679168701172 276.84572982788086 164.5679168701172 276.84572982788086 269.24267578125 243.3700714111328 269.24267578125
244.1777801513672 165.6754608154297 277.5414352416992 165.6754608154297 277.5414352416992 270.0713119506836 244.1777801513672 270.0713119506836
243.3306427001953 167.23049926757812 278.1604232788086 167.23049926757812 278.1604232788086 267.65147399902344 243.3306427001953 267.65147399902344
242.5089874267578 166.95684814453125 277.6390609741211 166.95684814453125 277.6390609741211 266.6127700805664 242.5089874267578 266.6127700805664
243.9626922607422 167.16110229492188 278.57009506225586 167.16110229492188 278.57009506225586 266.8082046508789 243.9626922607422 266.8082046508789
243.78909301757812 166.63092041015625 278.4239845275879 166.63092041015625 278.4239845275879 268.07408142089844 243.78909301757812 268.07408142089844
242.507568359375 167.10098266601562 277.27608489990234 167.10098266601562 277.27608489990234 267.4489212036133 242.507568359375 267.4489212036133
241.9726104736328 167.5070343017578 275.65802001953125 167.5070343017578 275.65802001953125 264.07032775878906 241.9726104736328 264.07032775878906
242.8295440673828 167.41403198242188 276.32498931884766 167.41403198242188 276.32498931884766 265.02410888671875 242.8295440673828 265.02410888671875
241.4049530029297 162.12155151367188 275.10519790649414 162.12155151367188 275.10519790649414 266.56272888183594 241.4049530029297 266.56272888183594
240.42343139648438 162.58126831054688 275.2355537414551 162.58126831054688 275.2355537414551 266.3323516845703 240.42343139648438 266.3323516845703
240.0254669189453 161.4073944091797 275.5438003540039 161.4073944091797 275.5438003540039 266.5534973144531 240.0254669189453 266.5534973144531
239.6230010986328 162.97943115234375 274.6013870239258 162.97943115234375 274.6013870239258 266.1178207397461 239.6230010986328 266.1178207397461
238.61807250976562 161.74537658691406 274.0508041381836 161.74537658691406 274.0508041381836 265.22064208984375 238.61807250976562 265.22064208984375
238.7418975830078 160.99609375 273.8819808959961 160.99609375 273.8819808959961 266.5781707763672 238.7418975830078 266.5781707763672
238.59915161132812 161.2594757080078 274.17346954345703 161.2594757080078 274.17346954345703 266.4314498901367 238.59915161132812 266.4314498901367
239.35397338867188 160.89266967773438 274.4781303405762 160.89266967773438 274.4781303405762 265.8408737182617 239.35397338867188 265.8408737182617
237.8069610595703 161.4379425048828 274.2724304199219 161.4379425048828 274.2724304199219 266.8415222167969 237.8069610595703 266.8415222167969
237.5697479248047 161.805419921875 273.92311096191406 161.805419921875 273.92311096191406 266.7174072265625 237.5697479248047 266.7174072265625
234.49099731445312 161.7705841064453 271.03255462646484 161.7705841064453 271.03255462646484 267.4319763183594 234.49099731445312 267.4319763183594
236.1032257080078 165.71920776367188 273.4041519165039 165.71920776367188 273.4041519165039 268.93980407714844 236.1032257080078 268.93980407714844
236.54110717773438 166.20603942871094 273.2046432495117 166.20603942871094 273.2046432495117 270.4077606201172 236.54110717773438 270.4077606201172
237.5330352783203 167.05813598632812 274.5004463195801 167.05813598632812 274.5004463195801 271.1760940551758 237.5330352783203 271.1760940551758
235.1420440673828 166.8736114501953 272.49413299560547 166.8736114501953 272.49413299560547 270.30445861816406 235.1420440673828 270.30445861816406
237.51638793945312 166.6601104736328 274.74618911743164 166.6601104736328 274.74618911743164 271.314208984375 237.51638793945312 271.314208984375
236.1112518310547 165.56002807617188 273.79834365844727 165.56002807617188 273.79834365844727 271.1155700683594 236.1112518310547 271.1155700683594
237.09188842773438 166.43798828125 274.0884819030762 166.43798828125 274.0884819030762 269.08245849609375 237.09188842773438 269.08245849609375
234.80728149414062 163.6025848388672 272.4157295227051 163.6025848388672 272.4157295227051 267.6472396850586 234.80728149414062 267.6472396850586
236.31613159179688 166.41567993164062 273.8428726196289 166.41567993164062 273.8428726196289 268.65186309814453 236.31613159179688 268.65186309814453
237.0862274169922 164.9131317138672 274.8485870361328 164.9131317138672 274.8485870361328 269.8231201171875 237.0862274169922 269.8231201171875
236.3871612548828 162.90579223632812 273.63607025146484 162.90579223632812 273.63607025146484 270.48766326904297 236.3871612548828 270.48766326904297
237.4852294921875 165.93499755859375 275.09246826171875 165.93499755859375 275.09246826171875 271.09525299072266 237.4852294921875 271.09525299072266
237.700439453125 165.91494750976562 275.7793083190918 165.91494750976562 275.7793083190918 271.96202850341797 237.700439453125 271.96202850341797
238.8248748779297 164.95474243164062 275.85973739624023 164.95474243164062 275.85973739624023 269.88819122314453 238.8248748779297 269.88819122314453
238.7917938232422 164.2261505126953 275.7889175415039 164.2261505126953 275.7889175415039 270.2766418457031 238.7917938232422 270.2766418457031
238.98623657226562 164.60006713867188 275.63862228393555 164.60006713867188 275.63862228393555 269.7652130126953 238.98623657226562 269.7652130126953
239.53372192382812 163.4647674560547 276.54084396362305 163.4647674560547 276.54084396362305 271.7146453857422 239.53372192382812 271.7146453857422
239.4260711669922 164.907958984375 276.8237609863281 164.907958984375 276.8237609863281 272.42486572265625 239.4260711669922 272.42486572265625
241.5094451904297 164.2904510498047 277.9170913696289 164.2904510498047 277.9170913696289 276.9820556640625 241.5094451904297 276.9820556640625
241.0108642578125 165.0996551513672 277.31806564331055 165.0996551513672 277.31806564331055 276.59627532958984 241.0108642578125 276.59627532958984
242.3196258544922 161.79086303710938 278.5282974243164 161.79086303710938 278.5282974243164 275.0889129638672 242.3196258544922 275.0889129638672
242.46939086914062 163.59356689453125 278.8427200317383 163.59356689453125 278.8427200317383 275.96761322021484 242.46939086914062 275.96761322021484
242.35098266601562 161.62240600585938 279.22407150268555 161.62240600585938 279.22407150268555 274.9512634277344 242.35098266601562 274.9512634277344
242.36825561523438 162.5519561767578 279.4943084716797 162.5519561767578 279.4943084716797 276.8490905761719 242.36825561523438 276.8490905761719
241.6514129638672 162.43869018554688 279.8237838745117 162.43869018554688 279.8237838745117 276.1670608520508 241.6514129638672 276.1670608520508
240.8826446533203 163.25608825683594 279.2667770385742 163.25608825683594 279.2667770385742 277.29468536376953 240.8826446533203 277.29468536376953
241.5176544189453 164.40731811523438 279.4982681274414 164.40731811523438 279.4982681274414 275.0216522216797 241.5176544189453 275.0216522216797
242.6638946533203 162.65045166015625 279.7831344604492 162.65045166015625 279.7831344604492 274.3734588623047 242.6638946533203 274.3734588623047
242.84115600585938 165.9539794921875 280.7477569580078 165.9539794921875 280.7477569580078 272.10604095458984 242.84115600585938 272.10604095458984
246.1004638671875 163.198486328125 282.8422050476074 163.198486328125 282.8422050476074 273.1058578491211 246.1004638671875 273.1058578491211
245.553466796875 164.3836212158203 281.64488220214844 164.3836212158203 281.64488220214844 272.31446838378906 245.553466796875 272.31446838378906
247.5971221923828 161.57272338867188 283.1176986694336 161.57272338867188 283.1176986694336 272.7176818847656 247.5971221923828 272.7176818847656
248.31875610351562 165.0230255126953 284.41577911376953 165.0230255126953 284.41577911376953 273.0722961425781 248.31875610351562 273.0722961425781
249.7041473388672 163.4202880859375 284.99914932250977 163.4202880859375 284.99914932250977 273.8594207763672 249.7041473388672 273.8594207763672
250.5523681640625 164.55068969726562 286.40950775146484 164.55068969726562 286.40950775146484 270.0627975463867 250.5523681640625 270.0627975463867
250.87576293945312 166.1376495361328 286.3368263244629 166.1376495361328 286.3368263244629 269.83446502685547 250.87576293945312 269.83446502685547
250.4090576171875 166.03819274902344 285.5093994140625 166.03819274902344 285.5093994140625 268.9076614379883 250.4090576171875 268.9076614379883
253.3408203125 163.64944458007812 287.7351608276367 163.64944458007812 287.7351608276367 270.7512893676758 253.3408203125 270.7512893676758
252.8811492919922 163.98410034179688 287.8597946166992 163.98410034179688 287.8597946166992 270.1471481323242 252.8811492919922 270.1471481323242
252.91232299804688 164.3573455810547 287.52160263061523 164.3573455810547 287.52160263061523 270.4105224609375 252.91232299804688 270.4105224609375
253.84912109375 163.47682189941406 288.29405975341797 163.47682189941406 288.29405975341797 271.25609588623047 253.84912109375 271.25609588623047
253.449951171875 162.85751342773438 287.7857780456543 162.85751342773438 287.7857780456543 270.2953643798828 253.449951171875 270.2953643798828
252.46640014648438 166.86776733398438 287.0383834838867 166.86776733398438 287.0383834838867 275.04456329345703 252.46640014648438 275.04456329345703
253.46456909179688 165.8466796875 287.6619071960449 165.8466796875 287.6619071960449 272.85121154785156 253.46456909179688 272.85121154785156
254.0063018798828 164.8775634765625 288.32991790771484 164.8775634765625 288.32991790771484 272.2772216796875 254.0063018798828 272.2772216796875
256.0700378417969 166.0978240966797 289.9979248046875 166.0978240966797 289.9979248046875 272.2592239379883 256.0700378417969 272.2592239379883
254.77218627929688 166.42520141601562 288.48668670654297 166.42520141601562 288.48668670654297 271.91893005371094 254.77218627929688 271.91893005371094
255.8742218017578 165.11734008789062 289.6191291809082 165.11734008789062 289.6191291809082 270.7062225341797 255.8742218017578 270.7062225341797
255.37472534179688 166.25213623046875 289.2300605773926 166.25213623046875 289.2300605773926 271.20603942871094 255.37472534179688 271.20603942871094
256.16845703125 165.0723114013672 290.1217269897461 165.0723114013672 290.1217269897461 271.3131561279297 256.16845703125 271.3131561279297
256.75323486328125 165.76380920410156 290.2849807739258 165.76380920410156 290.2849807739258 270.6856689453125 256.75323486328125 270.6856689453125
257.0077209472656 167.0418243408203 290.6600227355957 167.0418243408203 290.6600227355957 270.309326171875 257.0077209472656 270.309326171875
257.9288024902344 166.15170288085938 291.77643966674805 166.15170288085938 291.77643966674805 270.2383270263672 257.9288024902344 270.2383270263672
258.1692810058594 167.88833618164062 292.2232131958008 167.88833618164062 292.2232131958008 271.1688995361328 258.1692810058594 271.1688995361328
259.34417724609375 166.90576171875 292.29687881469727 166.90576171875 292.29687881469727 268.57747650146484 259.34417724609375 268.57747650146484
259.4580993652344 166.38803100585938 292.7832565307617 166.38803100585938 292.7832565307617 269.0598449707031 259.4580993652344 269.0598449707031
259.9713439941406 166.9812774658203 293.50548553466797 166.9812774658203 293.50548553466797 269.2861633300781 259.9713439941406 269.2861633300781
260.9563903808594 167.10116577148438 294.9136962890625 167.10116577148438 294.9136962890625 270.65016174316406 260.9563903808594 270.65016174316406
260.73834228515625 166.32241821289062 294.8284721374512 166.32241821289062 294.8284721374512 270.46360778808594 260.73834228515625 270.46360778808594
262.1496276855469 166.8957061767578 296.80169677734375 166.8957061767578 296.80169677734375 270.91700744628906 262.1496276855469 270.91700744628906
262.44580078125 166.7649688720703 297.4734306335449 166.7649688720703 297.4734306335449 272.66151428222656 262.44580078125 272.66151428222656
263.141845703125 166.45591735839844 297.9926567077637 166.45591735839844 297.9926567077637 274.666748046875 263.141845703125 274.666748046875
263.1031799316406 166.79257202148438 297.7630043029785 166.79257202148438 297.7630043029785 273.99378967285156 263.1031799316406 273.99378967285156
265.30828857421875 171.2441864013672 299.06799697875977 171.2441864013672 299.06799697875977 275.75354766845703 265.30828857421875 275.75354766845703
264.68487548828125 170.24948120117188 298.68840408325195 170.24948120117188 298.68840408325195 276.14319610595703 264.68487548828125 276.14319610595703
266.409912109375 171.0148468017578 299.07823944091797 171.0148468017578 299.07823944091797 275.1844787597656 266.409912109375 275.1844787597656
266.00994873046875 170.0523223876953 298.86251068115234 170.0523223876953 298.86251068115234 275.1331558227539 266.00994873046875 275.1331558227539
265.9638977050781 171.20892333984375 298.8957939147949 171.20892333984375 298.8957939147949 275.6510009765625 265.9638977050781 275.6510009765625
267.69036865234375 169.759521484375 300.14422607421875 169.759521484375 300.14422607421875 274.5842742919922 267.69036865234375 274.5842742919922
268.3597106933594 172.0325927734375 300.2565612792969 172.0325927734375 300.2565612792969 275.8520736694336 268.3597106933594 275.8520736694336
268.2749328613281 171.5749053955078 300.4482002258301 171.5749053955078 300.4482002258301 275.71178436279297 268.2749328613281 275.71178436279297
268.522705078125 171.48968505859375 300.9181442260742 171.48968505859375 300.9181442260742 276.0379638671875 268.522705078125 276.0379638671875
269.00457763671875 172.13333129882812 300.9114742279053 172.13333129882812 300.9114742279053 276.2506790161133 269.00457763671875 276.2506790161133
269.0394592285156 169.997802734375 301.58488845825195 169.997802734375 301.58488845825195 276.4267807006836 269.0394592285156 276.4267807006836
269.80902099609375 170.49766540527344 302.3554382324219 170.49766540527344 302.3554382324219 277.2931137084961 269.80902099609375 277.2931137084961
268.3192443847656 171.398681640625 301.0302391052246 171.398681640625 301.0302391052246 276.6656723022461 268.3192443847656 276.6656723022461
268.27642822265625 169.71554565429688 302.5436134338379 169.71554565429688 302.5436134338379 276.79749298095703 268.27642822265625 276.79749298095703
267.8450622558594 170.2477569580078 302.0397033691406 170.2477569580078 302.0397033691406 276.072998046875 267.8450622558594 276.072998046875
264.7217712402344 166.01486206054688 299.9016342163086 166.01486206054688 299.9016342163086 275.8533172607422 264.7217712402344 275.8533172607422
264.92156982421875 167.56997680664062 300.5876274108887 167.56997680664062 300.5876274108887 277.63538360595703 264.92156982421875 277.63538360595703
263.46429443359375 165.31446838378906 298.9864387512207 165.31446838378906 298.9864387512207 276.0615539550781 263.46429443359375 276.0615539550781
262.18231201171875 164.8609619140625 297.6777801513672 164.8609619140625 297.6777801513672 275.58773040771484 262.18231201171875 275.58773040771484
261.9767761230469 167.0786895751953 297.08183670043945 167.0786895751953 297.08183670043945 276.9234619140625 261.9767761230469 276.9234619140625
262.38507080078125 165.9796905517578 297.80960845947266 165.9796905517578 297.80960845947266 276.8240966796875 262.38507080078125 276.8240966796875
263.5633850097656 165.0323486328125 299.0692253112793 165.0323486328125 299.0692253112793 275.02266693115234 263.5633850097656 275.02266693115234
262.5281677246094 164.89157104492188 298.56429290771484 164.89157104492188 298.56429290771484 275.00685119628906 262.5281677246094 275.00685119628906
262.3266906738281 166.94332885742188 298.8567581176758 166.94332885742188 298.8567581176758 278.0484313964844 262.3266906738281 278.0484313964844
260.99224853515625 171.28256225585938 297.7522659301758 171.28256225585938 297.7522659301758 277.8930969238281 260.99224853515625 277.8930969238281
260.43878173828125 170.2252960205078 297.9989891052246 170.2252960205078 297.9989891052246 277.9977798461914 260.43878173828125 277.9977798461914
260.4534606933594 171.2834930419922 297.99083709716797 171.2834930419922 297.99083709716797 279.91651153564453 260.4534606933594 279.91651153564453
262.9923400878906 169.25814819335938 299.62000274658203 169.25814819335938 299.62000274658203 280.57726287841797 262.9923400878906 280.57726287841797
261.66888427734375 169.22520446777344 298.95446014404297 169.22520446777344 298.95446014404297 279.69661712646484 261.66888427734375 279.69661712646484
264.0292053222656 165.84506225585938 302.58752059936523 165.84506225585938 302.58752059936523 280.78797912597656 264.0292053222656 280.78797912597656
264.850830078125 164.85617065429688 303.1006393432617 164.85617065429688 303.1006393432617 279.4883499145508 264.850830078125 279.4883499145508
267.9627685546875 166.87155151367188 305.9206428527832 166.87155151367188 305.9206428527832 282.92384338378906 267.9627685546875 282.92384338378906
266.277587890625 167.6871795654297 304.95243072509766 167.6871795654297 304.95243072509766 282.0699920654297 266.277587890625 282.0699920654297
268.48809814453125 165.68170166015625 306.9756393432617 165.68170166015625 306.9756393432617 284.0142822265625 268.48809814453125 284.0142822265625
269.6734313964844 169.0404052734375 309.89934158325195 169.0404052734375 309.89934158325195 285.1570281982422 269.6734313964844 285.1570281982422
269.62127685546875 171.0808563232422 309.36400604248047 171.0808563232422 309.36400604248047 285.3175048828125 269.62127685546875 285.3175048828125
273.4476623535156 162.4635009765625 312.7496032714844 162.4635009765625 312.7496032714844 280.2503890991211 273.4476623535156 280.2503890991211
272.37939453125 163.70518493652344 311.5516128540039 163.70518493652344 311.5516128540039 280.26055908203125 272.37939453125 280.26055908203125
273.1771545410156 163.1191864013672 312.2487106323242 163.1191864013672 312.2487106323242 280.17700958251953 273.1771545410156 280.17700958251953
276.70477294921875 162.80718994140625 315.26366424560547 162.80718994140625 315.26366424560547 275.689453125 276.70477294921875 275.689453125
276.9167175292969 163.78659057617188 315.8587760925293 163.78659057617188 315.8587760925293 276.02378845214844 276.9167175292969 276.02378845214844
279.465576171875 164.396728515625 318.1075668334961 164.396728515625 318.1075668334961 279.6220245361328 279.465576171875 279.6220245361328
280.6901550292969 162.46090698242188 318.59090423583984 162.46090698242188 318.59090423583984 278.1406784057617 280.6901550292969 278.1406784057617
286.49981689453125 169.5902557373047 323.31152725219727 169.5902557373047 323.31152725219727 282.5977249145508 286.49981689453125 282.5977249145508
286.3410339355469 166.06298828125 323.3218879699707 166.06298828125 323.3218879699707 281.93245697021484 286.3410339355469 281.93245697021484
288.54180908203125 164.27268981933594 325.40999603271484 164.27268981933594 325.40999603271484 279.367919921875 288.54180908203125 279.367919921875
289.73468017578125 167.2391815185547 325.55443954467773 167.2391815185547 325.55443954467773 279.6619567871094 289.73468017578125 279.6619567871094
289.880615234375 163.42413330078125 325.6150932312012 163.42413330078125 325.6150932312012 275.0579833984375 289.880615234375 275.0579833984375
295.0947570800781 162.86985778808594 331.0797920227051 162.86985778808594 331.0797920227051 276.6407928466797 295.0947570800781 276.6407928466797
294.68011474609375 163.40884399414062 330.4744186401367 163.40884399414062 330.4744186401367 276.43504333496094 294.68011474609375 276.43504333496094
295.0747985839844 164.2781982421875 330.7326431274414 164.2781982421875 330.7326431274414 275.85260009765625 295.0747985839844 275.85260009765625
295.08306884765625 166.62942504882812 330.4627151489258 166.62942504882812 330.4627151489258 277.3333282470703 295.08306884765625 277.3333282470703
295.6308288574219 164.677734375 330.65030670166016 164.677734375 330.65030670166016 273.16758728027344 295.6308288574219 273.16758728027344
294.94464111328125 163.92019653320312 330.0928726196289 163.92019653320312 330.0928726196289 273.8999938964844 294.94464111328125 273.8999938964844
298.1036682128906 166.52957153320312 332.8678512573242 166.52957153320312 332.8678512573242 274.9842071533203 298.1036682128906 274.9842071533203
298.0218505859375 161.57400512695312 333.4105339050293 161.57400512695312 333.4105339050293 272.3061828613281 298.0218505859375 272.3061828613281
298.95794677734375 164.5830078125 334.6136474609375 164.5830078125 334.6136474609375 276.1506805419922 298.95794677734375 276.1506805419922
300.7727966308594 164.24050903320312 336.7127914428711 164.24050903320312 336.7127914428711 275.29907989501953 300.7727966308594 275.29907989501953
301.17840576171875 163.5175018310547 337.40821075439453 163.5175018310547 337.40821075439453 275.5167694091797 301.17840576171875 275.5167694091797
300.7486877441406 163.92459106445312 337.2266731262207 163.92459106445312 337.2266731262207 276.1714324951172 300.7486877441406 276.1714324951172
307.3429260253906 166.16650390625 344.0815124511719 166.16650390625 344.0815124511719 282.0806884765625 307.3429260253906 282.0806884765625
305.7003173828125 166.0663604736328 342.75025177001953 166.0663604736328 342.75025177001953 280.9095001220703 305.7003173828125 280.9095001220703
310.5411071777344 167.6648406982422 346.7122993469238 167.6648406982422 346.7122993469238 283.3894729614258 310.5411071777344 283.3894729614258
312.2541198730469 168.35775756835938 347.73044204711914 168.35775756835938 347.73044204711914 283.88426971435547 312.2541198730469 283.88426971435547
315.5227966308594 170.8837127685547 349.0111198425293 170.8837127685547 349.0111198425293 282.8189697265625 315.5227966308594 282.8189697265625
316.28466796875 170.4666748046875 349.9082679748535 170.4666748046875 349.9082679748535 282.77113342285156 316.28466796875 282.77113342285156
317.2550048828125 171.91941833496094 351.35851287841797 171.91941833496094 351.35851287841797 283.19527435302734 317.2550048828125 283.19527435302734
316.2094421386719 170.72622680664062 350.6920852661133 170.72622680664062 350.6920852661133 283.40650939941406 316.2094421386719 283.40650939941406
316.4712829589844 168.81536865234375 351.88037872314453 168.81536865234375 351.88037872314453 283.64363861083984 316.4712829589844 283.64363861083984
317.6419677734375 172.75 353.96794509887695 172.75 353.96794509887695 286.06119537353516 317.6419677734375 286.06119537353516
317.71929931640625 172.60037231445312 354.52679443359375 172.60037231445312 354.52679443359375 286.2688293457031 317.71929931640625 286.2688293457031
316.1902770996094 164.868896484375 354.51812744140625 164.868896484375 354.51812744140625 276.9031753540039 316.1902770996094 276.9031753540039
317.3692932128906 166.1198272705078 355.15573501586914 166.1198272705078 355.15573501586914 277.6100769042969 317.3692932128906 277.6100769042969
316.9092712402344 165.2456817626953 354.5099296569824 165.2456817626953 354.5099296569824 276.6222686767578 316.9092712402344 276.6222686767578
315.41973876953125 166.06088256835938 353.2064094543457 166.06088256835938 353.2064094543457 276.7419891357422 315.41973876953125 276.7419891357422
318.4556579589844 167.08511352539062 355.7069892883301 167.08511352539062 355.7069892883301 278.2141799926758 318.4556579589844 278.2141799926758
321.0934753417969 177.66482543945312 359.1852493286133 177.66482543945312 359.1852493286133 285.2455291748047 321.0934753417969 285.2455291748047
320.47698974609375 174.26943969726562 358.73307037353516 174.26943969726562 358.73307037353516 282.55065155029297 320.47698974609375 282.55065155029297
324.2603759765625 172.14620971679688 362.4885673522949 172.14620971679688 362.4885673522949 284.86912536621094 324.2603759765625 284.86912536621094
323.7929382324219 172.4153289794922 362.18073654174805 172.4153289794922 362.18073654174805 285.4890594482422 323.7929382324219 285.4890594482422
326.54827880859375 170.2916717529297 365.2464904785156 170.2916717529297 365.2464904785156 284.0732116699219 326.54827880859375 284.0732116699219
327.25433349609375 168.40518188476562 365.7684020996094 168.40518188476562 365.7684020996094 282.68589782714844 327.25433349609375 282.68589782714844
331.1674499511719 170.81898498535156 368.83895111083984 170.81898498535156 368.83895111083984 284.7262954711914 331.1674499511719 284.7262954711914
331.1539611816406 170.92294311523438 368.73267364501953 170.92294311523438 368.73267364501953 284.8442916870117 331.1539611816406 284.8442916870117
335.4461975097656 175.56954956054688 372.8468551635742 175.56954956054688 372.8468551635742 286.0058059692383 335.4461975097656 286.0058059692383
335.3708801269531 171.52667236328125 374.35157012939453 171.52667236328125 374.35157012939453 284.9374542236328 335.3708801269531 284.9374542236328
335.5793151855469 172.158203125 374.2385787963867 172.158203125 374.2385787963867 285.63612365722656 335.5793151855469 285.63612365722656
343.20208740234375 176.71859741210938 384.26630783081055 176.71859741210938 384.26630783081055 284.7375793457031 343.20208740234375 284.7375793457031
341.458740234375 173.29830932617188 382.0731964111328 173.29830932617188 382.0731964111328 283.6993103027344 341.458740234375 283.6993103027344
341.84197998046875 173.23643493652344 383.318302154541 173.23643493652344 383.318302154541 283.1255187988281 341.84197998046875 283.1255187988281
347.806884765625 172.6563720703125 389.013671875 172.6563720703125 389.013671875 285.76622009277344 347.806884765625 285.76622009277344
347.2987365722656 173.10516357421875 388.2459526062012 173.10516357421875 388.2459526062012 286.31124114990234 347.2987365722656 286.31124114990234
353.8095703125 171.37158203125 393.5912208557129 171.37158203125 393.5912208557129 289.77579498291016 353.8095703125 289.77579498291016
353.94622802734375 173.27517700195312 393.646484375 173.27517700195312 393.646484375 290.3532180786133 353.94622802734375 290.3532180786133
