323.0 235.0 390.0 235.0 390.0 285.0 323.0 285.0
318.36175537109375 230.17758178710938 384.4546203613281 230.17758178710938 384.4546203613281 279.84806060791016 318.36175537109375 279.84806060791016
314.1436462402344 226.595947265625 377.8143615722656 226.595947265625 377.8143615722656 273.69854736328125 314.1436462402344 273.69854736328125
309.84710693359375 222.5233612060547 373.70755767822266 222.5233612060547 373.70755767822266 270.4662628173828 309.84710693359375 270.4662628173828
303.7554931640625 218.315673828125 368.4718475341797 218.315673828125 368.4718475341797 265.13973236083984 303.7554931640625 265.13973236083984
296.9786071777344 214.0309600830078 362.99082946777344 214.0309600830078 362.99082946777344 258.47291564941406 296.9786071777344 258.47291564941406
292.6573486328125 210.7451171875 356.6297492980957 210.7451171875 356.6297492980957 255.0309600830078 292.6573486328125 255.0309600830078
286.16571044921875 206.11233520507812 351.48712158203125 206.11233520507812 351.48712158203125 251.3354377746582 286.16571044921875 251.3354377746582
283.59259033203125 203.47708129882812 346.1479606628418 203.47708129882812 346.1479606628418 246.0147361755371 283.59259033203125 246.0147361755371
283.45367431640625 203.4092254638672 345.3069267272949 203.4092254638672 345.3069267272949 246.35303497314453 283.45367431640625 246.35303497314453
277.52313232421875 198.19293212890625 342.5856475830078 198.19293212890625 342.5856475830078 241.34737014770508 277.52313232421875 241.34737014770508
272.6068115234375 195.3013916015625 335.96883392333984 195.3013916015625 335.96883392333984 238.41960906982422 272.6068115234375 238.41960906982422
267.0645446777344 189.2381134033203 331.0591621398926 189.2381134033203 331.0591621398926 232.23929595947266 267.0645446777344 232.23929595947266
263.15899658203125 186.75833129882812 325.9865188598633 186.75833129882812 325.9865188598633 230.60235595703125 263.15899658203125 230.60235595703125
260.59783935546875 183.38113403320312 322.99088287353516 183.38113403320312 322.99088287353516 225.8769989013672 260.59783935546875 225.8769989013672
257.1087341308594 179.81613159179688 318.8478813171387 179.81613159179688 318.8478813171387 223.3742218017578 257.1087341308594 223.3742218017578
252.6220703125 176.74044799804688 313.3238716125488 176.74044799804688 313.3238716125488 219.4365348815918 252.6220703125 219.4365348815918
249.8936309814453 172.4742431640625 310.21311950683594 172.4742431640625 310.21311950683594 215.5594253540039 249.8936309814453 215.5594253540039
245.64175415039062 169.92774963378906 305.4910087585449 169.92774963378906 305.4910087585449 211.02362823486328 245.64175415039062 211.02362823486328
241.59423828125 166.25025939941406 302.3416976928711 166.25025939941406 302.3416976928711 207.99627304077148 241.59423828125 207.99627304077148
240.7196807861328 166.52096557617188 302.02637100219727 166.52096557617188 302.02637100219727 207.74547958374023 240.7196807861328 207.74547958374023
237.7345733642578 163.62522888183594 297.20875549316406 163.62522888183594 297.20875549316406 203.52693557739258 237.7345733642578 203.52693557739258
232.33169555664062 159.8822784423828 291.6390686035156 159.8822784423828 291.6390686035156 200.03628540039062 232.33169555664062 200.03628540039062
228.2133331298828 157.0348663330078 287.96728897094727 157.0348663330078 287.96728897094727 196.64083099365234 228.2133331298828 196.64083099365234
224.70126342773438 153.30416870117188 282.41577911376953 153.30416870117188 282.41577911376953 192.6997299194336 224.70126342773438 192.6997299194336
223.46463012695312 151.0171661376953 280.64970779418945 151.0171661376953 280.64970779418945 190.0461769104004 223.46463012695312 190.0461769104004
218.28030395507812 147.07400512695312 275.8985710144043 147.07400512695312 275.8985710144043 185.8034782409668 218.28030395507812 185.8034782409668
213.3089599609375 144.8115234375 272.7084274291992 144.8115234375 272.7084274291992 183.27444458007812 213.3089599609375 183.27444458007812
211.7225799560547 141.9060516357422 267.80406188964844 141.9060516357422 267.80406188964844 181.46947479248047 211.7225799560547 181.46947479248047
209.72250366210938 139.44998168945312 264.41736602783203 139.44998168945312 264.41736602783203 177.35847091674805 209.72250366210938 177.35847091674805
204.08978271484375 137.02536010742188 259.0217514038086 137.02536010742188 259.0217514038086 175.45014190673828 204.08978271484375 175.45014190673828
199.5084686279297 133.017578125 254.53682708740234 133.017578125 254.53682708740234 170.99558639526367 199.5084686279297 170.99558639526367
203.2649688720703 130.86410522460938 256.0928382873535 130.86410522460938 256.0928382873535 170.28789138793945 203.2649688720703 170.28789138793945
200.70230102539062 129.84603881835938 253.86836624145508 129.84603881835938 253.86836624145508 168.2440414428711 200.70230102539062 168.2440414428711
196.88900756835938 129.7620391845703 251.22174072265625 129.7620391845703 251.22174072265625 166.45228576660156 196.88900756835938 166.45228576660156
195.1735076904297 126.74174499511719 247.71918487548828 126.74174499511719 247.71918487548828 163.431396484375 195.1735076904297 163.431396484375
191.17556762695312 123.228759765625 242.21945571899414 123.228759765625 242.21945571899414 161.3212127685547 191.17556762695312 161.3212127685547
187.46231079101562 120.8626937866211 237.76029205322266 120.8626937866211 237.76029205322266 157.6866798400879 187.46231079101562 157.6866798400879
183.36520385742188 119.2544174194336 233.88867568969727 119.2544174194336 233.88867568969727 154.46700286865234 183.36520385742188 154.46700286865234
179.6970977783203 117.1251449584961 230.01220703125 117.1251449584961 230.01220703125 152.49853134155273 179.6970977783203 152.49853134155273
181.17373657226562 115.38703918457031 230.51482391357422 115.38703918457031 230.51482391357422 150.89447784423828 181.17373657226562 150.89447784423828
178.853271484375 114.83732604980469 227.05904388427734 114.83732604980469 227.05904388427734 149.65364837646484 178.853271484375 149.65364837646484
172.4595184326172 110.74317932128906 219.3361473083496 110.74317932128906 219.3361473083496 145.72574615478516 172.4595184326172 145.72574615478516
172.7413330078125 110.90797424316406 219.66232681274414 110.90797424316406 219.66232681274414 145.90311431884766 172.7413330078125 145.90311431884766
169.96292114257812 108.93449401855469 216.6475944519043 108.93449401855469 216.6475944519043 143.55782318115234 169.96292114257812 143.55782318115234
168.1851806640625 106.08438873291016 214.99730682373047 106.08438873291016 214.99730682373047 141.0188217163086 168.1851806640625 141.0188217163086
165.9604949951172 103.85041809082031 212.04796600341797 103.85041809082031 212.04796600341797 137.9163818359375 165.9604949951172 137.9163818359375
164.08050537109375 98.39745330810547 209.4463996887207 98.39745330810547 209.4463996887207 132.2526092529297 164.08050537109375 132.2526092529297
160.87905883789062 99.03654479980469 205.06967544555664 99.03654479980469 205.06967544555664 132.37310028076172 160.87905883789062 132.37310028076172
157.9695281982422 97.18578338623047 201.2186508178711 97.18578338623047 201.2186508178711 130.92881774902344 157.9695281982422 130.92881774902344
156.61978149414062 95.36319732666016 200.0132064819336 95.36319732666016 200.0132064819336 128.04100036621094 156.61978149414062 128.04100036621094
156.77572631835938 95.29875183105469 198.95756149291992 95.29875183105469 198.95756149291992 127.62714004516602 156.77572631835938 127.62714004516602
153.61978149414062 93.55423736572266 197.06983184814453 93.55423736572266 197.06983184814453 126.23013305664062 153.61978149414062 126.23013305664062
148.8275604248047 90.5411376953125 192.38160705566406 90.5411376953125 192.38160705566406 123.04417037963867 148.8275604248047 123.04417037963867
146.75975036621094 89.09640502929688 190.0847282409668 89.09640502929688 190.0847282409668 120.91510581970215 146.75975036621094 120.91510581970215
146.05764770507812 87.35987854003906 188.53473663330078 87.35987854003906 188.53473663330078 119.05920791625977 146.05764770507812 119.05920791625977
142.21237182617188 86.00334930419922 184.67829513549805 86.00334930419922 184.67829513549805 117.69434928894043 142.21237182617188 117.69434928894043
140.94070434570312 80.347900390625 184.06383895874023 80.347900390625 184.06383895874023 111.34140968322754 140.94070434570312 111.34140968322754
139.35227966308594 79.32301330566406 181.42399978637695 79.32301330566406 181.42399978637695 110.17385864257812 139.35227966308594 110.17385864257812
138.5697021484375 77.99047088623047 180.5595359802246 77.99047088623047 180.5595359802246 107.79573249816895 138.5697021484375 107.79573249816895
135.29852294921875 77.17759704589844 177.4298553466797 77.17759704589844 177.4298553466797 108.03450393676758 135.29852294921875 108.03450393676758
136.533203125 76.6927490234375 178.37097930908203 76.6927490234375 178.37097930908203 107.41244125366211 136.533203125 107.41244125366211
132.5386505126953 76.96723175048828 175.48302459716797 76.96723175048828 175.48302459716797 106.67738151550293 132.5386505126953 106.67738151550293
133.18524169921875 75.2051010131836 174.48543167114258 75.2051010131836 174.48543167114258 105.4155158996582 133.18524169921875 105.4155158996582
131.9001007080078 73.91846466064453 172.69222259521484 73.91846466064453 172.69222259521484 104.22561264038086 131.9001007080078 104.22561264038086
125.4267807006836 72.59481048583984 165.53490447998047 72.59481048583984 165.53490447998047 102.52625846862793 125.4267807006836 102.52625846862793
124.559326171875 71.08396911621094 165.45216369628906 71.08396911621094 165.45216369628906 101.19631576538086 124.559326171875 101.19631576538086
122.33735656738281 67.90000915527344 162.34630966186523 67.90000915527344 162.34630966186523 97.75745010375977 122.33735656738281 97.75745010375977
121.7109603881836 67.45562744140625 160.77454376220703 67.45562744140625 160.77454376220703 96.60756874084473 121.7109603881836 96.60756874084473
121.0340347290039 66.47270202636719 159.40261840820312 66.47270202636719 159.40261840820312 94.62856101989746 121.0340347290039 94.62856101989746
120.56669616699219 65.74845123291016 158.6560173034668 65.74845123291016 158.6560173034668 94.17333602905273 120.56669616699219 94.17333602905273
120.57718658447266 65.88020324707031 159.28848266601562 65.88020324707031 159.28848266601562 93.82372093200684 120.57718658447266 93.82372093200684
117.72718811035156 64.76461029052734 156.1738510131836 64.76461029052734 156.1738510131836 93.45616340637207 117.72718811035156 93.45616340637207
115.97077941894531 62.61867141723633 154.5383071899414 62.61867141723633 154.5383071899414 90.00219535827637 115.97077941894531 90.00219535827637
118.1752700805664 62.1939582824707 156.41914749145508 62.1939582824707 156.41914749145508 90.73417663574219 118.1752700805664 90.73417663574219
112.7991943359375 58.138999938964844 151.91976928710938 58.138999938964844 151.91976928710938 86.34400177001953 112.7991943359375 86.34400177001953
111.5445785522461 56.44908905029297 150.2028465270996 56.44908905029297 150.2028465270996 84.25013542175293 111.5445785522461 84.25013542175293
110.0380630493164 53.52313232421875 149.22581481933594 53.52313232421875 149.22581481933594 82.50933265686035 110.0380630493164 82.50933265686035
107.02691650390625 54.794212341308594 147.37226486206055 54.794212341308594 147.37226486206055 81.99464797973633 107.02691650390625 81.99464797973633
107.65690612792969 53.44342803955078 147.42613220214844 53.44342803955078 147.42613220214844 80.89873123168945 107.65690612792969 80.89873123168945
103.9898452758789 52.038169860839844 143.90044403076172 52.038169860839844 143.90044403076172 79.96317291259766 103.9898452758789 79.96317291259766
104.8077163696289 52.024139404296875 144.07861328125 52.024139404296875 144.07861328125 80.44650650024414 104.8077163696289 80.44650650024414
103.53031921386719 49.58592987060547 142.50825119018555 49.58592987060547 142.50825119018555 77.56135177612305 103.53031921386719 77.56135177612305
102.8764877319336 49.765594482421875 141.04207611083984 49.765594482421875 141.04207611083984 76.72843933105469 102.8764877319336 76.72843933105469
100.11842346191406 46.41494369506836 138.8114356994629 46.41494369506836 138.8114356994629 75.10734748840332 100.11842346191406 75.10734748840332
98.13249969482422 47.616920471191406 137.81513214111328 47.616920471191406 137.81513214111328 74.49002456665039 98.13249969482422 74.49002456665039
98.75472259521484 45.76580047607422 137.75804138183594 45.76580047607422 137.75804138183594 72.55842781066895 98.75472259521484 72.55842781066895
95.87394714355469 45.484039306640625 133.6828842163086 45.484039306640625 133.6828842163086 72.80266380310059 95.87394714355469 72.80266380310059
95.18534088134766 44.401546478271484 132.6490020751953 44.401546478271484 132.6490020751953 71.57284736633301 95.18534088134766 71.57284736633301
93.78141784667969 42.740989685058594 132.3799057006836 42.740989685058594 132.3799057006836 70.1068286895752 93.78141784667969 70.1068286895752
93.7735824584961 42.44132995605469 131.88827896118164 42.44132995605469 131.88827896118164 69.39363479614258 93.7735824584961 69.39363479614258
91.19823455810547 42.25466537475586 129.72660446166992 42.25466537475586 129.72660446166992 70.26872444152832 91.19823455810547 70.26872444152832
91.63822937011719 40.92661666870117 128.34112548828125 40.92661666870117 128.34112548828125 67.92377853393555 91.63822937011719 67.92377853393555
87.89393615722656 40.17662811279297 126.48229217529297 40.17662811279297 126.48229217529297 68.06803703308105 87.89393615722656 68.06803703308105
86.81980895996094 39.3329963684082 125.39115905761719 39.3329963684082 125.39115905761719 67.32441139221191 86.81980895996094 67.32441139221191
86.1324462890625 38.83266067504883 124.45405960083008 38.83266067504883 124.45405960083008 66.72113800048828 86.1324462890625 66.72113800048828
83.70177459716797 37.007484436035156 122.48442077636719 37.007484436035156 122.48442077636719 63.91486358642578 83.70177459716797 63.91486358642578
83.92082214355469 36.48259735107422 121.49845886230469 36.48259735107422 121.49845886230469 63.18510055541992 83.92082214355469 63.18510055541992
86.65583801269531 35.30525588989258 123.4861831665039 35.30525588989258 123.4861831665039 61.51287841796875 86.65583801269531 61.51287841796875
85.55815124511719 35.962100982666016 121.82221221923828 35.962100982666016 121.82221221923828 62.28515434265137 85.55815124511719 62.28515434265137
86.17884063720703 35.31035614013672 122.46307373046875 35.31035614013672 122.46307373046875 62.65964126586914 86.17884063720703 62.65964126586914
83.08839416503906 34.18220901489258 119.7698745727539 34.18220901489258 119.7698745727539 60.017709732055664 83.08839416503906 60.017709732055664
81.6688232421875 33.03524398803711 118.40495300292969 33.03524398803711 118.40495300292969 59.69422912597656 81.6688232421875 59.69422912597656
81.4002456665039 33.0444221496582 118.32538604736328 33.0444221496582 118.32538604736328 59.97479248046875 81.4002456665039 59.97479248046875
79.7304916381836 29.808422088623047 116.88805770874023 29.808422088623047 116.88805770874023 57.066030502319336 79.7304916381836 57.066030502319336
78.08020782470703 27.62603759765625 114.54566955566406 27.62603759765625 114.54566955566406 53.22085380554199 78.08020782470703 53.22085380554199
76.56733703613281 29.381628036499023 113.93059539794922 29.381628036499023 113.93059539794922 54.80141830444336 76.56733703613281 54.80141830444336
78.51909637451172 28.405506134033203 114.81874465942383 28.405506134033203 114.81874465942383 53.84841728210449 78.51909637451172 53.84841728210449
77.46479034423828 27.80251121520996 113.34918975830078 27.80251121520996 113.34918975830078 53.265625 77.46479034423828 53.265625
76.80299377441406 26.852489471435547 111.65839004516602 26.852489471435547 111.65839004516602 51.91246223449707 76.80299377441406 51.91246223449707
76.2158203125 25.60109519958496 112.03263092041016 25.60109519958496 112.03263092041016 51.18161582946777 76.2158203125 51.18161582946777
73.71817016601562 23.896270751953125 108.77904510498047 23.896270751953125 108.77904510498047 49.32217788696289 73.71817016601562 49.32217788696289
76.1104507446289 25.25539207458496 109.94046020507812 25.25539207458496 109.94046020507812 50.184892654418945 76.1104507446289 50.184892654418945
74.51044464111328 22.738805770874023 108.91978454589844 22.738805770874023 108.91978454589844 48.64901351928711 74.51044464111328 48.64901351928711
73.26608276367188 21.82284927368164 108.29054260253906 21.82284927368164 108.29054260253906 46.975189208984375 73.26608276367188 46.975189208984375
70.41200256347656 18.73264503479004 105.68357849121094 18.73264503479004 105.68357849121094 44.51632499694824 70.41200256347656 44.51632499694824
74.8122329711914 21.614116668701172 108.98979187011719 21.614116668701172 108.98979187011719 46.66788101196289 74.8122329711914 46.66788101196289
73.38777160644531 20.737598419189453 108.76732635498047 20.737598419189453 108.76732635498047 46.1686897277832 73.38777160644531 46.1686897277832
70.86668395996094 17.178503036499023 106.33757019042969 17.178503036499023 106.33757019042969 43.84294319152832 70.86668395996094 43.84294319152832
63.547569274902344 12.517719268798828 99.26485061645508 12.517719268798828 99.26485061645508 39.172407150268555 63.547569274902344 39.172407150268555
65.7372817993164 12.38836669921875 101.30805587768555 12.38836669921875 101.30805587768555 38.9337215423584 65.7372817993164 38.9337215423584
64.50092315673828 11.756928443908691 100.33127212524414 11.756928443908691 100.33127212524414 38.49147701263428 64.50092315673828 38.49147701263428
62.66576385498047 11.089361190795898 99.12220764160156 11.089361190795898 99.12220764160156 38.2956600189209 62.66576385498047 38.2956600189209
61.74373245239258 10.054147720336914 98.48325729370117 10.054147720336914 98.48325729370117 37.47170066833496 61.74373245239258 37.47170066833496
61.547760009765625 9.580095291137695 98.66487503051758 9.580095291137695 98.66487503051758 37.2794303894043 61.547760009765625 37.2794303894043
59.7893180847168 9.121835708618164 97.04465103149414 9.121835708618164 97.04465103149414 36.924320220947266 59.7893180847168 36.924320220947266
59.20471954345703 9.03253173828125 96.78430938720703 9.03253173828125 96.78430938720703 37.07699966430664 59.20471954345703 37.07699966430664
60.07123947143555 9.195016860961914 97.04021072387695 9.195016860961914 97.04021072387695 36.78379821777344 60.07123947143555 36.78379821777344
60.05247116088867 8.75436019897461 96.79796600341797 8.75436019897461 96.79796600341797 36.176368713378906 60.05247116088867 36.176368713378906
57.881797790527344 8.629302978515625 94.17642974853516 8.629302978515625 94.17642974853516 35.714847564697266 57.881797790527344 35.714847564697266
55.7923583984375 7.682621955871582 91.92357635498047 7.682621955871582 91.92357635498047 34.64621829986572 55.7923583984375 34.64621829986572
58.73099899291992 7.589906215667725 95.20987319946289 7.589906215667725 95.20987319946289 34.81294775009155 58.73099899291992 34.81294775009155
56.11383056640625 7.490636348724365 92.39462661743164 7.490636348724365 92.39462661743164 34.565858364105225 56.11383056640625 34.565858364105225
57.2662467956543 6.203697204589844 93.58583450317383 6.203697204589844 93.58583450317383 33.307865142822266 57.2662467956543 33.307865142822266
56.3397331237793 6.218943119049072 92.62535095214844 6.218943119049072 92.62535095214844 33.29776048660278 56.3397331237793 33.29776048660278
57.8025016784668 6.570944309234619 93.87543106079102 6.570944309234619 93.87543106079102 33.491039752960205 57.8025016784668 33.491039752960205
56.0872802734375 6.500170707702637 93.48782348632812 6.500170707702637 93.48782348632812 34.41102313995361 56.0872802734375 34.41102313995361
53.131309509277344 4.833202362060547 90.91349792480469 4.833202362060547 90.91349792480469 33.028865814208984 53.131309509277344 33.028865814208984
55.28020095825195 6.264139175415039 92.59978103637695 6.264139175415039 92.59978103637695 34.114572525024414 55.28020095825195 34.114572525024414
50.05674743652344 3.438359022140503 87.91803741455078 3.438359022140503 87.91803741455078 31.693053007125854 50.05674743652344 31.693053007125854
48.960960388183594 0.0 87.03093338012695 0.0 87.03093338012695 28.41042709350586 48.960960388183594 28.41042709350586
52.9996337890625 2.9557061195373535 91.30370330810547 2.9557061195373535 91.30370330810547 31.54083490371704 52.9996337890625 31.54083490371704
53.10577392578125 2.879333019256592 91.89780044555664 2.879333019256592 91.89780044555664 31.828608989715576 53.10577392578125 31.828608989715576
47.2633171081543 0.0 86.98204803466797 0.0 86.98204803466797 29.64084815979004 47.2633171081543 29.64084815979004
48.809776306152344 0.0 88.42478561401367 0.0 88.42478561401367 29.563446044921875 48.809776306152344 29.563446044921875
49.5880012512207 0.0 89.6511344909668 0.0 89.6511344909668 29.897863388061523 49.5880012512207 29.897863388061523
47.584617614746094 0.0 87.52454376220703 0.0 87.52454376220703 29.805919647216797 47.584617614746094 29.805919647216797
51.42365646362305 0.0 92.44043350219727 0.0 92.44043350219727 30.609539031982422 51.42365646362305 30.609539031982422
51.975250244140625 0.0 94.33289337158203 0.0 94.33289337158203 31.610187530517578 51.975250244140625 31.610187530517578
49.23579025268555 0.0 93.38175201416016 0.0 93.38175201416016 32.94475555419922 49.23579025268555 32.94475555419922
49.57835006713867 0.0 93.36330032348633 0.0 93.36330032348633 32.67534255981445 49.57835006713867 32.67534255981445
51.43799591064453 1.1886848211288452 95.91522598266602 1.1886848211288452 95.91522598266602 34.38065183162689 51.43799591064453 34.38065183162689
50.63766098022461 0.0 97.2463264465332 0.0 97.2463264465332 34.78258514404297 50.63766098022461 34.78258514404297
52.48747634887695 0.6668018102645874 100.5048942565918 0.6668018102645874 100.5048942565918 36.50069844722748 52.48747634887695 36.50069844722748
48.99999237060547 0.0 98.47567749023438 0.0 98.47567749023438 36.92215347290039 48.99999237060547 36.92215347290039
49.5350227355957 0.0 99.70115280151367 0.0 99.70115280151367 37.437408447265625 49.5350227355957 37.437408447265625
