353.0 165.0 367.0 165.0 367.0 194.0 353.0 194.0
352.15203857421875 165.53622436523438 365.48957347869873 165.53622436523438 365.48957347869873 193.91944313049316 352.15203857421875 193.91944313049316
350.54669189453125 164.0678253173828 363.96632385253906 164.0678253173828 363.96632385253906 193.4524269104004 350.54669189453125 193.4524269104004
350.03924560546875 162.72463989257812 363.7638244628906 162.72463989257812 363.7638244628906 192.40721130371094 350.03924560546875 192.40721130371094
348.19268798828125 162.33253479003906 362.2530241012573 162.33253479003906 362.2530241012573 191.45750999450684 348.19268798828125 191.45750999450684
347.2178039550781 161.6528778076172 361.296106338501 161.6528778076172 361.296106338501 190.8150691986084 347.2178039550781 190.8150691986084
345.95318603515625 160.0042266845703 359.94001483917236 160.0042266845703 359.94001483917236 188.97693824768066 345.95318603515625 188.97693824768066
345.25732421875 159.0075225830078 359.3485164642334 159.0075225830078 359.3485164642334 188.1964168548584 345.25732421875 188.1964168548584
345.16461181640625 158.3084259033203 359.1828565597534 158.3084259033203 359.1828565597534 187.34621238708496 345.16461181640625 187.34621238708496
344.1315002441406 157.4805145263672 358.2605791091919 157.4805145263672 358.2605791091919 186.7478847503662 344.1315002441406 186.7478847503662
342.9393615722656 156.3988037109375 357.10169506073 156.3988037109375 357.10169506073 185.73505783081055 342.9393615722656 185.73505783081055
341.8790588378906 156.1006317138672 355.9682025909424 156.1006317138672 355.9682025909424 185.2852783203125 341.8790588378906 185.2852783203125
340.19110107421875 154.4897003173828 354.20991230010986 154.4897003173828 354.20991230010986 183.52865982055664 340.19110107421875 183.52865982055664
339.72381591796875 153.39370727539062 353.72948265075684 153.39370727539062 353.72948265075684 182.40543746948242 339.72381591796875 182.40543746948242
338.6455993652344 152.63314819335938 352.57013988494873 152.63314819335938 352.57013988494873 181.47683143615723 338.6455993652344 181.47683143615723
337.3489990234375 152.24026489257812 351.1722412109375 152.24026489257812 351.1722412109375 181.16350173950195 337.3489990234375 181.16350173950195
336.401123046875 150.20156860351562 350.5011320114136 150.20156860351562 350.5011320114136 179.40872192382812 336.401123046875 179.40872192382812
334.7535705566406 150.47401428222656 348.78368949890137 150.47401428222656 348.78368949890137 179.53639602661133 334.7535705566406 179.53639602661133
333.1375427246094 149.68637084960938 347.0923891067505 149.68637084960938 347.0923891067505 178.59282875061035 333.1375427246094 178.59282875061035
332.7550048828125 147.65049743652344 346.6336669921875 147.65049743652344 346.6336669921875 176.79475784301758 332.7550048828125 176.79475784301758
331.55218505859375 148.0729522705078 344.90823554992676 148.0729522705078 344.90823554992676 178.13443565368652 331.55218505859375 178.13443565368652
330.33709716796875 147.37843322753906 344.1189832687378 147.37843322753906 344.1189832687378 177.01848983764648 330.33709716796875 177.01848983764648
329.1270751953125 145.2975616455078 342.71635150909424 145.2975616455078 342.71635150909424 175.2130126953125 329.1270751953125 175.2130126953125
327.17205810546875 145.69261169433594 341.70335388183594 145.69261169433594 341.70335388183594 176.08921813964844 327.17205810546875 176.08921813964844
325.1161804199219 143.70266723632812 339.6648893356323 143.70266723632812 339.6648893356323 174.17054748535156 325.1161804199219 174.17054748535156
324.2220153808594 142.35678100585938 338.27289390563965 142.35678100585938 338.27289390563965 173.2147274017334 324.2220153808594 173.2147274017334
322.8859558105469 141.70144653320312 337.02093029022217 141.70144653320312 337.02093029022217 173.40064430236816 322.8859558105469 173.40064430236816
322.07904052734375 141.84124755859375 335.87855529785156 141.84124755859375 335.87855529785156 172.5162868499756 322.07904052734375 172.5162868499756
320.5161437988281 141.13568115234375 334.98118782043457 141.13568115234375 334.98118782043457 170.56253051757812 320.5161437988281 170.56253051757812
320.2740478515625 138.60910034179688 334.6988525390625 138.60910034179688 334.6988525390625 168.98236083984375 320.2740478515625 168.98236083984375
318.87066650390625 139.6964569091797 333.2616024017334 139.6964569091797 333.2616024017334 169.83304405212402 318.87066650390625 169.83304405212402
317.0149841308594 138.74008178710938 331.2981414794922 138.74008178710938 331.2981414794922 168.52902603149414 317.0149841308594 168.52902603149414
316.27642822265625 137.61509704589844 330.54137229919434 137.61509704589844 330.54137229919434 167.37797927856445 316.27642822265625 167.37797927856445
315.39605712890625 137.16952514648438 328.49015617370605 137.16952514648438 328.49015617370605 167.8594570159912 315.39605712890625 167.8594570159912
313.8120422363281 137.542236328125 327.4014663696289 137.542236328125 327.4014663696289 166.77499771118164 313.8120422363281 166.77499771118164
312.67047119140625 136.36048889160156 326.5399398803711 136.36048889160156 326.5399398803711 166.00342750549316 312.67047119140625 166.00342750549316
310.91314697265625 136.20230102539062 325.0528516769409 136.20230102539062 325.0528516769409 165.43655967712402 310.91314697265625 165.43655967712402
309.009765625 134.25523376464844 322.5413341522217 134.25523376464844 322.5413341522217 164.08011436462402 309.009765625 164.08011436462402
308.1286926269531 133.61378479003906 321.46217918395996 133.61378479003906 321.46217918395996 163.33021926879883 308.1286926269531 163.33021926879883
307.346435546875 133.9747772216797 321.4466676712036 133.9747772216797 321.4466676712036 163.1823787689209 307.346435546875 163.1823787689209
305.80303955078125 132.9000244140625 318.65253162384033 132.9000244140625 318.65253162384033 162.20269393920898 305.80303955078125 162.20269393920898
304.49639892578125 131.8298797607422 318.6004056930542 131.8298797607422 318.6004056930542 161.04529762268066 304.49639892578125 161.04529762268066
303.10723876953125 130.75674438476562 316.88215351104736 130.75674438476562 316.88215351104736 159.29047012329102 303.10723876953125 159.29047012329102
301.2151794433594 129.0004425048828 314.5434675216675 129.0004425048828 314.5434675216675 157.37807846069336 301.2151794433594 157.37807846069336
300.34527587890625 129.16046142578125 313.72661781311035 129.16046142578125 313.72661781311035 157.30661582946777 300.34527587890625 157.30661582946777
299.82318115234375 129.1556854248047 312.1924715042114 129.1556854248047 312.1924715042114 158.80303955078125 299.82318115234375 158.80303955078125
298.3560485839844 129.09585571289062 310.4014501571655 129.09585571289062 310.4014501571655 156.31455612182617 298.3560485839844 156.31455612182617
296.8787536621094 126.84333801269531 309.4962520599365 126.84333801269531 309.4962520599365 155.96943283081055 296.8787536621094 155.96943283081055
295.7510681152344 127.9166259765625 308.9711742401123 127.9166259765625 308.9711742401123 156.41817665100098 295.7510681152344 156.41817665100098
294.37188720703125 126.63151550292969 306.80785369873047 126.63151550292969 306.80785369873047 154.26599502563477 294.37188720703125 154.26599502563477
292.87640380859375 125.12129211425781 304.98664379119873 125.12129211425781 304.98664379119873 153.56353378295898 292.87640380859375 153.56353378295898
291.5094909667969 125.5207748413086 304.62296772003174 125.5207748413086 304.62296772003174 153.2245750427246 291.5094909667969 153.2245750427246
290.19854736328125 124.21757507324219 302.4450511932373 124.21757507324219 302.4450511932373 151.60800552368164 290.19854736328125 151.60800552368164
289.61419677734375 124.62725830078125 302.0778512954712 124.62725830078125 302.0778512954712 150.74038314819336 289.61419677734375 150.74038314819336
288.65789794921875 122.83150482177734 301.28284740448 122.83150482177734 301.28284740448 151.5949478149414 288.65789794921875 151.5949478149414
286.4917907714844 122.55363464355469 298.8313274383545 122.55363464355469 298.8313274383545 149.82607650756836 286.4917907714844 149.82607650756836
286.1514587402344 122.10550689697266 299.2080707550049 122.10550689697266 299.2080707550049 149.15130996704102 286.1514587402344 149.15130996704102
285.3041687011719 121.89497375488281 298.03532123565674 121.89497375488281 298.03532123565674 148.73165321350098 285.3041687011719 148.73165321350098
283.9510192871094 121.05450439453125 295.5117235183716 121.05450439453125 295.5117235183716 148.58982467651367 283.9510192871094 148.58982467651367
283.200927734375 120.19026184082031 295.43399715423584 120.19026184082031 295.43399715423584 146.94911575317383 283.200927734375 146.94911575317383
281.8940124511719 120.11637115478516 294.33746910095215 120.11637115478516 294.33746910095215 146.42849922180176 281.8940124511719 146.42849922180176
281.1104431152344 119.52510833740234 293.70390796661377 119.52510833740234 293.70390796661377 146.24362564086914 281.1104431152344 146.24362564086914
280.08746337890625 119.03173828125 292.66051864624023 119.03173828125 292.66051864624023 145.07589149475098 280.08746337890625 145.07589149475098
278.93426513671875 118.32646179199219 291.42146492004395 118.32646179199219 291.42146492004395 144.49141883850098 278.93426513671875 144.49141883850098
278.02252197265625 118.1667251586914 290.58009338378906 118.1667251586914 290.58009338378906 144.178804397583 278.02252197265625 144.178804397583
277.1993713378906 117.11663818359375 289.12761402130127 117.11663818359375 289.12761402130127 143.30402183532715 277.1993713378906 143.30402183532715
275.66778564453125 116.72825622558594 288.0442781448364 116.72825622558594 288.0442781448364 142.36524391174316 275.66778564453125 142.36524391174316
275.67095947265625 115.6746826171875 288.07127952575684 115.6746826171875 288.07127952575684 141.36102867126465 275.67095947265625 141.36102867126465
274.01251220703125 115.28836822509766 286.4752321243286 115.28836822509766 286.4752321243286 141.10397148132324 274.01251220703125 141.10397148132324
273.6965026855469 114.66983795166016 286.16247367858887 114.66983795166016 286.16247367858887 140.4921760559082 273.6965026855469 140.4921760559082
272.556396484375 114.47135162353516 284.9788284301758 114.47135162353516 284.9788284301758 140.2035026550293 272.556396484375 140.2035026550293
271.7108459472656 113.79341125488281 283.99634742736816 113.79341125488281 283.99634742736816 139.2419204711914 271.7108459472656 139.2419204711914
270.8859558105469 113.23368835449219 283.11170959472656 113.23368835449219 283.11170959472656 138.55843544006348 270.8859558105469 138.55843544006348
269.5362243652344 112.33982849121094 282.0347423553467 112.33982849121094 282.0347423553467 138.22958755493164 269.5362243652344 138.22958755493164
268.35235595703125 111.21147155761719 280.9325351715088 111.21147155761719 280.9325351715088 137.2703857421875 268.35235595703125 137.2703857421875
267.436767578125 110.66099548339844 279.7770528793335 110.66099548339844 279.7770528793335 136.2229881286621 267.436767578125 136.2229881286621
266.32159423828125 110.7082748413086 278.4760150909424 110.7082748413086 278.4760150909424 136.60538482666016 266.32159423828125 136.60538482666016
266.28582763671875 108.47965240478516 277.56708431243896 108.47965240478516 277.56708431243896 136.2031478881836 266.28582763671875 136.2031478881836
265.46942138671875 108.55714416503906 277.6146306991577 108.55714416503906 277.6146306991577 134.6819305419922 265.46942138671875 134.6819305419922
263.646484375 108.20643615722656 276.0386095046997 108.20643615722656 276.0386095046997 133.8758087158203 263.646484375 133.8758087158203
262.0565185546875 108.15999603271484 274.49827003479004 108.15999603271484 274.49827003479004 133.9321632385254 262.0565185546875 133.9321632385254
261.8299865722656 105.67152404785156 273.6527462005615 105.67152404785156 273.6527462005615 132.4659938812256 261.8299865722656 132.4659938812256
260.49664306640625 106.66285705566406 272.4792413711548 106.66285705566406 272.4792413711548 132.51544570922852 260.49664306640625 132.51544570922852
260.0199890136719 106.34815979003906 271.93111419677734 106.34815979003906 271.93111419677734 132.2870635986328 260.0199890136719 132.2870635986328
258.85797119140625 105.33258056640625 271.02552604675293 105.33258056640625 271.02552604675293 130.53676986694336 258.85797119140625 130.53676986694336
257.87127685546875 105.13067626953125 269.7930316925049 105.13067626953125 269.7930316925049 129.82571029663086 257.87127685546875 129.82571029663086
256.7569274902344 104.67533874511719 268.6943874359131 104.67533874511719 268.6943874359131 129.40290451049805 256.7569274902344 129.40290451049805
255.9931640625 104.60929870605469 267.84356784820557 104.60929870605469 267.84356784820557 129.1565341949463 255.9931640625 129.1565341949463
255.48501586914062 104.4610595703125 267.23432445526123 104.4610595703125 267.23432445526123 128.79888534545898 255.48501586914062 128.79888534545898
254.9014129638672 102.01883697509766 265.5821285247803 102.01883697509766 265.5821285247803 128.53893280029297 254.9014129638672 128.53893280029297
253.10317993164062 102.28987121582031 264.64730739593506 102.28987121582031 264.64730739593506 127.29717254638672 253.10317993164062 127.29717254638672
252.63497924804688 101.48762512207031 264.3082084655762 101.48762512207031 264.3082084655762 126.16947364807129 252.63497924804688 126.16947364807129
250.7797393798828 101.7800064086914 262.3507328033447 101.7800064086914 262.3507328033447 125.74846076965332 250.7797393798828 125.74846076965332
250.56057739257812 98.78162384033203 261.16423511505127 98.78162384033203 261.16423511505127 124.73456573486328 250.56057739257812 124.73456573486328
249.3349609375 100.68022918701172 260.9324417114258 100.68022918701172 260.9324417114258 125.63938903808594 249.3349609375 125.63938903808594
248.81643676757812 99.28410339355469 259.7880344390869 99.28410339355469 259.7880344390869 124.92097473144531 248.81643676757812 124.92097473144531
247.3816375732422 99.068115234375 258.9550952911377 99.068115234375 258.9550952911377 124.05295181274414 247.3816375732422 124.05295181274414
246.52523803710938 99.44757080078125 258.2409076690674 99.44757080078125 258.2409076690674 123.7157096862793 246.52523803710938 123.7157096862793
245.8169708251953 98.7879638671875 257.4719009399414 98.7879638671875 257.4719009399414 122.9302864074707 245.8169708251953 122.9302864074707
244.7559356689453 96.94820404052734 256.2648696899414 96.94820404052734 256.2648696899414 121.80983352661133 244.7559356689453 121.80983352661133
243.77334594726562 97.72682189941406 255.6107234954834 97.72682189941406 255.6107234954834 122.24706840515137 243.77334594726562 122.24706840515137
243.6005096435547 95.25791931152344 254.61794757843018 95.25791931152344 254.61794757843018 121.42677688598633 243.6005096435547 121.42677688598633
242.4001007080078 96.06977081298828 254.05089378356934 96.06977081298828 254.05089378356934 120.20352363586426 242.4001007080078 120.20352363586426
241.92041015625 95.34736633300781 253.69583988189697 95.34736633300781 253.69583988189697 119.73929214477539 241.92041015625 119.73929214477539
241.21322631835938 94.93795776367188 252.99951934814453 94.93795776367188 252.99951934814453 120.17231369018555 241.21322631835938 120.17231369018555
240.165283203125 93.98976135253906 251.94567775726318 93.98976135253906 251.94567775726318 119.4843921661377 240.165283203125 119.4843921661377
239.14614868164062 95.00309753417969 251.09779167175293 95.00309753417969 251.09779167175293 119.76004028320312 239.14614868164062 119.76004028320312
238.66159057617188 93.99039459228516 250.73337364196777 93.99039459228516 250.73337364196777 118.99620246887207 238.66159057617188 118.99620246887207
238.130126953125 91.09967803955078 248.8876314163208 91.09967803955078 248.8876314163208 117.83036994934082 238.130126953125 117.83036994934082
237.16714477539062 92.42131042480469 249.12638187408447 92.42131042480469 249.12638187408447 117.1939868927002 237.16714477539062 117.1939868927002
235.9755401611328 92.66047668457031 247.9425811767578 92.66047668457031 247.9425811767578 117.44932174682617 235.9755401611328 117.44932174682617
234.798095703125 91.36055755615234 246.5578374862671 91.36055755615234 246.5578374862671 115.71999740600586 234.798095703125 115.71999740600586
234.6698760986328 90.10223388671875 245.92746925354004 90.10223388671875 245.92746925354004 115.19086837768555 234.6698760986328 115.19086837768555
234.23934936523438 90.18458557128906 245.4939479827881 90.18458557128906 245.4939479827881 115.74168395996094 234.23934936523438 115.74168395996094
233.72549438476562 88.65538024902344 244.4266815185547 88.65538024902344 244.4266815185547 114.55123519897461 233.72549438476562 114.55123519897461
232.75161743164062 89.90702056884766 244.08820247650146 89.90702056884766 244.08820247650146 114.11322402954102 232.75161743164062 114.11322402954102
231.7217559814453 90.45948791503906 243.31826496124268 90.45948791503906 243.31826496124268 114.48080062866211 231.7217559814453 114.48080062866211
231.1953887939453 89.67678833007812 242.8037929534912 89.67678833007812 242.8037929534912 113.72274208068848 231.1953887939453 113.72274208068848
230.7374267578125 89.03983306884766 242.26327514648438 89.03983306884766 242.26327514648438 112.9147777557373 230.7374267578125 112.9147777557373
229.6063690185547 87.56103515625 241.0752239227295 87.56103515625 241.0752239227295 111.50667953491211 229.6063690185547 111.50667953491211
228.8489990234375 88.0123519897461 240.44140338897705 88.0123519897461 240.44140338897705 112.02515983581543 228.8489990234375 112.02515983581543
228.234619140625 87.05918884277344 239.91837310791016 87.05918884277344 239.91837310791016 111.26122283935547 228.234619140625 111.26122283935547
227.8599090576172 86.29969787597656 239.47254848480225 86.29969787597656 239.47254848480225 110.89065361022949 227.8599090576172 110.89065361022949
226.42416381835938 85.51253509521484 238.29520225524902 85.51253509521484 238.29520225524902 110.1025161743164 226.42416381835938 110.1025161743164
226.1679229736328 83.2684097290039 236.65276336669922 83.2684097290039 236.65276336669922 109.36836624145508 226.1679229736328 109.36836624145508
224.78750610351562 84.5166015625 236.17931365966797 84.5166015625 236.17931365966797 108.74144172668457 224.78750610351562 108.74144172668457
224.9728546142578 84.73638916015625 236.78450870513916 84.73638916015625 236.78450870513916 108.24689674377441 224.9728546142578 108.24689674377441
224.1808319091797 83.1725082397461 236.0676679611206 83.1725082397461 236.0676679611206 107.82906913757324 224.1808319091797 107.82906913757324
223.3256072998047 82.21576690673828 235.05872631072998 82.21576690673828 235.05872631072998 107.02579116821289 223.3256072998047 107.02579116821289
221.70474243164062 82.75309753417969 233.95974254608154 82.75309753417969 233.95974254608154 108.26409721374512 221.70474243164062 108.26409721374512
222.5967254638672 81.05609130859375 234.1907138824463 81.05609130859375 234.1907138824463 105.98095321655273 222.5967254638672 105.98095321655273
222.7097930908203 80.83782196044922 234.09800148010254 80.83782196044922 234.09800148010254 105.40934562683105 222.7097930908203 105.40934562683105
222.1746063232422 81.5028076171875 233.42089557647705 81.5028076171875 233.42089557647705 105.77437782287598 222.1746063232422 105.77437782287598
221.4007110595703 81.47789001464844 232.80604362487793 81.47789001464844 232.80604362487793 105.86423110961914 221.4007110595703 105.86423110961914
218.79690551757812 80.8182601928711 230.29748344421387 80.8182601928711 230.29748344421387 104.41835021972656 218.79690551757812 104.41835021972656
217.49575805664062 79.98143005371094 229.50460624694824 79.98143005371094 229.50460624694824 104.61443710327148 217.49575805664062 104.61443710327148
216.77169799804688 79.12028503417969 229.02023029327393 79.12028503417969 229.02023029327393 103.44319152832031 216.77169799804688 103.44319152832031
216.1046142578125 78.80709075927734 228.06221199035645 78.80709075927734 228.06221199035645 103.54142951965332 216.1046142578125 103.54142951965332
216.07901000976562 78.84931945800781 227.42529392242432 78.84931945800781 227.42529392242432 102.33316612243652 216.07901000976562 102.33316612243652
215.2629852294922 78.1283187866211 226.71080875396729 78.1283187866211 226.71080875396729 102.55157089233398 215.2629852294922 102.55157089233398
214.5707244873047 77.44578552246094 226.32680892944336 77.44578552246094 226.32680892944336 101.41409492492676 214.5707244873047 101.41409492492676
214.1395721435547 77.77665710449219 226.14976119995117 77.77665710449219 226.14976119995117 100.73712348937988 214.1395721435547 100.73712348937988
212.7943572998047 76.83436584472656 224.69684410095215 76.83436584472656 224.69684410095215 99.89089965820312 212.7943572998047 99.89089965820312
211.99398803710938 77.04791259765625 223.90993881225586 77.04791259765625 223.90993881225586 99.93415451049805 211.99398803710938 99.93415451049805
211.1434326171875 76.6211929321289 222.45201683044434 76.6211929321289 222.45201683044434 99.15753555297852 211.1434326171875 99.15753555297852
210.24050903320312 76.59440612792969 221.3657627105713 76.59440612792969 221.3657627105713 98.59134674072266 210.24050903320312 98.59134674072266
209.6602325439453 75.06663513183594 220.8847255706787 75.06663513183594 220.8847255706787 98.31733322143555 209.6602325439453 98.31733322143555
208.072021484375 74.87539672851562 219.36848640441895 74.87539672851562 219.36848640441895 98.27518081665039 208.072021484375 98.27518081665039
207.927490234375 73.87504577636719 219.32831954956055 73.87504577636719 219.32831954956055 96.64733695983887 207.927490234375 96.64733695983887
205.8900604248047 73.8453140258789 217.21295261383057 73.8453140258789 217.21295261383057 97.29983901977539 205.8900604248047 97.29983901977539
