291.0 140.0 307.0 140.0 307.0 169.0 291.0 169.0
284.904052734375 137.27099609375 300.7789888381958 137.27099609375 300.7789888381958 166.0443172454834 284.904052734375 166.0443172454834
280.4295349121094 135.58799743652344 296.44742012023926 135.58799743652344 296.44742012023926 164.6204128265381 280.4295349121094 164.6204128265381
273.6316833496094 131.41159057617188 289.79633140563965 131.41159057617188 289.79633140563965 160.7239284515381 273.6316833496094 160.7239284515381
268.4091796875 128.46592712402344 283.5254611968994 128.46592712402344 283.5254611968994 156.51764488220215 268.4091796875 156.51764488220215
263.46783447265625 124.94425964355469 277.8749694824219 124.94425964355469 277.8749694824219 153.87187576293945 263.46783447265625 153.87187576293945
257.35040283203125 122.2335433959961 271.8974504470825 122.2335433959961 271.8974504470825 151.68635177612305 257.35040283203125 151.68635177612305
253.4170684814453 120.76893615722656 267.9271602630615 120.76893615722656 267.9271602630615 148.9917392730713 253.4170684814453 148.9917392730713
247.7838592529297 117.09230041503906 261.9601802825928 117.09230041503906 261.9601802825928 146.35076904296875 247.7838592529297 146.35076904296875
242.9843292236328 114.58479309082031 256.0164737701416 114.58479309082031 256.0164737701416 143.82419204711914 242.9843292236328 143.82419204711914
239.32864379882812 112.3333740234375 253.03976154327393 112.3333740234375 253.03976154327393 143.46002578735352 239.32864379882812 143.46002578735352
239.3901824951172 112.88652038574219 253.0578031539917 112.88652038574219 253.0578031539917 143.38967514038086 239.3901824951172 143.38967514038086
233.3980712890625 111.45674133300781 246.5228624343872 111.45674133300781 246.5228624343872 139.21872520446777 233.3980712890625 139.21872520446777
229.6121063232422 108.4972915649414 242.48209190368652 108.4972915649414 242.48209190368652 138.45593070983887 229.6121063232422 138.45593070983887
224.18807983398438 106.06754302978516 237.55035209655762 106.06754302978516 237.55035209655762 137.4004783630371 224.18807983398438 137.4004783630371
219.4788818359375 105.6528549194336 231.81842517852783 105.6528549194336 231.81842517852783 136.5405502319336 219.4788818359375 136.5405502319336
219.85934448242188 105.6800308227539 232.10184955596924 105.6800308227539 232.10184955596924 135.61589813232422 219.85934448242188 135.61589813232422
215.6634979248047 103.07905578613281 228.42020225524902 103.07905578613281 228.42020225524902 135.12031936645508 215.6634979248047 135.12031936645508
213.0797882080078 100.19695281982422 224.97089385986328 100.19695281982422 224.97089385986328 133.02006149291992 213.0797882080078 133.02006149291992
209.9741973876953 99.1152114868164 221.75866985321045 99.1152114868164 221.75866985321045 131.80257034301758 209.9741973876953 131.80257034301758
206.90499877929688 95.67610168457031 217.69047451019287 95.67610168457031 217.69047451019287 127.44233703613281 206.90499877929688 127.44233703613281
203.41659545898438 95.58064270019531 216.23894691467285 95.58064270019531 216.23894691467285 124.41447830200195 203.41659545898438 124.41447830200195
204.1112823486328 95.16668701171875 215.9089412689209 95.16668701171875 215.9089412689209 124.18208694458008 204.1112823486328 124.18208694458008
198.960693359375 93.72509765625 214.50935554504395 93.72509765625 214.50935554504395 121.90704727172852 198.960693359375 121.90704727172852
198.4867706298828 90.6768798828125 209.78851699829102 90.6768798828125 209.78851699829102 118.68561363220215 198.4867706298828 118.68561363220215
193.44189453125 91.26312255859375 208.63794994354248 91.26312255859375 208.63794994354248 118.80596923828125 193.44189453125 118.80596923828125
192.18154907226562 86.59858703613281 204.49929523468018 86.59858703613281 204.49929523468018 113.1487979888916 192.18154907226562 113.1487979888916
192.07266235351562 85.93466186523438 203.54590797424316 85.93466186523438 203.54590797424316 112.09663772583008 192.07266235351562 112.09663772583008
190.09756469726562 82.96687316894531 200.29649829864502 82.96687316894531 200.29649829864502 110.63547134399414 190.09756469726562 110.63547134399414
185.8535919189453 84.13447570800781 200.61715698242188 84.13447570800781 200.61715698242188 110.8934326171875 185.8535919189453 110.8934326171875
184.2467498779297 80.91166687011719 194.92489528656006 80.91166687011719 194.92489528656006 106.7038688659668 184.2467498779297 106.7038688659668
181.48834228515625 80.05841064453125 192.7884120941162 80.05841064453125 192.7884120941162 105.88933753967285 181.48834228515625 105.88933753967285
177.10987854003906 78.76118469238281 191.30975914001465 78.76118469238281 191.30975914001465 104.49846458435059 177.10987854003906 104.49846458435059
162.95669555664062 60.67455291748047 177.0469512939453 60.67455291748047 177.0469512939453 86.6321792602539 162.95669555664062 86.6321792602539
157.02218627929688 48.55803298950195 170.65149879455566 48.55803298950195 170.65149879455566 74.6995849609375 157.02218627929688 74.6995849609375
149.7448272705078 48.973052978515625 162.7737579345703 48.973052978515625 162.7737579345703 74.73139572143555 149.7448272705078 74.73139572143555
149.28233337402344 48.11045455932617 162.850848197937 48.11045455932617 162.850848197937 74.4530086517334 149.28233337402344 74.4530086517334
150.03366088867188 49.1341667175293 162.8641586303711 49.1341667175293 162.8641586303711 74.86705017089844 150.03366088867188 74.86705017089844
149.95640563964844 49.55887985229492 163.2249345779419 49.55887985229492 163.2249345779419 74.85773468017578 149.95640563964844 74.85773468017578
160.5795440673828 50.219722747802734 174.34307861328125 50.219722747802734 174.34307861328125 75.16612434387207 160.5795440673828 75.16612434387207
161.0446014404297 49.92052459716797 174.83914756774902 49.92052459716797 174.83914756774902 74.92313385009766 161.0446014404297 74.92313385009766
161.05908203125 50.25972366333008 174.74313068389893 50.25972366333008 174.74313068389893 75.06205558776855 161.05908203125 75.06205558776855
158.8051300048828 49.69141387939453 172.44829559326172 49.69141387939453 172.44829559326172 74.41964912414551 158.8051300048828 74.41964912414551
152.87310791015625 54.70241165161133 166.60122394561768 54.70241165161133 166.60122394561768 79.5846176147461 152.87310791015625 79.5846176147461
151.3706817626953 57.05891799926758 165.17607879638672 57.05891799926758 165.17607879638672 82.0811939239502 151.3706817626953 82.0811939239502
148.9754638671875 59.4423828125 163.14776611328125 59.4423828125 163.14776611328125 85.12967491149902 148.9754638671875 85.12967491149902
149.05035400390625 59.37761688232422 163.4139461517334 59.37761688232422 163.4139461517334 85.41162300109863 149.05035400390625 85.41162300109863
151.48577880859375 54.01703643798828 166.0028839111328 54.01703643798828 166.0028839111328 80.32928657531738 151.48577880859375 80.32928657531738
147.12059020996094 55.73503875732422 160.33133220672607 55.73503875732422 160.33133220672607 83.07710647583008 147.12059020996094 83.07710647583008
143.88897705078125 54.77339553833008 157.521577835083 54.77339553833008 157.521577835083 80.96025848388672 143.88897705078125 80.96025848388672
143.4354705810547 54.64263916015625 156.2340669631958 54.64263916015625 156.2340669631958 79.96205711364746 143.4354705810547 79.96205711364746
141.5150604248047 53.6461296081543 153.78009510040283 53.6461296081543 153.78009510040283 79.15542602539062 141.5150604248047 79.15542602539062
141.3423614501953 52.9140625 153.52434062957764 52.9140625 153.52434062957764 78.96163368225098 141.3423614501953 78.96163368225098
140.07212829589844 52.92747116088867 151.57247161865234 52.92747116088867 151.57247161865234 77.57671356201172 140.07212829589844 77.57671356201172
138.02487182617188 51.59369659423828 149.98956394195557 51.59369659423828 149.98956394195557 77.20110321044922 138.02487182617188 77.20110321044922
136.51588439941406 50.758689880371094 148.22707557678223 50.758689880371094 148.22707557678223 76.0101318359375 136.51588439941406 76.0101318359375
135.11448669433594 48.63889694213867 146.1131763458252 48.63889694213867 146.1131763458252 75.0794906616211 135.11448669433594 75.0794906616211
135.270751953125 48.79094696044922 146.39725589752197 48.79094696044922 146.39725589752197 74.8352165222168 135.270751953125 74.8352165222168
134.2712860107422 49.335716247558594 145.51342391967773 49.335716247558594 145.51342391967773 74.19458389282227 134.2712860107422 74.19458389282227
133.73184204101562 47.86338424682617 144.6747169494629 47.86338424682617 144.6747169494629 73.14712142944336 133.73184204101562 73.14712142944336
132.45066833496094 46.59392547607422 143.3597354888916 46.59392547607422 143.3597354888916 72.38219451904297 132.45066833496094 72.38219451904297
130.54592895507812 45.542274475097656 142.00078868865967 45.542274475097656 142.00078868865967 72.12150382995605 130.54592895507812 72.12150382995605
130.71485900878906 45.12269592285156 141.92996978759766 45.12269592285156 141.92996978759766 71.02667236328125 130.71485900878906 71.02667236328125
130.4741668701172 44.72238540649414 141.7773609161377 44.72238540649414 141.7773609161377 71.01637077331543 130.4741668701172 71.01637077331543
130.22860717773438 43.16242218017578 141.0578670501709 43.16242218017578 141.0578670501709 69.91747283935547 130.22860717773438 69.91747283935547
