371.0 251.0 387.0 251.0 387.0 282.0 371.0 282.0
366.61016845703125 247.7737579345703 382.46904277801514 247.7737579345703 382.46904277801514 278.49451065063477 366.61016845703125 278.49451065063477
358.67547607421875 240.1226806640625 373.7114534378052 240.1226806640625 373.7114534378052 271.9100532531738 358.67547607421875 271.9100532531738
356.3103332519531 238.2338104248047 371.19199085235596 238.2338104248047 371.19199085235596 268.4157257080078 356.3103332519531 268.4157257080078
352.9054260253906 236.1370086669922 368.1128206253052 236.1370086669922 368.1128206253052 265.3306941986084 352.9054260253906 265.3306941986084
346.06768798828125 228.6553497314453 361.4322233200073 228.6553497314453 361.4322233200073 258.87115478515625 346.06768798828125 258.87115478515625
342.8167419433594 226.08871459960938 357.69156074523926 226.08871459960938 357.69156074523926 256.84519958496094 342.8167419433594 256.84519958496094
340.2948303222656 223.0456085205078 355.14753913879395 223.0456085205078 355.14753913879395 254.1673469543457 340.2948303222656 254.1673469543457
337.4393005371094 222.06820678710938 352.4889268875122 222.06820678710938 352.4889268875122 252.3797721862793 337.4393005371094 252.3797721862793
331.07470703125 215.3181915283203 346.5873441696167 215.3181915283203 346.5873441696167 245.44725036621094 331.07470703125 245.44725036621094
328.28045654296875 213.5735626220703 343.86425018310547 213.5735626220703 343.86425018310547 243.41921043395996 328.28045654296875 243.41921043395996
325.517578125 211.0087890625 340.86241722106934 211.0087890625 340.86241722106934 241.1121883392334 325.517578125 241.1121883392334
319.02081298828125 206.95547485351562 334.25373554229736 206.95547485351562 334.25373554229736 235.62885665893555 319.02081298828125 235.62885665893555
316.62066650390625 204.7669677734375 331.3421039581299 204.7669677734375 331.3421039581299 232.97266578674316 316.62066650390625 232.97266578674316
314.9328308105469 202.7157440185547 329.96284675598145 202.7157440185547 329.96284675598145 231.2721004486084 314.9328308105469 231.2721004486084
308.71099853515625 197.57325744628906 323.7648649215698 197.57325744628906 323.7648649215698 226.5347385406494 308.71099853515625 226.5347385406494
306.9342956542969 195.63963317871094 321.41050910949707 195.63963317871094 321.41050910949707 225.00607299804688 306.9342956542969 225.00607299804688
303.57208251953125 193.05136108398438 318.87164878845215 193.05136108398438 318.87164878845215 222.63308715820312 303.57208251953125 222.63308715820312
299.4568786621094 189.46359252929688 313.43996143341064 189.46359252929688 313.43996143341064 218.12893676757812 299.4568786621094 218.12893676757812
297.36773681640625 188.26998901367188 311.13283348083496 188.26998901367188 311.13283348083496 216.84132385253906 297.36773681640625 216.84132385253906
293.8143005371094 185.4649658203125 308.3284330368042 185.4649658203125 308.3284330368042 213.54452896118164 293.8143005371094 213.54452896118164
289.4742736816406 182.16461181640625 304.18320655822754 182.16461181640625 304.18320655822754 211.29723167419434 289.4742736816406 211.29723167419434
288.5526428222656 180.4087677001953 302.3998279571533 180.4087677001953 302.3998279571533 208.82662963867188 288.5526428222656 208.82662963867188
284.60162353515625 178.0575408935547 298.4036121368408 178.0575408935547 298.4036121368408 206.82452392578125 284.60162353515625 206.82452392578125
281.03729248046875 174.41848754882812 294.7211580276489 174.41848754882812 294.7211580276489 203.1463165283203 281.03729248046875 203.1463165283203
277.43585205078125 172.53746032714844 291.6224880218506 172.53746032714844 291.6224880218506 201.46907997131348 277.43585205078125 201.46907997131348
275.23553466796875 170.2311553955078 288.5650911331177 170.2311553955078 288.5650911331177 199.10905075073242 275.23553466796875 199.10905075073242
270.4790954589844 167.36453247070312 284.43974781036377 167.36453247070312 284.43974781036377 196.05240440368652 270.4790954589844 196.05240440368652
267.29302978515625 165.22720336914062 280.9757261276245 165.22720336914062 280.9757261276245 194.59758949279785 267.29302978515625 194.59758949279785
265.87188720703125 164.2396240234375 279.3707151412964 164.2396240234375 279.3707151412964 192.1026268005371 265.87188720703125 192.1026268005371
261.24847412109375 161.3408660888672 274.8031482696533 161.3408660888672 274.8031482696533 189.98999404907227 261.24847412109375 189.98999404907227
257.55126953125 159.4187469482422 270.6719722747803 159.4187469482422 270.6719722747803 187.0391330718994 257.55126953125 187.0391330718994
255.71435546875 158.68780517578125 268.992413520813 158.68780517578125 268.992413520813 186.20130920410156 255.71435546875 186.20130920410156
251.5108184814453 155.0130615234375 264.97448539733887 155.0130615234375 264.97448539733887 183.8626766204834 251.5108184814453 183.8626766204834
249.1385040283203 153.00656127929688 262.0683488845825 153.00656127929688 262.0683488845825 181.71495628356934 249.1385040283203 181.71495628356934
247.2607421875 152.28602600097656 260.7193965911865 152.28602600097656 260.7193965911865 180.38418197631836 247.2607421875 180.38418197631836
243.4874725341797 149.85926818847656 257.4506788253784 149.85926818847656 257.4506788253784 178.22166442871094 243.4874725341797 178.22166442871094
240.86380004882812 148.34817504882812 254.1728229522705 148.34817504882812 254.1728229522705 176.2736873626709 240.86380004882812 176.2736873626709
239.0120391845703 146.50704956054688 252.1484498977661 146.50704956054688 252.1484498977661 174.74667930603027 239.0120391845703 174.74667930603027
234.97750854492188 144.98121643066406 248.6116123199463 144.98121643066406 248.6116123199463 172.26717567443848 234.97750854492188 172.26717567443848
232.19241333007812 143.33132934570312 246.05499839782715 143.33132934570312 246.05499839782715 171.80616188049316 232.19241333007812 171.80616188049316
230.6790008544922 141.4103240966797 243.50378894805908 141.4103240966797 243.50378894805908 169.90684127807617 230.6790008544922 169.90684127807617
226.6349639892578 139.67575073242188 239.9965057373047 139.67575073242188 239.9965057373047 166.728515625 226.6349639892578 166.728515625
225.894287109375 138.29876708984375 239.563814163208 138.29876708984375 239.563814163208 165.87539100646973 225.894287109375 165.87539100646973
223.04434204101562 137.5498504638672 237.21092987060547 137.5498504638672 237.21092987060547 164.9025058746338 223.04434204101562 164.9025058746338
220.7373046875 134.86007690429688 234.41621589660645 134.86007690429688 234.41621589660645 162.6288948059082 220.7373046875 162.6288948059082
219.26220703125 134.88229370117188 233.52591228485107 134.88229370117188 233.52591228485107 162.80115127563477 219.26220703125 162.80115127563477
217.3335723876953 133.45339965820312 231.37502479553223 133.45339965820312 231.37502479553223 160.58838844299316 217.3335723876953 160.58838844299316
214.109375 130.47549438476562 227.830828666687 130.47549438476562 227.830828666687 157.2195701599121 214.109375 157.2195701599121
212.8496551513672 130.1982879638672 226.6964979171753 130.1982879638672 226.6964979171753 156.48569869995117 212.8496551513672 156.48569869995117
211.8269500732422 129.1398468017578 224.9882297515869 129.1398468017578 224.9882297515869 155.82907104492188 211.8269500732422 155.82907104492188
208.8974151611328 126.81208801269531 222.0926389694214 126.81208801269531 222.0926389694214 152.5770721435547 208.8974151611328 152.5770721435547
208.00942993164062 125.98681640625 220.80364894866943 125.98681640625 220.80364894866943 151.80478477478027 208.00942993164062 151.80478477478027
206.76107788085938 125.36759948730469 219.0453701019287 125.36759948730469 219.0453701019287 151.66896438598633 206.76107788085938 151.66896438598633
204.25369262695312 123.3922119140625 216.9578456878662 123.3922119140625 216.9578456878662 148.43730545043945 204.25369262695312 148.43730545043945
203.2972869873047 123.13938903808594 216.19450569152832 123.13938903808594 216.19450569152832 147.88872718811035 203.2972869873047 147.88872718811035
200.5909423828125 120.64395904541016 213.706072807312 120.64395904541016 213.706072807312 146.03312492370605 200.5909423828125 146.03312492370605
199.10244750976562 119.34092712402344 211.99631023406982 119.34092712402344 211.99631023406982 144.49216842651367 199.10244750976562 144.49216842651367
197.5482635498047 118.662109375 210.74951457977295 118.662109375 210.74951457977295 144.15896224975586 197.5482635498047 144.15896224975586
195.84005737304688 118.92817687988281 209.00091361999512 118.92817687988281 209.00091361999512 144.42733573913574 195.84005737304688 144.42733573913574
194.38113403320312 117.500732421875 207.33316040039062 117.500732421875 207.33316040039062 142.2354564666748 194.38113403320312 142.2354564666748
192.88258361816406 115.1589584350586 205.7013454437256 115.1589584350586 205.7013454437256 139.78840446472168 192.88258361816406 139.78840446472168
190.78628540039062 113.65028381347656 203.11681747436523 113.65028381347656 203.11681747436523 138.51910781860352 190.78628540039062 138.51910781860352
190.09091186523438 112.10221099853516 202.25749588012695 112.10221099853516 202.25749588012695 136.99322700500488 190.09091186523438 136.99322700500488
188.1810760498047 110.72418212890625 201.17794036865234 110.72418212890625 201.17794036865234 135.84063720703125 188.1810760498047 135.84063720703125
186.95315551757812 111.0324478149414 199.77899360656738 111.0324478149414 199.77899360656738 135.92831993103027 186.95315551757812 135.92831993103027
185.2499542236328 108.4332504272461 197.9668674468994 108.4332504272461 197.9668674468994 133.12527084350586 185.2499542236328 133.12527084350586
183.62643432617188 109.08384704589844 196.35168075561523 109.08384704589844 196.35168075561523 133.69688034057617 183.62643432617188 133.69688034057617
182.3209991455078 105.58634185791016 195.32162284851074 105.58634185791016 195.32162284851074 130.77504348754883 182.3209991455078 130.77504348754883
180.73171997070312 105.2352523803711 193.69024085998535 105.2352523803711 193.69024085998535 130.27615356445312 180.73171997070312 130.27615356445312
179.01966857910156 104.42707824707031 192.14789867401123 104.42707824707031 192.14789867401123 129.86301612854004 179.01966857910156 129.86301612854004
178.13247680664062 102.94676208496094 191.45706462860107 102.94676208496094 191.45706462860107 128.7631435394287 178.13247680664062 128.7631435394287
176.5576171875 100.59721374511719 189.85790729522705 100.59721374511719 189.85790729522705 126.29062461853027 176.5576171875 126.29062461853027
175.32968139648438 100.96569061279297 188.67686653137207 100.96569061279297 188.67686653137207 126.82585334777832 175.32968139648438 126.82585334777832
173.3202667236328 98.813720703125 186.56655597686768 98.813720703125 186.56655597686768 124.47839736938477 173.3202667236328 124.47839736938477
172.90249633789062 99.09986877441406 186.08205223083496 99.09986877441406 186.08205223083496 124.85580825805664 172.90249633789062 124.85580825805664
171.1480255126953 97.81354522705078 184.128023147583 97.81354522705078 184.128023147583 122.79191970825195 171.1480255126953 122.79191970825195
169.1458740234375 96.92938995361328 181.8839111328125 96.92938995361328 181.8839111328125 121.43437385559082 169.1458740234375 121.43437385559082
167.2875213623047 95.89664459228516 179.80531787872314 95.89664459228516 179.80531787872314 120.53762626647949 167.2875213623047 120.53762626647949
167.23379516601562 94.16954803466797 180.0733585357666 94.16954803466797 180.0733585357666 119.04619216918945 167.23379516601562 119.04619216918945
166.5994415283203 93.4483871459961 179.20388793945312 93.4483871459961 179.20388793945312 118.26021957397461 166.5994415283203 118.26021957397461
163.4765167236328 91.87015533447266 176.4287233352661 91.87015533447266 176.4287233352661 117.07235527038574 163.4765167236328 117.07235527038574
161.9850311279297 92.33663177490234 175.1709690093994 92.33663177490234 175.1709690093994 117.8843765258789 161.9850311279297 117.8843765258789
160.27279663085938 89.86235046386719 172.82763481140137 89.86235046386719 172.82763481140137 116.6106014251709 160.27279663085938 116.6106014251709
160.04971313476562 90.01148986816406 173.43590354919434 90.01148986816406 173.43590354919434 115.87528991699219 160.04971313476562 115.87528991699219
157.43820190429688 87.66273498535156 170.8204746246338 87.66273498535156 170.8204746246338 113.57353210449219 157.43820190429688 113.57353210449219
156.33334350585938 86.75270080566406 169.49030876159668 86.75270080566406 169.49030876159668 112.44015121459961 156.33334350585938 112.44015121459961
155.2420654296875 86.79364013671875 168.21146392822266 86.79364013671875 168.21146392822266 112.87180519104004 155.2420654296875 112.87180519104004
153.76998901367188 85.19886779785156 166.76252460479736 85.19886779785156 166.76252460479736 111.67282104492188 153.76998901367188 111.67282104492188
151.45562744140625 85.48072814941406 164.5123872756958 85.48072814941406 164.5123872756958 110.9976634979248 151.45562744140625 110.9976634979248
150.4311981201172 84.4738540649414 163.41585731506348 84.4738540649414 163.41585731506348 110.00655937194824 150.4311981201172 110.00655937194824
149.71905517578125 83.09634399414062 162.85281562805176 83.09634399414062 162.85281562805176 109.33332252502441 149.71905517578125 109.33332252502441
148.60403442382812 82.55545043945312 161.43169403076172 82.55545043945312 161.43169403076172 108.431884765625 148.60403442382812 108.431884765625
147.32501220703125 81.79682922363281 160.3085479736328 81.79682922363281 160.3085479736328 106.95241928100586 147.32501220703125 106.95241928100586
145.7801055908203 81.03849029541016 158.63128662109375 81.03849029541016 158.63128662109375 105.93764305114746 145.7801055908203 105.93764305114746
144.87936401367188 80.81195831298828 157.4980640411377 80.81195831298828 157.4980640411377 105.33221626281738 144.87936401367188 105.33221626281738
142.90699768066406 78.73839569091797 155.63715362548828 78.73839569091797 155.63715362548828 103.40306282043457 142.90699768066406 103.40306282043457
142.98101806640625 78.95417785644531 155.70625114440918 78.95417785644531 155.70625114440918 103.60930633544922 142.98101806640625 103.60930633544922
141.2321319580078 77.99273681640625 153.61915493011475 77.99273681640625 153.61915493011475 102.76227569580078 141.2321319580078 102.76227569580078
140.35037231445312 77.9662094116211 153.10867404937744 77.9662094116211 153.10867404937744 102.68540954589844 140.35037231445312 102.68540954589844
