104.0 114.0 121.0 114.0 121.0 147.0 104.0 147.0
105.31912994384766 115.0748519897461 122.23684692382812 115.0748519897461 122.23684692382812 147.43060302734375 105.31912994384766 147.43060302734375
106.3596420288086 114.8714370727539 122.9763298034668 114.8714370727539 122.9763298034668 148.16384887695312 106.3596420288086 148.16384887695312
107.29046630859375 114.68806457519531 123.85848617553711 114.68806457519531 123.85848617553711 147.9616928100586 107.29046630859375 147.9616928100586
108.7310562133789 114.52775573730469 125.32348251342773 114.52775573730469 125.32348251342773 147.3603630065918 108.7310562133789 147.3603630065918
109.88044738769531 115.37364196777344 126.50232887268066 115.37364196777344 126.50232887268066 147.6396484375 109.88044738769531 147.6396484375
110.23677062988281 116.53083801269531 126.79731941223145 116.53083801269531 126.79731941223145 148.67778778076172 110.23677062988281 148.67778778076172
111.65010070800781 116.71488952636719 128.2507667541504 116.71488952636719 128.2507667541504 148.93971633911133 111.65010070800781 148.93971633911133
113.66937255859375 117.8319091796875 129.23192596435547 117.8319091796875 129.23192596435547 149.51401138305664 113.66937255859375 149.51401138305664
114.32658386230469 117.7961196899414 130.40541648864746 117.7961196899414 130.40541648864746 149.44625091552734 114.32658386230469 149.44625091552734
116.0925064086914 117.91790771484375 131.74248218536377 117.91790771484375 131.74248218536377 151.07580184936523 116.0925064086914 151.07580184936523
116.42771911621094 116.89522552490234 133.15603065490723 116.89522552490234 133.15603065490723 149.36783599853516 116.42771911621094 149.36783599853516
117.44830322265625 117.90716552734375 133.8636875152588 117.90716552734375 133.8636875152588 150.90263748168945 117.44830322265625 150.90263748168945
118.84798431396484 118.02103424072266 135.51041412353516 118.02103424072266 135.51041412353516 150.3657569885254 118.84798431396484 150.3657569885254
120.53709411621094 118.84464263916016 136.63046264648438 118.84464263916016 136.63046264648438 151.092529296875 120.53709411621094 151.092529296875
120.92620849609375 119.7008056640625 137.11314010620117 119.7008056640625 137.11314010620117 151.35728073120117 120.92620849609375 151.35728073120117
123.01373291015625 118.98106384277344 139.13901329040527 118.98106384277344 139.13901329040527 150.2830810546875 123.01373291015625 150.2830810546875
124.3466796875 119.8689193725586 140.69644737243652 119.8689193725586 140.69644737243652 151.60670852661133 124.3466796875 151.60670852661133
125.45584869384766 119.99300384521484 141.99675941467285 119.99300384521484 141.99675941467285 152.10183715820312 125.45584869384766 152.10183715820312
126.8504867553711 119.13426208496094 143.29905891418457 119.13426208496094 143.29905891418457 151.06384658813477 126.8504867553711 151.06384658813477
128.36634826660156 118.98576354980469 144.74929428100586 118.98576354980469 144.74929428100586 150.78795433044434 128.36634826660156 150.78795433044434
129.3203887939453 120.62774658203125 145.6095314025879 120.62774658203125 145.6095314025879 152.24784469604492 129.3203887939453 152.24784469604492
130.38418579101562 120.90669250488281 146.72552680969238 120.90669250488281 146.72552680969238 152.62811660766602 130.38418579101562 152.62811660766602
131.60293579101562 121.3742904663086 148.21025466918945 121.3742904663086 148.21025466918945 153.83203887939453 131.60293579101562 153.83203887939453
133.92337036132812 121.1285629272461 150.36049270629883 121.1285629272461 150.36049270629883 153.2303810119629 133.92337036132812 153.2303810119629
134.92845153808594 121.4491958618164 151.23433113098145 121.4491958618164 151.23433113098145 153.1017780303955 134.92845153808594 153.1017780303955
136.29515075683594 121.56463623046875 152.7082977294922 121.56463623046875 152.7082977294922 154.0829086303711 136.29515075683594 154.0829086303711
137.7747344970703 122.18839263916016 154.1769142150879 122.18839263916016 154.1769142150879 154.02791595458984 137.7747344970703 154.02791595458984
138.80288696289062 122.12030029296875 155.20968055725098 122.12030029296875 155.20968055725098 153.96877670288086 138.80288696289062 153.96877670288086
140.47207641601562 122.8231430053711 157.15622329711914 122.8231430053711 157.15622329711914 155.2100067138672 140.47207641601562 155.2100067138672
142.20263671875 123.39982604980469 158.95841598510742 123.39982604980469 158.95841598510742 155.92573928833008 142.20263671875 155.92573928833008
144.2201690673828 123.3453369140625 160.71450996398926 123.3453369140625 160.71450996398926 155.36375045776367 144.2201690673828 155.36375045776367
145.29251098632812 123.9766845703125 161.85369110107422 123.9766845703125 161.85369110107422 156.1248435974121 145.29251098632812 156.1248435974121
147.3096160888672 123.38334655761719 163.76254272460938 123.38334655761719 163.76254272460938 155.32136917114258 147.3096160888672 155.32136917114258
148.28309631347656 123.15726470947266 165.0092372894287 123.15726470947266 165.0092372894287 155.62564086914062 148.28309631347656 155.62564086914062
149.14035034179688 122.61494445800781 165.84127807617188 122.61494445800781 165.84127807617188 155.0343780517578 149.14035034179688 155.0343780517578
150.2834014892578 123.9746322631836 166.71533584594727 123.9746322631836 166.71533584594727 156.64714431762695 150.2834014892578 156.64714431762695
151.17782592773438 125.06874084472656 168.0393581390381 125.06874084472656 168.0393581390381 157.79993438720703 151.17782592773438 157.79993438720703
152.9005889892578 126.08712005615234 169.66191482543945 126.08712005615234 169.66191482543945 158.62379455566406 152.9005889892578 158.62379455566406
154.40054321289062 125.49467468261719 170.67364120483398 125.49467468261719 170.67364120483398 158.77338790893555 154.40054321289062 158.77338790893555
155.7073211669922 126.01292419433594 172.50817489624023 126.01292419433594 172.50817489624023 158.6263313293457 155.7073211669922 158.6263313293457
156.53196716308594 125.74922180175781 173.53560256958008 125.74922180175781 173.53560256958008 158.75626373291016 156.53196716308594 158.75626373291016
157.77703857421875 125.66288757324219 174.5954475402832 125.66288757324219 174.5954475402832 158.31037139892578 157.77703857421875 158.31037139892578
159.34970092773438 125.7299575805664 176.1451930999756 125.7299575805664 176.1451930999756 158.3329620361328 159.34970092773438 158.3329620361328
160.11077880859375 126.90852355957031 176.7894287109375 126.90852355957031 176.7894287109375 159.2847137451172 160.11077880859375 159.2847137451172
161.5628662109375 127.3585205078125 177.88564682006836 127.3585205078125 177.88564682006836 159.0439052581787 161.5628662109375 159.0439052581787
163.5801544189453 128.17311096191406 180.00085830688477 128.17311096191406 180.00085830688477 160.04858016967773 163.5801544189453 160.04858016967773
165.32957458496094 128.41876220703125 181.67910194396973 128.41876220703125 181.67910194396973 160.15606307983398 165.32957458496094 160.15606307983398
166.98953247070312 129.20565795898438 183.11387825012207 129.20565795898438 183.11387825012207 160.50584030151367 166.98953247070312 160.50584030151367
167.8547821044922 127.9953842163086 183.93057250976562 127.9953842163086 183.93057250976562 159.2013111114502 167.8547821044922 159.2013111114502
168.6765594482422 128.10897827148438 185.01536560058594 128.10897827148438 185.01536560058594 159.82546615600586 168.6765594482422 159.82546615600586
169.0458221435547 128.53182983398438 185.69130325317383 128.53182983398438 185.69130325317383 160.84362411499023 169.0458221435547 160.84362411499023
171.2161865234375 129.2915802001953 187.96618461608887 129.2915802001953 187.96618461608887 161.80625915527344 171.2161865234375 161.80625915527344
171.8130340576172 129.81307983398438 188.72558975219727 129.81307983398438 188.72558975219727 162.643310546875 171.8130340576172 162.643310546875
173.06544494628906 130.95538330078125 189.6713466644287 130.95538330078125 189.6713466644287 163.19034576416016 173.06544494628906 163.19034576416016
175.23365783691406 131.52334594726562 191.78321838378906 131.52334594726562 191.78321838378906 163.6489372253418 175.23365783691406 163.6489372253418
176.01406860351562 131.6077423095703 192.6405735015869 131.6077423095703 192.6405735015869 163.88269424438477 176.01406860351562 163.88269424438477
177.01136779785156 130.95689392089844 193.66398239135742 130.95689392089844 193.66398239135742 163.28252792358398 177.01136779785156 163.28252792358398
178.8636016845703 130.760009765625 195.6339511871338 130.760009765625 195.6339511871338 163.3141860961914 178.8636016845703 163.3141860961914
179.7398223876953 132.0146942138672 196.59543800354004 132.0146942138672 196.59543800354004 164.73438262939453 179.7398223876953 164.73438262939453
181.04013061523438 132.15145874023438 197.8004264831543 132.15145874023438 197.8004264831543 164.68611526489258 181.04013061523438 164.68611526489258
182.60089111328125 132.6578826904297 199.3622646331787 132.6578826904297 199.3622646331787 165.19463348388672 182.60089111328125 165.19463348388672
183.6901092529297 133.9531707763672 200.64618110656738 133.9531707763672 200.64618110656738 166.86786651611328 183.6901092529297 166.86786651611328
185.2284393310547 133.97030639648438 202.35674667358398 133.97030639648438 202.35674667358398 167.21934127807617 185.2284393310547 167.21934127807617
186.56124877929688 133.19467163085938 204.09232330322266 133.19467163085938 204.09232330322266 167.22554779052734 186.56124877929688 167.22554779052734
187.4092254638672 133.05885314941406 204.95954513549805 133.05885314941406 204.95954513549805 167.12709045410156 187.4092254638672 167.12709045410156
189.15753173828125 133.80661010742188 206.85406875610352 133.80661010742188 206.85406875610352 168.1586799621582 189.15753173828125 168.1586799621582
189.672119140625 134.70248413085938 207.2693576812744 134.70248413085938 207.2693576812744 168.86179733276367 189.672119140625 168.86179733276367
190.72891235351562 134.0465545654297 208.37794494628906 134.0465545654297 208.37794494628906 168.30641174316406 190.72891235351562 168.30641174316406
191.6795654296875 135.70040893554688 209.4337100982666 135.70040893554688 209.4337100982666 170.16430282592773 191.6795654296875 170.16430282592773
193.40921020507812 136.82965087890625 210.9544334411621 136.82965087890625 210.9544334411621 170.88799285888672 193.40921020507812 170.88799285888672
195.04649353027344 137.53216552734375 212.39686584472656 137.53216552734375 212.39686584472656 171.21226501464844 195.04649353027344 171.21226501464844
196.61367797851562 137.6063995361328 214.05734634399414 137.6063995361328 214.05734634399414 171.46759796142578 196.61367797851562 171.46759796142578
196.51788330078125 138.08590698242188 214.31657028198242 138.08590698242188 214.31657028198242 172.6362533569336 196.51788330078125 172.6362533569336
197.85763549804688 137.17333984375 215.98619270324707 137.17333984375 215.98619270324707 172.36402130126953 197.85763549804688 172.36402130126953
199.56094360351562 138.0017852783203 217.56559371948242 138.0017852783203 217.56559371948242 172.95194244384766 199.56094360351562 172.95194244384766
200.06399536132812 138.91676330566406 218.081787109375 138.91676330566406 218.081787109375 173.8924331665039 200.06399536132812 173.8924331665039
201.1802520751953 140.16104125976562 219.2663688659668 140.16104125976562 219.2663688659668 175.26934432983398 201.1802520751953 175.26934432983398
202.81930541992188 140.8165283203125 220.7602138519287 140.8165283203125 220.7602138519287 175.6429557800293 202.81930541992188 175.6429557800293
203.38577270507812 140.7480010986328 221.43798446655273 140.7480010986328 221.43798446655273 175.7904930114746 203.38577270507812 175.7904930114746
204.6962432861328 141.02195739746094 223.02179336547852 141.02195739746094 223.02179336547852 176.5950469970703 204.6962432861328 176.5950469970703
205.6751251220703 141.6651153564453 223.86728858947754 141.6651153564453 223.86728858947754 176.97927856445312 205.6751251220703 176.97927856445312
205.9181671142578 141.58029174804688 224.23791694641113 141.58029174804688 224.23791694641113 177.14212799072266 205.9181671142578 177.14212799072266
206.3997039794922 142.14759826660156 225.08213806152344 142.14759826660156 225.08213806152344 178.41347122192383 206.3997039794922 178.41347122192383
207.06680297851562 142.51107788085938 225.9774990081787 142.51107788085938 225.9774990081787 179.5782699584961 207.06680297851562 179.5782699584961
207.3208465576172 144.60000610351562 225.72622299194336 144.60000610351562 225.72622299194336 181.73709106445312 207.3208465576172 181.73709106445312
207.7263946533203 145.43106079101562 226.1370449066162 145.43106079101562 226.1370449066162 183.28436279296875 207.7263946533203 183.28436279296875
208.0066680908203 145.23138427734375 226.7921485900879 145.23138427734375 226.7921485900879 182.8403778076172 208.0066680908203 182.8403778076172
209.2036590576172 145.37869262695312 228.87686920166016 145.37869262695312 228.87686920166016 183.5678482055664 209.2036590576172 183.5678482055664
208.7278289794922 145.665771484375 228.81793975830078 145.665771484375 228.81793975830078 184.66420364379883 208.7278289794922 184.66420364379883
209.4805450439453 145.64610290527344 229.27777671813965 145.64610290527344 229.27777671813965 184.0760040283203 209.4805450439453 184.0760040283203
209.69223022460938 145.30795288085938 229.71159553527832 145.30795288085938 229.71159553527832 184.16904830932617 209.69223022460938 184.16904830932617
209.642333984375 146.93844604492188 229.52410316467285 146.93844604492188 229.52410316467285 185.53244018554688 209.642333984375 185.53244018554688
210.0167694091797 147.4610137939453 229.89615440368652 147.4610137939453 229.89615440368652 186.92356491088867 210.0167694091797 186.92356491088867
211.18124389648438 149.57931518554688 230.44981384277344 149.57931518554688 230.44981384277344 188.73519897460938 211.18124389648438 188.73519897460938
211.0771026611328 149.66262817382812 231.04369735717773 149.66262817382812 231.04369735717773 188.88615798950195 211.0771026611328 188.88615798950195
211.07077026367188 151.1663360595703 230.15505599975586 151.1663360595703 230.15505599975586 190.72355270385742 211.07077026367188 190.72355270385742
211.5638885498047 150.71585083007812 230.8350830078125 150.71585083007812 230.8350830078125 191.14706420898438 211.5638885498047 191.14706420898438
211.4050750732422 150.75253295898438 231.64012145996094 150.75253295898438 231.64012145996094 190.03229522705078 211.4050750732422 190.03229522705078
211.3463897705078 151.0638427734375 231.67003440856934 151.0638427734375 231.67003440856934 190.5155906677246 211.3463897705078 190.5155906677246
211.046142578125 151.44735717773438 231.48488235473633 151.44735717773438 231.48488235473633 191.12252044677734 211.046142578125 191.12252044677734
210.875732421875 152.14755249023438 231.4365348815918 152.14755249023438 231.4365348815918 192.05966186523438 210.875732421875 192.05966186523438
209.727294921875 154.68507385253906 230.25966835021973 154.68507385253906 230.25966835021973 194.54199600219727 209.727294921875 194.54199600219727
210.4073028564453 154.97015380859375 230.88257217407227 154.97015380859375 230.88257217407227 194.71622848510742 210.4073028564453 194.71622848510742
210.29727172851562 154.90689086914062 230.78654289245605 154.90689086914062 230.78654289245605 194.68014526367188 210.29727172851562 194.68014526367188
209.94717407226562 154.7749481201172 230.57003784179688 154.7749481201172 230.57003784179688 194.80752182006836 209.94717407226562 194.80752182006836
209.89535522460938 156.28659057617188 230.71617126464844 156.28659057617188 230.71617126464844 196.70342636108398 209.89535522460938 196.70342636108398
210.6471710205078 154.56326293945312 231.56676864624023 154.56326293945312 231.56676864624023 195.1718521118164 210.6471710205078 195.1718521118164
211.3209228515625 156.6044464111328 231.83334732055664 156.6044464111328 231.83334732055664 196.42264556884766 211.3209228515625 196.42264556884766
210.23019409179688 157.70924377441406 230.84046745300293 157.70924377441406 230.84046745300293 197.7173843383789 210.23019409179688 197.7173843383789
211.1953887939453 158.49134826660156 231.96322441101074 158.49134826660156 231.96322441101074 198.8053436279297 211.1953887939453 198.8053436279297
210.97427368164062 159.34774780273438 231.66247749328613 159.34774780273438 231.66247749328613 199.50716018676758 210.97427368164062 199.50716018676758
211.708984375 159.58084106445312 232.02514839172363 159.58084106445312 232.02514839172363 201.48394775390625 211.708984375 201.48394775390625
211.57406616210938 159.11062622070312 232.18612098693848 159.11062622070312 232.18612098693848 200.36568069458008 211.57406616210938 200.36568069458008
212.0183868408203 160.70382690429688 232.46071243286133 160.70382690429688 232.46071243286133 202.3285140991211 212.0183868408203 202.3285140991211
211.7751922607422 159.08924865722656 233.3754539489746 159.08924865722656 233.3754539489746 201.0191192626953 211.7751922607422 201.0191192626953
210.64724731445312 159.57171630859375 232.27706146240234 159.57171630859375 232.27706146240234 201.55895233154297 210.64724731445312 201.55895233154297
211.4564971923828 160.68801879882812 232.69153022766113 160.68801879882812 232.69153022766113 203.54369735717773 211.4564971923828 203.54369735717773
210.9455108642578 161.2098388671875 232.62699699401855 161.2098388671875 232.62699699401855 203.2973747253418 210.9455108642578 203.2973747253418
210.1816864013672 161.8842010498047 231.92781448364258 161.8842010498047 231.92781448364258 204.09721755981445 210.1816864013672 204.09721755981445
211.2119903564453 161.6628875732422 233.19036483764648 161.6628875732422 233.19036483764648 204.3267364501953 211.2119903564453 204.3267364501953
210.72048950195312 161.12496948242188 232.92028427124023 161.12496948242188 232.92028427124023 204.2186279296875 210.72048950195312 204.2186279296875
211.06494140625 161.48684692382812 233.2941188812256 161.48684692382812 233.2941188812256 204.6375389099121 211.06494140625 204.6375389099121
211.83407592773438 162.02833557128906 233.70792770385742 162.02833557128906 233.70792770385742 206.73124313354492 211.83407592773438 206.73124313354492
211.368408203125 161.91494750976562 234.20168495178223 161.91494750976562 234.20168495178223 206.2383041381836 211.368408203125 206.2383041381836
211.9887237548828 162.4934539794922 234.33509826660156 162.4934539794922 234.33509826660156 207.99436950683594 211.9887237548828 207.99436950683594
212.70553588867188 162.1265869140625 233.49157905578613 162.1265869140625 233.49157905578613 210.1848907470703 212.70553588867188 210.1848907470703
213.72293090820312 163.17111206054688 235.0530834197998 163.17111206054688 235.0530834197998 209.19768905639648 213.72293090820312 209.19768905639648
214.06143188476562 162.2802276611328 234.25438117980957 162.2802276611328 234.25438117980957 209.73520278930664 214.06143188476562 209.73520278930664
214.36520385742188 163.213134765625 234.8993911743164 163.213134765625 234.8993911743164 210.3248519897461 214.36520385742188 210.3248519897461
214.22775268554688 163.3019561767578 235.42212104797363 163.3019561767578 235.42212104797363 210.43590927124023 214.22775268554688 210.43590927124023
214.3153533935547 163.56832885742188 235.1016025543213 163.56832885742188 235.1016025543213 210.71399688720703 214.3153533935547 210.71399688720703
214.6517333984375 164.9603729248047 235.16082000732422 164.9603729248047 235.16082000732422 211.69201278686523 214.6517333984375 211.69201278686523
214.6140594482422 166.29640197753906 235.34646034240723 166.29640197753906 235.34646034240723 212.23979949951172 214.6140594482422 212.23979949951172
213.6420135498047 167.38629150390625 235.59978866577148 167.38629150390625 235.59978866577148 212.52972030639648 213.6420135498047 212.52972030639648
213.9268798828125 168.78610229492188 235.22809982299805 168.78610229492188 235.22809982299805 214.81033325195312 213.9268798828125 214.81033325195312
213.77426147460938 169.4054718017578 235.31239891052246 169.4054718017578 235.31239891052246 214.91140365600586 213.77426147460938 214.91140365600586
214.02206420898438 169.63514709472656 235.88980674743652 169.63514709472656 235.88980674743652 215.44330596923828 214.02206420898438 215.44330596923828
213.5814971923828 170.3813018798828 235.06380653381348 170.3813018798828 235.06380653381348 215.68511962890625 213.5814971923828 215.68511962890625
214.330322265625 169.64309692382812 235.1623020172119 169.64309692382812 235.1623020172119 217.1246223449707 214.330322265625 217.1246223449707
213.85885620117188 170.3675537109375 235.15087890625 170.3675537109375 235.15087890625 217.74604415893555 213.85885620117188 217.74604415893555
213.9535369873047 171.1927032470703 236.10793685913086 171.1927032470703 236.10793685913086 216.42557907104492 213.9535369873047 216.42557907104492
213.62109375 172.39205932617188 235.65250205993652 172.39205932617188 235.65250205993652 217.19956970214844 213.62109375 217.19956970214844
214.61410522460938 172.6919708251953 236.80274963378906 172.6919708251953 236.80274963378906 216.6100616455078 214.61410522460938 216.6100616455078
214.9088897705078 174.60311889648438 237.25952911376953 174.60311889648438 237.25952911376953 217.9895782470703 214.9088897705078 217.9895782470703
215.4932403564453 173.3568878173828 237.9419059753418 173.3568878173828 237.9419059753418 216.93363189697266 215.4932403564453 216.93363189697266
215.73110961914062 173.80197143554688 238.5337791442871 173.80197143554688 238.5337791442871 218.06589889526367 215.73110961914062 218.06589889526367
215.813720703125 175.66078186035156 238.40692520141602 175.66078186035156 238.40692520141602 219.5181007385254 215.813720703125 219.5181007385254
216.26138305664062 175.78097534179688 238.9064884185791 175.78097534179688 238.9064884185791 219.73904037475586 216.26138305664062 219.73904037475586
216.1985321044922 178.1361083984375 238.85038948059082 178.1361083984375 238.85038948059082 222.1072769165039 216.1985321044922 222.1072769165039
216.2742156982422 178.46273803710938 239.24347686767578 178.46273803710938 239.24347686767578 223.05004119873047 216.2742156982422 223.05004119873047
216.2750701904297 179.3297119140625 239.22679710388184 179.3297119140625 239.22679710388184 223.88297653198242 216.2750701904297 223.88297653198242
215.9422149658203 180.4051055908203 238.5980453491211 180.4051055908203 238.5980453491211 225.8192367553711 215.9422149658203 225.8192367553711
215.5502471923828 180.561279296875 239.17184829711914 180.561279296875 239.17184829711914 226.4148826599121 215.5502471923828 226.4148826599121
215.37557983398438 180.92027282714844 239.26877212524414 180.92027282714844 239.26877212524414 227.30108261108398 215.37557983398438 227.30108261108398
215.9361114501953 182.66583251953125 239.59370231628418 182.66583251953125 239.59370231628418 228.58929443359375 215.9361114501953 228.58929443359375
215.6807403564453 183.70339965820312 236.77446365356445 183.70339965820312 236.77446365356445 234.45279693603516 215.6807403564453 234.45279693603516
215.6689910888672 183.79078674316406 237.46486854553223 183.79078674316406 237.46486854553223 235.4651641845703 215.6689910888672 235.4651641845703
216.23965454101562 186.15237426757812 237.3426914215088 186.15237426757812 237.3426914215088 236.53516387939453 216.23965454101562 236.53516387939453
216.6462860107422 187.3748779296875 238.51300430297852 187.3748779296875 238.51300430297852 236.7339973449707 216.6462860107422 236.7339973449707
217.24313354492188 188.82754516601562 240.63631629943848 188.82754516601562 240.63631629943848 236.1852684020996 217.24313354492188 236.1852684020996
216.44076538085938 188.90785217285156 239.9496250152588 188.90785217285156 239.9496250152588 236.49481201171875 216.44076538085938 236.49481201171875
215.8380584716797 188.73092651367188 238.98171615600586 188.73092651367188 238.98171615600586 238.73432159423828 215.8380584716797 238.73432159423828
