181.0 9.0 206.0 9.0 206.0 26.0 181.0 26.0
180.5469970703125 8.988565444946289 205.65595245361328 8.988565444946289 205.65595245361328 25.825031280517578 180.5469970703125 25.825031280517578
181.0255584716797 8.679342269897461 205.9551010131836 8.679342269897461 205.9551010131836 25.8607177734375 181.0255584716797 25.8607177734375
177.27931213378906 9.895475387573242 201.4104766845703 9.895475387573242 201.4104766845703 27.36384391784668 177.27931213378906 27.36384391784668
177.29205322265625 10.193074226379395 200.687255859375 10.193074226379395 200.687255859375 27.269099235534668 177.29205322265625 27.269099235534668
174.18295288085938 10.263901710510254 198.72418212890625 10.263901710510254 198.72418212890625 28.258240699768066 174.18295288085938 28.258240699768066
174.04783630371094 10.405405044555664 197.78993225097656 10.405405044555664 197.78993225097656 27.711515426635742 174.04783630371094 27.711515426635742
174.08999633789062 10.34957218170166 198.94399070739746 10.34957218170166 198.94399070739746 28.918334007263184 174.08999633789062 28.918334007263184
170.3643035888672 11.051507949829102 195.61021614074707 11.051507949829102 195.61021614074707 28.663618087768555 170.3643035888672 28.663618087768555
170.81964111328125 10.826356887817383 195.99090003967285 10.826356887817383 195.99090003967285 29.030227661132812 170.81964111328125 29.030227661132812
165.32542419433594 12.153034210205078 191.6849880218506 12.153034210205078 191.6849880218506 30.53723907470703 165.32542419433594 30.53723907470703
166.5080108642578 11.860319137573242 191.0097599029541 11.860319137573242 191.0097599029541 30.137414932250977 166.5080108642578 30.137414932250977
163.2572784423828 13.159716606140137 189.83870887756348 13.159716606140137 189.83870887756348 30.85432720184326 163.2572784423828 30.85432720184326
164.20211791992188 12.291029930114746 189.38914108276367 12.291029930114746 189.38914108276367 31.107075691223145 164.20211791992188 31.107075691223145
160.5258026123047 13.296934127807617 187.10060119628906 13.296934127807617 187.10060119628906 31.732677459716797 160.5258026123047 31.732677459716797
160.2845458984375 14.241968154907227 186.43361282348633 14.241968154907227 186.43361282348633 31.4267578125 160.2845458984375 31.4267578125
160.880859375 13.322840690612793 186.15371131896973 13.322840690612793 186.15371131896973 31.308043479919434 160.880859375 31.308043479919434
156.51907348632812 14.686546325683594 182.43089866638184 14.686546325683594 182.43089866638184 32.49509620666504 156.51907348632812 32.49509620666504
156.64846801757812 14.333727836608887 181.9765224456787 14.333727836608887 181.9765224456787 32.373595237731934 156.64846801757812 32.373595237731934
153.78846740722656 15.291607856750488 179.5089454650879 15.291607856750488 179.5089454650879 33.06111812591553 153.78846740722656 33.06111812591553
154.0749053955078 15.814529418945312 179.7871608734131 15.814529418945312 179.7871608734131 33.4384765625 154.0749053955078 33.4384765625
153.83377075195312 15.657144546508789 178.88386154174805 15.657144546508789 178.88386154174805 33.25239372253418 153.83377075195312 33.25239372253418
150.52671813964844 17.474149703979492 174.64117813110352 17.474149703979492 174.64117813110352 34.57129096984863 150.52671813964844 34.57129096984863
149.8499755859375 16.602087020874023 174.8537197113037 16.602087020874023 174.8537197113037 34.9035701751709 149.8499755859375 34.9035701751709
147.00848388671875 17.75442123413086 172.60254859924316 17.75442123413086 172.60254859924316 35.65831756591797 147.00848388671875 35.65831756591797
147.00399780273438 17.35416030883789 172.5774688720703 17.35416030883789 172.5774688720703 35.49769592285156 147.00399780273438 35.49769592285156
144.84242248535156 19.04330062866211 169.39092826843262 19.04330062866211 169.39092826843262 36.407522201538086 144.84242248535156 36.407522201538086
144.96609497070312 18.086139678955078 169.17988204956055 18.086139678955078 169.17988204956055 35.668474197387695 144.96609497070312 35.668474197387695
141.31097412109375 20.061100006103516 166.52117729187012 20.061100006103516 166.52117729187012 37.78441047668457 141.31097412109375 37.78441047668457
140.5927276611328 19.64297103881836 165.6611385345459 19.64297103881836 165.6611385345459 37.3411979675293 140.5927276611328 37.3411979675293
141.1159210205078 19.869304656982422 166.00835990905762 19.869304656982422 166.00835990905762 37.53480529785156 141.1159210205078 37.53480529785156
138.5177001953125 20.191497802734375 163.21120262145996 20.191497802734375 163.21120262145996 38.75831985473633 138.5177001953125 38.75831985473633
139.15733337402344 21.39242935180664 163.22468948364258 21.39242935180664 163.22468948364258 39.158302307128906 139.15733337402344 39.158302307128906
139.1058807373047 20.70413589477539 163.06560134887695 20.70413589477539 163.06560134887695 39.07410430908203 139.1058807373047 39.07410430908203
135.80789184570312 21.633773803710938 160.3217658996582 21.633773803710938 160.3217658996582 39.106584548950195 135.80789184570312 39.106584548950195
136.3187255859375 22.178646087646484 161.53070068359375 22.178646087646484 161.53070068359375 40.356178283691406 136.3187255859375 40.356178283691406
132.98382568359375 22.939956665039062 158.3043155670166 22.939956665039062 158.3043155670166 40.75472640991211 132.98382568359375 40.75472640991211
132.88156127929688 22.797618865966797 157.66495323181152 22.797618865966797 157.66495323181152 40.099361419677734 132.88156127929688 40.099361419677734
129.32858276367188 24.425748825073242 154.85263633728027 24.425748825073242 154.85263633728027 42.38075065612793 129.32858276367188 42.38075065612793
130.3378143310547 24.537120819091797 153.62745475769043 24.537120819091797 153.62745475769043 41.732994079589844 130.3378143310547 41.732994079589844
128.2007293701172 24.922353744506836 152.83058738708496 24.922353744506836 152.83058738708496 42.98069763183594 128.2007293701172 42.98069763183594
127.70892333984375 25.348831176757812 152.8693447113037 25.348831176757812 152.8693447113037 43.25187873840332 127.70892333984375 43.25187873840332
127.48460388183594 25.400493621826172 152.41156387329102 25.400493621826172 152.41156387329102 43.02168273925781 127.48460388183594 43.02168273925781
123.82027435302734 26.738271713256836 149.09592819213867 26.738271713256836 149.09592819213867 44.40266990661621 123.82027435302734 44.40266990661621
124.16829681396484 26.824798583984375 148.83773612976074 26.824798583984375 148.83773612976074 45.07761001586914 124.16829681396484 45.07761001586914
121.48320007324219 27.590551376342773 147.04983139038086 27.590551376342773 147.04983139038086 45.69878387451172 121.48320007324219 45.69878387451172
120.90782165527344 27.448749542236328 146.6337070465088 27.448749542236328 146.6337070465088 46.09551811218262 120.90782165527344 46.09551811218262
119.21431732177734 29.25874900817871 144.28039932250977 29.25874900817871 144.28039932250977 47.58225440979004 119.21431732177734 47.58225440979004
119.12104797363281 29.455907821655273 144.66125297546387 29.455907821655273 144.66125297546387 47.6932315826416 119.12104797363281 47.6932315826416
117.98323822021484 29.13234519958496 142.8412380218506 29.13234519958496 142.8412380218506 47.18414878845215 117.98323822021484 47.18414878845215
114.8358383178711 29.69150161743164 140.88766860961914 29.69150161743164 140.88766860961914 48.332489013671875 114.8358383178711 48.332489013671875
114.8726577758789 29.175655364990234 140.25675201416016 29.175655364990234 140.25675201416016 48.03934288024902 114.8726577758789 48.03934288024902
113.53547668457031 30.964752197265625 139.57540321350098 30.964752197265625 139.57540321350098 49.176551818847656 113.53547668457031 49.176551818847656
113.6962890625 30.739330291748047 139.60951614379883 30.739330291748047 139.60951614379883 49.545671463012695 113.6962890625 49.545671463012695
112.08162689208984 31.184946060180664 138.0777416229248 31.184946060180664 138.0777416229248 49.55694007873535 112.08162689208984 49.55694007873535
112.21839904785156 31.261510848999023 137.74965476989746 31.261510848999023 137.74965476989746 49.85868263244629 112.21839904785156 49.85868263244629
111.9046859741211 31.279678344726562 137.51262664794922 31.279678344726562 137.51262664794922 50.52323532104492 111.9046859741211 50.52323532104492
109.38431549072266 33.35226821899414 135.22908401489258 33.35226821899414 135.22908401489258 51.97300720214844 109.38431549072266 51.97300720214844
109.69087982177734 32.322425842285156 135.06578826904297 32.322425842285156 135.06578826904297 52.02351760864258 109.69087982177734 52.02351760864258
109.10835266113281 33.72495651245117 135.2763271331787 33.72495651245117 135.2763271331787 52.56263732910156 109.10835266113281 52.56263732910156
106.78438568115234 33.861427307128906 133.73038482666016 33.861427307128906 133.73038482666016 53.75022506713867 106.78438568115234 53.75022506713867
106.2685546875 33.54314422607422 134.56960487365723 33.54314422607422 134.56960487365723 53.67492485046387 106.2685546875 53.67492485046387
106.12528228759766 34.79690933227539 131.79939079284668 34.79690933227539 131.79939079284668 54.55081558227539 106.12528228759766 54.55081558227539
106.14988708496094 33.6980094909668 133.08966445922852 33.6980094909668 133.08966445922852 54.09474754333496 106.14988708496094 54.09474754333496
107.0064697265625 33.70927810668945 132.01526832580566 33.70927810668945 132.01526832580566 53.78100395202637 107.0064697265625 53.78100395202637
102.39561462402344 38.582855224609375 128.17727279663086 38.582855224609375 128.17727279663086 57.46425437927246 102.39561462402344 57.46425437927246
102.90345764160156 38.013328552246094 128.9848289489746 38.013328552246094 128.9848289489746 57.19606018066406 102.90345764160156 57.19606018066406
101.5712890625 39.00971221923828 127.19442176818848 39.00971221923828 127.19442176818848 58.1025276184082 101.5712890625 58.1025276184082
101.61412048339844 37.77631759643555 127.33710670471191 37.77631759643555 127.33710670471191 57.339351654052734 101.61412048339844 57.339351654052734
101.10557556152344 37.876686096191406 125.87355041503906 37.876686096191406 125.87355041503906 57.716976165771484 101.10557556152344 57.716976165771484
100.49856567382812 40.142799377441406 124.6566219329834 40.142799377441406 124.6566219329834 58.111406326293945 100.49856567382812 58.111406326293945
96.1314468383789 42.57244873046875 123.04145431518555 42.57244873046875 123.04145431518555 60.87125778198242 96.1314468383789 60.87125778198242
96.95903015136719 43.34434127807617 122.67579078674316 43.34434127807617 122.67579078674316 61.57086372375488 96.95903015136719 61.57086372375488
97.54439544677734 43.31362533569336 122.32023048400879 43.31362533569336 122.32023048400879 60.73080062866211 97.54439544677734 60.73080062866211
95.88179016113281 44.052772521972656 121.82470321655273 44.052772521972656 121.82470321655273 62.27444076538086 95.88179016113281 62.27444076538086
97.34837341308594 43.810394287109375 122.01186943054199 43.810394287109375 122.01186943054199 62.076786041259766 97.34837341308594 62.076786041259766
96.78883361816406 44.02531814575195 120.77345657348633 44.02531814575195 120.77345657348633 62.59691047668457 96.78883361816406 62.59691047668457
96.75861358642578 43.83913803100586 121.13138008117676 43.83913803100586 121.13138008117676 62.66544151306152 96.75861358642578 62.66544151306152
93.8448257446289 44.59666442871094 119.27423858642578 44.59666442871094 119.27423858642578 62.99393081665039 93.8448257446289 62.99393081665039
93.47450256347656 45.18972396850586 119.61706161499023 45.18972396850586 119.61706161499023 63.489524841308594 93.47450256347656 63.489524841308594
94.06852722167969 44.259971618652344 119.43091201782227 44.259971618652344 119.43091201782227 63.45829391479492 94.06852722167969 63.45829391479492
93.78956604003906 47.108917236328125 117.65328025817871 47.108917236328125 117.65328025817871 65.14529418945312 93.78956604003906 65.14529418945312
93.71492767333984 46.62298583984375 117.7081527709961 46.62298583984375 117.7081527709961 64.2736701965332 93.71492767333984 64.2736701965332
93.98188781738281 47.73771286010742 117.1940803527832 47.73771286010742 117.1940803527832 65.73940658569336 93.98188781738281 65.73940658569336
94.65196228027344 47.35446548461914 117.13275146484375 47.35446548461914 117.13275146484375 65.8625717163086 94.65196228027344 65.8625717163086
92.18584442138672 49.13499069213867 116.57704544067383 49.13499069213867 116.57704544067383 67.50790405273438 92.18584442138672 67.50790405273438
93.00288391113281 48.1666145324707 116.90452194213867 48.1666145324707 116.90452194213867 67.21253967285156 93.00288391113281 67.21253967285156
93.39579772949219 49.256900787353516 116.07396507263184 49.256900787353516 116.07396507263184 67.11801528930664 93.39579772949219 67.11801528930664
92.87371063232422 50.03716278076172 116.47670364379883 50.03716278076172 116.47670364379883 68.50920867919922 92.87371063232422 68.50920867919922
92.6429672241211 49.283447265625 116.83232307434082 49.283447265625 116.83232307434082 68.6799430847168 92.6429672241211 68.6799430847168
92.1090316772461 52.73762130737305 115.90054702758789 52.73762130737305 115.90054702758789 71.06215476989746 92.1090316772461 71.06215476989746
91.21891784667969 52.75194549560547 116.25502395629883 52.75194549560547 116.25502395629883 71.52691650390625 91.21891784667969 71.52691650390625
91.60951232910156 52.487030029296875 116.05660820007324 52.487030029296875 116.05660820007324 70.73273277282715 91.60951232910156 70.73273277282715
91.94352722167969 54.20588302612305 116.24695014953613 54.20588302612305 116.24695014953613 72.24937438964844 91.94352722167969 72.24937438964844
91.84175872802734 53.906280517578125 115.06481552124023 53.906280517578125 115.06481552124023 72.15302276611328 91.84175872802734 72.15302276611328
91.50495147705078 54.30424880981445 115.22273254394531 54.30424880981445 115.22273254394531 72.84318351745605 91.50495147705078 72.84318351745605
91.8394546508789 54.3875617980957 115.03371810913086 54.3875617980957 115.03371810913086 72.75872802734375 91.8394546508789 72.75872802734375
91.684326171875 55.8150520324707 115.30918502807617 55.8150520324707 115.30918502807617 74.60591125488281 91.684326171875 74.60591125488281
91.12184143066406 56.109405517578125 114.85187911987305 56.109405517578125 114.85187911987305 74.39892387390137 91.12184143066406 74.39892387390137
91.5912094116211 56.159706115722656 115.52204513549805 56.159706115722656 115.52204513549805 74.2544059753418 91.5912094116211 74.2544059753418
90.85771179199219 58.2613525390625 114.0224609375 58.2613525390625 114.0224609375 76.39682388305664 90.85771179199219 76.39682388305664
90.75322723388672 57.74346923828125 113.89861297607422 57.74346923828125 113.89861297607422 76.18898010253906 90.75322723388672 76.18898010253906
90.65086364746094 59.20851516723633 113.38963508605957 59.20851516723633 113.38963508605957 76.85919189453125 90.65086364746094 76.85919189453125
91.21257019042969 59.631202697753906 114.06026840209961 59.631202697753906 114.06026840209961 77.28247261047363 91.21257019042969 77.28247261047363
91.50875091552734 60.3339958190918 116.01822280883789 60.3339958190918 116.01822280883789 78.24725151062012 91.50875091552734 78.24725151062012
92.04151153564453 60.37953567504883 115.81364440917969 60.37953567504883 115.81364440917969 78.07846450805664 92.04151153564453 78.07846450805664
91.75164794921875 59.46863555908203 115.65865516662598 59.46863555908203 115.65865516662598 78.24024391174316 91.75164794921875 78.24024391174316
92.25660705566406 61.87578201293945 115.78780555725098 61.87578201293945 115.78780555725098 79.37314796447754 92.25660705566406 79.37314796447754
91.6471939086914 61.88499069213867 115.21991157531738 61.88499069213867 115.21991157531738 79.58494186401367 91.6471939086914 79.58494186401367
93.28929138183594 63.56201171875 116.03764915466309 63.56201171875 116.03764915466309 81.87600326538086 93.28929138183594 81.87600326538086
93.45957946777344 62.63603591918945 116.52618408203125 62.63603591918945 116.52618408203125 80.89741516113281 93.45957946777344 80.89741516113281
93.49625396728516 65.55723571777344 116.83494567871094 65.55723571777344 116.83494567871094 82.99165153503418 93.49625396728516 82.99165153503418
93.6042251586914 65.45613098144531 117.09918785095215 65.45613098144531 117.09918785095215 82.46682929992676 93.6042251586914 82.46682929992676
93.26631927490234 66.17854309082031 115.7132453918457 66.17854309082031 115.7132453918457 82.80765914916992 93.26631927490234 82.80765914916992
94.57582092285156 66.63529205322266 118.06036376953125 66.63529205322266 118.06036376953125 84.6544075012207 94.57582092285156 84.6544075012207
94.81591796875 67.25525665283203 117.81051254272461 67.25525665283203 117.81051254272461 85.29555702209473 94.81591796875 85.29555702209473
95.90861511230469 68.75763702392578 118.97076797485352 68.75763702392578 118.97076797485352 85.39444160461426 95.90861511230469 85.39444160461426
95.87150573730469 69.6429214477539 119.36893844604492 69.6429214477539 119.36893844604492 86.89771270751953 95.87150573730469 86.89771270751953
97.67222595214844 69.98231506347656 120.9642219543457 69.98231506347656 120.9642219543457 87.62370109558105 97.67222595214844 87.62370109558105
98.28693389892578 69.20856475830078 120.63671112060547 69.20856475830078 120.63671112060547 87.59625053405762 98.28693389892578 87.59625053405762
97.84959411621094 69.92548370361328 121.2805004119873 69.92548370361328 121.2805004119873 87.8377914428711 97.84959411621094 87.8377914428711
98.91802215576172 73.00779724121094 123.47666549682617 73.00779724121094 123.47666549682617 91.1549072265625 98.91802215576172 91.1549072265625
98.8653335571289 73.04544830322266 123.0954360961914 73.04544830322266 123.0954360961914 91.26202011108398 98.8653335571289 91.26202011108398
100.119384765625 75.30555725097656 125.99350929260254 75.30555725097656 125.99350929260254 94.14677429199219 100.119384765625 94.14677429199219
100.29317474365234 75.02371978759766 125.57048988342285 75.02371978759766 125.57048988342285 93.59174346923828 100.29317474365234 93.59174346923828
100.41600036621094 75.00003051757812 125.33207130432129 75.00003051757812 125.33207130432129 94.4806900024414 100.41600036621094 94.4806900024414
102.15433502197266 77.38932800292969 126.72390174865723 77.38932800292969 126.72390174865723 95.10479354858398 102.15433502197266 95.10479354858398
102.13275146484375 77.61962890625 127.08699798583984 77.61962890625 127.08699798583984 95.11340713500977 102.13275146484375 95.11340713500977
104.5595474243164 76.91407775878906 129.14570999145508 76.91407775878906 129.14570999145508 95.93698120117188 104.5595474243164 95.93698120117188
104.36263275146484 78.05843353271484 129.40953826904297 78.05843353271484 129.40953826904297 97.72029876708984 104.36263275146484 97.72029876708984
