125.0 84.0 148.0 84.0 148.0 101.0 125.0 101.0
126.74043273925781 84.61438751220703 149.1711654663086 84.61438751220703 149.1711654663086 101.42321014404297 126.74043273925781 101.42321014404297
127.41822814941406 85.60316467285156 149.55938720703125 85.60316467285156 149.55938720703125 102.72292137145996 127.41822814941406 102.72292137145996
128.33230590820312 86.92083740234375 151.37063217163086 86.92083740234375 151.37063217163086 103.83933448791504 128.33230590820312 103.83933448791504
130.03675842285156 86.67224884033203 151.6117706298828 86.67224884033203 151.6117706298828 104.01667213439941 130.03675842285156 104.01667213439941
130.3182373046875 87.44038391113281 152.7047939300537 87.44038391113281 152.7047939300537 105.29273986816406 130.3182373046875 105.29273986816406
131.114990234375 88.1283950805664 154.20732498168945 88.1283950805664 154.20732498168945 105.58601760864258 131.114990234375 105.58601760864258
132.06301879882812 88.3035659790039 153.98070526123047 88.3035659790039 153.98070526123047 105.77016830444336 132.06301879882812 105.77016830444336
131.48043823242188 88.96925354003906 154.54032516479492 88.96925354003906 154.54032516479492 106.36301803588867 131.48043823242188 106.36301803588867
133.30679321289062 89.9139404296875 155.52732276916504 89.9139404296875 155.52732276916504 107.73469543457031 133.30679321289062 107.73469543457031
133.69802856445312 90.16600036621094 157.6384677886963 90.16600036621094 157.6384677886963 108.31259536743164 133.69802856445312 108.31259536743164
134.2957305908203 91.37620544433594 156.86248397827148 91.37620544433594 156.86248397827148 108.60404777526855 134.2957305908203 108.60404777526855
135.37808227539062 91.26271057128906 158.33323287963867 91.26271057128906 158.33323287963867 109.39043235778809 135.37808227539062 109.39043235778809
136.38162231445312 92.27473449707031 159.1732578277588 92.27473449707031 159.1732578277588 110.17848777770996 136.38162231445312 110.17848777770996
137.3675994873047 93.37604522705078 161.18297958374023 93.37604522705078 161.18297958374023 111.55610084533691 137.3675994873047 111.55610084533691
137.9415283203125 93.98770141601562 160.71677780151367 93.98770141601562 160.71677780151367 111.28325271606445 137.9415283203125 111.28325271606445
138.92483520507812 94.06513977050781 161.19436073303223 94.06513977050781 161.19436073303223 111.83407211303711 138.92483520507812 111.83407211303711
139.58401489257812 95.07749938964844 161.94000625610352 95.07749938964844 161.94000625610352 113.16323471069336 139.58401489257812 113.16323471069336
139.75021362304688 95.9078140258789 162.94459533691406 95.9078140258789 162.94459533691406 114.49084281921387 139.75021362304688 114.49084281921387
140.2828369140625 95.64677429199219 162.9681739807129 95.64677429199219 162.9681739807129 113.93753433227539 140.2828369140625 113.93753433227539
140.5140838623047 97.50440979003906 164.67242240905762 97.50440979003906 164.67242240905762 115.51142120361328 140.5140838623047 115.51142120361328
141.22525024414062 97.6630630493164 164.67615699768066 97.6630630493164 164.67615699768066 115.69660186767578 141.22525024414062 115.69660186767578
141.66830444335938 98.33531951904297 164.9923553466797 98.33531951904297 164.9923553466797 115.9010238647461 141.66830444335938 115.9010238647461
142.111083984375 99.50419616699219 165.6506118774414 99.50419616699219 165.6506118774414 117.10246276855469 142.111083984375 117.10246276855469
143.32736206054688 100.29179382324219 167.0618553161621 100.29179382324219 167.0618553161621 118.31238746643066 143.32736206054688 118.31238746643066
144.23770141601562 100.95296478271484 167.6132926940918 100.95296478271484 167.6132926940918 118.9159049987793 144.23770141601562 118.9159049987793
144.60861206054688 102.03617095947266 168.3804168701172 102.03617095947266 168.3804168701172 119.82737350463867 144.60861206054688 119.82737350463867
144.7328643798828 102.16541290283203 169.2899398803711 102.16541290283203 169.2899398803711 120.61326599121094 144.7328643798828 120.61326599121094
145.8878936767578 103.43900299072266 169.62542533874512 103.43900299072266 169.62542533874512 121.29778480529785 145.8878936767578 121.29778480529785
146.4131317138672 104.71797943115234 170.9508934020996 104.71797943115234 170.9508934020996 122.75522041320801 146.4131317138672 122.75522041320801
146.5382843017578 104.1817855834961 171.34163284301758 104.1817855834961 171.34163284301758 122.66641616821289 146.5382843017578 122.66641616821289
147.17507934570312 104.5448226928711 171.83213424682617 104.5448226928711 171.83213424682617 123.15195274353027 147.17507934570312 123.15195274353027
146.76858520507812 105.29176330566406 171.69691848754883 105.29176330566406 171.69691848754883 124.04605484008789 146.76858520507812 124.04605484008789
148.09298706054688 106.44234466552734 172.2802734375 106.44234466552734 172.2802734375 124.82339096069336 148.09298706054688 124.82339096069336
149.1927947998047 107.28562927246094 173.09107398986816 107.28562927246094 173.09107398986816 126.24718856811523 149.1927947998047 126.24718856811523
150.04458618164062 108.2177963256836 174.51527976989746 108.2177963256836 174.51527976989746 127.76332092285156 150.04458618164062 127.76332092285156
150.8456268310547 109.18635559082031 174.95407485961914 109.18635559082031 174.95407485961914 127.23200988769531 150.8456268310547 127.23200988769531
151.6284942626953 109.95732116699219 176.3077278137207 109.95732116699219 176.3077278137207 127.86299514770508 151.6284942626953 127.86299514770508
151.947509765625 110.9299545288086 176.58961486816406 110.9299545288086 176.58961486816406 129.9982032775879 151.947509765625 129.9982032775879
151.23805236816406 111.43391418457031 176.2256908416748 111.43391418457031 176.2256908416748 129.81691360473633 151.23805236816406 129.81691360473633
152.18173217773438 112.37086486816406 178.15648460388184 112.37086486816406 178.15648460388184 131.28560256958008 152.18173217773438 131.28560256958008
153.12026977539062 112.88470458984375 178.87270545959473 112.88470458984375 178.87270545959473 132.29918670654297 153.12026977539062 132.29918670654297
154.49403381347656 114.49125671386719 179.4328956604004 114.49125671386719 179.4328956604004 132.72692489624023 154.49403381347656 132.72692489624023
154.783447265625 115.2611312866211 179.6822338104248 115.2611312866211 179.6822338104248 133.74610710144043 154.783447265625 133.74610710144043
156.18011474609375 116.05809020996094 180.5233917236328 116.05809020996094 180.5233917236328 134.08064079284668 156.18011474609375 134.08064079284668
156.53944396972656 117.23200988769531 182.07109832763672 117.23200988769531 182.07109832763672 135.99036407470703 156.53944396972656 135.99036407470703
156.9232940673828 119.03587341308594 183.38258934020996 119.03587341308594 183.38258934020996 137.3789348602295 156.9232940673828 137.3789348602295
157.4197235107422 119.25712585449219 183.0266990661621 119.25712585449219 183.0266990661621 137.35876846313477 157.4197235107422 137.35876846313477
157.5897979736328 120.3714599609375 184.32920265197754 120.3714599609375 184.32920265197754 139.286527633667 157.5897979736328 139.286527633667
159.59115600585938 121.96650695800781 185.3658447265625 121.96650695800781 185.3658447265625 140.33347702026367 159.59115600585938 140.33347702026367
158.87437438964844 121.64898681640625 184.90161514282227 121.64898681640625 184.90161514282227 140.3315486907959 158.87437438964844 140.3315486907959
161.0419464111328 123.20481872558594 186.55162620544434 123.20481872558594 186.55162620544434 141.53836059570312 161.0419464111328 141.53836059570312
160.86349487304688 123.32271575927734 187.09978675842285 123.32271575927734 187.09978675842285 142.34081649780273 160.86349487304688 142.34081649780273
160.64141845703125 124.70999908447266 187.63876914978027 124.70999908447266 187.63876914978027 143.29187393188477 160.64141845703125 143.29187393188477
162.10678100585938 125.52500915527344 188.87055587768555 125.52500915527344 188.87055587768555 143.41243362426758 162.10678100585938 143.41243362426758
162.99432373046875 127.26985168457031 190.3875675201416 127.26985168457031 190.3875675201416 145.87069511413574 162.99432373046875 145.87069511413574
164.21934509277344 128.47647094726562 190.65925979614258 128.47647094726562 190.65925979614258 147.71627616882324 164.21934509277344 147.71627616882324
165.8480987548828 129.7181396484375 191.60916137695312 129.7181396484375 191.60916137695312 148.9364471435547 165.8480987548828 148.9364471435547
167.1126708984375 132.13192749023438 192.60143852233887 132.13192749023438 192.60143852233887 149.67280197143555 167.1126708984375 149.67280197143555
167.3385467529297 133.40582275390625 193.1157169342041 133.40582275390625 193.1157169342041 151.34914016723633 167.3385467529297 151.34914016723633
166.89553833007812 134.072021484375 193.5244083404541 134.072021484375 193.5244083404541 150.75771522521973 166.89553833007812 150.75771522521973
166.54443359375 135.23837280273438 193.9423713684082 135.23837280273438 193.9423713684082 153.1980495452881 166.54443359375 153.1980495452881
168.18707275390625 136.3481903076172 195.0380973815918 136.3481903076172 195.0380973815918 153.58613204956055 168.18707275390625 153.58613204956055
167.9880828857422 136.811279296875 195.5023193359375 136.811279296875 195.5023193359375 153.9290313720703 167.9880828857422 153.9290313720703
169.6882781982422 137.64309692382812 197.94647216796875 137.64309692382812 197.94647216796875 155.79519081115723 169.6882781982422 155.79519081115723
170.66427612304688 138.9200897216797 197.50071716308594 138.9200897216797 197.50071716308594 156.34766006469727 170.66427612304688 156.34766006469727
171.73141479492188 140.32040405273438 200.10545349121094 140.32040405273438 200.10545349121094 158.98862838745117 171.73141479492188 158.98862838745117
171.852783203125 141.8531951904297 200.35202026367188 141.8531951904297 200.35202026367188 160.16888999938965 171.852783203125 160.16888999938965
172.92898559570312 143.3028106689453 200.3097381591797 143.3028106689453 200.3097381591797 162.44840812683105 172.92898559570312 162.44840812683105
173.5745086669922 143.44949340820312 201.5903778076172 143.44949340820312 201.5903778076172 163.10595512390137 173.5745086669922 163.10595512390137
174.0497283935547 144.2050323486328 201.74306869506836 144.2050323486328 201.74306869506836 163.32047271728516 174.0497283935547 163.32047271728516
174.9470672607422 145.8992919921875 203.54714012145996 145.8992919921875 203.54714012145996 164.33893203735352 174.9470672607422 164.33893203735352
177.07186889648438 149.86322021484375 204.96602821350098 149.86322021484375 204.96602821350098 168.35296249389648 177.07186889648438 168.35296249389648
176.8800048828125 149.40768432617188 205.40719985961914 149.40768432617188 205.40719985961914 168.19537544250488 176.8800048828125 168.19537544250488
177.91314697265625 150.69473266601562 208.61834144592285 150.69473266601562 208.61834144592285 170.14051818847656 177.91314697265625 170.14051818847656
179.62100219726562 152.890380859375 208.2211093902588 152.890380859375 208.2211093902588 171.58934211730957 179.62100219726562 171.58934211730957
180.04539489746094 152.72332763671875 209.17805099487305 152.72332763671875 209.17805099487305 171.7786750793457 180.04539489746094 171.7786750793457
182.34584045410156 155.24969482421875 211.80072402954102 155.24969482421875 211.80072402954102 175.14191246032715 182.34584045410156 175.14191246032715
183.43545532226562 156.1577606201172 212.320556640625 156.1577606201172 212.320556640625 176.20505142211914 183.43545532226562 176.20505142211914
184.3472900390625 157.24026489257812 213.47681617736816 157.24026489257812 213.47681617736816 177.50174713134766 184.3472900390625 177.50174713134766
186.79713439941406 160.17686462402344 215.67234230041504 160.17686462402344 215.67234230041504 180.03925323486328 186.79713439941406 180.03925323486328
187.69419860839844 162.31777954101562 217.77076148986816 162.31777954101562 217.77076148986816 182.3234577178955 187.69419860839844 182.3234577178955
189.4978485107422 163.41696166992188 220.3240261077881 163.41696166992188 220.3240261077881 183.50140190124512 189.4978485107422 183.50140190124512
189.98963928222656 163.4630126953125 220.59103965759277 163.4630126953125 220.59103965759277 184.53300094604492 189.98963928222656 184.53300094604492
190.8465118408203 165.00949096679688 220.85605812072754 165.00949096679688 220.85605812072754 184.41301155090332 190.8465118408203 184.41301155090332
191.1239776611328 166.9274139404297 222.22434425354004 166.9274139404297 222.22434425354004 187.1338653564453 191.1239776611328 187.1338653564453
192.24288940429688 169.12088012695312 223.62578964233398 169.12088012695312 223.62578964233398 188.7777976989746 192.24288940429688 188.7777976989746
194.32728576660156 171.61524963378906 225.9836940765381 171.61524963378906 225.9836940765381 191.2870750427246 194.32728576660156 191.2870750427246
194.6460418701172 171.75375366210938 226.53968811035156 171.75375366210938 226.53968811035156 191.03735733032227 194.6460418701172 191.03735733032227
197.5511932373047 173.92471313476562 227.44033813476562 173.92471313476562 227.44033813476562 193.3312873840332 197.5511932373047 193.3312873840332
197.28109741210938 175.95697021484375 228.27418518066406 175.95697021484375 228.27418518066406 195.09589767456055 197.28109741210938 195.09589767456055
197.7712860107422 177.11233520507812 228.5802707672119 177.11233520507812 228.5802707672119 196.34761810302734 197.7712860107422 196.34761810302734
201.31114196777344 175.2044677734375 231.37572288513184 175.2044677734375 231.37572288513184 195.3775749206543 201.31114196777344 195.3775749206543
201.2440948486328 175.0409698486328 231.19936180114746 175.0409698486328 231.19936180114746 195.08314514160156 201.2440948486328 195.08314514160156
203.2828369140625 176.6329345703125 232.43538856506348 176.6329345703125 232.43538856506348 197.09153747558594 203.2828369140625 197.09153747558594
203.0247802734375 180.78823852539062 234.62521362304688 180.78823852539062 234.62521362304688 202.4939308166504 203.0247802734375 202.4939308166504
209.0226593017578 183.67166137695312 240.65813827514648 183.67166137695312 240.65813827514648 205.20124435424805 209.0226593017578 205.20124435424805
211.01467895507812 185.74940490722656 241.40767860412598 185.74940490722656 241.40767860412598 207.40073585510254 211.01467895507812 207.40073585510254
214.9591827392578 185.49740600585938 249.75506210327148 185.49740600585938 249.75506210327148 211.21614456176758 214.9591827392578 211.21614456176758
217.1511993408203 188.99868774414062 251.57799530029297 188.99868774414062 251.57799530029297 214.44462394714355 217.1511993408203 214.44462394714355
220.406494140625 189.4686279296875 249.96026611328125 189.4686279296875 249.96026611328125 210.84638214111328 220.406494140625 210.84638214111328
218.58352661132812 189.38436889648438 248.65614891052246 189.38436889648438 248.65614891052246 211.8139533996582 218.58352661132812 211.8139533996582
220.3184356689453 189.08322143554688 248.5001735687256 189.08322143554688 248.5001735687256 211.44728469848633 220.3184356689453 211.44728469848633
218.0432586669922 189.15914916992188 251.90783309936523 189.15914916992188 251.90783309936523 214.18953323364258 218.0432586669922 214.18953323364258
223.66030883789062 192.89402770996094 251.77701950073242 192.89402770996094 251.77701950073242 213.61944961547852 223.66030883789062 213.61944961547852
222.8080596923828 195.20541381835938 252.4954891204834 195.20541381835938 252.4954891204834 216.0844268798828 222.8080596923828 216.0844268798828
225.7675323486328 199.1453094482422 259.44841384887695 199.1453094482422 259.44841384887695 224.03992080688477 225.7675323486328 224.03992080688477
237.60494995117188 210.15066528320312 271.4680061340332 210.15066528320312 271.4680061340332 235.1799259185791 237.60494995117188 235.1799259185791
240.2460174560547 214.0493927001953 273.68736267089844 214.0493927001953 273.68736267089844 238.76695442199707 240.2460174560547 238.76695442199707
244.4749298095703 219.7345733642578 275.39789390563965 219.7345733642578 275.39789390563965 242.32775497436523 244.4749298095703 242.32775497436523
244.9156951904297 222.8188934326172 274.5058403015137 222.8188934326172 274.5058403015137 243.91008758544922 244.9156951904297 243.91008758544922
247.8765411376953 226.39627075195312 277.82201766967773 226.39627075195312 277.82201766967773 246.24927711486816 247.8765411376953 246.24927711486816
249.7467803955078 227.1403045654297 280.659875869751 227.1403045654297 280.659875869751 248.27284622192383 249.7467803955078 248.27284622192383
251.4428253173828 227.91592407226562 280.747522354126 227.91592407226562 280.747522354126 247.64923858642578 251.4428253173828 247.64923858642578
252.2748565673828 229.5145263671875 283.36754417419434 229.5145263671875 283.36754417419434 251.1368064880371 252.2748565673828 251.1368064880371
253.4462890625 230.66921997070312 285.2568054199219 230.66921997070312 285.2568054199219 253.16471481323242 253.4462890625 253.16471481323242
254.80233764648438 235.5261688232422 287.5905456542969 235.5261688232422 287.5905456542969 256.5230350494385 254.80233764648438 256.5230350494385
258.9244079589844 240.9449462890625 291.0530433654785 240.9449462890625 291.0530433654785 261.10251235961914 258.9244079589844 261.10251235961914
260.92144775390625 242.204833984375 293.39852142333984 242.204833984375 293.39852142333984 262.68854904174805 260.92144775390625 262.68854904174805
261.8240966796875 246.0749969482422 295.1240234375 246.0749969482422 295.1240234375 265.78675842285156 261.8240966796875 265.78675842285156
262.6765441894531 248.7865447998047 295.65111541748047 248.7865447998047 295.65111541748047 270.18763732910156 262.6765441894531 270.18763732910156
264.04425048828125 248.0340118408203 297.5224609375 248.0340118408203 297.5224609375 269.47480392456055 264.04425048828125 269.47480392456055
266.7318420410156 251.239990234375 300.08336639404297 251.239990234375 300.08336639404297 272.3436737060547 266.7318420410156 272.3436737060547
271.6275329589844 255.5642852783203 305.7942123413086 255.5642852783203 305.7942123413086 277.3563747406006 271.6275329589844 277.3563747406006
273.5611267089844 259.89801025390625 309.79593658447266 259.89801025390625 309.79593658447266 280.1805648803711 273.5611267089844 280.1805648803711
