175.0 65.0 188.0 65.0 188.0 89.0 175.0 89.0
178.0963134765625 65.4267349243164 190.22421646118164 65.4267349243164 190.22421646118164 89.18475341796875 178.0963134765625 89.18475341796875
177.93226623535156 65.4474105834961 190.22146797180176 65.4474105834961 190.22146797180176 89.65021133422852 177.93226623535156 89.65021133422852
180.37960815429688 64.79264831542969 192.0973768234253 64.79264831542969 192.0973768234253 88.97077941894531 180.37960815429688 88.97077941894531
181.08822631835938 62.455718994140625 192.57866954803467 62.455718994140625 192.57866954803467 88.1255989074707 181.08822631835938 88.1255989074707
181.4958038330078 62.86429977416992 193.1199254989624 62.86429977416992 193.1199254989624 88.41828727722168 181.4958038330078 88.41828727722168
183.82333374023438 62.449668884277344 195.68250274658203 62.449668884277344 195.68250274658203 87.9163646697998 183.82333374023438 87.9163646697998
183.82070922851562 63.304405212402344 196.09738159179688 63.304405212402344 196.09738159179688 88.87693786621094 183.82070922851562 88.87693786621094
184.12210083007812 63.56549072265625 196.00596714019775 63.56549072265625 196.00596714019775 89.13858032226562 184.12210083007812 89.13858032226562
185.6699676513672 62.77924346923828 199.7649097442627 62.77924346923828 199.7649097442627 88.80067253112793 185.6699676513672 88.80067253112793
184.89907836914062 63.698394775390625 197.42555046081543 63.698394775390625 197.42555046081543 90.05159568786621 184.89907836914062 90.05159568786621
186.7802734375 62.41828155517578 198.4965238571167 62.41828155517578 198.4965238571167 87.19600868225098 186.7802734375 87.19600868225098
186.5504608154297 62.81938552856445 198.1093873977661 62.81938552856445 198.1093873977661 87.35030937194824 186.5504608154297 87.35030937194824
187.68490600585938 61.10599899291992 199.31487464904785 61.10599899291992 199.31487464904785 85.14002227783203 187.68490600585938 85.14002227783203
187.87741088867188 61.132347106933594 199.27241325378418 61.132347106933594 199.27241325378418 85.2711067199707 187.87741088867188 85.2711067199707
189.88388061523438 60.287208557128906 201.71919059753418 60.287208557128906 201.71919059753418 84.59224700927734 189.88388061523438 84.59224700927734
190.00308227539062 60.904632568359375 202.159029006958 60.904632568359375 202.159029006958 85.00579071044922 190.00308227539062 85.00579071044922
191.9512939453125 59.41758346557617 202.83327198028564 59.41758346557617 202.83327198028564 83.569091796875 191.9512939453125 83.569091796875
192.04037475585938 59.210777282714844 202.94339275360107 59.210777282714844 202.94339275360107 83.37085342407227 192.04037475585938 83.37085342407227
191.94793701171875 59.509552001953125 202.88408088684082 59.509552001953125 202.88408088684082 83.89443778991699 191.94793701171875 83.89443778991699
193.0098876953125 59.56085205078125 204.90962982177734 59.56085205078125 204.90962982177734 84.91528701782227 193.0098876953125 84.91528701782227
192.8151397705078 59.12501907348633 204.78714847564697 59.12501907348633 204.78714847564697 84.71855163574219 192.8151397705078 84.71855163574219
194.6186981201172 61.12971878051758 207.2123851776123 61.12971878051758 207.2123851776123 84.81120300292969 194.6186981201172 84.81120300292969
194.6400604248047 61.24737548828125 207.222731590271 61.24737548828125 207.222731590271 84.77968788146973 194.6400604248047 84.77968788146973
196.82664489746094 59.516357421875 208.91058254241943 59.516357421875 208.91058254241943 83.38206672668457 196.82664489746094 83.38206672668457
196.6964569091797 59.189552307128906 208.76051139831543 59.189552307128906 208.76051139831543 83.08229446411133 196.6964569091797 83.08229446411133
196.56971740722656 58.853721618652344 208.66497993469238 58.853721618652344 208.66497993469238 83.13630294799805 196.56971740722656 83.13630294799805
198.39328002929688 57.85089874267578 210.2139654159546 57.85089874267578 210.2139654159546 83.16092109680176 198.39328002929688 83.16092109680176
198.21633911132812 57.34343719482422 209.829683303833 57.34343719482422 209.829683303833 83.04660224914551 198.21633911132812 83.04660224914551
198.3846435546875 56.16650390625 210.8705015182495 56.16650390625 210.8705015182495 82.29048538208008 198.3846435546875 82.29048538208008
198.34796142578125 56.650299072265625 210.93895530700684 56.650299072265625 210.93895530700684 82.79804039001465 198.34796142578125 82.79804039001465
199.7053680419922 57.910560607910156 212.13859272003174 57.910560607910156 212.13859272003174 83.56025314331055 199.7053680419922 83.56025314331055
199.85183715820312 58.190406799316406 212.32818031311035 58.190406799316406 212.32818031311035 83.66641807556152 199.85183715820312 83.66641807556152
199.8317413330078 57.8787956237793 212.18214321136475 57.8787956237793 212.18214321136475 83.63056182861328 199.8317413330078 83.63056182861328
201.35244750976562 56.10974884033203 213.42974185943604 56.10974884033203 213.42974185943604 82.39899444580078 201.35244750976562 82.39899444580078
201.66366577148438 55.69838333129883 213.76090717315674 55.69838333129883 213.76090717315674 82.64315795898438 201.66366577148438 82.64315795898438
202.41978454589844 55.18035125732422 215.2427520751953 55.18035125732422 215.2427520751953 82.20835494995117 202.41978454589844 82.20835494995117
202.4387969970703 55.85039138793945 215.34375190734863 55.85039138793945 215.34375190734863 82.29575538635254 202.4387969970703 82.29575538635254
202.16497802734375 55.0821533203125 215.1943073272705 55.0821533203125 215.1943073272705 82.23067283630371 202.16497802734375 82.23067283630371
203.56521606445312 55.341407775878906 216.7738904953003 55.341407775878906 216.7738904953003 82.00786209106445 203.56521606445312 82.00786209106445
202.7086944580078 54.3764533996582 216.41888904571533 54.3764533996582 216.41888904571533 81.37244415283203 202.7086944580078 81.37244415283203
204.80029296875 53.32957077026367 218.4267292022705 53.32957077026367 218.4267292022705 80.73462677001953 204.80029296875 80.73462677001953
204.908447265625 53.316184997558594 218.22321319580078 53.316184997558594 218.22321319580078 81.70374298095703 204.908447265625 81.70374298095703
207.27053833007812 52.89753341674805 220.11416816711426 52.89753341674805 220.11416816711426 81.7862548828125 207.27053833007812 81.7862548828125
207.02304077148438 53.40907669067383 219.72680950164795 53.40907669067383 219.72680950164795 81.65933227539062 207.02304077148438 81.65933227539062
207.1361083984375 53.17638397216797 219.83471488952637 53.17638397216797 219.83471488952637 81.90386772155762 207.1361083984375 81.90386772155762
209.1894989013672 52.48473358154297 221.09794235229492 52.48473358154297 221.09794235229492 81.99198722839355 209.1894989013672 81.99198722839355
208.925048828125 53.06610107421875 220.79823112487793 53.06610107421875 220.79823112487793 82.19725608825684 208.925048828125 82.19725608825684
209.5708465576172 52.52136993408203 222.5352907180786 52.52136993408203 222.5352907180786 81.34879875183105 209.5708465576172 81.34879875183105
209.5455780029297 52.77296829223633 222.8792543411255 52.77296829223633 222.8792543411255 79.79624938964844 209.5455780029297 79.79624938964844
210.26980590820312 52.916053771972656 224.34465312957764 52.916053771972656 224.34465312957764 78.90040969848633 210.26980590820312 78.90040969848633
210.0206756591797 52.6944580078125 223.9538974761963 52.6944580078125 223.9538974761963 78.41734886169434 210.0206756591797 78.41734886169434
211.06689453125 53.19947052001953 224.3487720489502 53.19947052001953 224.3487720489502 79.82793045043945 211.06689453125 79.82793045043945
211.7729034423828 53.617897033691406 224.54979038238525 53.617897033691406 224.54979038238525 80.85608673095703 211.7729034423828 80.85608673095703
212.2960968017578 52.538002014160156 224.40918445587158 52.538002014160156 224.40918445587158 79.7191390991211 212.2960968017578 79.7191390991211
212.36294555664062 53.1085319519043 224.32780742645264 53.1085319519043 224.32780742645264 79.86678123474121 212.36294555664062 79.86678123474121
212.09146118164062 52.474342346191406 224.3352451324463 52.474342346191406 224.3352451324463 79.72534942626953 212.09146118164062 79.72534942626953
213.22012329101562 51.70412063598633 226.11407470703125 51.70412063598633 226.11407470703125 78.57656860351562 213.22012329101562 78.57656860351562
213.45126342773438 52.60602951049805 226.08321571350098 52.60602951049805 226.08321571350098 79.32180786132812 213.45126342773438 79.32180786132812
214.05062866210938 51.9658317565918 226.3907470703125 51.9658317565918 226.3907470703125 78.82470893859863 214.05062866210938 78.82470893859863
214.479736328125 52.358543395996094 226.62187576293945 52.358543395996094 226.62187576293945 78.93248176574707 214.479736328125 78.93248176574707
214.28939819335938 52.63227462768555 226.59840869903564 52.63227462768555 226.59840869903564 78.71052742004395 214.28939819335938 78.71052742004395
214.15542602539062 52.043373107910156 227.86509704589844 52.043373107910156 227.86509704589844 77.35355186462402 214.15542602539062 77.35355186462402
214.00772094726562 51.580039978027344 227.86629962921143 51.580039978027344 227.86629962921143 77.16512298583984 214.00772094726562 77.16512298583984
216.087890625 50.16584014892578 229.6983766555786 50.16584014892578 229.6983766555786 75.29290580749512 216.087890625 75.29290580749512
214.98580932617188 50.88237380981445 228.68585205078125 50.88237380981445 228.68585205078125 76.17477607727051 214.98580932617188 76.17477607727051
216.3233184814453 50.24518585205078 230.10203742980957 50.24518585205078 230.10203742980957 75.68283653259277 216.3233184814453 75.68283653259277
216.75979614257812 50.29065704345703 230.53064918518066 50.29065704345703 230.53064918518066 75.71378707885742 216.75979614257812 75.71378707885742
216.33731079101562 50.47629928588867 230.13910484313965 50.47629928588867 230.13910484313965 75.95655059814453 216.33731079101562 75.95655059814453
217.04586791992188 50.66481399536133 230.79116344451904 50.66481399536133 230.79116344451904 76.04076194763184 217.04586791992188 76.04076194763184
216.8795623779297 50.15503692626953 230.97201824188232 50.15503692626953 230.97201824188232 76.1718978881836 216.8795623779297 76.1718978881836
218.9202880859375 49.58102798461914 233.0401554107666 49.58102798461914 233.0401554107666 75.64849281311035 218.9202880859375 75.64849281311035
219.29769897460938 49.72303009033203 233.47604942321777 49.72303009033203 233.47604942321777 75.89846420288086 219.29769897460938 75.89846420288086
220.10183715820312 49.843360900878906 234.4752254486084 49.843360900878906 234.4752254486084 76.37886238098145 220.10183715820312 76.37886238098145
220.2897491455078 49.238624572753906 234.63013458251953 49.238624572753906 234.63013458251953 75.71319770812988 220.2897491455078 75.71319770812988
220.8753204345703 48.153194427490234 235.58851623535156 48.153194427490234 235.58851623535156 75.31603622436523 220.8753204345703 75.31603622436523
220.50851440429688 48.3620719909668 235.308988571167 48.3620719909668 235.308988571167 75.6860466003418 220.50851440429688 75.6860466003418
221.2114715576172 48.30809020996094 235.96706867218018 48.30809020996094 235.96706867218018 75.54921531677246 221.2114715576172 75.54921531677246
221.01577758789062 47.480133056640625 235.59864330291748 47.480133056640625 235.59864330291748 74.40236854553223 221.01577758789062 74.40236854553223
221.0127716064453 47.16222381591797 235.74812030792236 47.16222381591797 235.74812030792236 74.36596488952637 221.0127716064453 74.36596488952637
221.64627075195312 47.63332748413086 236.06765747070312 47.63332748413086 236.06765747070312 75.68932151794434 221.64627075195312 75.68932151794434
222.1126708984375 47.14055252075195 236.11307334899902 47.14055252075195 236.11307334899902 74.24415397644043 222.1126708984375 74.24415397644043
222.73385620117188 47.39073944091797 236.3399658203125 47.39073944091797 236.3399658203125 75.02811050415039 222.73385620117188 75.02811050415039
222.4048309326172 47.22422790527344 236.668212890625 47.22422790527344 236.668212890625 73.55664443969727 222.4048309326172 73.55664443969727
222.94119262695312 46.54899215698242 236.92968559265137 46.54899215698242 236.92968559265137 72.37392234802246 222.94119262695312 72.37392234802246
223.58798217773438 47.15117645263672 237.8548526763916 47.15117645263672 237.8548526763916 73.49003410339355 223.58798217773438 73.49003410339355
222.8326416015625 47.38900375366211 236.99144744873047 47.38900375366211 236.99144744873047 73.52835845947266 222.8326416015625 73.52835845947266
224.64022827148438 46.85038375854492 238.8159303665161 46.85038375854492 238.8159303665161 73.02093124389648 224.64022827148438 73.02093124389648
224.4033660888672 46.959388732910156 238.3208408355713 46.959388732910156 238.3208408355713 72.65320587158203 224.4033660888672 72.65320587158203
225.97250366210938 46.254417419433594 240.09123420715332 46.254417419433594 240.09123420715332 72.31978225708008 225.97250366210938 72.31978225708008
225.76602172851562 46.13323211669922 239.77363777160645 46.13323211669922 239.77363777160645 71.99345779418945 225.76602172851562 71.99345779418945
226.12918090820312 46.33353805541992 240.29347801208496 46.33353805541992 240.29347801208496 72.48301887512207 226.12918090820312 72.48301887512207
226.88632202148438 45.079124450683594 241.17527294158936 45.079124450683594 241.17527294158936 71.45873641967773 226.88632202148438 71.45873641967773
226.7104034423828 45.06491470336914 241.16882610321045 45.06491470336914 241.16882610321045 71.75739860534668 226.7104034423828 71.75739860534668
227.0839080810547 45.57367706298828 241.33458423614502 45.57367706298828 241.33458423614502 71.88262748718262 227.0839080810547 71.88262748718262
227.77587890625 45.08940887451172 241.932279586792 45.08940887451172 241.932279586792 71.22431182861328 227.77587890625 71.22431182861328
228.62295532226562 45.13587188720703 242.49063682556152 45.13587188720703 242.49063682556152 70.73775482177734 228.62295532226562 70.73775482177734
228.57144165039062 45.630165100097656 242.1912660598755 45.630165100097656 242.1912660598755 70.77446365356445 228.57144165039062 70.77446365356445
228.2129364013672 45.39373016357422 241.9391689300537 45.39373016357422 241.9391689300537 70.73447608947754 228.2129364013672 70.73447608947754
229.43130493164062 44.62830352783203 243.32758903503418 44.62830352783203 243.32758903503418 70.28299140930176 229.43130493164062 70.28299140930176
229.4479217529297 44.53727340698242 243.2898759841919 44.53727340698242 243.2898759841919 70.09165954589844 229.4479217529297 70.09165954589844
229.65737915039062 43.724849700927734 243.40602111816406 43.724849700927734 243.40602111816406 69.10696792602539 229.65737915039062 69.10696792602539
229.38619995117188 44.1414909362793 243.20796394348145 44.1414909362793 243.20796394348145 69.65860176086426 229.38619995117188 69.65860176086426
231.3773651123047 43.59663009643555 243.87033367156982 43.59663009643555 243.87033367156982 71.24436950683594 231.3773651123047 71.24436950683594
231.3637237548828 44.01567459106445 243.92135524749756 44.01567459106445 243.92135524749756 71.42385673522949 231.3637237548828 71.42385673522949
232.0800018310547 43.8790168762207 244.1312017440796 43.8790168762207 244.1312017440796 71.30233764648438 232.0800018310547 71.30233764648438
232.60546875 44.00023651123047 244.24678707122803 44.00023651123047 244.24678707122803 72.06437873840332 232.60546875 72.06437873840332
231.8665771484375 44.147926330566406 244.0300235748291 44.147926330566406 244.0300235748291 70.61262893676758 231.8665771484375 70.61262893676758
232.99154663085938 44.58098602294922 244.55230331420898 44.58098602294922 244.55230331420898 71.04853439331055 232.99154663085938 71.04853439331055
233.048828125 44.36630630493164 244.314923286438 44.36630630493164 244.314923286438 71.07093238830566 233.048828125 71.07093238830566
232.7412872314453 44.07960510253906 245.0680456161499 44.07960510253906 245.0680456161499 68.88424491882324 232.7412872314453 68.88424491882324
233.26953125 44.342491149902344 245.20536994934082 44.342491149902344 245.20536994934082 69.79564094543457 233.26953125 69.79564094543457
233.37197875976562 44.24032974243164 245.0450267791748 44.24032974243164 245.0450267791748 70.25367164611816 233.37197875976562 70.25367164611816
235.0425262451172 43.44874954223633 245.98057079315186 43.44874954223633 245.98057079315186 69.90828895568848 235.0425262451172 69.90828895568848
234.5030975341797 43.853309631347656 246.08985900878906 43.853309631347656 246.08985900878906 69.55844497680664 234.5030975341797 69.55844497680664
234.2847442626953 43.306358337402344 246.73747730255127 43.306358337402344 246.73747730255127 67.97761726379395 234.2847442626953 67.97761726379395
234.54092407226562 43.10474395751953 247.007963180542 43.10474395751953 247.007963180542 68.06755447387695 234.54092407226562 68.06755447387695
236.2740936279297 42.00212097167969 247.34059238433838 42.00212097167969 247.34059238433838 68.63937759399414 236.2740936279297 68.63937759399414
235.69775390625 41.91789627075195 246.88306999206543 41.91789627075195 246.88306999206543 68.62513542175293 235.69775390625 68.62513542175293
235.6929168701172 42.557552337646484 247.7815227508545 42.557552337646484 247.7815227508545 68.85720443725586 235.6929168701172 68.85720443725586
236.80038452148438 41.45147705078125 247.90374279022217 41.45147705078125 247.90374279022217 68.71863174438477 236.80038452148438 68.71863174438477
236.3121795654297 41.617431640625 247.68734455108643 41.617431640625 247.68734455108643 69.13028907775879 236.3121795654297 69.13028907775879
237.33493041992188 42.3942756652832 248.5692892074585 42.3942756652832 248.5692892074585 69.00643348693848 237.33493041992188 69.00643348693848
237.05758666992188 42.46378707885742 248.60861492156982 42.46378707885742 248.60861492156982 68.38787841796875 237.05758666992188 68.38787841796875
239.07321166992188 42.42594909667969 250.31036281585693 42.42594909667969 250.31036281585693 67.73020553588867 239.07321166992188 67.73020553588867
239.5045623779297 42.316001892089844 250.02711296081543 42.316001892089844 250.02711296081543 67.62394332885742 239.5045623779297 67.62394332885742
240.1522979736328 40.6494140625 250.04890251159668 40.6494140625 250.04890251159668 65.79960060119629 240.1522979736328 65.79960060119629
240.2561492919922 40.27162551879883 250.19878673553467 40.27162551879883 250.19878673553467 65.49477005004883 240.2561492919922 65.49477005004883
240.2109832763672 40.95966720581055 250.2904291152954 40.95966720581055 250.2904291152954 66.46776390075684 240.2109832763672 66.46776390075684
240.2997283935547 39.05710983276367 250.05053901672363 39.05710983276367 250.05053901672363 64.88091278076172 240.2997283935547 64.88091278076172
239.9658203125 39.6829948425293 249.83269214630127 39.6829948425293 249.83269214630127 65.1625862121582 239.9658203125 65.1625862121582
240.8201446533203 40.39204025268555 250.92523956298828 40.39204025268555 250.92523956298828 65.13226318359375 240.8201446533203 65.13226318359375
240.7293701171875 40.675880432128906 251.007173538208 40.675880432128906 251.007173538208 65.46042251586914 240.7293701171875 65.46042251586914
242.08822631835938 40.422542572021484 252.3422679901123 40.422542572021484 252.3422679901123 64.41465377807617 242.08822631835938 64.41465377807617
242.20993041992188 39.93241882324219 252.28781604766846 39.93241882324219 252.28781604766846 63.89810752868652 242.20993041992188 63.89810752868652
242.1605682373047 40.05060577392578 252.41920280456543 40.05060577392578 252.41920280456543 64.12943649291992 242.1605682373047 64.12943649291992
241.9709014892578 40.6333122253418 251.79465103149414 40.6333122253418 251.79465103149414 64.59092330932617 241.9709014892578 64.59092330932617
242.12124633789062 40.80866241455078 251.80401039123535 40.80866241455078 251.80401039123535 64.98691177368164 242.12124633789062 64.98691177368164
242.05209350585938 39.49707794189453 252.55164051055908 39.49707794189453 252.55164051055908 64.02233505249023 242.05209350585938 64.02233505249023
242.3846435546875 39.906646728515625 252.80058002471924 39.906646728515625 252.80058002471924 64.35343360900879 242.3846435546875 64.35343360900879
243.4053497314453 38.10667037963867 253.58221244812012 38.10667037963867 253.58221244812012 63.558536529541016 243.4053497314453 63.558536529541016
243.6181640625 37.86604690551758 253.74001121520996 37.86604690551758 253.74001121520996 63.64202690124512 243.6181640625 63.64202690124512
243.7522735595703 38.52828598022461 253.59565830230713 38.52828598022461 253.59565830230713 63.609458923339844 243.7522735595703 63.609458923339844
245.080078125 39.070350646972656 254.8087558746338 39.070350646972656 254.8087558746338 65.15530014038086 245.080078125 65.15530014038086
245.18798828125 38.60219192504883 255.31607818603516 38.60219192504883 255.31607818603516 65.27491569519043 245.18798828125 65.27491569519043
245.5834503173828 39.29313659667969 255.091402053833 39.29313659667969 255.091402053833 64.78627395629883 245.5834503173828 64.78627395629883
245.7359161376953 39.08418655395508 255.1243438720703 39.08418655395508 255.1243438720703 64.65773582458496 245.7359161376953 64.65773582458496
245.82254028320312 38.56828689575195 256.6001834869385 38.56828689575195 256.6001834869385 63.1163272857666 245.82254028320312 63.1163272857666
246.08401489257812 38.564544677734375 256.703724861145 38.564544677734375 256.703724861145 62.70589065551758 246.08401489257812 62.70589065551758
246.4504852294922 39.678043365478516 256.69282245635986 39.678043365478516 256.69282245635986 64.05038833618164 246.4504852294922 64.05038833618164
247.7686309814453 38.72502899169922 257.874475479126 38.72502899169922 257.874475479126 63.53390884399414 247.7686309814453 63.53390884399414
247.9342498779297 37.961029052734375 257.8442506790161 37.961029052734375 257.8442506790161 63.04811668395996 247.9342498779297 63.04811668395996
247.64761352539062 37.35604476928711 258.08359718322754 37.35604476928711 258.08359718322754 62.41242790222168 247.64761352539062 62.41242790222168
247.77035522460938 36.97733688354492 258.09539699554443 36.97733688354492 258.09539699554443 62.29111099243164 247.77035522460938 62.29111099243164
248.48568725585938 37.036720275878906 259.24246406555176 37.036720275878906 259.24246406555176 60.640066146850586 248.48568725585938 60.640066146850586
248.3917694091797 37.51988983154297 259.00819206237793 37.51988983154297 259.00819206237793 60.60362434387207 248.3917694091797 60.60362434387207
248.30752563476562 36.98546600341797 259.31494426727295 36.98546600341797 259.31494426727295 59.98713302612305 248.30752563476562 59.98713302612305
249.59609985351562 36.82243347167969 259.2914581298828 36.82243347167969 259.2914581298828 60.661468505859375 249.59609985351562 60.661468505859375
249.52810668945312 36.686744689941406 259.18541526794434 36.686744689941406 259.18541526794434 60.53213310241699 249.52810668945312 60.53213310241699
248.9044647216797 36.48203659057617 260.8733100891113 36.48203659057617 260.8733100891113 58.578378677368164 248.9044647216797 58.578378677368164
249.1257781982422 36.346534729003906 259.86591053009033 36.346534729003906 259.86591053009033 60.88170623779297 249.1257781982422 60.88170623779297
249.310302734375 36.44292068481445 260.32556343078613 36.44292068481445 260.32556343078613 60.29958915710449 249.310302734375 60.29958915710449
250.2422637939453 35.97091293334961 260.87697887420654 35.97091293334961 260.87697887420654 59.98452377319336 250.2422637939453 59.98452377319336
250.577392578125 35.372413635253906 260.96213817596436 35.372413635253906 260.96213817596436 60.481910705566406 250.577392578125 60.481910705566406
250.7957763671875 35.98279571533203 260.79920196533203 35.98279571533203 260.79920196533203 60.807350158691406 250.7957763671875 60.807350158691406
250.9762725830078 35.895179748535156 260.8580904006958 35.895179748535156 260.8580904006958 60.610469818115234 250.9762725830078 60.610469818115234
250.7031707763672 35.86435317993164 260.72154712677 35.86435317993164 260.72154712677 60.42890167236328 250.7031707763672 60.42890167236328
250.8199005126953 36.59025192260742 261.3544635772705 36.59025192260742 261.3544635772705 61.15261650085449 250.8199005126953 61.15261650085449
250.7142791748047 36.42332458496094 261.45298290252686 36.42332458496094 261.45298290252686 61.28256797790527 250.7142791748047 61.28256797790527
251.6852264404297 35.77501678466797 262.5892744064331 35.77501678466797 262.5892744064331 61.21563911437988 251.6852264404297 61.21563911437988
251.57052612304688 34.87916946411133 262.5658950805664 34.87916946411133 262.5658950805664 60.800851821899414 251.57052612304688 60.800851821899414
252.0301055908203 36.19070816040039 264.06237983703613 36.19070816040039 264.06237983703613 60.57729530334473 252.0301055908203 60.57729530334473
251.9982452392578 35.648948669433594 263.9437961578369 35.648948669433594 263.9437961578369 59.92815971374512 251.9982452392578 59.92815971374512
252.3058624267578 36.58355712890625 264.04338455200195 36.58355712890625 264.04338455200195 61.24310302734375 252.3058624267578 61.24310302734375
252.9789276123047 34.724761962890625 264.28381061553955 34.724761962890625 264.28381061553955 60.67031288146973 252.9789276123047 60.67031288146973
251.6748809814453 34.35109329223633 264.00775718688965 34.35109329223633 264.00775718688965 58.14523696899414 251.6748809814453 58.14523696899414
252.08627319335938 34.21622848510742 264.5791358947754 34.21622848510742 264.5791358947754 57.279991149902344 252.08627319335938 57.279991149902344
252.2379150390625 34.4055290222168 264.4941177368164 34.4055290222168 264.4941177368164 58.07551383972168 252.2379150390625 58.07551383972168
251.44912719726562 33.64506149291992 264.21064949035645 33.64506149291992 264.21064949035645 57.204811096191406 251.44912719726562 57.204811096191406
253.0732879638672 33.715858459472656 264.7337398529053 33.715858459472656 264.7337398529053 58.326019287109375 253.0732879638672 58.326019287109375
253.48818969726562 33.82139587402344 264.7777271270752 33.82139587402344 264.7777271270752 59.3093204498291 253.48818969726562 59.3093204498291
254.7488250732422 32.20904541015625 265.2632169723511 32.20904541015625 265.2632169723511 57.11740303039551 254.7488250732422 57.11740303039551
255.3228302001953 32.239471435546875 266.0324640274048 32.239471435546875 266.0324640274048 56.904253005981445 255.3228302001953 56.904253005981445
253.333251953125 33.30652618408203 265.49291610717773 33.30652618408203 265.49291610717773 57.97689247131348 253.333251953125 57.97689247131348
253.42111206054688 33.781822204589844 265.29960536956787 33.781822204589844 265.29960536956787 58.13854217529297 253.42111206054688 58.13854217529297
254.7977752685547 34.00481033325195 266.26178455352783 34.00481033325195 266.26178455352783 58.076480865478516 254.7977752685547 58.076480865478516
254.75180053710938 33.87572479248047 266.34850311279297 33.87572479248047 266.34850311279297 57.95294952392578 254.75180053710938 57.95294952392578
254.92196655273438 34.01250457763672 266.4386577606201 34.01250457763672 266.4386577606201 58.555219650268555 254.92196655273438 58.555219650268555
254.4091033935547 33.07752227783203 266.38044357299805 33.07752227783203 266.38044357299805 57.646121978759766 254.4091033935547 57.646121978759766
253.97842407226562 32.85553741455078 266.0206937789917 32.85553741455078 266.0206937789917 57.430789947509766 253.97842407226562 57.430789947509766
254.33999633789062 32.20989990234375 266.2371196746826 32.20989990234375 266.2371196746826 56.70431327819824 254.33999633789062 56.70431327819824
254.7028350830078 32.62029266357422 266.51762104034424 32.62029266357422 266.51762104034424 56.139408111572266 254.7028350830078 56.139408111572266
255.05740356445312 33.456050872802734 266.29877948760986 33.456050872802734 266.29877948760986 58.555118560791016 255.05740356445312 58.555118560791016
254.7803955078125 33.33466339111328 266.20117950439453 33.33466339111328 266.20117950439453 58.304508209228516 254.7803955078125 58.304508209228516
255.03024291992188 33.26647186279297 266.328444480896 33.26647186279297 266.328444480896 58.38370704650879 255.03024291992188 58.38370704650879
256.0372314453125 33.170982360839844 267.8386640548706 33.170982360839844 267.8386640548706 57.52959060668945 256.0372314453125 57.52959060668945
255.4228515625 32.94134521484375 267.6327486038208 32.94134521484375 267.6327486038208 57.24100685119629 255.4228515625 57.24100685119629
254.5296630859375 32.04133987426758 267.8813934326172 32.04133987426758 267.8813934326172 57.017160415649414 254.5296630859375 57.017160415649414
254.712646484375 32.62736511230469 267.7096347808838 32.62736511230469 267.7096347808838 58.33256530761719 254.712646484375 58.33256530761719
256.75457763671875 33.344642639160156 268.7548599243164 33.344642639160156 268.7548599243164 58.0873908996582 256.75457763671875 58.0873908996582
256.5887451171875 33.42889404296875 268.73470401763916 33.42889404296875 268.73470401763916 58.30316734313965 256.5887451171875 58.30316734313965
256.4795837402344 33.62688446044922 268.7889623641968 33.62688446044922 268.7889623641968 58.54334831237793 256.4795837402344 58.54334831237793
257.6352233886719 32.19047164916992 268.60466957092285 32.19047164916992 268.60466957092285 57.526615142822266 257.6352233886719 57.526615142822266
257.9170227050781 32.59989547729492 268.8893766403198 32.59989547729492 268.8893766403198 57.53419876098633 257.9170227050781 57.53419876098633
257.5870056152344 32.72016906738281 268.2902374267578 32.72016906738281 268.2902374267578 58.0490837097168 257.5870056152344 58.0490837097168
257.7154541015625 32.756378173828125 268.3621883392334 32.756378173828125 268.3621883392334 57.92889595031738 257.7154541015625 57.92889595031738
258.514404296875 31.167003631591797 269.5179386138916 31.167003631591797 269.5179386138916 56.79486083984375 258.514404296875 56.79486083984375
258.4419860839844 31.00250244140625 269.47893142700195 31.00250244140625 269.47893142700195 56.86021423339844 258.4419860839844 56.86021423339844
258.5090026855469 31.108774185180664 269.42862129211426 31.108774185180664 269.42862129211426 56.527029037475586 258.5090026855469 56.527029037475586
259.27996826171875 32.09914016723633 270.0047969818115 32.09914016723633 270.0047969818115 57.2026309967041 259.27996826171875 57.2026309967041
258.9754943847656 32.05640411376953 269.8378620147705 32.05640411376953 269.8378620147705 56.94542694091797 258.9754943847656 56.94542694091797
259.0118408203125 32.451358795166016 270.28970527648926 32.451358795166016 270.28970527648926 56.832509994506836 259.0118408203125 56.832509994506836
258.9974670410156 32.31357955932617 269.96590995788574 32.31357955932617 269.96590995788574 56.638906478881836 258.9974670410156 56.638906478881836
259.68182373046875 31.29555892944336 271.0903148651123 31.29555892944336 271.0903148651123 56.503787994384766 259.68182373046875 56.503787994384766
259.83563232421875 31.417388916015625 270.99474906921387 31.417388916015625 270.99474906921387 56.143821716308594 259.83563232421875 56.143821716308594
259.7113342285156 31.445974349975586 270.77102756500244 31.445974349975586 270.77102756500244 56.37917709350586 259.7113342285156 56.37917709350586
259.708251953125 31.013351440429688 271.21570014953613 31.013351440429688 271.21570014953613 56.428165435791016 259.708251953125 56.428165435791016
260.07818603515625 31.279560089111328 271.44067001342773 31.279560089111328 271.44067001342773 56.37183952331543 260.07818603515625 56.37183952331543
260.72979736328125 31.402591705322266 272.335018157959 31.402591705322266 272.335018157959 55.711158752441406 260.72979736328125 55.711158752441406
260.4696350097656 31.438373565673828 272.45427894592285 31.438373565673828 272.45427894592285 55.81884956359863 260.4696350097656 55.81884956359863
261.0174865722656 31.36370849609375 272.4640073776245 31.36370849609375 272.4640073776245 55.90962219238281 261.0174865722656 55.90962219238281
260.6380920410156 30.371551513671875 272.45590019226074 30.371551513671875 272.45590019226074 56.45341491699219 260.6380920410156 56.45341491699219
260.2808837890625 30.527957916259766 272.2543087005615 30.527957916259766 272.2543087005615 55.9304084777832 260.2808837890625 55.9304084777832
262.18646240234375 30.895666122436523 273.6303958892822 30.895666122436523 273.6303958892822 56.30613899230957 262.18646240234375 56.30613899230957
261.9945373535156 30.922693252563477 273.68931770324707 30.922693252563477 273.68931770324707 56.40217399597168 261.9945373535156 56.40217399597168
261.82745361328125 30.05423927307129 273.1765823364258 30.05423927307129 273.1765823364258 55.64352989196777 261.82745361328125 55.64352989196777
262.03302001953125 30.133031845092773 273.12099170684814 30.133031845092773 273.12099170684814 55.412322998046875 262.03302001953125 55.412322998046875
262.1695861816406 30.14751625061035 273.2602138519287 30.14751625061035 273.2602138519287 55.7559871673584 262.1695861816406 55.7559871673584
261.3793029785156 29.193668365478516 274.38217639923096 29.193668365478516 274.38217639923096 54.03010559082031 261.3793029785156 54.03010559082031
261.4491271972656 29.50980567932129 274.1751708984375 29.50980567932129 274.1751708984375 54.684675216674805 261.4491271972656 54.684675216674805
263.364013671875 28.711135864257812 273.75945949554443 28.711135864257812 273.75945949554443 54.28233337402344 263.364013671875 54.28233337402344
263.6265563964844 28.23604965209961 273.62857151031494 28.23604965209961 273.62857151031494 53.35972595214844 263.6265563964844 53.35972595214844
263.53118896484375 28.511062622070312 273.78832244873047 28.511062622070312 273.78832244873047 54.107540130615234 263.53118896484375 54.107540130615234
263.46722412109375 28.356060028076172 273.7321720123291 28.356060028076172 273.7321720123291 53.90728759765625 263.46722412109375 53.90728759765625
264.2250061035156 28.008041381835938 274.4012060165405 28.008041381835938 274.4012060165405 51.85616111755371 264.2250061035156 51.85616111755371
264.0517578125 28.21245765686035 274.26816844940186 28.21245765686035 274.26816844940186 52.33238983154297 264.0517578125 52.33238983154297
264.22711181640625 28.098297119140625 274.4900321960449 28.098297119140625 274.4900321960449 52.55096435546875 264.22711181640625 52.55096435546875
264.36602783203125 28.219348907470703 274.59629344940186 28.219348907470703 274.59629344940186 53.5330810546875 264.36602783203125 53.5330810546875
264.3650817871094 28.398128509521484 274.9121398925781 28.398128509521484 274.9121398925781 53.93090057373047 264.3650817871094 53.93090057373047
264.554443359375 28.125595092773438 274.9126281738281 28.125595092773438 274.9126281738281 52.1818733215332 264.554443359375 52.1818733215332
264.27801513671875 28.359140396118164 274.9045600891113 28.359140396118164 274.9045600891113 53.03323173522949 264.27801513671875 53.03323173522949
264.0875549316406 27.768957138061523 275.40556621551514 27.768957138061523 275.40556621551514 52.5033016204834 264.0875549316406 52.5033016204834
264.67401123046875 27.38326072692871 275.0063171386719 27.38326072692871 275.0063171386719 53.951860427856445 264.67401123046875 53.951860427856445
264.51806640625 27.235870361328125 274.9412088394165 27.235870361328125 274.9412088394165 53.1826057434082 264.51806640625 53.1826057434082
265.4498596191406 27.864551544189453 276.599796295166 27.864551544189453 276.599796295166 53.15222358703613 265.4498596191406 53.15222358703613
265.5815124511719 27.663284301757812 276.067587852478 27.663284301757812 276.067587852478 51.862003326416016 265.5815124511719 51.862003326416016
265.00543212890625 27.118427276611328 275.73224353790283 27.118427276611328 275.73224353790283 52.112993240356445 265.00543212890625 52.112993240356445
265.4230041503906 26.905405044555664 276.08373641967773 26.905405044555664 276.08373641967773 52.39374351501465 265.4230041503906 52.39374351501465
265.14154052734375 26.878686904907227 275.82971954345703 26.878686904907227 275.82971954345703 51.93427848815918 265.14154052734375 51.93427848815918
