134.0 85.0 142.0 85.0 142.0 104.0 134.0 104.0
133.77969360351562 85.0382080078125 142.11471366882324 85.0382080078125 142.11471366882324 104.54329872131348 133.77969360351562 104.54329872131348
134.3042755126953 84.89433288574219 142.38096618652344 84.89433288574219 142.38096618652344 104.49776268005371 134.3042755126953 104.49776268005371
135.64161682128906 86.05509948730469 143.89989566802979 86.05509948730469 143.89989566802979 105.6568775177002 135.64161682128906 105.6568775177002
135.67630004882812 86.39769744873047 143.79772281646729 86.39769744873047 143.79772281646729 104.76006317138672 135.67630004882812 104.76006317138672
135.5526885986328 87.51334381103516 145.59847259521484 87.51334381103516 145.59847259521484 105.63343620300293 135.5526885986328 105.63343620300293
136.75021362304688 87.32616424560547 144.56542825698853 87.32616424560547 144.56542825698853 106.1442985534668 136.75021362304688 106.1442985534668
137.5668182373047 87.51530456542969 145.5322961807251 87.51530456542969 145.5322961807251 108.60250663757324 137.5668182373047 108.60250663757324
137.0193328857422 88.4141616821289 145.07494449615479 88.4141616821289 145.07494449615479 107.80000495910645 137.0193328857422 107.80000495910645
140.21719360351562 90.11202239990234 148.0810899734497 90.11202239990234 148.0810899734497 108.6197624206543 140.21719360351562 108.6197624206543
140.3189239501953 89.29484558105469 148.61979484558105 89.29484558105469 148.61979484558105 109.53708457946777 140.3189239501953 109.53708457946777
140.5389862060547 90.00072479248047 148.64278507232666 90.00072479248047 148.64278507232666 108.7988052368164 140.5389862060547 108.7988052368164
141.41152954101562 90.82295227050781 149.66433811187744 90.82295227050781 149.66433811187744 109.52462387084961 141.41152954101562 109.52462387084961
141.7454833984375 90.36798858642578 149.81329917907715 90.36798858642578 149.81329917907715 109.99892044067383 141.7454833984375 109.99892044067383
142.8416748046875 92.07710266113281 150.454571723938 92.07710266113281 150.454571723938 110.41787338256836 142.8416748046875 110.41787338256836
143.01275634765625 91.12773132324219 150.7633514404297 91.12773132324219 150.7633514404297 111.22927474975586 143.01275634765625 111.22927474975586
143.5099334716797 91.78721618652344 151.5683650970459 91.78721618652344 151.5683650970459 112.29137229919434 143.5099334716797 112.29137229919434
143.8888397216797 92.32762145996094 151.72020816802979 92.32762145996094 151.72020816802979 111.91970443725586 143.8888397216797 111.91970443725586
146.10275268554688 94.11418914794922 154.1427984237671 94.11418914794922 154.1427984237671 112.75934600830078 146.10275268554688 112.75934600830078
145.8354034423828 93.94020080566406 153.86472034454346 93.94020080566406 153.86472034454346 112.99188232421875 145.8354034423828 112.99188232421875
147.39846801757812 94.68253326416016 155.6681613922119 94.68253326416016 155.6681613922119 113.60333442687988 147.39846801757812 113.60333442687988
147.3873748779297 94.21974182128906 155.31866455078125 94.21974182128906 155.31866455078125 114.56033706665039 147.3873748779297 114.56033706665039
146.9595489501953 94.68031311035156 155.21732139587402 94.68031311035156 155.21732139587402 112.84999465942383 146.9595489501953 112.84999465942383
148.19090270996094 95.84053802490234 156.4592742919922 95.84053802490234 156.4592742919922 115.08935356140137 148.19090270996094 115.08935356140137
148.18116760253906 95.87167358398438 156.72042274475098 95.87167358398438 156.72042274475098 115.442138671875 148.18116760253906 115.442138671875
148.97872924804688 96.4030532836914 157.26421546936035 96.4030532836914 157.26421546936035 115.22588157653809 148.97872924804688 115.22588157653809
149.33326721191406 96.7032699584961 157.56853580474854 96.7032699584961 157.56853580474854 115.61390113830566 149.33326721191406 115.61390113830566
149.2594757080078 96.51178741455078 157.93369007110596 96.51178741455078 157.93369007110596 115.78890228271484 149.2594757080078 115.78890228271484
151.11712646484375 97.62349700927734 159.14617729187012 97.62349700927734 159.14617729187012 116.29769706726074 151.11712646484375 116.29769706726074
150.54476928710938 97.91370391845703 158.9398365020752 97.91370391845703 158.9398365020752 116.39355278015137 150.54476928710938 116.39355278015137
152.9237518310547 99.57147216796875 160.99073600769043 99.57147216796875 160.99073600769043 117.69333457946777 152.9237518310547 117.69333457946777
152.87583923339844 99.2568130493164 161.00810432434082 99.2568130493164 161.00810432434082 117.94452667236328 152.87583923339844 117.94452667236328
153.54513549804688 100.15531921386719 161.80370330810547 100.15531921386719 161.80370330810547 118.9000244140625 153.54513549804688 118.9000244140625
153.6337890625 100.23725128173828 161.71628856658936 100.23725128173828 161.71628856658936 119.21127700805664 153.6337890625 119.21127700805664
155.9392547607422 101.11151123046875 164.19728660583496 101.11151123046875 164.19728660583496 119.69463348388672 155.9392547607422 119.69463348388672
155.84695434570312 100.93855285644531 164.0617971420288 100.93855285644531 164.0617971420288 119.00511741638184 155.84695434570312 119.00511741638184
156.635498046875 101.60725402832031 165.13433265686035 101.60725402832031 165.13433265686035 120.92502784729004 156.635498046875 120.92502784729004
156.28189086914062 101.18016052246094 164.52450370788574 101.18016052246094 164.52450370788574 120.22233200073242 156.28189086914062 120.22233200073242
158.64956665039062 102.6457748413086 167.2186985015869 102.6457748413086 167.2186985015869 122.32979965209961 158.64956665039062 122.32979965209961
158.51144409179688 104.27836608886719 166.90986347198486 104.27836608886719 166.90986347198486 122.15204238891602 158.51144409179688 122.15204238891602
158.98167419433594 103.56417083740234 167.407000541687 103.56417083740234 167.407000541687 122.70866203308105 158.98167419433594 122.70866203308105
160.16033935546875 104.609619140625 168.50702953338623 104.609619140625 168.50702953338623 123.13547706604004 160.16033935546875 123.13547706604004
160.12298583984375 104.86893463134766 168.3932523727417 104.86893463134766 168.3932523727417 123.71602249145508 160.12298583984375 123.71602249145508
161.82736206054688 105.39799499511719 170.23424530029297 105.39799499511719 170.23424530029297 124.33446884155273 161.82736206054688 124.33446884155273
161.9461669921875 105.1913833618164 170.3469295501709 105.1913833618164 170.3469295501709 124.4611644744873 161.9461669921875 124.4611644744873
163.6119842529297 106.97102355957031 172.16636562347412 106.97102355957031 172.16636562347412 125.6879997253418 163.6119842529297 125.6879997253418
163.71743774414062 106.90675354003906 172.5237522125244 106.90675354003906 172.5237522125244 125.12595176696777 163.71743774414062 125.12595176696777
163.90066528320312 106.2393569946289 172.5002040863037 106.2393569946289 172.5002040863037 124.47360038757324 163.90066528320312 124.47360038757324
165.7678680419922 107.40272521972656 174.28102111816406 107.40272521972656 174.28102111816406 126.88979148864746 165.7678680419922 126.88979148864746
166.0375518798828 108.53173828125 174.38401222229004 108.53173828125 174.38401222229004 126.22071838378906 166.0375518798828 126.22071838378906
167.3601531982422 109.0648193359375 175.6745319366455 109.0648193359375 175.6745319366455 126.92994689941406 167.3601531982422 126.92994689941406
167.3197021484375 108.6180191040039 175.5445680618286 108.6180191040039 175.5445680618286 127.44965744018555 167.3197021484375 127.44965744018555
169.79434204101562 109.53636169433594 178.0972499847412 109.53636169433594 178.0972499847412 128.47098350524902 169.79434204101562 128.47098350524902
169.49533081054688 109.32853698730469 177.89706802368164 109.32853698730469 177.89706802368164 128.20717811584473 169.49533081054688 128.20717811584473
172.23988342285156 110.73509216308594 180.431791305542 110.73509216308594 180.431791305542 129.25590324401855 172.23988342285156 129.25590324401855
172.4877471923828 111.71929931640625 181.0222110748291 111.71929931640625 181.0222110748291 131.457857131958 172.4877471923828 131.457857131958
171.84373474121094 111.52813720703125 180.3333911895752 111.52813720703125 180.3333911895752 131.17168045043945 171.84373474121094 131.17168045043945
174.22801208496094 112.47636413574219 182.75644207000732 112.47636413574219 182.75644207000732 131.44282913208008 174.22801208496094 131.44282913208008
174.08731079101562 112.90406799316406 182.51960849761963 112.90406799316406 182.51960849761963 130.80070114135742 174.08731079101562 130.80070114135742
176.49874877929688 112.70926666259766 185.00815105438232 112.70926666259766 185.00815105438232 130.78228759765625 176.49874877929688 130.78228759765625
176.91769409179688 114.9145736694336 185.48565006256104 114.9145736694336 185.48565006256104 132.60650825500488 176.91769409179688 132.60650825500488
178.911376953125 114.4716567993164 187.450834274292 114.4716567993164 187.450834274292 133.16751861572266 178.911376953125 133.16751861572266
178.35922241210938 114.89676666259766 186.75370597839355 114.89676666259766 186.75370597839355 133.35664749145508 178.35922241210938 133.35664749145508
180.91549682617188 115.3724365234375 189.1085090637207 115.3724365234375 189.1085090637207 133.81888008117676 180.91549682617188 133.81888008117676
180.22592163085938 115.78755950927734 188.84102153778076 115.78755950927734 188.84102153778076 133.78136825561523 180.22592163085938 133.78136825561523
180.74594116210938 116.05961608886719 189.3028621673584 116.05961608886719 189.3028621673584 134.3024501800537 180.74594116210938 134.3024501800537
183.13650512695312 117.156494140625 191.49331092834473 117.156494140625 191.49331092834473 134.82408332824707 183.13650512695312 134.82408332824707
183.11178588867188 116.26322937011719 191.6644868850708 116.26322937011719 191.6644868850708 134.38318824768066 183.11178588867188 134.38318824768066
185.1447296142578 118.23158264160156 193.56902599334717 118.23158264160156 193.56902599334717 136.92057418823242 185.1447296142578 136.92057418823242
185.23880004882812 117.80252838134766 193.53162288665771 117.80252838134766 193.53162288665771 136.64376640319824 185.23880004882812 136.64376640319824
187.53323364257812 118.87913513183594 195.59519290924072 118.87913513183594 195.59519290924072 138.27447700500488 187.53323364257812 138.27447700500488
187.9517364501953 119.69108581542969 196.22197914123535 119.69108581542969 196.22197914123535 137.21574783325195 187.9517364501953 137.21574783325195
189.2198486328125 119.70123291015625 197.3966293334961 119.70123291015625 197.3966293334961 138.74298477172852 189.2198486328125 138.74298477172852
189.62442016601562 119.83164978027344 197.70663166046143 119.83164978027344 197.70663166046143 138.65248489379883 189.62442016601562 138.65248489379883
189.5238494873047 120.67757415771484 197.73088264465332 120.67757415771484 197.73088264465332 138.8135643005371 189.5238494873047 138.8135643005371
192.5505828857422 121.24751281738281 201.1435899734497 121.24751281738281 201.1435899734497 140.03561782836914 192.5505828857422 140.03561782836914
192.20394897460938 121.75994873046875 200.7046709060669 121.75994873046875 200.7046709060669 140.23522186279297 192.20394897460938 140.23522186279297
194.469482421875 124.04288482666016 202.88790130615234 124.04288482666016 202.88790130615234 141.5242462158203 194.469482421875 141.5242462158203
194.5398712158203 123.49900817871094 203.0070505142212 123.49900817871094 203.0070505142212 141.51947784423828 194.5398712158203 141.51947784423828
196.52230834960938 124.580810546875 204.5913782119751 124.580810546875 204.5913782119751 142.78127670288086 196.52230834960938 142.78127670288086
196.5306854248047 124.1407241821289 204.98886680603027 124.1407241821289 204.98886680603027 143.44120979309082 196.5306854248047 143.44120979309082
198.05357360839844 125.0592041015625 206.3852300643921 125.0592041015625 206.3852300643921 143.9034938812256 198.05357360839844 143.9034938812256
198.20941162109375 125.52392578125 206.69037437438965 125.52392578125 206.69037437438965 145.26453590393066 198.20941162109375 145.26453590393066
200.36489868164062 126.6116714477539 208.85211753845215 126.6116714477539 208.85211753845215 146.09992599487305 200.36489868164062 146.09992599487305
200.73109436035156 127.35206604003906 209.01917457580566 127.35206604003906 209.01917457580566 145.4296531677246 200.73109436035156 145.4296531677246
200.78175354003906 127.3199462890625 209.2171173095703 127.3199462890625 209.2171173095703 145.97739028930664 200.78175354003906 145.97739028930664
202.10556030273438 128.0869140625 210.31825637817383 128.0869140625 210.31825637817383 146.9453468322754 202.10556030273438 146.9453468322754
201.83966064453125 128.50180053710938 210.62224769592285 128.50180053710938 210.62224769592285 146.94816207885742 201.83966064453125 146.94816207885742
204.21250915527344 129.542236328125 212.6607322692871 129.542236328125 212.6607322692871 148.21799087524414 204.21250915527344 148.21799087524414
204.37948608398438 129.3590545654297 212.9996042251587 129.3590545654297 212.9996042251587 148.44741821289062 204.37948608398438 148.44741821289062
206.1814422607422 130.6038360595703 214.9703426361084 130.6038360595703 214.9703426361084 149.1428279876709 206.1814422607422 149.1428279876709
206.3083038330078 130.65310668945312 214.71244621276855 130.65310668945312 214.71244621276855 149.55248832702637 206.3083038330078 149.55248832702637
208.47872924804688 131.90292358398438 217.255934715271 131.90292358398438 217.255934715271 151.06513023376465 208.47872924804688 151.06513023376465
208.60693359375 131.95481872558594 217.46359157562256 131.95481872558594 217.46359157562256 151.17906188964844 208.60693359375 151.17906188964844
208.7927703857422 131.8983154296875 217.64177703857422 131.8983154296875 217.64177703857422 150.8561553955078 208.7927703857422 150.8561553955078
210.85775756835938 134.1644744873047 219.86572647094727 134.1644744873047 219.86572647094727 152.51610374450684 210.85775756835938 152.51610374450684
210.822021484375 134.20811462402344 219.79298973083496 134.20811462402344 219.79298973083496 152.79899978637695 210.822021484375 152.79899978637695
212.8094482421875 134.61654663085938 221.54696941375732 134.61654663085938 221.54696941375732 153.3674087524414 212.8094482421875 153.3674087524414
212.5980682373047 134.63943481445312 221.47846603393555 134.63943481445312 221.47846603393555 152.7493019104004 212.5980682373047 152.7493019104004
214.87646484375 135.1591033935547 223.6699275970459 135.1591033935547 223.6699275970459 154.97617721557617 214.87646484375 154.97617721557617
214.3714141845703 135.57395935058594 223.10911655426025 135.57395935058594 223.10911655426025 154.2382297515869 214.3714141845703 154.2382297515869
216.3842010498047 137.1969451904297 225.05244159698486 137.1969451904297 225.05244159698486 155.4316349029541 216.3842010498047 155.4316349029541
215.76736450195312 136.9124298095703 224.70276737213135 136.9124298095703 224.70276737213135 155.66289901733398 215.76736450195312 155.66289901733398
216.4696807861328 137.28036499023438 225.34985065460205 137.28036499023438 225.34985065460205 156.20538902282715 216.4696807861328 156.20538902282715
218.03060913085938 139.68807983398438 226.7732753753662 139.68807983398438 226.7732753753662 159.32448959350586 218.03060913085938 159.32448959350586
217.85324096679688 138.71852111816406 226.59729290008545 138.71852111816406 226.59729290008545 158.876220703125 217.85324096679688 158.876220703125
220.0719757080078 141.54356384277344 228.97013568878174 141.54356384277344 228.97013568878174 159.6357364654541 220.0719757080078 159.6357364654541
219.9770050048828 140.15576171875 228.85643768310547 140.15576171875 228.85643768310547 159.2655906677246 219.9770050048828 159.2655906677246
222.3708953857422 141.55026245117188 231.28216457366943 141.55026245117188 231.28216457366943 160.36942291259766 222.3708953857422 160.36942291259766
222.545654296875 141.3631134033203 231.8844394683838 141.3631134033203 231.8844394683838 160.2061252593994 222.545654296875 160.2061252593994
224.01632690429688 143.26840209960938 232.79301643371582 143.26840209960938 232.79301643371582 161.53186225891113 224.01632690429688 161.53186225891113
224.1887664794922 143.36758422851562 233.05439472198486 143.36758422851562 233.05439472198486 162.1501121520996 224.1887664794922 162.1501121520996
226.1858673095703 143.48721313476562 234.7338228225708 143.48721313476562 234.7338228225708 163.12978744506836 226.1858673095703 163.12978744506836
225.8385009765625 144.32522583007812 234.74555778503418 144.32522583007812 234.74555778503418 163.93488693237305 225.8385009765625 163.93488693237305
227.6269073486328 145.8304443359375 236.36236667633057 145.8304443359375 236.36236667633057 164.59593391418457 227.6269073486328 164.59593391418457
227.8010711669922 144.81423950195312 236.56376838684082 144.81423950195312 236.56376838684082 164.99397659301758 227.8010711669922 164.99397659301758
228.0746612548828 145.2738494873047 236.51235389709473 145.2738494873047 236.51235389709473 164.94501876831055 228.0746612548828 164.94501876831055
230.09909057617188 147.50775146484375 238.89248085021973 147.50775146484375 238.89248085021973 166.58917617797852 230.09909057617188 166.58917617797852
230.0721435546875 147.54832458496094 238.98244667053223 147.54832458496094 238.98244667053223 166.8955783843994 230.0721435546875 166.8955783843994
231.4997100830078 147.59280395507812 240.33519649505615 147.59280395507812 240.33519649505615 168.1140251159668 231.4997100830078 168.1140251159668
231.58102416992188 148.02862548828125 240.56228256225586 148.02862548828125 240.56228256225586 167.79080772399902 231.58102416992188 167.79080772399902
233.7080535888672 150.55496215820312 242.81810188293457 150.55496215820312 242.81810188293457 169.83726119995117 233.7080535888672 169.83726119995117
233.3914794921875 150.66127014160156 242.3203182220459 150.66127014160156 242.3203182220459 169.5733528137207 233.3914794921875 169.5733528137207
235.6288604736328 150.87582397460938 244.73803901672363 150.87582397460938 244.73803901672363 171.17683792114258 235.6288604736328 171.17683792114258
235.72274780273438 150.10769653320312 244.95821952819824 150.10769653320312 244.95821952819824 169.68774795532227 235.72274780273438 169.68774795532227
238.2869415283203 152.84873962402344 247.56180000305176 152.84873962402344 247.56180000305176 172.3801555633545 238.2869415283203 172.3801555633545
238.2193145751953 152.56661987304688 247.9431858062744 152.56661987304688 247.9431858062744 172.27760314941406 238.2193145751953 172.27760314941406
237.8914337158203 153.54551696777344 247.01010704040527 153.54551696777344 247.01010704040527 171.9010524749756 237.8914337158203 171.9010524749756
240.0187225341797 154.2427215576172 249.48568439483643 154.2427215576172 249.48568439483643 174.28211784362793 240.0187225341797 174.28211784362793
240.4009552001953 154.6726531982422 249.98033809661865 154.6726531982422 249.98033809661865 174.79097938537598 240.4009552001953 174.79097938537598
241.76400756835938 155.99163818359375 250.83550262451172 155.99163818359375 250.83550262451172 175.8142147064209 241.76400756835938 175.8142147064209
241.07833862304688 156.39263916015625 250.2148895263672 156.39263916015625 250.2148895263672 176.4829158782959 241.07833862304688 176.4829158782959
243.58279418945312 158.56243896484375 252.6738805770874 158.56243896484375 252.6738805770874 177.86471939086914 243.58279418945312 177.86471939086914
243.22018432617188 159.1576385498047 252.22262382507324 159.1576385498047 252.22262382507324 178.2688274383545 243.22018432617188 178.2688274383545
246.2404022216797 160.67147827148438 255.69978046417236 160.67147827148438 255.69978046417236 179.94734954833984 246.2404022216797 179.94734954833984
245.98916625976562 159.47048950195312 255.36788654327393 159.47048950195312 255.36788654327393 178.95652389526367 245.98916625976562 178.95652389526367
246.513671875 160.2401123046875 255.71975994110107 160.2401123046875 255.71975994110107 179.91706466674805 246.513671875 179.91706466674805
248.49649047851562 160.8733367919922 257.69340801239014 160.8733367919922 257.69340801239014 181.11703491210938 248.49649047851562 181.11703491210938
248.449951171875 161.2747344970703 257.84599208831787 161.2747344970703 257.84599208831787 181.7028465270996 248.449951171875 181.7028465270996
250.30392456054688 164.50827026367188 259.4795217514038 164.50827026367188 259.4795217514038 183.13833618164062 250.30392456054688 183.13833618164062
249.68515014648438 163.48373413085938 259.14422702789307 163.48373413085938 259.14422702789307 183.4510898590088 249.68515014648438 183.4510898590088
251.7761688232422 162.77938842773438 261.1913356781006 162.77938842773438 261.1913356781006 184.49514198303223 251.7761688232422 184.49514198303223
251.1643524169922 163.8780059814453 260.4606657028198 163.8780059814453 260.4606657028198 184.71387100219727 251.1643524169922 184.71387100219727
254.89230346679688 166.59487915039062 264.18785667419434 166.59487915039062 264.18785667419434 187.0411777496338 254.89230346679688 187.0411777496338
254.0660400390625 166.61465454101562 263.42583560943604 166.61465454101562 263.42583560943604 186.40986442565918 254.0660400390625 186.40986442565918
254.80484008789062 166.29798889160156 263.7585964202881 166.29798889160156 263.7585964202881 186.81627464294434 254.80484008789062 186.81627464294434
257.00067138671875 168.92294311523438 266.2445697784424 168.92294311523438 266.2445697784424 188.6282558441162 257.00067138671875 188.6282558441162
256.413818359375 168.6271514892578 265.61377811431885 168.6271514892578 265.61377811431885 188.5342025756836 256.413818359375 188.5342025756836
258.308837890625 169.53431701660156 267.9002513885498 169.53431701660156 267.9002513885498 190.0898494720459 258.308837890625 190.0898494720459
258.04608154296875 169.62237548828125 267.45215606689453 169.62237548828125 267.45215606689453 189.83085250854492 258.04608154296875 189.83085250854492
260.5624694824219 171.94534301757812 269.96603202819824 171.94534301757812 269.96603202819824 191.9784336090088 260.5624694824219 191.9784336090088
261.2735900878906 171.87588500976562 270.4586515426636 171.87588500976562 270.4586515426636 192.06179237365723 261.2735900878906 192.06179237365723
260.56512451171875 171.8671417236328 269.9032344818115 171.8671417236328 269.9032344818115 191.87065887451172 260.56512451171875 191.87065887451172
262.30706787109375 173.6360321044922 271.9857816696167 173.6360321044922 271.9857816696167 193.86928749084473 262.30706787109375 193.86928749084473
262.3560485839844 173.8324737548828 271.64866828918457 173.8324737548828 271.64866828918457 194.37905883789062 262.3560485839844 194.37905883789062
265.2915954589844 174.48464965820312 274.7433032989502 174.48464965820312 274.7433032989502 195.68888473510742 265.2915954589844 195.68888473510742
266.7858581542969 178.0255889892578 276.0045471191406 178.0255889892578 276.0045471191406 198.26238441467285 266.7858581542969 198.26238441467285
267.29949951171875 178.2484130859375 276.6461238861084 178.2484130859375 276.6461238861084 198.1815891265869 267.29949951171875 198.1815891265869
267.4374694824219 177.7158203125 276.85383129119873 177.7158203125 276.85383129119873 198.3783664703369 267.4374694824219 198.3783664703369
269.6963806152344 180.1254119873047 279.160364151001 180.1254119873047 279.160364151001 200.22299194335938 269.6963806152344 200.22299194335938
269.7210388183594 178.97927856445312 279.4708003997803 178.97927856445312 279.4708003997803 199.25367736816406 269.7210388183594 199.25367736816406
271.7227478027344 182.16091918945312 281.22363090515137 182.16091918945312 281.22363090515137 201.86131858825684 271.7227478027344 201.86131858825684
271.98406982421875 181.49026489257812 281.34923458099365 181.49026489257812 281.34923458099365 202.7269992828369 271.98406982421875 202.7269992828369
275.30010986328125 184.92791748046875 284.91098976135254 184.92791748046875 284.91098976135254 205.71481323242188 275.30010986328125 205.71481323242188
275.71856689453125 185.54469299316406 285.35841941833496 185.54469299316406 285.35841941833496 205.7902069091797 275.71856689453125 205.7902069091797
275.3161315917969 184.32736206054688 285.05061054229736 184.32736206054688 285.05061054229736 204.9806671142578 275.3161315917969 204.9806671142578
277.92498779296875 187.11776733398438 287.4516353607178 187.11776733398438 287.4516353607178 206.54627990722656 277.92498779296875 206.54627990722656
277.61785888671875 186.9497528076172 287.13863468170166 186.9497528076172 287.13863468170166 206.83120346069336 277.61785888671875 206.83120346069336
279.70306396484375 187.76722717285156 289.5724048614502 187.76722717285156 289.5724048614502 208.34765434265137 279.70306396484375 208.34765434265137
279.8135681152344 188.51052856445312 289.5809841156006 188.51052856445312 289.5809841156006 208.6005458831787 279.8135681152344 208.6005458831787
282.54595947265625 192.0092315673828 292.13348293304443 192.0092315673828 292.13348293304443 212.17811584472656 282.54595947265625 212.17811584472656
283.29949951171875 190.89881896972656 293.3048286437988 190.89881896972656 293.3048286437988 210.98565292358398 283.29949951171875 210.98565292358398
282.66082763671875 193.15042114257812 292.37867641448975 193.15042114257812 292.37867641448975 212.7968406677246 282.66082763671875 212.7968406677246
285.2099609375 192.65689086914062 295.2549867630005 192.65689086914062 295.2549867630005 212.32321739196777 285.2099609375 212.32321739196777
284.7129211425781 192.70623779296875 295.2332239151001 192.70623779296875 295.2332239151001 213.83316802978516 284.7129211425781 213.83316802978516
288.1109924316406 194.39419555664062 298.54440116882324 194.39419555664062 298.54440116882324 214.86443901062012 288.1109924316406 214.86443901062012
288.288818359375 195.23416137695312 299.25164699554443 195.23416137695312 299.25164699554443 215.44855499267578 288.288818359375 215.44855499267578
291.759521484375 197.89254760742188 301.8466520309448 197.89254760742188 301.8466520309448 217.70071411132812 291.759521484375 217.70071411132812
291.51995849609375 197.033935546875 302.1779098510742 197.033935546875 302.1779098510742 216.35286331176758 291.51995849609375 216.35286331176758
293.99017333984375 199.23770141601562 303.9761505126953 199.23770141601562 303.9761505126953 219.00091743469238 293.99017333984375 219.00091743469238
293.14678955078125 198.29598999023438 303.1532726287842 198.29598999023438 303.1532726287842 218.68939208984375 293.14678955078125 218.68939208984375
294.3682861328125 199.3229522705078 304.2102680206299 199.3229522705078 304.2102680206299 219.83034896850586 294.3682861328125 219.83034896850586
297.60137939453125 201.78146362304688 307.7799015045166 201.78146362304688 307.7799015045166 222.1488265991211 297.60137939453125 222.1488265991211
295.95294189453125 201.53384399414062 307.4318685531616 201.53384399414062 307.4318685531616 222.43716430664062 295.95294189453125 222.43716430664062
298.85614013671875 204.10264587402344 309.983097076416 204.10264587402344 309.983097076416 224.32569885253906 298.85614013671875 224.32569885253906
299.8875732421875 204.68490600585938 313.0790195465088 204.68490600585938 313.0790195465088 227.5259666442871 299.8875732421875 227.5259666442871
300.1510314941406 204.99362182617188 312.57247257232666 204.99362182617188 312.57247257232666 226.9267349243164 300.1510314941406 226.9267349243164
301.57525634765625 206.6096649169922 313.1227626800537 206.6096649169922 313.1227626800537 227.39263916015625 301.57525634765625 227.39263916015625
303.8291015625 208.46719360351562 316.25053119659424 208.46719360351562 316.25053119659424 230.0704288482666 303.8291015625 230.0704288482666
303.5460510253906 207.9553680419922 315.1285762786865 207.9553680419922 315.1285762786865 229.43878746032715 303.5460510253906 229.43878746032715
